# Number of parameters = 1620 Objective function value = 1430.43118673478  Maximum gradient component = 0.0268812282900218
# Mest[1]:
0.230000000000
# log_Linf[1]:
4.30945594184
# log_k[1]:
-1.83258146375
# log_Lo[1]:
2.89037175790
# log_sdage[1]:
-2.40794560865
# mean_log_rec[1]:
9.60083999998
# steepness[1]:
0.650000000000
# log_Rzero[1]:
9.25192611803
# rec_dev:
 -0.448180779109 -0.522118956421 -0.602422029067 -0.689913847674 -0.782176105339 -0.875400754530 -0.845016260132 -0.851347030819 -0.701849561000 -0.644341815743 -0.559501295315 -0.392176524478 -0.425458135381 -0.376004528054 -0.328416195068 -0.126277493811 0.214487206636 0.387380572353 0.354745890543 0.394203579673 0.398485648208 0.440879661287 0.638581113291 0.790222186383 0.594914935967 1.08080115342 1.27034845837 0.674317252361 0.607651316009 0.783289730707 0.643098093402 0.727037234526 0.359790848862 0.390494462150 0.0419539483550 -0.0223030218210 0.248219905120 0.354719675136 0.657420014820 0.605245959301 0.771643710782 0.803322687668 0.391204520324 0.00856436094527 -0.564321322530 -0.540885602833 -0.792969887698 -0.771033342808 -1.15793612538 -1.27246065395 -0.686993803994 -0.467186563208 -1.06270900521 -0.536299947413 -0.711148583808 -0.431644242742 -0.456202612165 0.00343173972669 0.913837050805 0.493592660885 -0.204289601209 -0.141992339463
# log_sigmar[1]:
-0.510825623766
# fmort:
 0.0106078292842 0.0156304307475 0.00711149926587 0.00903269356328 0.0175023091388 0.0216629608573 0.0263886942797 0.0229193543608 0.0451704363748 0.0378550131303 0.0259611130049 0.0382225495591 0.0737144543123 0.0284851930211 0.0664424266228 0.0447271119849 0.00440988245909 0.0208591548104 0.0176047878490 0.0158469239778 0.0143031710084 0.0173331079602 0.0176147627733 0.0205794309238 0.0141368075922 0.0194463572127 0.0353262062543 0.0144485211670 0.00416582468043 0.00655154975331 0.00993226229589 0.0197364848079 0.00840142379727 0.0117132995647 0.0128047900125 0.0202974422543 0.0250167133416 0.0345758757304 0.0475328012475 0.0485445924412 0.0688054252176 0.0112735210481 0.00438369358156 0.00541689329924 0.00592658410013 0.00732733935155 0.00574396898481 0.00837792842354 0.00264920595962 0.00166561476721 0.00474750011549
 0.00134638967986 0.00206855767013 0.00316507954194 0.00525920085562 0.00379432834769 0.00687924823628 0.00893204411866 0.0131293673166 0.0213446334587 0.0265709264895 0.0242897396798 0.0487505325035 0.0675908163996 0.0549018003370 0.0731979722210 0.103157226343 0.115561879341 0.155054710787 0.213202209528 0.223577014512 0.227427623706 0.294392908444 0.398216072733 0.381588328775 0.482935691885 0.595913173619 0.545203191517 0.572210251812 0.354519793513 0.237678022447 0.177228704867 0.203851762235 0.197361322943 0.180499780491 0.176850528610 0.177805519388 0.190153755473 0.231142113247 0.197332455644 0.255192287223 0.139160006515 0.0986758709535 0.0943484165931 0.0728542524292 0.0642514062701 0.0655236898226 0.0724951827343 0.0687328657666 0.0766008615269 0.0723506203037 0.0569019318171
 0.000204550338561 0.000381095643860 0.000844009292985 0.00180732523372 0.00544138461769 0.00158156004330 0.00188074530298 0.0162852858352 0.0106979473083 0.00862474995300 0.0105513658882 0.0105737183037 0.00341187938180 0.00253076753878 0.00346414480568 0.00189794336114 0.000737825494155 0.000675775379542 0.00378885603409 0.00491332464509 0.00585048209257 0.00350343492723 0.00189706324212 0.00285500862085 0.00535798171584 0.0183001931123 0.0206855132066 0.0285914099861 0.0162514623072 0.00647873251504 0.00812645755787 0.0218866053723 0.00397555589873 0.00719366024085 0.00698676629197 0.00374579712766 0.0157766345815 0.0183889559448 0.0142618777558 0.00789547239971 0.00263949225747 0.0276664709353 0.0122377190508 0.00524028718081 0.00454440800331 0.00152058192431 0.000902463475678 0.000437085492621 0.00161566557997 0.00221260712566 0.00270662683635
 1.90125692967e-13 2.01783034726e-13 0.000521350623115 2.18436380095e-13 2.22599716437e-13 2.25097718243e-13 3.32113870322e-06 0.000226634150195 0.00474975501692 0.0295321984220 0.0264297483240 0.0336513180265 0.0761829482442 0.0895071838802 0.118218445000 0.0955018163340 0.0904885692011 0.0935345682640 0.0958228784774 0.0812568881886 0.0685593297618 0.0433951508662 0.00371007737703 2.19824158876e-13 2.20656826144e-13 2.86715096109e-13 3.40283357048e-13 5.13200593133e-13 6.20337115009e-13 3.07098868835e-06 0.000613875704712 0.00443839243542 0.0136579517375 0.0260971245417 0.0454548430271 0.0378991816474 0.0565357233071 0.0854294298248 0.105956957677 0.138480848607 0.122674106188 0.0311735698185 0.0203874277848 0.0203236290212 0.0216339973685 0.0274762112578 0.0167168974703 0.0127996170731 0.00910231033990 0.00841458914823 0.000372349096837
# log_selcoffs_fsh[1]:
 -4.85696082227 -3.70215944188 -2.44804580181 -1.20921420126 -0.265066496842 0.520139953268 1.09090443071 0.882714289817 -0.302693082509
 -4.53848750424 -3.29033483226 -1.97206876719 -0.809588762230 -0.156805607048 0.467219032922 0.953727643025 0.796068937047 0.100083124064
 -4.20428131184 -2.92657497596 -1.70311952009 -0.695496776432 -0.00317676040872 0.541357781173 0.829652765652 0.664162130853 0.262361069146
 -3.82578765973 -2.43539830656 -1.28522103509 -0.514210187231 -0.0680519610621 0.391116086639 0.768993424382 0.686802669107 0.377262627814
 -3.63264676009 -2.16325730450 -0.745019838803 0.0217790430983 0.207985870574 0.321154697772 0.485144025227 0.495418681542 0.396324929559
 -3.47642181461 -2.12949180344 -0.837966565747 0.104352041594 0.509165626253 0.471002811090 0.353837016320 0.290359076936 0.247384691071
 -3.29570973237 -2.06448539042 -1.01001447593 -0.131640455424 0.581562609122 0.717669085366 0.406421179910 0.163952460928 0.0743004111527
 -3.09410792944 -1.83393080603 -0.918252977419 -0.155122517010 0.557552647521 0.779864490206 0.423849817713 0.110884726278 -0.0338608193615
 -2.92766108747 -1.62611560917 -0.491672007198 0.0747484487371 0.421477253374 0.620181135777 0.482112586733 0.131897509551 -0.0870731433375
 -2.75433985544 -1.30790499647 -0.131184988547 0.211932343940 0.434417880444 0.539624120302 0.342601954090 0.0317443899799 -0.159516604847
 -2.59301371263 -0.945268696409 0.527239134462 0.474927647696 0.284609806170 0.204513397255 0.0375552863977 -0.147279858500 -0.252325820857
 -2.42793153118 -0.678374161101 0.480375875902 0.529155128310 0.432584295711 0.181155752241 -0.115246792398 -0.285781605272 -0.345664474056
 -2.35075778576 -0.612036458200 0.539735858126 0.712844831742 0.399821438826 0.0405971254162 -0.256901125699 -0.412975278410 -0.447844611027
 -2.31157679218 -0.713871002931 0.541002692195 0.882014544219 0.377716247713 -0.0655446008442 -0.362047463422 -0.504794923567 -0.540811308830
 -2.48481060612 -0.887155120109 0.629856987279 0.933108750003 0.356958853021 -0.110531568873 -0.411120722309 -0.572819856309 -0.627517993986
 -2.46458970283 -0.905932333341 0.666351187162 0.837690250777 0.432053527360 -0.0323463255317 -0.390451539598 -0.588073465424 -0.669601705075
 -2.26323113822 -0.691103618921 0.753346596463 0.762712376715 0.355839057544 -0.0427566202042 -0.377283553187 -0.589756956792 -0.690995791551
 -1.90706067776 -0.383936231330 0.538265761246 0.798103982648 0.429234833246 -0.0335412513983 -0.378722462612 -0.593226807100 -0.702033920282
 -1.75956806740 -0.338734402167 0.826558881044 0.743885298217 0.222613584021 -0.162134796000 -0.453788624172 -0.651149982853 -0.756413660564
 -1.51864092115 -0.207331190128 0.802771522175 0.726492366329 0.254793844802 -0.187182180253 -0.503446689460 -0.701933705413 -0.800398495815
 -1.45033909947 -0.104349789256 0.874094944713 0.729949699142 0.182596446098 -0.270651342536 -0.592613279686 -0.782925827081 -0.868076967493
 -1.41672685372 -0.181362575036 0.670842219525 0.967265376275 0.297271312126 -0.357337403052 -0.715253823186 -0.883864920930 -0.944771283064
 -1.35686428417 0.0535258989594 0.912548997539 0.798837251236 0.136971194667 -0.450047396427 -0.808891767584 -0.967229771474 -1.01045816367
 -1.44873664638 -0.160188106574 0.869709967693 1.02549917784 0.0702742751886 -0.556759539658 -0.903465183720 -1.05327598526 -1.08287122783
 -1.50839348527 -0.146407934867 0.904991608619 0.986457518791 0.110005719527 -0.541756445205 -0.920668617062 -1.08776349334 -1.11453238613
 -1.46860215152 0.189332082532 0.743139743975 0.857291585611 0.232842796435 -0.350802115718 -0.822765849546 -1.03932832792 -1.07060284051
 -1.58186120235 -0.191886105264 0.611838147494 0.953899298911 0.347448466887 -0.185923229238 -0.672217010886 -0.921799147422 -0.980266632668
 -1.48915633649 -0.00366187203885 0.409457944831 0.805411749998 0.445035568504 -0.0470673375519 -0.496483629932 -0.750236285510 -0.823296198278
 -1.20948432405 0.201067755018 0.538994520564 0.587101317945 0.270375800509 -0.0840742453006 -0.398383293275 -0.593489357634 -0.668900973659
 -1.18941270698 -0.00168482511308 0.385366562978 0.781711762417 0.235542212006 -0.141013141945 -0.354407253238 -0.477195687491 -0.534883148947
 -1.03814689207 0.475328194363 0.518619734052 0.221940223612 0.00781547763939 -0.125786055188 -0.233701757993 -0.315038173370 -0.359343061126
 -1.04621170434 0.549821322770 0.172866973189 0.131691171835 0.0354075217033 -0.0394256025316 -0.0989542036515 -0.153413690815 -0.191905799703
 -1.32564106722 -0.562160243650 -0.0656107753733 0.480126755383 0.377172959353 0.161737619338 0.0484336216705 -0.0127858303273 -0.0608260526085
 -1.68511047786 -0.943488735380 -0.302874635238 0.253987120032 0.319069829899 0.382344788429 0.276209357105 0.155808167449 0.0668837719539
 -1.62374057018 -0.816715530803 -0.358029029101 0.293914727424 0.310827355493 0.272039867531 0.242072615367 0.181952125176 0.156662635157
 -0.756049157144 -0.513964660345 -0.815317785948 -0.241598675274 0.0601024869432 0.331901446689 0.391184747767 0.337887325506 0.313508891593
# log_selcoffs_fsh[2]:
 -6.50891605263 -5.04882346658 -3.58101058224 -1.95114666673 -0.561779560502 0.341298828226 0.996944222480 1.13205809306 0.498771656485 -0.950758557658
 -6.42139355526 -4.96497205272 -3.46328451718 -2.03331144917 -0.855973482188 0.201282405267 0.981293276256 1.17310530870 0.517588399522 -0.505118727536
 -6.30219946687 -4.89241092280 -3.48375592346 -2.13203854604 -1.00344331262 0.0629091869302 0.933972105630 1.15227838013 0.606007058855 -0.143014297825
 -6.15041830008 -4.75697456531 -3.43918492661 -2.20853053573 -1.15230372118 -0.165933432844 0.785327533304 1.14835845879 0.753886950902 0.193038512808
 -6.00078605295 -4.54249997766 -3.21814482006 -2.16006251892 -1.29277554597 -0.396779169110 0.602957061765 1.09162918177 0.882474505615 0.507436351415
 -5.85563500113 -4.49582311808 -3.15660004554 -1.91384603075 -1.08240305141 -0.491062644728 0.284413735427 0.904785100928 1.00443994769 0.839142371803
 -5.71768108505 -4.45396569197 -3.23033402705 -2.08187284702 -1.08074846725 -0.328604168966 0.213540401929 0.686935934193 0.972751361619 1.06149463519
 -5.60553272479 -4.38863513755 -3.25158032821 -2.21800509516 -1.25673386050 -0.463677113646 0.206379342074 0.631451434191 0.940911251255 1.17894569894
 -5.53164795224 -4.29612824067 -3.14243767255 -2.19325299832 -1.39761141939 -0.625585876874 0.137423617541 0.691306439568 0.954343136947 1.19542251873
 -5.44037308437 -4.15391180431 -2.95681685493 -1.96357649303 -1.21535672699 -0.622291387178 -0.0610451770434 0.581410527062 0.980570662424 1.26947536545
 -5.36257943798 -3.96713561481 -2.62752908385 -1.54237733819 -0.875750000182 -0.435186810316 -0.0212389765697 0.403726387739 0.880336616151 1.31867666767
 -5.34524322256 -3.81514472982 -2.37389829368 -1.17781454323 -0.615658653055 -0.256199465729 3.00052964403e-06 0.367140527570 0.878929427821 1.22551814078
 -5.35706340396 -3.65501057102 -2.02543192004 -0.737491919174 -0.251145132867 0.0349031056177 0.160046401988 0.333879500902 0.716315462724 1.07463671718
 -5.38431264906 -3.49046529073 -1.68032494047 -0.482757864938 0.106918410166 0.237054066367 0.230899698354 0.325272561828 0.574211338448 0.859216215791
 -5.38656570853 -3.31129236954 -1.36639974263 -0.0948642039302 0.343967622502 0.308999240887 0.164919881315 0.222345429926 0.469209374764 0.690547889655
 -5.35362331867 -3.13016291691 -1.05314336510 0.0695827924878 0.327552477281 0.283322324860 0.170629259232 0.214518183217 0.422216185347 0.623209203993
 -5.33692180278 -3.07455621258 -0.935594756136 0.0707151510919 0.347447656304 0.323170358546 0.190245736261 0.194871096836 0.380157438835 0.587333385984
 -5.32806538881 -3.24262967927 -1.25951622872 0.0673366579989 0.478319235230 0.424081515729 0.215285311658 0.165229872443 0.321883659122 0.507713394626
 -5.29248401283 -3.36421272479 -1.53342577485 -0.171731571865 0.544006221788 0.508198238885 0.253873335689 0.171900800452 0.315994453698 0.512225417032
 -5.22494820193 -3.40885718285 -1.66863393468 -0.338269830770 0.333614369643 0.460728440948 0.292470693880 0.242857075845 0.424784611583 0.660065537129
 -5.18918905238 -3.49606150553 -1.89364676034 -0.568948611078 0.211948798196 0.470611491864 0.361669763864 0.278480533435 0.462444435394 0.725425927080
 -5.18792063989 -3.57951306155 -2.07659772352 -0.870118250638 0.0122257179768 0.495765506055 0.473144070223 0.363637144987 0.501841431102 0.728933610708
 -5.20389643720 -3.64521418366 -2.23335090024 -1.07869511159 -0.226488064166 0.478595980088 0.525279613392 0.448367412636 0.563691930260 0.740132118768
 -5.27111055075 -3.69407051954 -2.24637853540 -1.08553948786 -0.350748738693 0.236385905112 0.572648147910 0.547177628094 0.652289616955 0.758190709923
 -5.34468232083 -3.72181198531 -2.14555777016 -0.810049506361 -0.198298514714 0.0645806700917 0.353039488847 0.572152677684 0.698655025655 0.839776748795
 -5.45189378398 -3.76934770291 -2.22695820554 -0.903643747560 -0.151913021333 0.285257493022 0.371457347402 0.473085299660 0.650003474479 0.832995435234
 -5.65915393807 -3.93500611701 -2.23725414555 -0.826773034528 -0.0367055522219 0.439048484554 0.506324225774 0.464198655047 0.540487402419 0.668242053128
 -5.84655341575 -4.11098933791 -2.28790981774 -0.550321903941 0.151337161807 0.505421424125 0.487371318838 0.397936139126 0.517351672426 0.522978179808
 -6.00669228138 -4.29726853407 -2.55641291561 -0.864911253085 0.0863683995156 0.758192030525 0.617039570953 0.390438642007 0.472362498670 0.282014934917
 -6.14584201058 -4.40136992435 -2.70147331668 -1.04271713591 0.283991460773 0.877130879145 0.769587594914 0.394952739493 0.169213964243 0.00599959595786
 -6.22714752214 -4.39051346197 -2.55554356999 -0.882389825263 0.257998888827 0.853894050190 0.777082082770 0.406442747626 0.146272563188 0.0168374835766
 -6.26280642840 -4.31423128124 -2.36706722539 -0.684093303661 0.163661125647 0.506956130479 0.730171106580 0.577618681660 0.357277976827 0.232468150597
 -6.28131101815 -4.24390064506 -2.12928184782 -0.464853726728 0.0184475570895 0.134042900750 0.482341776615 0.710960968297 0.613303405587 0.452498746090
 -6.32062210867 -4.31650176662 -2.33195215082 -0.680080787973 0.0286462296402 0.379608710115 0.501458885549 0.620974491928 0.584166290800 0.460606988754
 -6.34207785706 -4.39867731299 -2.42411488541 -0.861656458967 -0.111485577250 0.306705019980 0.609922351872 0.642452554556 0.589943942367 0.516511312456
 -6.34831656821 -4.56597688908 -2.77983803921 -1.07370504843 -0.129701107933 0.351730010429 0.616409398652 0.698356855764 0.585931876249 0.485386578555
 -6.35940180958 -4.69444840755 -3.08437418698 -1.43237211964 -0.283745595739 0.329408912458 0.740682893586 0.740943839502 0.632629596840 0.394527030449
# log_selcoffs_fsh[3]:
 -0.920395681211 -0.103128274217 1.17244279302 0.428137326100 -0.678237058431 -1.40873092182 -1.69612127733
 -1.15978587642 -0.125285649073 1.19736826948 0.439842419954 -0.671868229835 -1.40319673957 -1.69398703373
 -0.592764078858 -0.167364393441 1.10740919972 0.453351238595 -0.607882532981 -1.33620158373 -1.64050258751
 -1.48499688754 -0.288789539085 1.23809206827 0.439210958304 -0.597280705399 -1.29855429151 -1.60651329060
 -1.88073420349 -0.206698885168 1.17879457710 0.492648950171 -0.469812076447 -1.18895151987 -1.52556704453
 -1.96883964554 -0.500515963662 0.972464019687 0.797112677493 -0.223747539539 -1.05049473991 -1.42169310395
 -1.68393762417 -0.428026133848 0.757203884314 0.929052886938 -0.133480468268 -0.997215488397 -1.36963940777
 -1.32095867631 0.565049735630 0.826787066921 0.333076060093 -0.370424589153 -1.04852633254 -1.38041319442
 -1.38950298344 0.637858343094 0.893765401902 0.217494288046 -0.484223798799 -1.11879945412 -1.47728827669
 -1.58942939407 0.313678397814 0.996105658611 0.476443084717 -0.483133617746 -1.22261812259 -1.61873177228
 -1.85121308310 -0.381087811994 0.900105670241 0.899209980722 -0.256889271580 -1.22396591500 -1.74413330527
 -1.81330827966 -0.340850230153 0.825128294030 0.934093188391 -0.177419293430 -1.22098670226 -1.79411160172
 -1.65894854726 -0.105554579548 1.01719244153 0.707285685757 -0.379604333054 -1.31383950822 -1.81388231895
 -1.42081266651 0.587790227780 0.995109899792 0.275808969620 -0.645859601880 -1.40186687235 -1.79872761586
 -1.47091874703 0.227022228167 1.17957154956 0.324349235741 -0.744368001055 -1.46258948592 -1.75650329584
 -1.47850732497 0.259854145850 1.24992219504 0.174670600946 -0.919880209520 -1.54143166475 -1.70531711916
 -1.27412179738 0.579625092068 1.11835938431 0.0768896533711 -0.977294764745 -1.51032489933 -1.61930868266
 -1.18843294499 0.632250992882 1.08655026458 0.00730907360962 -0.935055052510 -1.43543920593 -1.55344707510
 -0.698216290827 1.08102914633 0.644299763838 -0.211253181691 -0.959216919917 -1.40521155749 -1.55076058888
 -0.533050629094 1.19972667566 0.508748476662 -0.408328301931 -1.08627739138 -1.47439802238 -1.61132740122
 -0.321020058026 1.16409746344 0.570252527675 -0.474333800107 -1.21210163912 -1.59437796040 -1.71512403025
 -0.387825960829 1.14295182416 0.675595015846 -0.506630376346 -1.32206780058 -1.69790313298 -1.78329735976
 -0.207231889441 0.861537837120 0.978424487453 -0.538888259041 -1.43458791630 -1.76861661492 -1.78420267971
 -0.139180271846 1.07955890532 0.715301906229 -0.538894278252 -1.42718224585 -1.81168991990 -1.86440066354
 -0.329319680719 0.576651555918 1.09527325750 -0.101782758926 -1.21400556068 -1.78082235851 -1.95341716883
 -0.0778934566426 0.708361044888 0.639805600488 0.289982367889 -0.742088873586 -1.58995790424 -2.02716649043
 -0.875058065403 0.764376679275 0.866306435310 0.162367469912 -0.635805376338 -1.46917338278 -2.10801564184
 -1.38678902334 0.273596653625 1.15433211985 0.368408886773 -0.696145813093 -1.56412427587 -2.20429625765
 -1.53036986160 0.0297868126775 1.25091243372 0.421072714493 -0.771398703112 -1.74261147206 -2.31509632316
 -1.46636549409 0.246010851160 0.829207840836 0.881294376023 -0.633941505068 -1.81399686506 -2.39359498016
 -1.41411850314 1.05268884244 0.755256930620 0.125711899615 -0.929101667183 -1.89953644960 -2.46681303910
 -1.65210239762 0.575691897673 1.22140413714 0.0740031039483 -1.05275474273 -1.99753179147 -2.56927864135
 -1.90699755609 -0.107940609764 1.40000136894 0.296376910187 -1.03375729638 -2.06847016945 -2.63716487104
 -1.82104777525 -0.0621231281015 1.09157125216 0.832133509667 -0.854084147157 -2.07665030807 -2.65659739070
 -1.64282210386 0.0926530922829 1.35225516831 0.277577255273 -1.09478155746 -2.12828663318 -2.66256416770
 -1.18221949625 1.10942853104 0.854940828598 -0.169116213727 -1.26770606103 -2.17299332770 -2.66185217641
 -1.06924840998 1.03874417567 0.970230769914 -0.261394633293 -1.40459868941 -2.22741142039 -2.66982464676
 -0.855596387190 1.08163347067 0.900066875517 -0.283292059473 -1.42779218085 -2.26073326061 -2.68387928339
 -1.00813594675 1.00987828183 0.983490210159 -0.209213276546 -1.43956115757 -2.29162721501 -2.70744991164
 -1.31166245733 0.315142247625 1.42919481953 -0.216175476644 -1.52533171811 -2.33977239816 -2.72806418134
# log_selcoffs_fsh[4]:
 -5.97386893896 -4.82000060523 -3.64092900853 -2.40234161786 -1.11749147633 0.0831291981583 0.943634671875 1.12277139797 0.596752252833
 -5.96091195235 -4.79992781537 -3.60800035105 -2.31836794946 -0.985040207233 0.177423529646 0.951294654563 1.05950644663 0.599981329649
 -5.92509986875 -4.76046698685 -3.57332136591 -2.31824275199 -1.00831024386 0.157401733065 0.935163412973 1.06548539088 0.629717474118
 -5.85849961479 -4.68202466675 -3.50349821437 -2.29695589417 -1.04878003924 0.0892921807954 0.891673521919 1.08089535030 0.706525856416
 -5.78680624830 -4.58385708139 -3.39229788155 -2.21819292628 -1.01693962069 0.0931951613668 0.855363851108 1.05515341525 0.770227625666
 -5.71340422835 -4.52383873810 -3.32279596205 -2.12344281212 -1.00288655614 0.0262388753474 0.808354247720 1.06934036431 0.823783456854
 -5.62281285017 -4.44635027207 -3.25461261385 -2.03948770048 -0.925993068806 0.0448608315476 0.779731209080 1.03016071774 0.871942040256
 -5.50878783250 -4.32327352947 -3.16967897699 -1.99960944051 -0.895234245599 0.0226052157846 0.734579845674 1.02695164026 0.914996578919
 -5.39261439164 -4.16291554396 -3.03684124257 -1.99442250848 -0.967265534898 -0.0158227918752 0.722567269718 1.01927400043 0.955699961620
 -5.27936174732 -4.05697263727 -2.87907166015 -1.80257711707 -0.881509295649 -0.0402032222486 0.639006823434 0.995130291719 1.02321186248
 -5.18972966823 -3.96721002477 -2.79384198549 -1.70484787434 -0.733768586967 0.0433385376809 0.613057579602 0.930153618137 1.03927311430
 -5.12813397330 -3.86625387883 -2.68567984568 -1.63059324245 -0.668936401344 0.134366520167 0.637100654203 0.890573192071 1.00267619044
 -5.07845085676 -3.72904109408 -2.47703519336 -1.46271981896 -0.637012134945 0.117725940697 0.668109867705 0.889303057551 0.961788251270
 -5.02054583108 -3.54755825006 -2.11076655436 -1.05451052401 -0.390665192856 0.124811011614 0.548979805915 0.834062266909 0.975093826550
 -4.94340988288 -3.39096389523 -1.85882937643 -0.716620697911 -0.143637648736 0.159053340443 0.434184236234 0.745631984771 0.965027731294
 -4.84711349920 -3.24655946001 -1.63108486453 -0.455002888490 -0.0627888897033 0.124202269650 0.367865054005 0.686280065754 0.963453439478
 -4.77935655438 -3.20811116762 -1.63189356803 -0.454790700250 -0.0484070498739 0.176306284217 0.393236754504 0.664882229747 0.935876105835
 -4.72662300342 -3.28756351835 -1.96104895003 -0.941457247953 -0.227571678264 0.353376476838 0.605478565131 0.695639205029 0.861022229719
 -4.63858694231 -3.31124635877 -2.10322869167 -1.15938553478 -0.424722073508 0.214400343755 0.616831479877 0.822988855404 0.914170007694
 -4.58566008173 -3.32159390399 -2.18646550672 -1.27975096480 -0.604546887999 0.0246080381318 0.621468767344 0.942210075511 0.941859939605
 -4.51883319058 -3.25709039159 -2.11569766481 -1.29937371794 -0.679431086084 -0.130218253833 0.471711072487 0.999864144104 1.04798202052
 -4.42749737619 -3.15164859058 -1.83914920727 -1.13049116393 -0.676657500441 -0.143258465727 0.370873349778 0.844387175769 1.19786998257
 -4.33616114293 -3.20644453249 -2.11720365364 -1.23982532772 -0.635017258063 -0.0705810028972 0.368152681705 0.799648289037 1.22524812089
 -4.20551474761 -3.13041936127 -2.14997633568 -1.30911423361 -0.649004864881 -0.112682987392 0.318457973287 0.772702999113 1.28044042833
 -4.17363294041 -3.09130736368 -2.01945985468 -1.10886278769 -0.467942645671 0.102278005482 0.487847285661 0.792565998116 1.06631486295
 -3.99425085933 -2.85556939496 -1.65249676204 -0.888175846194 -0.504596303830 -0.0213119104234 0.469011592356 0.824060042515 1.05091453617
 -3.72173613185 -2.67430160123 -1.60633135940 -0.839845573350 -0.405481806627 -0.0347250032753 0.401662834806 0.815717075795 1.06015680305
 -3.30028708442 -2.36022048107 -1.46837807577 -0.783793616688 -0.390809322946 -0.0895572823991 0.197465461763 0.688549005192 1.21840163990
 -2.75585121120 -1.93922013049 -1.32144295040 -0.833123846132 -0.545840938479 -0.330985483501 0.0590087003367 0.636323623179 1.34633494589
 -2.81663496484 -2.14618539692 -1.31356590668 -0.734752128349 -0.529661305710 -0.411020717816 -0.0666565951512 0.638181402769 1.38490610655
 -2.57082521235 -1.92463428206 -1.60311912385 -1.06243097547 -0.647867183551 -0.458357643946 -0.0688062895545 0.618220585283 1.45537811227
# log_sel_spl_fsh[1]:
 0.00000000000 0.00000000000 0.00000000000 0.00000000000
 0.00000000000 0.00000000000 0.00000000000 0.00000000000
 0.00000000000 0.00000000000 0.00000000000 0.00000000000
 0.00000000000 0.00000000000 0.00000000000 0.00000000000
 0.00000000000 0.00000000000 0.00000000000 0.00000000000
 0.00000000000 0.00000000000 0.00000000000 0.00000000000
 0.00000000000 0.00000000000 0.00000000000 0.00000000000
 0.00000000000 0.00000000000 0.00000000000 0.00000000000
 0.00000000000 0.00000000000 0.00000000000 0.00000000000
 0.00000000000 0.00000000000 0.00000000000 0.00000000000
 0.00000000000 0.00000000000 0.00000000000 0.00000000000
 0.00000000000 0.00000000000 0.00000000000 0.00000000000
 0.00000000000 0.00000000000 0.00000000000 0.00000000000
 0.00000000000 0.00000000000 0.00000000000 0.00000000000
 0.00000000000 0.00000000000 0.00000000000 0.00000000000
 0.00000000000 0.00000000000 0.00000000000 0.00000000000
 0.00000000000 0.00000000000 0.00000000000 0.00000000000
 0.00000000000 0.00000000000 0.00000000000 0.00000000000
 0.00000000000 0.00000000000 0.00000000000 0.00000000000
 0.00000000000 0.00000000000 0.00000000000 0.00000000000
 0.00000000000 0.00000000000 0.00000000000 0.00000000000
 0.00000000000 0.00000000000 0.00000000000 0.00000000000
 0.00000000000 0.00000000000 0.00000000000 0.00000000000
 0.00000000000 0.00000000000 0.00000000000 0.00000000000
 0.00000000000 0.00000000000 0.00000000000 0.00000000000
 0.00000000000 0.00000000000 0.00000000000 0.00000000000
 0.00000000000 0.00000000000 0.00000000000 0.00000000000
 0.00000000000 0.00000000000 0.00000000000 0.00000000000
 0.00000000000 0.00000000000 0.00000000000 0.00000000000
 0.00000000000 0.00000000000 0.00000000000 0.00000000000
 0.00000000000 0.00000000000 0.00000000000 0.00000000000
 0.00000000000 0.00000000000 0.00000000000 0.00000000000
 0.00000000000 0.00000000000 0.00000000000 0.00000000000
 0.00000000000 0.00000000000 0.00000000000 0.00000000000
 0.00000000000 0.00000000000 0.00000000000 0.00000000000
 0.00000000000 0.00000000000 0.00000000000 0.00000000000
# log_sel_spl_fsh[2]:
 0.00000000000 0.00000000000 0.00000000000 0.00000000000
 0.00000000000 0.00000000000 0.00000000000 0.00000000000
 0.00000000000 0.00000000000 0.00000000000 0.00000000000
 0.00000000000 0.00000000000 0.00000000000 0.00000000000
 0.00000000000 0.00000000000 0.00000000000 0.00000000000
 0.00000000000 0.00000000000 0.00000000000 0.00000000000
 0.00000000000 0.00000000000 0.00000000000 0.00000000000
 0.00000000000 0.00000000000 0.00000000000 0.00000000000
 0.00000000000 0.00000000000 0.00000000000 0.00000000000
 0.00000000000 0.00000000000 0.00000000000 0.00000000000
 0.00000000000 0.00000000000 0.00000000000 0.00000000000
 0.00000000000 0.00000000000 0.00000000000 0.00000000000
 0.00000000000 0.00000000000 0.00000000000 0.00000000000
 0.00000000000 0.00000000000 0.00000000000 0.00000000000
 0.00000000000 0.00000000000 0.00000000000 0.00000000000
 0.00000000000 0.00000000000 0.00000000000 0.00000000000
 0.00000000000 0.00000000000 0.00000000000 0.00000000000
 0.00000000000 0.00000000000 0.00000000000 0.00000000000
 0.00000000000 0.00000000000 0.00000000000 0.00000000000
 0.00000000000 0.00000000000 0.00000000000 0.00000000000
 0.00000000000 0.00000000000 0.00000000000 0.00000000000
 0.00000000000 0.00000000000 0.00000000000 0.00000000000
 0.00000000000 0.00000000000 0.00000000000 0.00000000000
 0.00000000000 0.00000000000 0.00000000000 0.00000000000
 0.00000000000 0.00000000000 0.00000000000 0.00000000000
 0.00000000000 0.00000000000 0.00000000000 0.00000000000
 0.00000000000 0.00000000000 0.00000000000 0.00000000000
 0.00000000000 0.00000000000 0.00000000000 0.00000000000
 0.00000000000 0.00000000000 0.00000000000 0.00000000000
 0.00000000000 0.00000000000 0.00000000000 0.00000000000
 0.00000000000 0.00000000000 0.00000000000 0.00000000000
 0.00000000000 0.00000000000 0.00000000000 0.00000000000
 0.00000000000 0.00000000000 0.00000000000 0.00000000000
 0.00000000000 0.00000000000 0.00000000000 0.00000000000
 0.00000000000 0.00000000000 0.00000000000 0.00000000000
 0.00000000000 0.00000000000 0.00000000000 0.00000000000
 0.00000000000 0.00000000000 0.00000000000 0.00000000000
# log_sel_spl_fsh[3]:
 0.00000000000 0.00000000000 0.00000000000 0.00000000000
 0.00000000000 0.00000000000 0.00000000000 0.00000000000
 0.00000000000 0.00000000000 0.00000000000 0.00000000000
 0.00000000000 0.00000000000 0.00000000000 0.00000000000
 0.00000000000 0.00000000000 0.00000000000 0.00000000000
 0.00000000000 0.00000000000 0.00000000000 0.00000000000
 0.00000000000 0.00000000000 0.00000000000 0.00000000000
 0.00000000000 0.00000000000 0.00000000000 0.00000000000
 0.00000000000 0.00000000000 0.00000000000 0.00000000000
 0.00000000000 0.00000000000 0.00000000000 0.00000000000
 0.00000000000 0.00000000000 0.00000000000 0.00000000000
 0.00000000000 0.00000000000 0.00000000000 0.00000000000
 0.00000000000 0.00000000000 0.00000000000 0.00000000000
 0.00000000000 0.00000000000 0.00000000000 0.00000000000
 0.00000000000 0.00000000000 0.00000000000 0.00000000000
 0.00000000000 0.00000000000 0.00000000000 0.00000000000
 0.00000000000 0.00000000000 0.00000000000 0.00000000000
 0.00000000000 0.00000000000 0.00000000000 0.00000000000
 0.00000000000 0.00000000000 0.00000000000 0.00000000000
 0.00000000000 0.00000000000 0.00000000000 0.00000000000
 0.00000000000 0.00000000000 0.00000000000 0.00000000000
 0.00000000000 0.00000000000 0.00000000000 0.00000000000
 0.00000000000 0.00000000000 0.00000000000 0.00000000000
 0.00000000000 0.00000000000 0.00000000000 0.00000000000
 0.00000000000 0.00000000000 0.00000000000 0.00000000000
 0.00000000000 0.00000000000 0.00000000000 0.00000000000
 0.00000000000 0.00000000000 0.00000000000 0.00000000000
 0.00000000000 0.00000000000 0.00000000000 0.00000000000
 0.00000000000 0.00000000000 0.00000000000 0.00000000000
 0.00000000000 0.00000000000 0.00000000000 0.00000000000
 0.00000000000 0.00000000000 0.00000000000 0.00000000000
 0.00000000000 0.00000000000 0.00000000000 0.00000000000
 0.00000000000 0.00000000000 0.00000000000 0.00000000000
 0.00000000000 0.00000000000 0.00000000000 0.00000000000
 0.00000000000 0.00000000000 0.00000000000 0.00000000000
 0.00000000000 0.00000000000 0.00000000000 0.00000000000
 0.00000000000 0.00000000000 0.00000000000 0.00000000000
 0.00000000000 0.00000000000 0.00000000000 0.00000000000
 0.00000000000 0.00000000000 0.00000000000 0.00000000000
 0.00000000000 0.00000000000 0.00000000000 0.00000000000
# log_sel_spl_fsh[4]:
 0.00000000000 0.00000000000 0.00000000000 0.00000000000
 0.00000000000 0.00000000000 0.00000000000 0.00000000000
 0.00000000000 0.00000000000 0.00000000000 0.00000000000
 0.00000000000 0.00000000000 0.00000000000 0.00000000000
 0.00000000000 0.00000000000 0.00000000000 0.00000000000
 0.00000000000 0.00000000000 0.00000000000 0.00000000000
 0.00000000000 0.00000000000 0.00000000000 0.00000000000
 0.00000000000 0.00000000000 0.00000000000 0.00000000000
 0.00000000000 0.00000000000 0.00000000000 0.00000000000
 0.00000000000 0.00000000000 0.00000000000 0.00000000000
 0.00000000000 0.00000000000 0.00000000000 0.00000000000
 0.00000000000 0.00000000000 0.00000000000 0.00000000000
 0.00000000000 0.00000000000 0.00000000000 0.00000000000
 0.00000000000 0.00000000000 0.00000000000 0.00000000000
 0.00000000000 0.00000000000 0.00000000000 0.00000000000
 0.00000000000 0.00000000000 0.00000000000 0.00000000000
 0.00000000000 0.00000000000 0.00000000000 0.00000000000
 0.00000000000 0.00000000000 0.00000000000 0.00000000000
 0.00000000000 0.00000000000 0.00000000000 0.00000000000
 0.00000000000 0.00000000000 0.00000000000 0.00000000000
 0.00000000000 0.00000000000 0.00000000000 0.00000000000
 0.00000000000 0.00000000000 0.00000000000 0.00000000000
 0.00000000000 0.00000000000 0.00000000000 0.00000000000
 0.00000000000 0.00000000000 0.00000000000 0.00000000000
 0.00000000000 0.00000000000 0.00000000000 0.00000000000
 0.00000000000 0.00000000000 0.00000000000 0.00000000000
 0.00000000000 0.00000000000 0.00000000000 0.00000000000
 0.00000000000 0.00000000000 0.00000000000 0.00000000000
 0.00000000000 0.00000000000 0.00000000000 0.00000000000
 0.00000000000 0.00000000000 0.00000000000 0.00000000000
 0.00000000000 0.00000000000 0.00000000000 0.00000000000
# logsel_slope_fsh[1]:
 0.00000000000 0.00000000000 0.00000000000 0.00000000000 0.00000000000 0.00000000000 0.00000000000 0.00000000000 0.00000000000 0.00000000000 0.00000000000 0.00000000000 0.00000000000 0.00000000000 0.00000000000 0.00000000000 0.00000000000 0.00000000000 0.00000000000 0.00000000000 0.00000000000 0.00000000000 0.00000000000 0.00000000000 0.00000000000 0.00000000000 0.00000000000 0.00000000000 0.00000000000 0.00000000000 0.00000000000 0.00000000000 0.00000000000 0.00000000000 0.00000000000 0.00000000000
# logsel_slope_fsh[2]:
 0.00000000000 0.00000000000 0.00000000000 0.00000000000 0.00000000000 0.00000000000 0.00000000000 0.00000000000 0.00000000000 0.00000000000 0.00000000000 0.00000000000 0.00000000000 0.00000000000 0.00000000000 0.00000000000 0.00000000000 0.00000000000 0.00000000000 0.00000000000 0.00000000000 0.00000000000 0.00000000000 0.00000000000 0.00000000000 0.00000000000 0.00000000000 0.00000000000 0.00000000000 0.00000000000 0.00000000000 0.00000000000 0.00000000000 0.00000000000 0.00000000000 0.00000000000 0.00000000000
# logsel_slope_fsh[3]:
 0.00000000000 0.00000000000 0.00000000000 0.00000000000 0.00000000000 0.00000000000 0.00000000000 0.00000000000 0.00000000000 0.00000000000 0.00000000000 0.00000000000 0.00000000000 0.00000000000 0.00000000000 0.00000000000 0.00000000000 0.00000000000 0.00000000000 0.00000000000 0.00000000000 0.00000000000 0.00000000000 0.00000000000 0.00000000000 0.00000000000 0.00000000000 0.00000000000 0.00000000000 0.00000000000 0.00000000000 0.00000000000 0.00000000000 0.00000000000 0.00000000000 0.00000000000 0.00000000000 0.00000000000 0.00000000000 0.00000000000
# logsel_slope_fsh[4]:
 0.00000000000 0.00000000000 0.00000000000 0.00000000000 0.00000000000 0.00000000000 0.00000000000 0.00000000000 0.00000000000 0.00000000000 0.00000000000 0.00000000000 0.00000000000 0.00000000000 0.00000000000 0.00000000000 0.00000000000 0.00000000000 0.00000000000 0.00000000000 0.00000000000 0.00000000000 0.00000000000 0.00000000000 0.00000000000 0.00000000000 0.00000000000 0.00000000000 0.00000000000 0.00000000000 0.00000000000
# sel50_fsh[1]:
 0.00000000000 0.00000000000 0.00000000000 0.00000000000 0.00000000000 0.00000000000 0.00000000000 0.00000000000 0.00000000000 0.00000000000 0.00000000000 0.00000000000 0.00000000000 0.00000000000 0.00000000000 0.00000000000 0.00000000000 0.00000000000 0.00000000000 0.00000000000 0.00000000000 0.00000000000 0.00000000000 0.00000000000 0.00000000000 0.00000000000 0.00000000000 0.00000000000 0.00000000000 0.00000000000 0.00000000000 0.00000000000 0.00000000000 0.00000000000 0.00000000000 0.00000000000
# sel50_fsh[2]:
 0.00000000000 0.00000000000 0.00000000000 0.00000000000 0.00000000000 0.00000000000 0.00000000000 0.00000000000 0.00000000000 0.00000000000 0.00000000000 0.00000000000 0.00000000000 0.00000000000 0.00000000000 0.00000000000 0.00000000000 0.00000000000 0.00000000000 0.00000000000 0.00000000000 0.00000000000 0.00000000000 0.00000000000 0.00000000000 0.00000000000 0.00000000000 0.00000000000 0.00000000000 0.00000000000 0.00000000000 0.00000000000 0.00000000000 0.00000000000 0.00000000000 0.00000000000 0.00000000000
# sel50_fsh[3]:
 0.00000000000 0.00000000000 0.00000000000 0.00000000000 0.00000000000 0.00000000000 0.00000000000 0.00000000000 0.00000000000 0.00000000000 0.00000000000 0.00000000000 0.00000000000 0.00000000000 0.00000000000 0.00000000000 0.00000000000 0.00000000000 0.00000000000 0.00000000000 0.00000000000 0.00000000000 0.00000000000 0.00000000000 0.00000000000 0.00000000000 0.00000000000 0.00000000000 0.00000000000 0.00000000000 0.00000000000 0.00000000000 0.00000000000 0.00000000000 0.00000000000 0.00000000000 0.00000000000 0.00000000000 0.00000000000 0.00000000000
# sel50_fsh[4]:
 0.00000000000 0.00000000000 0.00000000000 0.00000000000 0.00000000000 0.00000000000 0.00000000000 0.00000000000 0.00000000000 0.00000000000 0.00000000000 0.00000000000 0.00000000000 0.00000000000 0.00000000000 0.00000000000 0.00000000000 0.00000000000 0.00000000000 0.00000000000 0.00000000000 0.00000000000 0.00000000000 0.00000000000 0.00000000000 0.00000000000 0.00000000000 0.00000000000 0.00000000000 0.00000000000 0.00000000000
# logsel_p1_fsh[1]:
 0.00000000000 0.00000000000 0.00000000000 0.00000000000 0.00000000000 0.00000000000 0.00000000000 0.00000000000 0.00000000000 0.00000000000 0.00000000000 0.00000000000 0.00000000000 0.00000000000 0.00000000000 0.00000000000 0.00000000000 0.00000000000 0.00000000000 0.00000000000 0.00000000000 0.00000000000 0.00000000000 0.00000000000 0.00000000000 0.00000000000 0.00000000000 0.00000000000 0.00000000000 0.00000000000 0.00000000000 0.00000000000 0.00000000000 0.00000000000 0.00000000000 0.00000000000
# logsel_p1_fsh[2]:
 0.00000000000 0.00000000000 0.00000000000 0.00000000000 0.00000000000 0.00000000000 0.00000000000 0.00000000000 0.00000000000 0.00000000000 0.00000000000 0.00000000000 0.00000000000 0.00000000000 0.00000000000 0.00000000000 0.00000000000 0.00000000000 0.00000000000 0.00000000000 0.00000000000 0.00000000000 0.00000000000 0.00000000000 0.00000000000 0.00000000000 0.00000000000 0.00000000000 0.00000000000 0.00000000000 0.00000000000 0.00000000000 0.00000000000 0.00000000000 0.00000000000 0.00000000000 0.00000000000
# logsel_p1_fsh[3]:
 0.00000000000 0.00000000000 0.00000000000 0.00000000000 0.00000000000 0.00000000000 0.00000000000 0.00000000000 0.00000000000 0.00000000000 0.00000000000 0.00000000000 0.00000000000 0.00000000000 0.00000000000 0.00000000000 0.00000000000 0.00000000000 0.00000000000 0.00000000000 0.00000000000 0.00000000000 0.00000000000 0.00000000000 0.00000000000 0.00000000000 0.00000000000 0.00000000000 0.00000000000 0.00000000000 0.00000000000 0.00000000000 0.00000000000 0.00000000000 0.00000000000 0.00000000000 0.00000000000 0.00000000000 0.00000000000 0.00000000000
# logsel_p1_fsh[4]:
 0.00000000000 0.00000000000 0.00000000000 0.00000000000 0.00000000000 0.00000000000 0.00000000000 0.00000000000 0.00000000000 0.00000000000 0.00000000000 0.00000000000 0.00000000000 0.00000000000 0.00000000000 0.00000000000 0.00000000000 0.00000000000 0.00000000000 0.00000000000 0.00000000000 0.00000000000 0.00000000000 0.00000000000 0.00000000000 0.00000000000 0.00000000000 0.00000000000 0.00000000000 0.00000000000 0.00000000000
# sel_p2_fsh[1]:
 0.00000000000 0.00000000000 0.00000000000 0.00000000000 0.00000000000 0.00000000000 0.00000000000 0.00000000000 0.00000000000 0.00000000000 0.00000000000 0.00000000000 0.00000000000 0.00000000000 0.00000000000 0.00000000000 0.00000000000 0.00000000000 0.00000000000 0.00000000000 0.00000000000 0.00000000000 0.00000000000 0.00000000000 0.00000000000 0.00000000000 0.00000000000 0.00000000000 0.00000000000 0.00000000000 0.00000000000 0.00000000000 0.00000000000 0.00000000000 0.00000000000 0.00000000000
# sel_p2_fsh[2]:
 0.00000000000 0.00000000000 0.00000000000 0.00000000000 0.00000000000 0.00000000000 0.00000000000 0.00000000000 0.00000000000 0.00000000000 0.00000000000 0.00000000000 0.00000000000 0.00000000000 0.00000000000 0.00000000000 0.00000000000 0.00000000000 0.00000000000 0.00000000000 0.00000000000 0.00000000000 0.00000000000 0.00000000000 0.00000000000 0.00000000000 0.00000000000 0.00000000000 0.00000000000 0.00000000000 0.00000000000 0.00000000000 0.00000000000 0.00000000000 0.00000000000 0.00000000000 0.00000000000
# sel_p2_fsh[3]:
 0.00000000000 0.00000000000 0.00000000000 0.00000000000 0.00000000000 0.00000000000 0.00000000000 0.00000000000 0.00000000000 0.00000000000 0.00000000000 0.00000000000 0.00000000000 0.00000000000 0.00000000000 0.00000000000 0.00000000000 0.00000000000 0.00000000000 0.00000000000 0.00000000000 0.00000000000 0.00000000000 0.00000000000 0.00000000000 0.00000000000 0.00000000000 0.00000000000 0.00000000000 0.00000000000 0.00000000000 0.00000000000 0.00000000000 0.00000000000 0.00000000000 0.00000000000 0.00000000000 0.00000000000 0.00000000000 0.00000000000
# sel_p2_fsh[4]:
 0.00000000000 0.00000000000 0.00000000000 0.00000000000 0.00000000000 0.00000000000 0.00000000000 0.00000000000 0.00000000000 0.00000000000 0.00000000000 0.00000000000 0.00000000000 0.00000000000 0.00000000000 0.00000000000 0.00000000000 0.00000000000 0.00000000000 0.00000000000 0.00000000000 0.00000000000 0.00000000000 0.00000000000 0.00000000000 0.00000000000 0.00000000000 0.00000000000 0.00000000000 0.00000000000 0.00000000000
# logsel_p3_fsh[1]:
 0.00000000000 0.00000000000 0.00000000000 0.00000000000 0.00000000000 0.00000000000 0.00000000000 0.00000000000 0.00000000000 0.00000000000 0.00000000000 0.00000000000 0.00000000000 0.00000000000 0.00000000000 0.00000000000 0.00000000000 0.00000000000 0.00000000000 0.00000000000 0.00000000000 0.00000000000 0.00000000000 0.00000000000 0.00000000000 0.00000000000 0.00000000000 0.00000000000 0.00000000000 0.00000000000 0.00000000000 0.00000000000 0.00000000000 0.00000000000 0.00000000000 0.00000000000
# logsel_p3_fsh[2]:
 0.00000000000 0.00000000000 0.00000000000 0.00000000000 0.00000000000 0.00000000000 0.00000000000 0.00000000000 0.00000000000 0.00000000000 0.00000000000 0.00000000000 0.00000000000 0.00000000000 0.00000000000 0.00000000000 0.00000000000 0.00000000000 0.00000000000 0.00000000000 0.00000000000 0.00000000000 0.00000000000 0.00000000000 0.00000000000 0.00000000000 0.00000000000 0.00000000000 0.00000000000 0.00000000000 0.00000000000 0.00000000000 0.00000000000 0.00000000000 0.00000000000 0.00000000000 0.00000000000
# logsel_p3_fsh[3]:
 0.00000000000 0.00000000000 0.00000000000 0.00000000000 0.00000000000 0.00000000000 0.00000000000 0.00000000000 0.00000000000 0.00000000000 0.00000000000 0.00000000000 0.00000000000 0.00000000000 0.00000000000 0.00000000000 0.00000000000 0.00000000000 0.00000000000 0.00000000000 0.00000000000 0.00000000000 0.00000000000 0.00000000000 0.00000000000 0.00000000000 0.00000000000 0.00000000000 0.00000000000 0.00000000000 0.00000000000 0.00000000000 0.00000000000 0.00000000000 0.00000000000 0.00000000000 0.00000000000 0.00000000000 0.00000000000 0.00000000000
# logsel_p3_fsh[4]:
 0.00000000000 0.00000000000 0.00000000000 0.00000000000 0.00000000000 0.00000000000 0.00000000000 0.00000000000 0.00000000000 0.00000000000 0.00000000000 0.00000000000 0.00000000000 0.00000000000 0.00000000000 0.00000000000 0.00000000000 0.00000000000 0.00000000000 0.00000000000 0.00000000000 0.00000000000 0.00000000000 0.00000000000 0.00000000000 0.00000000000 0.00000000000 0.00000000000 0.00000000000 0.00000000000 0.00000000000
# rec_dev_future:
 0.00000000000 0.00000000000 0.00000000000 0.00000000000 0.00000000000 0.00000000000 0.00000000000 0.00000000000 0.00000000000 0.00000000000 0.00000000000 0.00000000000 0.00000000000 0.00000000000 0.00000000000 0.00000000000 0.00000000000 0.00000000000 0.00000000000 0.00000000000
# log_q_ind[1]:
-0.100025787488
# log_q_ind[2]:
-3.05878542864
# log_q_ind[3]:
-9.57030710277
# log_q_ind[4]:
-0.751547777877
# log_q_ind[5]:
-6.19744364344
# log_q_ind[6]:
-8.43359093495
# log_q_ind[7]:
-1.19952862079
# log_q_power_ind[1]:
0.00000000000
# log_q_power_ind[2]:
0.00000000000
# log_q_power_ind[3]:
0.00000000000
# log_q_power_ind[4]:
0.00000000000
# log_q_power_ind[5]:
0.00000000000
# log_q_power_ind[6]:
0.00000000000
# log_q_power_ind[7]:
0.00000000000
# log_rw_q_ind[1]:
 -1.20964358492
# log_rw_q_ind[3]:
 -0.381073276713
# log_selcoffs_ind[1]:
 -3.22465267333 -2.07173286298 -0.969525336812 -0.120202206188 0.326927335120 0.477152942905 0.436293559249 0.342321964931 0.277767654071 0.258296475287
 -3.15868098945 -2.25038619732 -1.37465224076 -0.575541327474 0.0726968389467 0.477330362570 0.588183686952 0.515789578350 0.397975964935 0.325828765958
# log_selcoffs_ind[2]:
 -0.704225322972 -0.191256054361 0.121487781237 0.210094902001 0.0904427521316 -0.0176456363536 -0.0303943238997 0.0345086680703 0.101513203549 0.119940848145
 -0.174794467626 -0.00911182504914 0.0659076745888 0.137178971242 0.139566951456 0.0777145143329 -0.00937038442367 -0.0759333356881 -0.102452743054 -0.101460120217
 0.121785719535 0.0601178997276 0.0994689350916 0.180504278938 0.168736555245 0.0597093315834 -0.0872222667166 -0.208061350751 -0.265774690343 -0.267170847526
# log_selcoffs_ind[3]:
 -0.202940821038 0.0202027052767 0.0202027052767 0.0202027052767 0.0202027052767 0.0202027052767 0.0202027052767 0.0202027052767 0.0202027052767 0.0202027052767
# log_selcoffs_ind[4]:
 -2.61967766367 -1.61609413673 -0.750612673485 -0.203591038264 0.0258321109316 0.165885546645 0.290913990876 0.408824569030 0.500275570453 0.555118734273
 -3.23821498019 -2.35815155202 -1.49747120099 -0.758207423605 -0.202912704512 0.193731491117 0.454394244009 0.608231453478 0.634586187302 0.612593628468
# log_selcoffs_ind[5]:
 -3.04452005677 -0.669616569639 0.101782682789 0.174353368097 0.174353368097 0.174353368097 0.174353368097 0.174353368097 0.174353368097 0.174353368097
# log_selcoffs_ind[6]:
 -3.04452005677 -0.669616569639 0.101782682789 0.174353368097 0.174353368097 0.174353368097 0.174353368097 0.174353368097 0.174353368097 0.174353368097
# log_selcoffs_ind[7]:
 -3.04452005677 -0.669616569639 0.101782682789 0.174353368097 0.174353368097 0.174353368097 0.174353368097 0.174353368097 0.174353368097 0.174353368097
# logsel_slope_ind[1]:
 0.00000000000 0.00000000000
# logsel_slope_ind[2]:
 0.00000000000 0.00000000000 0.00000000000
# logsel_slope_ind[3]:
 0.00000000000
# logsel_slope_ind[4]:
 0.00000000000 0.00000000000
# logsel_slope_ind[5]:
 0.00000000000
# logsel_slope_ind[6]:
 0.00000000000
# logsel_slope_ind[7]:
 0.00000000000
# sel50_ind[1]:
 0.00000000000 0.00000000000
# sel50_ind[2]:
 0.00000000000 0.00000000000 0.00000000000
# sel50_ind[3]:
 0.00000000000
# sel50_ind[4]:
 0.00000000000 0.00000000000
# sel50_ind[5]:
 0.00000000000
# sel50_ind[6]:
 0.00000000000
# sel50_ind[7]:
 0.00000000000
# logsel_p1_ind[1]:
 0.00000000000 0.00000000000
# logsel_p1_ind[2]:
 0.00000000000 0.00000000000 0.00000000000
# logsel_p1_ind[3]:
 0.00000000000
# logsel_p1_ind[4]:
 0.00000000000 0.00000000000
# logsel_p1_ind[5]:
 0.00000000000
# logsel_p1_ind[6]:
 0.00000000000
# logsel_p1_ind[7]:
 0.00000000000
# sel_p2_ind[1]:
 0.00000000000 0.00000000000
# sel_p2_ind[2]:
 0.00000000000 0.00000000000 0.00000000000
# sel_p2_ind[3]:
 0.00000000000
# sel_p2_ind[4]:
 0.00000000000 0.00000000000
# sel_p2_ind[5]:
 0.00000000000
# sel_p2_ind[6]:
 0.00000000000
# sel_p2_ind[7]:
 0.00000000000
# logsel_p3_ind[1]:
 0.00000000000 0.00000000000
# logsel_p3_ind[2]:
 0.00000000000 0.00000000000 0.00000000000
# logsel_p3_ind[3]:
 0.00000000000
# logsel_p3_ind[4]:
 0.00000000000 0.00000000000
# logsel_p3_ind[5]:
 0.00000000000
# logsel_p3_ind[6]:
 0.00000000000
# logsel_p3_ind[7]:
 0.00000000000
