# Number of parameters = 1844 Objective function value = 1301.56000103965  Maximum gradient component = 0.000315343653080327
# Mest[1]:
0.280000000000
# log_Linf[1]:
4.29810139974
# log_k[1]:
-1.83258146375
# log_Lo[1]:
2.60712428251
# log_sdage[1]:
-2.40794560865
# mean_log_rec[1]:
9.30236343391
# steepness[1]:
0.650000000000
# log_Rzero[1]:
9.39253219863
# rec_dev:
 -0.0377310077731 -0.0492523090195 -0.0639107682560 -0.0827922984491 -0.106859966409 -0.138121496775 -0.177240621674 -0.224432337060 -0.280779644929 -0.341439918034 -0.476437934743 -0.765210306766 -0.550465839281 -0.284903637564 -0.713815023885 -0.973577784868 -0.280449940100 0.00873960732283 0.0513043113536 0.288183731048 0.311979772391 0.359767447982 0.430616027262 0.578921010194 0.975497412763 0.714638054454 0.813582472437 1.65513787748 1.61262238942 0.766179235826 0.302065961551 0.406211755667 0.578223843769 0.781581784747 0.366489367971 0.319239177567 0.498565256841 0.208421081524 0.426279899145 0.495161060954 0.669026265593 0.781627180829 0.608452567886 0.609840333173 -0.0398174251345 -0.226537730818 0.0122592884452 -0.517447956884 -1.51657688276 -0.699558656417 -0.421278558830 -1.00088855842 -1.19095209936 -1.15809611499 -1.14355194244 -0.759526152314 -0.809337785194 -0.520009701330 -0.238204068875 -0.0246197589121 -0.222115809458 -0.405436074842 -0.0328130501709 -0.482434593124 -0.754542466525 -0.142814949370 0.119672803287
# log_sigmar[1]:
-0.510825623766
# fmort:
 -4.80423950058 -4.39394914256 -5.12166904432 -4.78405784568 -3.99636661842 -3.68500904226 -3.43359290864 -3.48911079428 -2.78245645447 -2.88480752504 -3.20638729495 -2.80523268244 -2.05685445219 -3.02100839609 -2.21620116250 -2.81307155881 -5.22021054200 -3.91404022592 -4.29123654531 -4.38055040345 -4.41379113561 -4.04322435889 -3.92717062099 -3.73966541029 -4.19822577463 -3.93511832183 -3.54520456829 -4.45874544168 -5.60217846789 -5.01154844993 -4.66183652306 -3.98381139272 -4.84091532280 -4.38678986513 -4.21068096371 -3.80307322905 -3.74304154583 -3.25041807402 -2.66562696297 -2.91658760176 -2.50377285361 -3.99520343431 -4.85333409313 -4.28488347054 -4.14887795667 -3.73728809870 -3.99034024833 -3.48592699782 -4.55406071178 -4.75792010527 -3.50359112685 -3.41948384756 -3.48580524236 -3.56861085801 -3.14828226639 -3.19476242450
 -7.18612023058 -6.73173523771 -6.23861828512 -5.64750079056 -5.90007342446 -5.21627647309 -4.69762090575 -4.37823081725 -3.93167391924 -3.72887251018 -3.58734872716 -2.82591057274 -2.59787891189 -2.89925752958 -2.53889859221 -2.21200448406 -2.11155654773 -1.84859263728 -1.80178138447 -1.73498566846 -1.72368128316 -1.32945371278 -0.886091343480 -0.773232472090 -0.398571693104 0.139601167300 0.394204221731 0.617299528603 0.211143234989 -0.202982367660 -0.532440688808 -0.329276815951 -0.277799347526 -0.461608809013 -0.541879754857 -0.558966969282 -0.709386091845 -0.636388210130 -0.895737949660 -0.700310992909 -1.20844924213 -1.42075716478 -1.46657136071 -1.54134099845 -1.56533752791 -1.36143172731 -1.25692859743 -1.17294025181 -1.06415028726 -1.12210218393 -1.02880515203 -0.917297210864 -0.911717808848 -0.767142032944 -0.298874445514 -0.321196815604
 -8.42146889441 -7.65825894892 -6.63999568696 -5.82183689459 -4.79706196091 -5.86812668773 -5.35812741845 -3.14805904122 -3.62221965808 -3.89571527279 -3.81216356820 -3.80904462421 -4.90420495548 -5.10556159135 -4.80204991529 -5.53342683284 -6.40998671011 -6.61280833481 -5.43650163152 -5.36114266044 -4.82502928862 -4.91221328397 -5.45429561258 -5.32260215814 -4.83739333222 -3.55470825420 -3.32727239380 -2.79670721660 -3.05217554362 -4.09316978768 -4.03007122471 -3.13098965904 -5.01782965491 -4.68072382026 -4.72160761364 -5.11526441040 -3.70543470589 -3.58081445509 -3.54673271403 -3.78858345738 -5.16510281795 -2.59173211846 -3.03186372210 -3.76104139817 -3.93411829333 -5.20778553422 -5.75043901258 -6.43876246130 -4.79783213701 -4.08038278152 -4.19836353428 -4.40147168956 -4.14722149062 -3.74538537962 -3.70659313039 -3.68291330602
 -9.67737822439 -9.63363975134 -7.88093292040 -9.53282346171 -9.46696989808 -9.39132732654 -9.27276473903 -8.40417873839 -5.18366380173 -3.07841984746 -3.04688913626 -2.68851228488 -2.01842003420 -1.70060751458 -1.47036589785 -1.76599608939 -1.94696813149 -2.20460026433 -2.45518907584 -2.66353579515 -2.82857289078 -3.33479526437 -5.86198820111 -9.33446416171 -9.12838912043 -8.81472693455 -8.41719932937 -8.03885428070 -7.85901763699 -7.97605235516 -7.47623285473 -5.56695644971 -4.43239455293 -3.85694911334 -3.24102044100 -3.37214190105 -2.84996449193 -2.37144308312 -2.09582302868 -1.81605506136 -1.88068311356 -3.04841669944 -3.35858884677 -3.35562945931 -2.96089919380 -2.79963382288 -3.30328008016 -3.38449762959 -3.39249866763 -3.53685297828 -6.01189285409 -3.77204123511 -3.62067687550 -3.23846565062 -4.17106861799 -4.98024899905
# log_selcoffs_fsh[1]:
 -3.65244314163 -2.03980016731 -1.01865461996 -0.00266302431972 0.828874072094 0.981186942715 0.370807456348 -0.389888179207 -0.913291533821
 -3.20054376031 -1.55526370376 -0.864960721942 -0.0729930718650 0.707607227360 0.922463873530 0.442767560233 -0.225696909612 -0.697416245182
 -2.86883461401 -1.40381605826 -0.601700712373 0.153181531220 0.686593119613 0.748221988581 0.372185763885 -0.156745628578 -0.547898132687
 -2.47859244280 -1.18823569680 -0.553381183098 0.0373246773666 0.720267945512 0.734516907409 0.317326764912 -0.153237818332 -0.465991658232
 -1.86160029548 -0.326113445330 -0.0262663570705 0.194557502571 0.402992633400 0.444827948555 0.225033210338 -0.0935752809571 -0.336238441533
 -1.74856192093 -0.548724907437 0.424105399572 0.632670843091 0.279027765149 0.100443498512 -0.0533593305781 -0.241126455293 -0.391342689907
 -1.46624682158 -0.407797100683 0.487987501086 0.722787363444 0.288635645739 -0.0459151829036 -0.235820410676 -0.362762890899 -0.447081611769
 -1.04815140370 -0.231861214103 0.546067497760 0.758637365418 0.205790088761 -0.166321431204 -0.372172154432 -0.468066692663 -0.504467539841
 -0.765848626110 0.229760705546 0.435035163874 0.572129467751 0.284794522787 -0.180558543236 -0.449260996518 -0.542272879855 -0.551837575155
 -0.591095399008 0.376947697336 0.558943440076 0.544875226963 0.137036412467 -0.312070924045 -0.567104347371 -0.632803446982 -0.619583118148
 -0.126649396300 0.874542213649 0.464168854674 0.186626439590 -0.196624706508 -0.505544097698 -0.679331461001 -0.714676658608 -0.684525799256
 0.0809312094403 0.785415283015 0.622790671900 0.190114394209 -0.347136222877 -0.630533548100 -0.755983497561 -0.774608535228 -0.735166214945
 -0.225492514310 1.07993207492 0.654565731048 -0.0141669762814 -0.536487902149 -0.772660923481 -0.851715853315 -0.847800896300 -0.808471164060
 0.190138229731 1.01898119639 0.617702513956 -0.0673420123593 -0.621146919562 -0.838113679298 -0.894231544402 -0.874507958613 -0.832794143114
 0.120113579204 1.16943657621 0.518396085329 -0.160630718987 -0.683313929309 -0.894197056607 -0.943980656603 -0.916211372836 -0.871617669074
 -0.337351467279 1.21733810198 0.687801993978 -0.125049002707 -0.718977211521 -0.940769075547 -0.990463554650 -0.956951901622 -0.908018210296
 -0.243377419176 1.24919501965 0.631697372431 -0.148539862845 -0.747147482216 -0.971889006400 -1.01923167365 -0.979160042682 -0.923461604587
 0.349710852880 1.04615485183 0.654070346435 -0.169167570275 -0.771231671100 -0.991273591319 -1.03132731253 -0.979201899101 -0.913179346255
 0.747071296632 1.02391324043 0.388784709795 -0.303854959387 -0.839160485546 -1.04190359711 -1.07054388302 -1.00190990134 -0.923534852000
 0.443788397762 1.17220683830 0.515473535165 -0.325312432411 -0.910137243471 -1.10709137079 -1.11565563988 -1.02260509023 -0.928336566897
 0.571474853934 1.23469166619 0.361401841866 -0.466259691420 -1.00955804712 -1.18315939907 -1.16554290506 -1.04357317733 -0.930178161018
 0.440808351865 1.28687732694 0.464633422963 -0.543552199470 -1.11830558659 -1.26483816888 -1.21142823194 -1.05707648451 -0.921040844999
 0.604975704943 1.21259733319 0.447099462385 -0.521781622620 -1.13816683708 -1.29930143423 -1.22971568399 -1.04628837454 -0.885249443005
 0.385787023413 1.33212750709 0.396786559478 -0.543188794841 -1.13568487523 -1.30235806494 -1.23064932373 -1.02804236426 -0.845600552561
 0.600174783853 1.22663989708 0.337776318528 -0.517233917124 -1.08527589885 -1.26267325471 -1.19012377569 -0.968824821293 -0.764863471578
 0.633150982655 1.12031082248 0.366788292604 -0.387886491549 -1.02027951243 -1.20770950218 -1.11275436603 -0.870123787823 -0.649804851225
 0.0418975111640 1.19888356402 0.512359816805 -0.242653596528 -0.915333892532 -1.10120392423 -0.990079290048 -0.731288951411 -0.508591235653
 0.246143398819 1.03525861867 0.461829036946 -0.299358105503 -0.825367948135 -0.955608230297 -0.811235409301 -0.541639681208 -0.317371368581
 1.01565592559 0.604477329944 -0.0476859307808 -0.552928163667 -0.844740617448 -0.862222485858 -0.670513250147 -0.389954237449 -0.175056950568
 0.546992071001 0.903689108064 -0.0250150247728 -0.676975639820 -0.853685005150 -0.753442612740 -0.503619380064 -0.207935891030 0.00660603477237
 0.325037480336 0.852212661222 -0.153896204447 -0.700561706821 -0.786470283763 -0.624105623295 -0.327297321834 -0.0157904357346 0.199692816864
 0.215392650393 0.479640993545 -0.238619498899 -0.623438976304 -0.635773069214 -0.441145117510 -0.120468898861 0.206363402820 0.426453217779
 -0.666963434350 0.170871935038 -0.201213438440 -0.442775133509 -0.382248970753 -0.224755723555 0.0774855957297 0.380227985717 0.596738532166
 -1.15832946424 -0.516962666431 -0.546914400190 -0.380201412651 -0.155001561871 -0.0239694262782 0.310154923673 0.500382345633 0.683847329375
 -0.763731042032 -0.320993096693 -0.832889910189 -0.819757537862 -0.483906846866 -0.122458074038 0.275118742620 0.601736465889 0.828652826872
 -0.183714866878 -1.18458521557 -1.33271072946 -1.02020039611 -0.574234315398 -0.130029472836 0.306123316367 0.672836840723 0.907663952661
 -1.45672431880 -1.55461005517 -1.45638262090 -0.932635014383 -0.408886606646 -0.0211122300409 0.420486385943 0.760875161941 0.964237837834
 -2.28838413317 -1.77445761240 -1.48434413151 -0.946544086263 -0.396864843838 0.0564992577667 0.426343969179 0.772160001871 0.988659391019
 -2.56336402665 -2.45158409275 -2.06992356028 -1.32787538699 -0.479819830012 0.164086288537 0.601271311606 0.840067846944 0.919242736441
 -3.01094006508 -2.84451720008 -2.34643437849 -1.48641569863 -0.559646686587 0.208598297545 0.677109490008 0.855172818312 0.895017406427
 -3.11204556795 -2.87593960107 -2.30757976744 -1.51345399904 -0.668786309663 0.0475431718292 0.584182504618 0.920166502909 0.998874079951
 -3.44351469833 -2.86532238069 -2.13060457048 -1.43250693873 -0.691678783529 -0.0222342027115 0.505219945943 0.921209356801 1.06649712089
 -3.48844388668 -2.84331528368 -2.11897528447 -1.40106226393 -0.678184642369 -0.0333942650646 0.499299284019 0.902987494954 1.08366995356
# log_selcoffs_fsh[2]:
 -2.18535433641 -0.280192055551 0.512264044205 0.868271920367 0.607603074945 0.0932756973896 -0.297115639263 -0.590524952908 -0.793670886926 -0.923562143027
 -2.09634464998 -0.235046331084 -0.257042853827 0.332137497622 0.762179028960 0.629473146989 0.126098217054 -0.336954463343 -0.591979912633 -0.696847220186
 -2.57816957677 -0.772486970758 -0.333145139809 0.186874217067 0.716148105219 0.735784783708 0.281317148771 -0.186438508371 -0.429035109272 -0.509979907825
 -2.92446412683 -1.33774180114 -0.447217424142 0.0589864632568 0.643814545124 0.799479600369 0.339518129636 -0.0623809208313 -0.253318326738 -0.307103119783
 -2.49987543454 -0.947115471317 -0.855397074051 -0.367003783407 0.378387290425 0.736114517162 0.467902619263 0.184801037716 0.0498896213524 0.0135214643088
 -2.01502694756 -0.893408085991 -0.648637841618 -0.549474889065 -0.0594628176489 0.352826233706 0.465381780906 0.425120758359 0.373528550238 0.348408302740
 -2.67728061720 -1.36115902983 -0.472083838532 -0.297198474536 -0.197132669804 0.0955921547967 0.363783983155 0.496133693785 0.511444585902 0.493522409773
 -3.25160032552 -2.21144042008 -1.35408442624 -0.604688695178 -0.0163370766374 0.326989923944 0.537440997761 0.530125067100 0.508178900230 0.472317316257
 -3.56924342164 -2.50851697109 -1.86055468202 -1.13462432223 -0.333512747750 0.215910599526 0.578809326730 0.730013056676 0.659189929669 0.509022284852
 -3.74961139049 -2.45866011337 -1.73556010087 -1.26479460795 -0.809306629920 -0.205975032622 0.366794755210 0.863798734830 0.915331403605 0.620815969898
 -3.73631238474 -2.14265270450 -1.34015334504 -0.913909643116 -0.616125719206 -0.368704761126 0.111012274833 0.709478049605 0.943747955245 0.808465372274
 -3.80718087659 -2.23880031461 -1.31169235456 -0.836563336415 -0.519108703437 -0.241566236571 0.271496564797 0.633159901230 0.814180636233 0.848179008382
 -3.66325951946 -1.75005138996 -1.05605842117 -0.613818626265 -0.386948640613 -0.331943550512 0.0531747912580 0.443056217283 0.782169900119 0.999360280513
 -3.32986759669 -1.68662817395 -0.854971828363 -0.535724650225 -0.463559592832 -0.365826407390 -0.0738209597725 0.327859056211 0.773069526418 1.08607337422
 -3.07076598176 -1.00401972121 -0.841221733074 -0.683168854507 -0.732679228114 -0.589916759454 -0.194953821506 0.286400086765 0.811419155063 1.16640235342
 -2.84903341130 -0.778855112548 -0.741980114863 -0.828945944979 -0.892512682526 -0.714900389943 -0.282990097877 0.246032485658 0.813496343407 1.21887332190
 -2.49032018484 -0.868538864151 -0.750825002679 -0.810350403237 -0.968105219298 -0.852775147917 -0.431419538164 0.164954803528 0.820189281813 1.30154903420
 -2.76829440505 -0.974491007851 -0.673616556536 -0.741039962354 -0.935250448718 -0.875811519613 -0.480972080131 0.116501412352 0.794024357461 1.33771658461
 -2.97448936365 -1.24939534941 -0.756254816673 -0.768696270671 -0.931319720720 -0.833332279473 -0.444060609767 0.138123952541 0.798990290675 1.35782772568
 -3.04742083426 -1.42896724426 -1.06848952632 -0.818124097153 -0.904435246089 -0.812567038155 -0.411854479965 0.172465204447 0.833715065700 1.36792248021
 -3.01554787763 -1.46690619830 -0.936533178076 -0.711083969918 -0.830739916761 -0.836395339308 -0.482919577815 0.127436362204 0.815765913843 1.37484213103
 -3.17642576747 -1.40609392740 -0.867188449904 -0.539728972807 -0.662771164449 -0.715267643636 -0.457232413975 0.0488326363623 0.744948073547 1.36513132917
 -3.39351087474 -1.90178769300 -0.913174296023 -0.427596582721 -0.395340005260 -0.518005800207 -0.351323903442 0.0236654038789 0.640271283586 1.35323589015
 -3.46819585220 -2.18058887241 -1.19034914048 -0.473755647746 -0.113454751936 -0.140764893778 -0.00554917105869 0.238938746827 0.623837838949 1.11093483019
 -3.44967780239 -1.92733333504 -1.14391537623 -0.714131261171 -0.248123515950 0.0256815516239 0.209481092894 0.437181067479 0.645003157783 0.924606732799
 -3.50788375399 -2.14212762944 -1.27283093875 -0.427387501365 -0.00938708811204 0.180617146721 0.302869327074 0.506327759233 0.599445554857 0.640663618821
 -3.67475209433 -1.81055325765 -1.02259148228 -0.0432920952099 0.306787728767 0.363222184057 0.398347547075 0.477437658047 0.349722509560 0.162803663348
 -3.77696801397 -1.56227108091 -0.724217078931 -0.0376283077290 0.340998204279 0.363874478763 0.602511586334 0.457564936756 0.153211347288 -0.103211707598
 -3.85740477230 -2.22314154280 -1.28934068205 0.0202230744997 0.423398166138 0.481291504486 0.667436916854 0.332685825154 0.111905034422 -0.0334824773239
 -3.98848821651 -2.21547873641 -0.939370982444 -0.175605109862 0.556598614955 0.533552324637 0.399623150963 0.236204490706 0.197449627034 0.196269151984
 -3.80340844873 -1.75757692531 -0.530855907866 0.0580109446740 0.118726638115 0.139079181119 0.250329622205 0.309958747120 0.421285673215 0.536727758848
 -3.68022722019 -1.79701381753 -0.809563112831 -0.227902874229 0.0862309497456 0.100360917967 0.137917393907 0.342601031725 0.555954305523 0.728522095726
 -3.17853071603 -1.18287392133 -1.00977063643 -0.709627528909 -0.263586266969 -0.0527260691668 0.0628846648068 0.364901149561 0.708416496733 0.933284253994
 -3.75248894885 -1.63930200956 -0.951025714379 -0.524318281662 -0.241099306266 -0.0273975607701 0.117019399144 0.382081389779 0.682980379866 0.906701778340
 -4.06910602614 -2.07375563951 -1.33009875785 -0.821663219617 -0.287361282098 0.0129660490084 0.255201610170 0.501081046439 0.733595664243 0.861188558181
 -4.46602688012 -2.46085373742 -1.39389635915 -0.817360109944 -0.345850599699 -0.0717075223940 0.236397071961 0.550168033298 0.757017947087 0.893181996060
 -4.87496170775 -3.05688358703 -1.86260423489 -0.966334862112 -0.244602521676 0.0662899792368 0.342466524435 0.601676834226 0.732253746149 0.808562561284
 -5.14692246574 -3.39993762519 -2.43641994029 -1.53690848069 -0.584740477702 0.0439255296387 0.410376996828 0.667151037974 0.792995509883 0.871319992723
 -5.38929070095 -3.76116826030 -2.44957058582 -1.68909929816 -0.820136127997 -0.189349312583 0.271228034112 0.620477663649 0.857606411704 1.06622381750
 -5.53687054527 -4.12890571608 -2.78760538727 -1.75498588568 -1.07611387725 -0.424238369419 0.104092692737 0.544749067226 0.904055419708 1.23745200055
 -5.59698574395 -4.05546941760 -2.69555349523 -1.60551634503 -0.957675349716 -0.571459888211 -0.141303536423 0.335890829529 0.899357785227 1.39544050886
 -5.65304142325 -3.89700823727 -2.44743929273 -1.55814134710 -0.814327578863 -0.563577939699 -0.353838664582 0.112010114485 0.841960531975 1.50975408638
 -5.85821380831 -3.98864252705 -2.09084416649 -0.877233034765 -0.509263703212 -0.316200760632 -0.288131380139 -0.0517527508699 0.698038675202 1.48165436407
# log_selcoffs_fsh[3]:
 -3.27078909203 -1.05206032075 1.31403994297 0.639368373161 -0.493198852703 -1.43153077860 -1.91913870578
 -3.09637514791 -0.736878308253 1.25421424514 0.664952336431 -0.468404356810 -1.38848774726 -1.88883448174
 -2.90705611520 -0.666007456055 1.30992763973 0.536520243517 -0.501756217856 -1.36499363531 -1.86557066847
 -2.89394427499 -0.740177618365 1.25418873427 0.639964489018 -0.441388633051 -1.32824823289 -1.84438545473
 -2.72375910951 -0.749170456626 1.22377937738 0.649808066217 -0.352741926717 -1.26641069655 -1.82122524368
 -2.35290632950 -0.452983252090 1.00460920266 0.804056741499 -0.185985877541 -1.18232736649 -1.79035177168
 -2.00039683521 0.00472100139610 0.853192836643 0.781054466658 -0.167007489893 -1.15943939672 -1.77650607218
 -1.65435231068 0.240022185731 0.943661125033 0.568877476262 -0.306443223362 -1.20918213534 -1.78766228399
 -1.69693306967 0.381603508256 1.03784422687 0.386977073795 -0.471877157610 -1.30357678941 -1.82580491012
 -1.81486764866 -0.0276568243278 1.20654867365 0.450852604109 -0.583718099895 -1.41615580199 -1.88142774536
 -1.97983639821 -0.189564878053 1.23366550069 0.550578637859 -0.683797906739 -1.52405835796 -1.93782277977
 -2.05756146156 -0.233741681204 1.25246876680 0.563182014039 -0.724692031984 -1.59157518551 -1.98509431195
 -1.97426597327 -0.143560476598 1.15705376885 0.657745853811 -0.613234930621 -1.56903856756 -2.00959996402
 -1.78024911993 0.307990207231 1.11541245762 0.450578164520 -0.668482658726 -1.57733416853 -2.02753131760
 -1.76590998908 0.0822534514599 1.25354086718 0.379945034687 -0.785859407099 -1.63860567920 -2.05313885263
 -1.78113202270 0.107429701073 1.38068808050 0.0868203289621 -1.04085229581 -1.75563305301 -2.08868157539
 -1.86682260325 0.443906914767 1.31546106102 -0.0314909609860 -1.17262466200 -1.82999126134 -2.11061322175
 -2.28495904067 0.108217457245 1.45213336013 -0.0611322346959 -1.21185227337 -1.86434909400 -2.13392799079
 -2.03271396741 0.864048819093 1.06821796761 -0.0262464730692 -1.11245248024 -1.81328384837 -2.11927033598
 -2.06271362810 0.954776731780 1.00453970671 -0.0777365681322 -1.10295032400 -1.79367461074 -2.11440945393
 -2.11811229661 0.900054090282 1.07066725447 -0.120695297670 -1.11588092703 -1.78859338632 -2.10739391406
 -2.06684904938 0.456950542063 1.28850425619 0.0384208072948 -1.08886293149 -1.78395312404 -2.09501850405
 -2.19162386798 -0.112385199968 1.48298450775 -0.0243594606675 -1.13338439767 -1.79077543788 -2.08923791999
 -1.80778596836 0.446337581341 1.23739133680 0.136157560986 -0.987542614941 -1.71945524273 -2.04580153442
 -1.55231164010 0.396453610316 1.15705214744 0.318284854278 -0.861498976717 -1.66256610825 -2.00837015036
 -1.44735225034 1.24369672562 0.329839593533 0.140621875712 -0.859497831864 -1.64782343565 -1.97458608361
 -1.14736458780 1.24973199319 0.527225436661 -0.231962054396 -1.01436793376 -1.62635704596 -1.91975638913
 -1.07487382554 0.657844245161 1.08258729456 0.0216334502454 -0.950660116272 -1.56598704930 -1.84207384848
 -1.27339212695 0.389725368675 1.18701487579 0.139212179452 -0.866914688800 -1.49068873012 -1.76358522210
 -1.27205250329 0.632353295401 0.971093468279 0.226276984271 -0.704774854229 -1.35575433703 -1.65556735132
 -1.56005000556 0.982582764729 0.699041910543 0.0927540723602 -0.663738569323 -1.25787512458 -1.55907102692
 -1.83084156203 0.0118709224699 1.23281564270 0.244385806561 -0.560711869707 -1.14948572838 -1.45901769444
 -1.81018646703 -0.168400119974 0.932310113801 0.725080472018 -0.286774243246 -0.993675242525 -1.32727934539
 -1.61842775605 0.321555382084 0.781644919107 0.516781411081 -0.192062849741 -0.842351692317 -1.18783405346
 -1.56787567005 0.189957396946 0.845786941266 0.478446332257 -0.186390179789 -0.760037220251 -1.07487736366
 -1.64817663720 0.157621037630 0.844616821502 0.466167993738 -0.176923797905 -0.697229222614 -0.967295334258
 -1.89466974927 0.0134257730631 0.910251542025 0.453042582488 -0.202117238907 -0.641443234290 -0.833453665239
 -2.23719899893 0.0778333470310 0.981347352771 0.314182223049 -0.273872843770 -0.615914000666 -0.745416111908
 -2.60624684432 -0.161546405440 1.00977145198 0.344646272461 -0.221736813684 -0.530842335813 -0.635516065002
 -2.96398735823 -0.971943838994 0.725196338032 0.702781976879 0.0861532840751 -0.306269879986 -0.416455418935
 -3.32141070753 -1.62419653844 0.0714375246232 0.952537394209 0.346131939904 -0.111153139619 -0.233058416012
 -3.61298639419 -2.11121855215 -0.596425517774 0.801846276431 0.693839048623 0.131797605775 -0.0733812607333
 -3.78362259157 -2.35489840920 -0.718002981696 0.590433817013 0.744875052178 0.345095318491 0.0691131016564
 -3.85754627657 -2.39171355164 -0.853993190918 0.340256754221 0.754755293181 0.566397727465 0.154768566580
 -3.89609156437 -2.42576141506 -1.05777967722 0.0976264660459 0.762631895471 0.715711063117 0.224693637333
 -3.89464768769 -2.37610926030 -1.01815111568 0.0311888175630 0.731314020096 0.717557525457 0.312300237319
# log_selcoffs_fsh[4]:
 -2.30301499217 -1.85182741676 -1.38113365835 -0.882477942304 -0.381024660557 0.0948503247523 0.495371264487 0.773852694399 0.910746223019
 -2.29362506471 -1.84619174212 -1.37935358590 -0.885084174312 -0.378965088164 0.0960029489460 0.494527719214 0.772895835139 0.910577250528
 -2.27619927757 -1.83719676084 -1.37670364386 -0.885310109764 -0.381431458626 0.100288451140 0.498952559741 0.771360961375 0.906237087216
 -2.24733706132 -1.81812665334 -1.36989063192 -0.892345832949 -0.387404774700 0.102472504157 0.506893220334 0.772835687037 0.898295363538
 -2.19754350819 -1.77961972149 -1.34582212438 -0.880320993690 -0.403001114215 0.0923827835458 0.511243824852 0.777400460495 0.890758831324
 -2.13437581476 -1.70622196426 -1.30825754711 -0.876452236621 -0.389678404899 0.0938762237848 0.509693511321 0.772550896146 0.878722488023
 -2.06710180653 -1.63616277861 -1.21138151135 -0.824521949432 -0.387518749860 0.0995427135258 0.507879710604 0.759505004454 0.858706339198
 -1.98916601605 -1.56634894556 -1.14456418819 -0.726043342373 -0.323803754429 0.107127117602 0.491365881984 0.734170371681 0.831793082244
 -1.88108251433 -1.46117278824 -1.06511615373 -0.675526611549 -0.263540165542 0.133191963421 0.477223668737 0.701541946936 0.798760776767
 -1.75592295442 -1.31443743717 -0.901298779633 -0.580498621827 -0.249049041871 0.122026676763 0.446429527634 0.669904948516 0.773281713992
 -1.63884982935 -1.18202851797 -0.736244037387 -0.392089061926 -0.179001101192 0.0754060986677 0.380069371961 0.620942180446 0.745309784324
 -1.53400630215 -1.08749159636 -0.640256998928 -0.251305530765 -0.0274237901496 0.0934284447271 0.299747288137 0.541815587321 0.694548004554
 -1.43896304209 -1.00374217004 -0.587387197921 -0.216988345031 0.0443219867446 0.175130107625 0.291434124656 0.470872802641 0.620117956339
 -1.34406586871 -0.917705718518 -0.517590474095 -0.182579105073 0.0512256521909 0.191939114900 0.307779808542 0.441646418145 0.548632504145
 -1.25366010333 -0.833238579170 -0.446339012764 -0.136553424664 0.0736145294758 0.202471377728 0.302016456020 0.403076342666 0.481039069732
 -1.17034794673 -0.749903080490 -0.372030039853 -0.0838345211211 0.103220984985 0.207906108081 0.281854911930 0.356454553183 0.415240273950
 -1.09204493315 -0.664154858014 -0.297537642653 -0.0263208380821 0.134104768593 0.207226732310 0.250990475868 0.302916682834 0.350812709260
 -1.01694958955 -0.580223065186 -0.212283126629 -0.00976384425198 0.144844905713 0.198496086821 0.234824006948 0.260638577179 0.293891524756
 -0.951034696936 -0.511691528143 -0.120477169596 0.0237618693651 0.0920981129958 0.190189835941 0.211697075431 0.242247807800 0.252935048645
 -0.942428508230 -0.474016924244 -0.0847105123381 0.124912055543 0.105283347275 0.111364157648 0.184343579801 0.216131601144 0.233865179773
 -0.987906252538 -0.498379599430 -0.144837643621 0.157739375597 0.225043015723 0.137551360214 0.135922377411 0.195805031096 0.200805082413
 -1.09752405215 -0.647388145000 -0.240377185008 0.0222593958096 0.216159643525 0.224178728391 0.230849894147 0.247665217645 0.262945840104
 -1.21366380512 -0.778697229547 -0.350806780501 -0.0533693691284 0.147607734080 0.263979271374 0.308205247228 0.325183729886 0.325927886170
 -1.34978651461 -0.918786362373 -0.521343105942 -0.161208710754 0.115254825946 0.287300048529 0.369160089668 0.401577482215 0.406252767417
 -1.46040301626 -1.02054506998 -0.605614669942 -0.227593368003 0.108754625173 0.305619005938 0.393990192023 0.436646140056 0.446302319025
 -1.58994287659 -1.15650437336 -0.751968065546 -0.342304142715 0.0347681536307 0.309730728567 0.446726748384 0.503273599540 0.521264946717
 -1.70774614536 -1.24883525873 -0.920133473281 -0.472419147867 0.00305784579051 0.310127787709 0.483639083714 0.556343348488 0.574937097997
 -1.83200392350 -1.45122529903 -1.04623941475 -0.498086797428 -0.0586285370870 0.194445476551 0.421265431096 0.615981982777 0.748401720015
 -1.32227385462 -1.40189407312 -1.12983654577 -0.729180059706 -0.277461696126 0.106999038857 0.422330159230 0.675489766375 0.841914411822
 -1.68871005019 -1.39850074069 -1.21598186364 -0.826509559837 -0.330522637852 0.100950761068 0.440115256186 0.712491426424 0.882759116478
 -1.63447017956 -1.21414029076 -1.16997161309 -0.959392914978 -0.574434306029 -0.111125455274 0.369049532157 0.769912430089 1.01185240940
 -1.55321646957 -0.838142022122 -0.872637508917 -0.928501046713 -0.697367163292 -0.266314405213 0.238298017739 0.730999810678 1.07588606877
 -1.70241442985 -0.538030198328 -0.0486914045864 -0.345076853287 -0.438347692371 -0.303642913741 0.0547400972412 0.526980547896 0.891963858668
 -1.72312820433 -0.281837096603 -0.120234964473 -0.229147445052 -0.328756257509 -0.286520517414 0.0122040472960 0.468994694235 0.834567589363
 -1.88461024954 -0.709502532589 -0.133694932401 -0.0234527553801 -0.303071388010 -0.362162454043 -0.0774255499345 0.463185464944 0.938132954509
 -2.00156114009 -0.946226801349 -0.448397293842 -0.344490880777 -0.376767300696 -0.463783732705 -0.203650035398 0.483259862730 1.21709631914
 -1.45504840768 -0.368082785384 -0.397369359335 -0.587169295379 -0.678765537643 -0.555469136949 -0.149024191448 0.525740673708 1.16697522129
# log_sel_spl_fsh[1]:
 0.00000000000 0.00000000000 0.00000000000 0.00000000000
 0.00000000000 0.00000000000 0.00000000000 0.00000000000
 0.00000000000 0.00000000000 0.00000000000 0.00000000000
 0.00000000000 0.00000000000 0.00000000000 0.00000000000
 0.00000000000 0.00000000000 0.00000000000 0.00000000000
 0.00000000000 0.00000000000 0.00000000000 0.00000000000
 0.00000000000 0.00000000000 0.00000000000 0.00000000000
 0.00000000000 0.00000000000 0.00000000000 0.00000000000
 0.00000000000 0.00000000000 0.00000000000 0.00000000000
 0.00000000000 0.00000000000 0.00000000000 0.00000000000
 0.00000000000 0.00000000000 0.00000000000 0.00000000000
 0.00000000000 0.00000000000 0.00000000000 0.00000000000
 0.00000000000 0.00000000000 0.00000000000 0.00000000000
 0.00000000000 0.00000000000 0.00000000000 0.00000000000
 0.00000000000 0.00000000000 0.00000000000 0.00000000000
 0.00000000000 0.00000000000 0.00000000000 0.00000000000
 0.00000000000 0.00000000000 0.00000000000 0.00000000000
 0.00000000000 0.00000000000 0.00000000000 0.00000000000
 0.00000000000 0.00000000000 0.00000000000 0.00000000000
 0.00000000000 0.00000000000 0.00000000000 0.00000000000
 0.00000000000 0.00000000000 0.00000000000 0.00000000000
 0.00000000000 0.00000000000 0.00000000000 0.00000000000
 0.00000000000 0.00000000000 0.00000000000 0.00000000000
 0.00000000000 0.00000000000 0.00000000000 0.00000000000
 0.00000000000 0.00000000000 0.00000000000 0.00000000000
 0.00000000000 0.00000000000 0.00000000000 0.00000000000
 0.00000000000 0.00000000000 0.00000000000 0.00000000000
 0.00000000000 0.00000000000 0.00000000000 0.00000000000
 0.00000000000 0.00000000000 0.00000000000 0.00000000000
 0.00000000000 0.00000000000 0.00000000000 0.00000000000
 0.00000000000 0.00000000000 0.00000000000 0.00000000000
 0.00000000000 0.00000000000 0.00000000000 0.00000000000
 0.00000000000 0.00000000000 0.00000000000 0.00000000000
 0.00000000000 0.00000000000 0.00000000000 0.00000000000
 0.00000000000 0.00000000000 0.00000000000 0.00000000000
 0.00000000000 0.00000000000 0.00000000000 0.00000000000
 0.00000000000 0.00000000000 0.00000000000 0.00000000000
 0.00000000000 0.00000000000 0.00000000000 0.00000000000
 0.00000000000 0.00000000000 0.00000000000 0.00000000000
 0.00000000000 0.00000000000 0.00000000000 0.00000000000
 0.00000000000 0.00000000000 0.00000000000 0.00000000000
 0.00000000000 0.00000000000 0.00000000000 0.00000000000
 0.00000000000 0.00000000000 0.00000000000 0.00000000000
# log_sel_spl_fsh[2]:
 0.00000000000 0.00000000000 0.00000000000 0.00000000000
 0.00000000000 0.00000000000 0.00000000000 0.00000000000
 0.00000000000 0.00000000000 0.00000000000 0.00000000000
 0.00000000000 0.00000000000 0.00000000000 0.00000000000
 0.00000000000 0.00000000000 0.00000000000 0.00000000000
 0.00000000000 0.00000000000 0.00000000000 0.00000000000
 0.00000000000 0.00000000000 0.00000000000 0.00000000000
 0.00000000000 0.00000000000 0.00000000000 0.00000000000
 0.00000000000 0.00000000000 0.00000000000 0.00000000000
 0.00000000000 0.00000000000 0.00000000000 0.00000000000
 0.00000000000 0.00000000000 0.00000000000 0.00000000000
 0.00000000000 0.00000000000 0.00000000000 0.00000000000
 0.00000000000 0.00000000000 0.00000000000 0.00000000000
 0.00000000000 0.00000000000 0.00000000000 0.00000000000
 0.00000000000 0.00000000000 0.00000000000 0.00000000000
 0.00000000000 0.00000000000 0.00000000000 0.00000000000
 0.00000000000 0.00000000000 0.00000000000 0.00000000000
 0.00000000000 0.00000000000 0.00000000000 0.00000000000
 0.00000000000 0.00000000000 0.00000000000 0.00000000000
 0.00000000000 0.00000000000 0.00000000000 0.00000000000
 0.00000000000 0.00000000000 0.00000000000 0.00000000000
 0.00000000000 0.00000000000 0.00000000000 0.00000000000
 0.00000000000 0.00000000000 0.00000000000 0.00000000000
 0.00000000000 0.00000000000 0.00000000000 0.00000000000
 0.00000000000 0.00000000000 0.00000000000 0.00000000000
 0.00000000000 0.00000000000 0.00000000000 0.00000000000
 0.00000000000 0.00000000000 0.00000000000 0.00000000000
 0.00000000000 0.00000000000 0.00000000000 0.00000000000
 0.00000000000 0.00000000000 0.00000000000 0.00000000000
 0.00000000000 0.00000000000 0.00000000000 0.00000000000
 0.00000000000 0.00000000000 0.00000000000 0.00000000000
 0.00000000000 0.00000000000 0.00000000000 0.00000000000
 0.00000000000 0.00000000000 0.00000000000 0.00000000000
 0.00000000000 0.00000000000 0.00000000000 0.00000000000
 0.00000000000 0.00000000000 0.00000000000 0.00000000000
 0.00000000000 0.00000000000 0.00000000000 0.00000000000
 0.00000000000 0.00000000000 0.00000000000 0.00000000000
 0.00000000000 0.00000000000 0.00000000000 0.00000000000
 0.00000000000 0.00000000000 0.00000000000 0.00000000000
 0.00000000000 0.00000000000 0.00000000000 0.00000000000
 0.00000000000 0.00000000000 0.00000000000 0.00000000000
 0.00000000000 0.00000000000 0.00000000000 0.00000000000
 0.00000000000 0.00000000000 0.00000000000 0.00000000000
# log_sel_spl_fsh[3]:
 0.00000000000 0.00000000000 0.00000000000 0.00000000000
 0.00000000000 0.00000000000 0.00000000000 0.00000000000
 0.00000000000 0.00000000000 0.00000000000 0.00000000000
 0.00000000000 0.00000000000 0.00000000000 0.00000000000
 0.00000000000 0.00000000000 0.00000000000 0.00000000000
 0.00000000000 0.00000000000 0.00000000000 0.00000000000
 0.00000000000 0.00000000000 0.00000000000 0.00000000000
 0.00000000000 0.00000000000 0.00000000000 0.00000000000
 0.00000000000 0.00000000000 0.00000000000 0.00000000000
 0.00000000000 0.00000000000 0.00000000000 0.00000000000
 0.00000000000 0.00000000000 0.00000000000 0.00000000000
 0.00000000000 0.00000000000 0.00000000000 0.00000000000
 0.00000000000 0.00000000000 0.00000000000 0.00000000000
 0.00000000000 0.00000000000 0.00000000000 0.00000000000
 0.00000000000 0.00000000000 0.00000000000 0.00000000000
 0.00000000000 0.00000000000 0.00000000000 0.00000000000
 0.00000000000 0.00000000000 0.00000000000 0.00000000000
 0.00000000000 0.00000000000 0.00000000000 0.00000000000
 0.00000000000 0.00000000000 0.00000000000 0.00000000000
 0.00000000000 0.00000000000 0.00000000000 0.00000000000
 0.00000000000 0.00000000000 0.00000000000 0.00000000000
 0.00000000000 0.00000000000 0.00000000000 0.00000000000
 0.00000000000 0.00000000000 0.00000000000 0.00000000000
 0.00000000000 0.00000000000 0.00000000000 0.00000000000
 0.00000000000 0.00000000000 0.00000000000 0.00000000000
 0.00000000000 0.00000000000 0.00000000000 0.00000000000
 0.00000000000 0.00000000000 0.00000000000 0.00000000000
 0.00000000000 0.00000000000 0.00000000000 0.00000000000
 0.00000000000 0.00000000000 0.00000000000 0.00000000000
 0.00000000000 0.00000000000 0.00000000000 0.00000000000
 0.00000000000 0.00000000000 0.00000000000 0.00000000000
 0.00000000000 0.00000000000 0.00000000000 0.00000000000
 0.00000000000 0.00000000000 0.00000000000 0.00000000000
 0.00000000000 0.00000000000 0.00000000000 0.00000000000
 0.00000000000 0.00000000000 0.00000000000 0.00000000000
 0.00000000000 0.00000000000 0.00000000000 0.00000000000
 0.00000000000 0.00000000000 0.00000000000 0.00000000000
 0.00000000000 0.00000000000 0.00000000000 0.00000000000
 0.00000000000 0.00000000000 0.00000000000 0.00000000000
 0.00000000000 0.00000000000 0.00000000000 0.00000000000
 0.00000000000 0.00000000000 0.00000000000 0.00000000000
 0.00000000000 0.00000000000 0.00000000000 0.00000000000
 0.00000000000 0.00000000000 0.00000000000 0.00000000000
 0.00000000000 0.00000000000 0.00000000000 0.00000000000
 0.00000000000 0.00000000000 0.00000000000 0.00000000000
 0.00000000000 0.00000000000 0.00000000000 0.00000000000
# log_sel_spl_fsh[4]:
 0.00000000000 0.00000000000 0.00000000000 0.00000000000
 0.00000000000 0.00000000000 0.00000000000 0.00000000000
 0.00000000000 0.00000000000 0.00000000000 0.00000000000
 0.00000000000 0.00000000000 0.00000000000 0.00000000000
 0.00000000000 0.00000000000 0.00000000000 0.00000000000
 0.00000000000 0.00000000000 0.00000000000 0.00000000000
 0.00000000000 0.00000000000 0.00000000000 0.00000000000
 0.00000000000 0.00000000000 0.00000000000 0.00000000000
 0.00000000000 0.00000000000 0.00000000000 0.00000000000
 0.00000000000 0.00000000000 0.00000000000 0.00000000000
 0.00000000000 0.00000000000 0.00000000000 0.00000000000
 0.00000000000 0.00000000000 0.00000000000 0.00000000000
 0.00000000000 0.00000000000 0.00000000000 0.00000000000
 0.00000000000 0.00000000000 0.00000000000 0.00000000000
 0.00000000000 0.00000000000 0.00000000000 0.00000000000
 0.00000000000 0.00000000000 0.00000000000 0.00000000000
 0.00000000000 0.00000000000 0.00000000000 0.00000000000
 0.00000000000 0.00000000000 0.00000000000 0.00000000000
 0.00000000000 0.00000000000 0.00000000000 0.00000000000
 0.00000000000 0.00000000000 0.00000000000 0.00000000000
 0.00000000000 0.00000000000 0.00000000000 0.00000000000
 0.00000000000 0.00000000000 0.00000000000 0.00000000000
 0.00000000000 0.00000000000 0.00000000000 0.00000000000
 0.00000000000 0.00000000000 0.00000000000 0.00000000000
 0.00000000000 0.00000000000 0.00000000000 0.00000000000
 0.00000000000 0.00000000000 0.00000000000 0.00000000000
 0.00000000000 0.00000000000 0.00000000000 0.00000000000
 0.00000000000 0.00000000000 0.00000000000 0.00000000000
 0.00000000000 0.00000000000 0.00000000000 0.00000000000
 0.00000000000 0.00000000000 0.00000000000 0.00000000000
 0.00000000000 0.00000000000 0.00000000000 0.00000000000
 0.00000000000 0.00000000000 0.00000000000 0.00000000000
 0.00000000000 0.00000000000 0.00000000000 0.00000000000
 0.00000000000 0.00000000000 0.00000000000 0.00000000000
 0.00000000000 0.00000000000 0.00000000000 0.00000000000
 0.00000000000 0.00000000000 0.00000000000 0.00000000000
 0.00000000000 0.00000000000 0.00000000000 0.00000000000
# logsel_slope_fsh[1]:
 0.00000000000 0.00000000000 0.00000000000 0.00000000000 0.00000000000 0.00000000000 0.00000000000 0.00000000000 0.00000000000 0.00000000000 0.00000000000 0.00000000000 0.00000000000 0.00000000000 0.00000000000 0.00000000000 0.00000000000 0.00000000000 0.00000000000 0.00000000000 0.00000000000 0.00000000000 0.00000000000 0.00000000000 0.00000000000 0.00000000000 0.00000000000 0.00000000000 0.00000000000 0.00000000000 0.00000000000 0.00000000000 0.00000000000 0.00000000000 0.00000000000 0.00000000000 0.00000000000 0.00000000000 0.00000000000 0.00000000000 0.00000000000 0.00000000000 0.00000000000
# logsel_slope_fsh[2]:
 0.00000000000 0.00000000000 0.00000000000 0.00000000000 0.00000000000 0.00000000000 0.00000000000 0.00000000000 0.00000000000 0.00000000000 0.00000000000 0.00000000000 0.00000000000 0.00000000000 0.00000000000 0.00000000000 0.00000000000 0.00000000000 0.00000000000 0.00000000000 0.00000000000 0.00000000000 0.00000000000 0.00000000000 0.00000000000 0.00000000000 0.00000000000 0.00000000000 0.00000000000 0.00000000000 0.00000000000 0.00000000000 0.00000000000 0.00000000000 0.00000000000 0.00000000000 0.00000000000 0.00000000000 0.00000000000 0.00000000000 0.00000000000 0.00000000000 0.00000000000
# logsel_slope_fsh[3]:
 0.00000000000 0.00000000000 0.00000000000 0.00000000000 0.00000000000 0.00000000000 0.00000000000 0.00000000000 0.00000000000 0.00000000000 0.00000000000 0.00000000000 0.00000000000 0.00000000000 0.00000000000 0.00000000000 0.00000000000 0.00000000000 0.00000000000 0.00000000000 0.00000000000 0.00000000000 0.00000000000 0.00000000000 0.00000000000 0.00000000000 0.00000000000 0.00000000000 0.00000000000 0.00000000000 0.00000000000 0.00000000000 0.00000000000 0.00000000000 0.00000000000 0.00000000000 0.00000000000 0.00000000000 0.00000000000 0.00000000000 0.00000000000 0.00000000000 0.00000000000 0.00000000000 0.00000000000 0.00000000000
# logsel_slope_fsh[4]:
 0.00000000000 0.00000000000 0.00000000000 0.00000000000 0.00000000000 0.00000000000 0.00000000000 0.00000000000 0.00000000000 0.00000000000 0.00000000000 0.00000000000 0.00000000000 0.00000000000 0.00000000000 0.00000000000 0.00000000000 0.00000000000 0.00000000000 0.00000000000 0.00000000000 0.00000000000 0.00000000000 0.00000000000 0.00000000000 0.00000000000 0.00000000000 0.00000000000 0.00000000000 0.00000000000 0.00000000000 0.00000000000 0.00000000000 0.00000000000 0.00000000000 0.00000000000 0.00000000000
# sel50_fsh[1]:
 0.00000000000 0.00000000000 0.00000000000 0.00000000000 0.00000000000 0.00000000000 0.00000000000 0.00000000000 0.00000000000 0.00000000000 0.00000000000 0.00000000000 0.00000000000 0.00000000000 0.00000000000 0.00000000000 0.00000000000 0.00000000000 0.00000000000 0.00000000000 0.00000000000 0.00000000000 0.00000000000 0.00000000000 0.00000000000 0.00000000000 0.00000000000 0.00000000000 0.00000000000 0.00000000000 0.00000000000 0.00000000000 0.00000000000 0.00000000000 0.00000000000 0.00000000000 0.00000000000 0.00000000000 0.00000000000 0.00000000000 0.00000000000 0.00000000000 0.00000000000
# sel50_fsh[2]:
 0.00000000000 0.00000000000 0.00000000000 0.00000000000 0.00000000000 0.00000000000 0.00000000000 0.00000000000 0.00000000000 0.00000000000 0.00000000000 0.00000000000 0.00000000000 0.00000000000 0.00000000000 0.00000000000 0.00000000000 0.00000000000 0.00000000000 0.00000000000 0.00000000000 0.00000000000 0.00000000000 0.00000000000 0.00000000000 0.00000000000 0.00000000000 0.00000000000 0.00000000000 0.00000000000 0.00000000000 0.00000000000 0.00000000000 0.00000000000 0.00000000000 0.00000000000 0.00000000000 0.00000000000 0.00000000000 0.00000000000 0.00000000000 0.00000000000 0.00000000000
# sel50_fsh[3]:
 0.00000000000 0.00000000000 0.00000000000 0.00000000000 0.00000000000 0.00000000000 0.00000000000 0.00000000000 0.00000000000 0.00000000000 0.00000000000 0.00000000000 0.00000000000 0.00000000000 0.00000000000 0.00000000000 0.00000000000 0.00000000000 0.00000000000 0.00000000000 0.00000000000 0.00000000000 0.00000000000 0.00000000000 0.00000000000 0.00000000000 0.00000000000 0.00000000000 0.00000000000 0.00000000000 0.00000000000 0.00000000000 0.00000000000 0.00000000000 0.00000000000 0.00000000000 0.00000000000 0.00000000000 0.00000000000 0.00000000000 0.00000000000 0.00000000000 0.00000000000 0.00000000000 0.00000000000 0.00000000000
# sel50_fsh[4]:
 0.00000000000 0.00000000000 0.00000000000 0.00000000000 0.00000000000 0.00000000000 0.00000000000 0.00000000000 0.00000000000 0.00000000000 0.00000000000 0.00000000000 0.00000000000 0.00000000000 0.00000000000 0.00000000000 0.00000000000 0.00000000000 0.00000000000 0.00000000000 0.00000000000 0.00000000000 0.00000000000 0.00000000000 0.00000000000 0.00000000000 0.00000000000 0.00000000000 0.00000000000 0.00000000000 0.00000000000 0.00000000000 0.00000000000 0.00000000000 0.00000000000 0.00000000000 0.00000000000
# logsel_p1_fsh[1]:
 0.00000000000 0.00000000000 0.00000000000 0.00000000000 0.00000000000 0.00000000000 0.00000000000 0.00000000000 0.00000000000 0.00000000000 0.00000000000 0.00000000000 0.00000000000 0.00000000000 0.00000000000 0.00000000000 0.00000000000 0.00000000000 0.00000000000 0.00000000000 0.00000000000 0.00000000000 0.00000000000 0.00000000000 0.00000000000 0.00000000000 0.00000000000 0.00000000000 0.00000000000 0.00000000000 0.00000000000 0.00000000000 0.00000000000 0.00000000000 0.00000000000 0.00000000000 0.00000000000 0.00000000000 0.00000000000 0.00000000000 0.00000000000 0.00000000000 0.00000000000
# logsel_p1_fsh[2]:
 0.00000000000 0.00000000000 0.00000000000 0.00000000000 0.00000000000 0.00000000000 0.00000000000 0.00000000000 0.00000000000 0.00000000000 0.00000000000 0.00000000000 0.00000000000 0.00000000000 0.00000000000 0.00000000000 0.00000000000 0.00000000000 0.00000000000 0.00000000000 0.00000000000 0.00000000000 0.00000000000 0.00000000000 0.00000000000 0.00000000000 0.00000000000 0.00000000000 0.00000000000 0.00000000000 0.00000000000 0.00000000000 0.00000000000 0.00000000000 0.00000000000 0.00000000000 0.00000000000 0.00000000000 0.00000000000 0.00000000000 0.00000000000 0.00000000000 0.00000000000
# logsel_p1_fsh[3]:
 0.00000000000 0.00000000000 0.00000000000 0.00000000000 0.00000000000 0.00000000000 0.00000000000 0.00000000000 0.00000000000 0.00000000000 0.00000000000 0.00000000000 0.00000000000 0.00000000000 0.00000000000 0.00000000000 0.00000000000 0.00000000000 0.00000000000 0.00000000000 0.00000000000 0.00000000000 0.00000000000 0.00000000000 0.00000000000 0.00000000000 0.00000000000 0.00000000000 0.00000000000 0.00000000000 0.00000000000 0.00000000000 0.00000000000 0.00000000000 0.00000000000 0.00000000000 0.00000000000 0.00000000000 0.00000000000 0.00000000000 0.00000000000 0.00000000000 0.00000000000 0.00000000000 0.00000000000 0.00000000000
# logsel_p1_fsh[4]:
 0.00000000000 0.00000000000 0.00000000000 0.00000000000 0.00000000000 0.00000000000 0.00000000000 0.00000000000 0.00000000000 0.00000000000 0.00000000000 0.00000000000 0.00000000000 0.00000000000 0.00000000000 0.00000000000 0.00000000000 0.00000000000 0.00000000000 0.00000000000 0.00000000000 0.00000000000 0.00000000000 0.00000000000 0.00000000000 0.00000000000 0.00000000000 0.00000000000 0.00000000000 0.00000000000 0.00000000000 0.00000000000 0.00000000000 0.00000000000 0.00000000000 0.00000000000 0.00000000000
# logsel_p2_fsh[1]:
 0.00000000000 0.00000000000 0.00000000000 0.00000000000 0.00000000000 0.00000000000 0.00000000000 0.00000000000 0.00000000000 0.00000000000 0.00000000000 0.00000000000 0.00000000000 0.00000000000 0.00000000000 0.00000000000 0.00000000000 0.00000000000 0.00000000000 0.00000000000 0.00000000000 0.00000000000 0.00000000000 0.00000000000 0.00000000000 0.00000000000 0.00000000000 0.00000000000 0.00000000000 0.00000000000 0.00000000000 0.00000000000 0.00000000000 0.00000000000 0.00000000000 0.00000000000 0.00000000000 0.00000000000 0.00000000000 0.00000000000 0.00000000000 0.00000000000 0.00000000000
# logsel_p2_fsh[2]:
 0.00000000000 0.00000000000 0.00000000000 0.00000000000 0.00000000000 0.00000000000 0.00000000000 0.00000000000 0.00000000000 0.00000000000 0.00000000000 0.00000000000 0.00000000000 0.00000000000 0.00000000000 0.00000000000 0.00000000000 0.00000000000 0.00000000000 0.00000000000 0.00000000000 0.00000000000 0.00000000000 0.00000000000 0.00000000000 0.00000000000 0.00000000000 0.00000000000 0.00000000000 0.00000000000 0.00000000000 0.00000000000 0.00000000000 0.00000000000 0.00000000000 0.00000000000 0.00000000000 0.00000000000 0.00000000000 0.00000000000 0.00000000000 0.00000000000 0.00000000000
# logsel_p2_fsh[3]:
 0.00000000000 0.00000000000 0.00000000000 0.00000000000 0.00000000000 0.00000000000 0.00000000000 0.00000000000 0.00000000000 0.00000000000 0.00000000000 0.00000000000 0.00000000000 0.00000000000 0.00000000000 0.00000000000 0.00000000000 0.00000000000 0.00000000000 0.00000000000 0.00000000000 0.00000000000 0.00000000000 0.00000000000 0.00000000000 0.00000000000 0.00000000000 0.00000000000 0.00000000000 0.00000000000 0.00000000000 0.00000000000 0.00000000000 0.00000000000 0.00000000000 0.00000000000 0.00000000000 0.00000000000 0.00000000000 0.00000000000 0.00000000000 0.00000000000 0.00000000000 0.00000000000 0.00000000000 0.00000000000
# logsel_p2_fsh[4]:
 0.00000000000 0.00000000000 0.00000000000 0.00000000000 0.00000000000 0.00000000000 0.00000000000 0.00000000000 0.00000000000 0.00000000000 0.00000000000 0.00000000000 0.00000000000 0.00000000000 0.00000000000 0.00000000000 0.00000000000 0.00000000000 0.00000000000 0.00000000000 0.00000000000 0.00000000000 0.00000000000 0.00000000000 0.00000000000 0.00000000000 0.00000000000 0.00000000000 0.00000000000 0.00000000000 0.00000000000 0.00000000000 0.00000000000 0.00000000000 0.00000000000 0.00000000000 0.00000000000
# logsel_p3_fsh[1]:
 0.00000000000 0.00000000000 0.00000000000 0.00000000000 0.00000000000 0.00000000000 0.00000000000 0.00000000000 0.00000000000 0.00000000000 0.00000000000 0.00000000000 0.00000000000 0.00000000000 0.00000000000 0.00000000000 0.00000000000 0.00000000000 0.00000000000 0.00000000000 0.00000000000 0.00000000000 0.00000000000 0.00000000000 0.00000000000 0.00000000000 0.00000000000 0.00000000000 0.00000000000 0.00000000000 0.00000000000 0.00000000000 0.00000000000 0.00000000000 0.00000000000 0.00000000000 0.00000000000 0.00000000000 0.00000000000 0.00000000000 0.00000000000 0.00000000000 0.00000000000
# logsel_p3_fsh[2]:
 0.00000000000 0.00000000000 0.00000000000 0.00000000000 0.00000000000 0.00000000000 0.00000000000 0.00000000000 0.00000000000 0.00000000000 0.00000000000 0.00000000000 0.00000000000 0.00000000000 0.00000000000 0.00000000000 0.00000000000 0.00000000000 0.00000000000 0.00000000000 0.00000000000 0.00000000000 0.00000000000 0.00000000000 0.00000000000 0.00000000000 0.00000000000 0.00000000000 0.00000000000 0.00000000000 0.00000000000 0.00000000000 0.00000000000 0.00000000000 0.00000000000 0.00000000000 0.00000000000 0.00000000000 0.00000000000 0.00000000000 0.00000000000 0.00000000000 0.00000000000
# logsel_p3_fsh[3]:
 0.00000000000 0.00000000000 0.00000000000 0.00000000000 0.00000000000 0.00000000000 0.00000000000 0.00000000000 0.00000000000 0.00000000000 0.00000000000 0.00000000000 0.00000000000 0.00000000000 0.00000000000 0.00000000000 0.00000000000 0.00000000000 0.00000000000 0.00000000000 0.00000000000 0.00000000000 0.00000000000 0.00000000000 0.00000000000 0.00000000000 0.00000000000 0.00000000000 0.00000000000 0.00000000000 0.00000000000 0.00000000000 0.00000000000 0.00000000000 0.00000000000 0.00000000000 0.00000000000 0.00000000000 0.00000000000 0.00000000000 0.00000000000 0.00000000000 0.00000000000 0.00000000000 0.00000000000 0.00000000000
# logsel_p3_fsh[4]:
 0.00000000000 0.00000000000 0.00000000000 0.00000000000 0.00000000000 0.00000000000 0.00000000000 0.00000000000 0.00000000000 0.00000000000 0.00000000000 0.00000000000 0.00000000000 0.00000000000 0.00000000000 0.00000000000 0.00000000000 0.00000000000 0.00000000000 0.00000000000 0.00000000000 0.00000000000 0.00000000000 0.00000000000 0.00000000000 0.00000000000 0.00000000000 0.00000000000 0.00000000000 0.00000000000 0.00000000000 0.00000000000 0.00000000000 0.00000000000 0.00000000000 0.00000000000 0.00000000000
# rec_dev_future:
 0.00000000000 0.00000000000 0.00000000000 0.00000000000 0.00000000000 0.00000000000 0.00000000000 0.00000000000 0.00000000000 0.00000000000 0.00000000000 0.00000000000 0.00000000000 0.00000000000 0.00000000000 0.00000000000 0.00000000000 0.00000000000 0.00000000000 0.00000000000
# log_q_ind[1]:
0.680137442735
# log_q_ind[2]:
-2.61691839171
# log_q_ind[3]:
-2.75162434874
# log_q_ind[4]:
-5.48045064062
# log_q_ind[5]:
-0.941121559432
# log_q_power_ind[1]:
0.00000000000
# log_q_power_ind[2]:
0.00000000000
# log_q_power_ind[3]:
0.00000000000
# log_q_power_ind[4]:
0.00000000000
# log_q_power_ind[5]:
0.00000000000
# log_rw_q_ind[1]:
 -1.05192865101
# log_rw_q_ind[2]:
 1.39515694729
# log_rw_q_ind[4]:
 -0.590065160867
# log_rw_q_ind[5]:
 -0.0716572037760
# log_selcoffs_ind[1]:
 -2.24142447410 -1.43798291696 -0.837124459255 -0.399293918608 -0.0921099013630 0.140969890634 0.321095291537 0.456553313717 0.545481686812 0.591360918253
 -2.85355705066 -2.05727679931 -1.30190741174 -0.653046852385 -0.164537774076 0.178660560386 0.394058675097 0.534234721402 0.620444427784 0.657159753818
# log_selcoffs_ind[2]:
 0.452754818933 0.688344196248 0.513874812384 0.120724484560 -0.239887364963 -0.460357492506 -0.564434831103 -0.598355036728 -0.599401172767 -0.594999999279
 0.895002967173 0.502444716883 0.234806904888 0.0220832807489 -0.184705411695 -0.372785996800 -0.524253092899 -0.636732362025 -0.707123808793 -0.736745603274
 0.625252139505 0.232643213729 0.122461381714 0.142829450554 0.0950771388023 -0.0424516254732 -0.233143075595 -0.426908572474 -0.575052890397 -0.653687763372
# log_selcoffs_ind[3]:
 -0.202940821038 0.0202027052767 0.0202027052767 0.0202027052767 0.0202027052767 0.0202027052767 0.0202027052767 0.0202027052767 0.0202027052767 0.0202027052767
# log_selcoffs_ind[4]:
 -3.04452005677 -0.669616569639 0.101782682789 0.174353368097 0.174353368097 0.174353368097 0.174353368097 0.174353368097 0.174353368097 0.174353368097
# log_selcoffs_ind[5]:
 -3.04452005677 -0.669616569639 0.101782682789 0.174353368097 0.174353368097 0.174353368097 0.174353368097 0.174353368097 0.174353368097 0.174353368097
# logsel_slope_ind[1]:
 0.00000000000 0.00000000000
# logsel_slope_ind[2]:
 0.00000000000 0.00000000000 0.00000000000
# logsel_slope_ind[3]:
 0.00000000000
# logsel_slope_ind[4]:
 0.00000000000
# logsel_slope_ind[5]:
 0.00000000000
# sel50_ind[1]:
 0.00000000000 0.00000000000
# sel50_ind[2]:
 0.00000000000 0.00000000000 0.00000000000
# sel50_ind[3]:
 0.00000000000
# sel50_ind[4]:
 0.00000000000
# sel50_ind[5]:
 0.00000000000
# logsel_p1_ind[1]:
 0.00000000000 0.00000000000
# logsel_p1_ind[2]:
 0.00000000000 0.00000000000 0.00000000000
# logsel_p1_ind[3]:
 0.00000000000
# logsel_p1_ind[4]:
 0.00000000000
# logsel_p1_ind[5]:
 0.00000000000
# sel_p2_ind[1]:
 0.00000000000 0.00000000000
# sel_p2_ind[2]:
 0.00000000000 0.00000000000 0.00000000000
# sel_p2_ind[3]:
 0.00000000000
# sel_p2_ind[4]:
 0.00000000000
# sel_p2_ind[5]:
 0.00000000000
# logsel_p3_ind[1]:
 0.00000000000 0.00000000000
# logsel_p3_ind[2]:
 0.00000000000 0.00000000000 0.00000000000
# logsel_p3_ind[3]:
 0.00000000000
# logsel_p3_ind[4]:
 0.00000000000
# logsel_p3_ind[5]:
 0.00000000000
