# Number of parameters = 1621 Objective function value = 1430.52196920823  Maximum gradient component = 0.433740989139091
# Mest[1]:
0.230000000000
# log_Linf[1]:
4.30945594184
# log_k[1]:
-1.83258146375
# log_Lo[1]:
2.89037175790
# log_sdage[1]:
-2.40794560865
# mean_log_rec[1]:
9.60085974623
# steepness[1]:
0.650000000000
# log_Rzero[1]:
9.25202103349
# rec_dev:
 -0.448098842006 -0.522028796533 -0.602323659979 -0.689807822465 -0.782063387519 -0.875282079834 -0.844885041381 -0.851205607622 -0.701676243989 -0.644165345858 -0.559344701372 -0.392037891710 -0.425336787219 -0.375897472683 -0.328318531426 -0.126191323995 0.214560718350 0.387449425348 0.354816439837 0.394262048252 0.398515442602 0.440872714769 0.638544143318 0.790174444757 0.594869188502 1.08076906312 1.27032508775 0.674297611899 0.607652718057 0.783322733942 0.643161258299 0.727145114626 0.359924525005 0.390587136620 0.0420147932168 -0.0222841280019 0.248133718314 0.354503524649 0.657127468154 0.604970945474 0.771386444089 0.803038616547 0.390950120960 0.00848493979314 -0.564350813895 -0.540891077979 -0.792954280135 -0.771082594510 -1.15799206025 -1.27248077604 -0.686978225717 -0.467255141941 -1.06283920949 -0.536419995503 -0.711239114214 -0.431714703715 -0.456239074489 0.00332054047221 0.913749272801 0.493500721545 -0.204351797931 -0.142011149642
# log_sigmar[1]:
-0.510825623766
# fmort:
 0.0106067433822 0.0156286178711 0.00711056012806 0.00903134763858 0.0174994903495 0.0216593845114 0.0263843450138 0.0229156214300 0.0451629638318 0.0378484751683 0.0259565856303 0.0382158438094 0.0737003996390 0.0284796610466 0.0664284563794 0.0447180242326 0.00440902631086 0.0208558461223 0.0176027380981 0.0158455676247 0.0143021287765 0.0173317771749 0.0176130154153 0.0205765209323 0.0141343716904 0.0194422709427 0.0353169090087 0.0144440175118 0.00416483981573 0.00655071920714 0.00993233440661 0.0197382452966 0.00840278304135 0.0117155167392 0.0128072031357 0.0203001822896 0.0250200034779 0.0345805062691 0.0475411467553 0.0485572233937 0.0688295587917 0.0112775525167 0.00438519828912 0.00541888478250 0.00592879203963 0.00732966770696 0.00574572178452 0.00838038462414 0.00264998181797 0.00166603740927 0.00474860805521
 0.00134624334933 0.00206830210658 0.00316463110238 0.00525836146826 0.00379367134779 0.00687802095186 0.00893049973393 0.0131270954606 0.0213410388808 0.0265662988891 0.0242853889561 0.0487416660164 0.0675772948888 0.0548900988122 0.0731792946857 0.103127046608 0.115523693183 0.155001218221 0.213128392921 0.223502238685 0.227355419308 0.294314419529 0.398114811756 0.381489932257 0.482814444787 0.595760060443 0.545040361422 0.571954730082 0.354298040061 0.237542708485 0.177191391143 0.203850614043 0.197393462623 0.180558507324 0.176921514965 0.177881045568 0.190228740401 0.231235186202 0.197432109665 0.255366721169 0.139291907059 0.0987714455438 0.0944209241755 0.0729037913116 0.0642939314385 0.0655681809493 0.0725361104640 0.0687680088312 0.0766352664725 0.0723791954777 0.0569217753139
 0.000204524660272 0.000381045113202 0.000843904469140 0.00180709994681 0.00544074161987 0.00158138415368 0.00188052798925 0.0162834647450 0.0106967576935 0.00862378957860 0.0105502839382 0.0105728206167 0.00341166524030 0.00253065220233 0.00346400673519 0.00189785655058 0.000737785366532 0.000675735576440 0.00378866832528 0.00491311098977 0.00585017807049 0.00350314977333 0.00189683239006 0.00285463463008 0.00535727274401 0.0182978076527 0.0206824845387 0.0285863476124 0.0162497963723 0.00647852668592 0.00812669433463 0.0218883061038 0.00397585101083 0.00719407224720 0.00698720361586 0.00374613260998 0.0157784489910 0.0183908034991 0.0142634077653 0.00789642448659 0.00263969161889 0.0276678594408 0.0122385248215 0.00524076262660 0.00454491630667 0.00152071416950 0.000902520145829 0.000437115135779 0.00161578287049 0.00221275316987 0.00270681228744
 1.89848137211e-13 2.01783034726e-13 0.000521293540971 2.17881268583e-13 2.22322160681e-13 2.25652829755e-13 3.32062040254e-06 0.000226595565075 0.00474893770511 0.0295266416615 0.0264243934576 0.0336439939892 0.0761630409783 0.0894799422737 0.118175561025 0.0954609649276 0.0904456751627 0.0934875965147 0.0957718212618 0.0812094792720 0.0685139840930 0.0433628756924 0.00370769930122 2.26763052780e-13 2.19824158876e-13 2.92543766989e-13 3.34177130412e-13 3.99957844621e-13 7.18869408445e-13 3.06632668173e-06 0.000612791769508 0.00442888783916 0.0136281603314 0.0260687626481 0.0454176571377 0.0378801105282 0.0565772488215 0.0854843614530 0.106020803327 0.138582500440 0.122814297529 0.0312146445702 0.0204145626180 0.0203439416456 0.0216568205067 0.0274940166229 0.0167262175081 0.0128031777796 0.00910602400733 0.00841799356697 0.000372486605436
# log_selcoffs_fsh[1]:
 -4.85684071640 -3.70203773260 -2.44793134207 -1.20911853762 -0.264994253371 0.520184744868 1.09090899660 0.882666169615 -0.302788267052
 -4.53838688541 -3.29022471218 -1.97194979689 -0.809467532837 -0.156698172997 0.467290133435 0.953731587792 0.796001024614 0.0999559969255
 -4.20419708013 -2.92647710741 -1.70300818932 -0.695376666825 -0.00306292450864 0.541436366893 0.829655574543 0.664082207350 0.262217709536
 -3.82571833754 -2.43531441394 -1.28512231979 -0.514099427594 -0.0679398606148 0.391201697284 0.769007239903 0.686727065387 0.377116182660
 -3.63259153166 -2.16319273435 -0.744944007965 0.0218652974959 0.208076176410 0.321226269074 0.485155789174 0.495335914177 0.396172880989
 -3.47636955134 -2.12943947288 -0.837910354256 0.104412935483 0.509227441438 0.471049988729 0.353837779333 0.290284381763 0.247244593826
 -3.29565591244 -2.06444333990 -1.00997506331 -0.131596031027 0.581608064915 0.717702117505 0.406418332230 0.163888523677 0.0741793652451
 -3.09405033847 -1.83389896214 -0.918231671291 -0.155093555512 0.557590386702 0.779894677234 0.423848166878 0.110827546276 -0.0339706097858
 -2.92758941423 -1.62608785315 -0.491664162786 0.0747650095383 0.421510642412 0.620214139145 0.482117442691 0.131846916928 -0.0871761238197
 -2.75423892925 -1.30786410771 -0.131180661358 0.211943673695 0.434446123894 0.539653077259 0.342604689207 0.0316969643385 -0.159614667987
 -2.59287021889 -0.945193846154 0.527259824545 0.474937913968 0.284628324029 0.204527826081 0.0375441624659 -0.147334111912 -0.252422879380
 -2.42773940225 -0.678251012766 0.480435257250 0.529169144146 0.432577199316 0.181136804370 -0.115287412176 -0.285854922267 -0.345769422662
 -2.35051342291 -0.611856741637 0.539843441875 0.712871182787 0.399776198425 0.0405225542490 -0.256989944879 -0.413079034672 -0.447964403967
 -2.31128556551 -0.713628476330 0.541163363092 0.882056630624 0.377631260909 -0.0656835280334 -0.362196416993 -0.504937964664 -0.540950562866
 -2.48450288024 -0.886863954616 0.630070001361 0.933157932767 0.356842242886 -0.110726046103 -0.411326979489 -0.573007587419 -0.627681264539
 -2.46431264180 -0.905637923640 0.666598006006 0.837761892820 0.431926817107 -0.0325652798287 -0.390693529443 -0.588293294634 -0.669788749973
 -2.26301458087 -0.690865974174 0.753567452589 0.762793705694 0.355720370648 -0.0429775592296 -0.377533463451 -0.589991929665 -0.691200332895
 -1.90691062179 -0.383759902900 0.538447385030 0.798207988474 0.429158313103 -0.0337326297032 -0.378953785145 -0.593450982501 -0.702235829975
 -1.75949689109 -0.338631174093 0.826669528930 0.743949605481 0.222567428653 -0.162272911795 -0.453973669223 -0.651339160741 -0.756590044718
 -1.51865018543 -0.207308355663 0.802830860298 0.726544109676 0.254787238966 -0.187251202155 -0.503559648452 -0.702063263226 -0.800526810415
 -1.45040513595 -0.104407853299 0.874088694416 0.729998857537 0.182638650604 -0.270646229698 -0.592646728344 -0.782984007818 -0.868145210750
 -1.41682479404 -0.181456885381 0.670777237142 0.967290495669 0.297348514448 -0.357273867714 -0.715221388506 -0.883858597732 -0.944780251090
 -1.35697295280 0.0534345988201 0.912493298822 0.798847215516 0.137057809080 -0.449947174105 -0.808810155620 -0.967168042341 -1.01040955349
 -1.44885054578 -0.160271651562 0.869671259808 1.02549812914 0.0703192844336 -0.556679608315 -0.903374173066 -1.05318524288 -1.08278053239
 -1.50852221944 -0.146494282614 0.904952416881 0.986464511205 0.110036516950 -0.541702726141 -0.920582586780 -1.08765049100 -1.11440054220
 -1.46875496607 0.189215562717 0.743072663926 0.857295304297 0.232906375590 -0.350715261201 -0.822656262460 -1.03917637460 -1.07041296920
 -1.58203387761 -0.192053923092 0.611706979237 0.953854243574 0.347530655888 -0.185766135906 -0.672025111587 -0.921574650808 -0.980004209199
 -1.48932219230 -0.00387597568072 0.409256964883 0.805304765209 0.445112058240 -0.0468598400123 -0.496204272475 -0.749918543171 -0.822942663762
 -1.20962808705 0.200895865307 0.538808862288 0.586986178253 0.270415240554 -0.0839050618647 -0.398115161923 -0.593146692098 -0.668507038106
 -1.18954931484 -0.00182490005743 0.385217604341 0.781587132903 0.235533352725 -0.140902026374 -0.354182636259 -0.476873435434 -0.534490795418
 -1.03829201864 0.475189866303 0.518485721473 0.221823582484 0.00777246059222 -0.125724368506 -0.233518908317 -0.314738284785 -0.358956396399
 -1.04636433328 0.549673253222 0.172733828771 0.131580683585 0.0353476625369 -0.0394080004114 -0.0988218169896 -0.153154405375 -0.191546021059
 -1.32579637793 -0.562312531050 -0.0657507215264 0.480013165446 0.377100030565 0.161722593441 0.0485108387744 -0.0125857054591 -0.0605201117364
 -1.68525029784 -0.943638569757 -0.303018847025 0.253863768325 0.318985194620 0.382315867504 0.276255313406 0.155959582192 0.0671373138557
 -1.62386820768 -0.816843352790 -0.358164518146 0.293792211351 0.310737850924 0.272004439279 0.242118309238 0.182097640404 0.156899031325
 -0.756174811646 -0.514085031514 -0.815440360319 -0.241727171461 0.0599837425021 0.331832442932 0.391208354162 0.338012768020 0.313726389308
# log_selcoffs_fsh[2]:
 -6.50872029382 -5.04863948657 -3.58084768726 -1.95101548440 -0.561679391555 0.341370559193 0.996974504072 1.13202951165 0.498688199087 -0.950858380326
 -6.42120887981 -4.96478629101 -3.46309662308 -2.03312121207 -0.855789153959 0.201435379890 0.981366429619 1.17305963010 0.517446599729 -0.505296862336
 -6.30203202687 -4.89223219626 -3.48356242975 -2.13182625303 -1.00322186666 0.0631092814085 0.934092408524 1.15224722830 0.605832874811 -0.143262619717
 -6.15027232292 -4.75681195425 -3.43900221987 -2.20832651963 -1.15208264196 -0.165714408081 0.785495942763 1.14837862419 0.753716721193 0.192744626642
 -6.00064797433 -4.54234799138 -3.21797451407 -2.15987505123 -1.29257805040 -0.396585709550 0.603122063899 1.09169296532 0.882359309411 0.507178762704
 -5.85549932401 -4.49568051277 -3.15644633131 -1.91367872930 -1.08222657814 -0.490887426833 0.284567126052 0.904878626310 1.00438412595 0.838933755441
 -5.71754419258 -4.45383261732 -3.23019901118 -2.08172892927 -1.08059574416 -0.328448459491 0.213688679196 0.687035401192 0.972729975790 1.06131685718
 -5.60539202582 -4.38851213572 -3.25146644957 -2.21788713733 -1.25660294837 -0.463536736324 0.206516235471 0.631560065613 0.940913833618 1.17878447196
 -5.53149114338 -4.29600721152 -3.14234096391 -2.19316202220 -1.39751129789 -0.625474975368 0.137534266191 0.691395318351 0.954358649511 1.19528774033
 -5.44019404694 -4.15378780289 -2.95673694836 -1.96351237561 -1.21528679080 -0.622208555043 -0.0609539638143 0.581489432224 0.980592806190 1.26937219142
 -5.36238454133 -3.96701157618 -2.62747081718 -1.54235056125 -0.875708718379 -0.435122089784 -0.0211528364375 0.403819735948 0.880372832935 1.31857408137
 -5.34501496592 -3.81499613124 -2.37384072117 -1.17782913104 -0.615675956492 -0.256179491052 5.70928465459e-05 0.367213285485 0.878964518025 1.22544320937
 -5.35678340646 -3.65480418531 -2.02533439396 -0.737533244542 -0.251258634577 0.0348132437195 0.160030394167 0.333922235016 0.716372020097 1.07464519945
 -5.38395984906 -3.49015764990 -1.68012126200 -0.482736297066 0.106723227008 0.236793169749 0.230725306545 0.325259771289 0.574342010270 0.859424064887
 -5.38615628573 -3.31087306861 -1.36604736033 -0.0947204900122 0.343797826425 0.308558274968 0.164541679410 0.222202757486 0.469398112555 0.691011259828
 -5.35321747405 -3.12969262635 -1.05266602633 0.0698443899503 0.327437187989 0.282861801393 0.170068015287 0.214210946393 0.422346391952 0.623825238243
 -5.33657465311 -3.07415535626 -0.935153036943 0.0710274331703 0.347366795356 0.322714811024 0.189677114338 0.194502749350 0.380280084417 0.587983850274
 -5.32778371813 -3.24237013449 -1.25932428263 0.0674010419646 0.478179987535 0.423674932374 0.214836658067 0.165011914655 0.322115938775 0.508437872873
 -5.29229816135 -3.36409318424 -1.53338032975 -0.171767074844 0.543835107060 0.507880668635 0.253496820918 0.171745158500 0.316271118922 0.512901042002
 -5.22484469851 -3.40885446769 -1.66873064900 -0.338454630724 0.333375517086 0.460432117538 0.292169853844 0.242713721779 0.425019049029 0.660675010377
 -5.18917091972 -3.49616703393 -1.89386997495 -0.569258728125 0.211616493912 0.470320079531 0.361447605058 0.278408810951 0.462668861444 0.725981010976
 -5.18799270709 -3.57970121955 -2.07690472565 -0.870488921290 0.0118576614836 0.495466704508 0.472962972788 0.363611677729 0.502064557234 0.729425985072
 -5.20406293774 -3.64546195428 -2.23367123156 -1.07905999046 -0.226816590828 0.478341545732 0.525114343568 0.448342978832 0.563871599738 0.740532871548
 -5.27137120393 -3.69436648666 -2.24668040741 -1.08582070273 -0.351014275281 0.236179786777 0.572523705088 0.547138980953 0.652406052492 0.758493997419
 -5.34502815377 -3.72216137430 -2.14585492220 -0.810234292498 -0.198450649296 0.0644219006417 0.352946722314 0.572136631492 0.698710888283 0.839979428210
 -5.45229775096 -3.76975631413 -2.22730984811 -0.903839142699 -0.151968211565 0.285176400436 0.371329868087 0.473042439019 0.650085415662 0.833160678580
 -5.65957442848 -3.93545758566 -2.23769620851 -0.827112043424 -0.0368378116673 0.439034605164 0.506239272896 0.464118046482 0.540580941839 0.668479570706
 -5.84692150114 -4.11142103273 -2.28839962733 -0.550831541531 0.150930271159 0.505183539666 0.487282092943 0.397938258030 0.517615651855 0.523522444554
 -6.00703233630 -4.29767615309 -2.55689547876 -0.865452483445 0.0858639366795 0.757831825782 0.616891121839 0.390530554739 0.472752625502 0.282846998569
 -6.14625113567 -4.40181569308 -2.70193493188 -1.04315325059 0.283622697647 0.876914752628 0.769550343041 0.395060053641 0.169591341797 0.00666972358348
 -6.22752712183 -4.39090718013 -2.55592820104 -0.882734470726 0.257674720820 0.853626859101 0.776951049789 0.406530484809 0.146717916233 0.0176854138618
 -6.26311316784 -4.31454582696 -2.36737837823 -0.684394425451 0.163356607018 0.506599212938 0.729835000419 0.577536429798 0.357733407579 0.233521569967
 -6.28159044248 -4.24418624567 -2.12957089500 -0.465140301837 0.0181514963042 0.133724511307 0.481947472704 0.710697031911 0.613593401797 0.453468173877
 -6.32095695215 -4.31683533501 -2.33227666948 -0.680377988180 0.0283887428417 0.379360874303 0.501222023049 0.620819152365 0.584387615865 0.461299002941
 -6.34243110127 -4.39902185153 -2.42445294484 -0.861977390254 -0.111777384371 0.306454705912 0.609723976689 0.642381962014 0.590140788234 0.517057297268
 -6.34866636840 -4.56631019816 -2.78016553100 -1.07403755261 -0.130019379228 0.351448650895 0.616204180981 0.698314508293 0.586157159996 0.485926777085
 -6.35975954077 -4.69478531531 -3.08470177340 -1.43270862236 -0.284075820083 0.329121011263 0.740477678921 0.740908967270 0.632877733045 0.395055428429
# log_selcoffs_fsh[3]:
 -0.920320943158 -0.103082306853 1.17246439555 0.428132580377 -0.678309152325 -1.40891410695 -1.69640698287
 -1.15971168680 -0.125236142538 1.19739177749 0.439836452515 -0.671942449450 -1.40338122901 -1.69427270182
 -0.592698664472 -0.167313314214 1.10743852547 0.453343379547 -0.607964694666 -1.33639969041 -1.64080587825
 -1.48494673815 -0.288746115701 1.23812333328 0.439214796102 -0.597353816213 -1.29875390525 -1.60682766698
 -1.88069902210 -0.206662185473 1.17883015346 0.492666344648 -0.469877272556 -1.18916178821 -1.52590977128
 -1.96881496152 -0.500484912899 0.972509153004 0.797146852396 -0.223805119945 -1.05072082711 -1.42207607121
 -1.68391400459 -0.427995740734 0.757242423039 0.929102652449 -0.133529538705 -0.997447710588 -1.37004728530
 -1.32093575275 0.565097168323 0.826823947788 0.333109014142 -0.370474274957 -1.04875676353 -1.38082962624
 -1.38949112484 0.637889316357 0.893806380650 0.217522896396 -0.484274852587 -1.11902750643 -1.47768945250
 -1.58942088669 0.313692688158 0.996142286600 0.476475781641 -0.483185256061 -1.22284049871 -1.61911434947
 -1.85119536724 -0.381069720088 0.900141068825 0.899244452676 -0.256952975479 -1.22420614390 -1.74451756202
 -1.81326043414 -0.340819736479 0.825171978661 0.934130061822 -0.177501810831 -1.22126581302 -1.79454168255
 -1.65884988567 -0.105492037442 1.01724127569 0.707307004855 -0.379722440482 -1.31417365895 -1.81439069297
 -1.42065611260 0.587881950512 0.995155838916 0.275788646143 -0.646035770209 -1.40229009303 -1.79935507566
 -1.47069863718 0.227167907392 1.17963058906 0.324311998732 -0.744609945547 -1.46312435311 -1.75728790182
 -1.47822672271 0.260039730181 1.24999557820 0.174582409924 -0.920218360210 -1.54210431205 -1.70629155774
 -1.27378613292 0.579865948261 1.11843871047 0.0767454096115 -0.977765952764 -1.51120036485 -1.62052300197
 -1.18810873042 0.632536349893 1.08665986265 0.00712952587938 -0.935644690319 -1.43649219793 -1.55485689382
 -0.697982235187 1.08125420372 0.644408502576 -0.211439293380 -0.959851861182 -1.40634142557 -1.55225240443
 -0.532910877733 1.19988344916 0.508870540198 -0.408447253805 -1.08684277204 -1.47547507816 -1.61277727990
 -0.320952088463 1.16419742310 0.570372899755 -0.474374201878 -1.21253950764 -1.59531543032 -1.71644094023
 -0.387855041948 1.14301056829 0.675729530264 -0.506603577350 -1.32239078696 -1.69872748374 -1.78453593986
 -0.207394050438 0.861549868565 0.978585243155 -0.538784401283 -1.43479518186 -1.76935547345 -1.78545131346
 -0.139330109918 1.07954885473 0.715467711231 -0.538709409204 -1.42725684268 -1.81228310366 -1.86551218647
 -0.329459222664 0.576601814066 1.09534984833 -0.101588603253 -1.21399797515 -1.78129855470 -1.95438623287
 -0.0780364535643 0.708302312220 0.639884690287 0.290210154685 -0.742084247943 -1.59041202090 -2.02802320900
 -0.875177799682 0.764312089506 0.866394306673 0.162534277726 -0.635831057905 -1.46965196480 -2.10877752882
 -1.38689523562 0.273535906189 1.15437370582 0.368524438161 -0.696208834918 -1.56454592562 -2.20495861335
 -1.53046488534 0.0297366609680 1.25093366774 0.421147790679 -0.771428782294 -1.74290405423 -2.31561318798
 -1.46645028378 0.245951537731 0.829216782660 0.881359619480 -0.633959222554 -1.81421665367 -2.39400545168
 -1.41416075463 1.05264920894 0.755295580909 0.125796159972 -0.929095050397 -1.89971701246 -2.46716026731
 -1.65213343284 0.575658911680 1.22143534854 0.0740257891730 -1.05279924857 -1.99772061451 -2.56959982842
 -1.90702232694 -0.107953745528 1.40001221122 0.296398064126 -1.03380066312 -2.06863899387 -2.63744691458
 -1.82108029444 -0.0621401829358 1.09156554074 0.832171469311 -0.854114775140 -2.07679896380 -2.65684325042
 -1.64285552613 0.0926333755099 1.35226437624 0.277600828331 -1.09480735324 -2.12841328210 -2.66277622623
 -1.18223951364 1.10941951578 0.854958225731 -0.169088239356 -1.26772692122 -2.17310205084 -2.66203628322
 -1.06923749874 1.03873933818 0.970239734729 -0.261378205778 -1.40461874916 -2.22750746783 -2.66998610925
 -0.855586584812 1.08164992723 0.900057701600 -0.283296249603 -1.42782264509 -2.26082509408 -2.68402798148
 -1.00813432583 1.00988284844 0.983496432952 -0.209216507854 -1.43959622973 -2.29171849149 -2.70759096184
 -1.31167143244 0.315143806700 1.42920091038 -0.216176214235 -1.52536497419 -2.33986103644 -2.72819962581
# log_selcoffs_fsh[4]:
 -5.97313619430 -4.81944625884 -3.64054282540 -2.40209507723 -1.11734256863 0.0832146774530 0.943664657681 1.12273850440 0.596666192496
 -5.96017984593 -4.79937137139 -3.60760968279 -2.31811525509 -0.984884846284 0.177517181130 0.951331183899 1.05946735738 0.599875198985
 -5.92436454509 -4.75990286185 -3.57291778604 -2.31797320909 -1.00813709037 0.157511328658 0.935212147282 1.06544507670 0.629587765810
 -5.85775891988 -4.68144967984 -3.50307684574 -2.29666091104 -1.04857660687 0.0894307510933 0.891742377810 1.08085571097 0.706366177804
 -5.78605786379 -4.58326814008 -3.39185577834 -2.21786792952 -1.01669747495 0.0933729745836 0.855460224945 1.05510789684 0.770025111950
 -5.71264106153 -4.52322748751 -3.32232514307 -2.12308215268 -1.00260003295 0.0264644173300 0.808482651496 1.06929425878 0.823537762946
 -5.62202637328 -4.44570813280 -3.25410492287 -2.03908882447 -0.925664944792 0.0451319146877 0.779895345936 1.03010722650 0.871647884760
 -5.50796220587 -4.32257957210 -3.16911746320 -1.99916186917 -0.894866760180 0.0229138880957 0.734778679223 1.02690274289 0.914659788154
 -5.39174162851 -4.16213938697 -3.03619119293 -1.99390396951 -0.966847315175 -0.0154811886417 0.722794089223 1.01923568754 0.955325195255
 -5.27845064603 -4.05609769404 -2.87828293929 -1.80193828906 -0.881011621331 -0.0398075717423 0.639268814896 0.995101738679 1.02278936980
 -5.18879990196 -3.96622655840 -2.79287372901 -1.70400555668 -0.733126001356 0.0438113781217 0.613347355191 0.930103165038 1.03876151939
 -5.12722027344 -3.86515666522 -2.68449613211 -1.62947833559 -0.668036779736 0.134979538477 0.637425501560 0.890455929210 1.00200871526
 -5.07761381564 -3.72784005936 -2.47559235925 -1.46125402396 -0.635735184758 0.118622688594 0.668516229096 0.889075405231 0.960863282268
 -5.01990127675 -3.54630309459 -2.10901849207 -1.05253401356 -0.388792922767 0.126179313662 0.549523571935 0.833574687749 0.973742602016
 -4.94314540395 -3.38983904876 -1.85686398524 -0.714058280687 -0.141032925886 0.160926188507 0.434840030383 0.744797983055 0.963001892751
 -4.84706206091 -3.24559646762 -1.62909725151 -0.452192500699 -0.0600580244290 0.126069414765 0.368379310334 0.685358473328 0.961233894650
 -4.77882925764 -3.20688562961 -1.63005297864 -0.452665768641 -0.0467517380963 0.177011670655 0.393083532089 0.664125400323 0.934900423724
 -4.72539834883 -3.28588630757 -1.95909549059 -0.939704101351 -0.226855465468 0.352845794158 0.604409750973 0.695166005180 0.861891540857
 -4.63763368495 -3.31004892738 -2.10191544247 -1.15832556622 -0.424348054013 0.214017962159 0.616154634244 0.822712508168 0.914797583596
 -4.58502596599 -3.32088277765 -2.18575111402 -1.27917517518 -0.604329251226 0.0244321768253 0.621082663477 0.942054874034 0.942212889123
 -4.51856559172 -3.25687658281 -2.11555168714 -1.29930130483 -0.679432982163 -0.130302327842 0.471592947251 0.999935295669 1.04798982131
 -4.42735168818 -3.15166658137 -1.83930472380 -1.13070971927 -0.676868063492 -0.143428842843 0.370818650322 0.844396956684 1.19799233866
 -4.33603627780 -3.20656217647 -2.11752443355 -1.24025646276 -0.635487911598 -0.0710076735869 0.367940980870 0.799662246580 1.22556765673
 -4.20547916029 -3.13058898535 -2.15035201143 -1.30961978109 -0.649535397684 -0.113157884552 0.318190469513 0.772764759990 1.28075229012
 -4.17365000153 -3.09148210850 -2.01975121955 -1.10916438923 -0.468346471498 0.101832874305 0.487636167182 0.792698332600 1.06663968262
 -3.99421061426 -2.85569953137 -1.65288919959 -0.888717564516 -0.505464231029 -0.0220785172665 0.468772259594 0.824322250515 1.05139113207
 -3.72189784826 -2.67448797697 -1.60657165750 -0.840115210557 -0.405841109541 -0.0348006023020 0.401778797608 0.815845549529 1.06016714366
 -3.30036962884 -2.36031006363 -1.46847812327 -0.783949564667 -0.391022373608 -0.0896387736960 0.197411573927 0.688570255903 1.21850448501
 -2.75600939981 -1.93931280264 -1.32131208691 -0.832999661813 -0.545810026402 -0.330901992397 0.0590806148817 0.636530121960 1.34617623713
 -2.81675051091 -2.14633219778 -1.31370095515 -0.734901060661 -0.529832675714 -0.411152284450 -0.0667431471996 0.638213821762 1.38499109926
 -2.57093109863 -1.92481155114 -1.60335115744 -1.06268910278 -0.648135265732 -0.458606983116 -0.0689939102071 0.618159352729 1.45555459208
# log_sel_spl_fsh[1]:
 0.00000000000 0.00000000000 0.00000000000 0.00000000000
 0.00000000000 0.00000000000 0.00000000000 0.00000000000
 0.00000000000 0.00000000000 0.00000000000 0.00000000000
 0.00000000000 0.00000000000 0.00000000000 0.00000000000
 0.00000000000 0.00000000000 0.00000000000 0.00000000000
 0.00000000000 0.00000000000 0.00000000000 0.00000000000
 0.00000000000 0.00000000000 0.00000000000 0.00000000000
 0.00000000000 0.00000000000 0.00000000000 0.00000000000
 0.00000000000 0.00000000000 0.00000000000 0.00000000000
 0.00000000000 0.00000000000 0.00000000000 0.00000000000
 0.00000000000 0.00000000000 0.00000000000 0.00000000000
 0.00000000000 0.00000000000 0.00000000000 0.00000000000
 0.00000000000 0.00000000000 0.00000000000 0.00000000000
 0.00000000000 0.00000000000 0.00000000000 0.00000000000
 0.00000000000 0.00000000000 0.00000000000 0.00000000000
 0.00000000000 0.00000000000 0.00000000000 0.00000000000
 0.00000000000 0.00000000000 0.00000000000 0.00000000000
 0.00000000000 0.00000000000 0.00000000000 0.00000000000
 0.00000000000 0.00000000000 0.00000000000 0.00000000000
 0.00000000000 0.00000000000 0.00000000000 0.00000000000
 0.00000000000 0.00000000000 0.00000000000 0.00000000000
 0.00000000000 0.00000000000 0.00000000000 0.00000000000
 0.00000000000 0.00000000000 0.00000000000 0.00000000000
 0.00000000000 0.00000000000 0.00000000000 0.00000000000
 0.00000000000 0.00000000000 0.00000000000 0.00000000000
 0.00000000000 0.00000000000 0.00000000000 0.00000000000
 0.00000000000 0.00000000000 0.00000000000 0.00000000000
 0.00000000000 0.00000000000 0.00000000000 0.00000000000
 0.00000000000 0.00000000000 0.00000000000 0.00000000000
 0.00000000000 0.00000000000 0.00000000000 0.00000000000
 0.00000000000 0.00000000000 0.00000000000 0.00000000000
 0.00000000000 0.00000000000 0.00000000000 0.00000000000
 0.00000000000 0.00000000000 0.00000000000 0.00000000000
 0.00000000000 0.00000000000 0.00000000000 0.00000000000
 0.00000000000 0.00000000000 0.00000000000 0.00000000000
 0.00000000000 0.00000000000 0.00000000000 0.00000000000
# log_sel_spl_fsh[2]:
 0.00000000000 0.00000000000 0.00000000000 0.00000000000
 0.00000000000 0.00000000000 0.00000000000 0.00000000000
 0.00000000000 0.00000000000 0.00000000000 0.00000000000
 0.00000000000 0.00000000000 0.00000000000 0.00000000000
 0.00000000000 0.00000000000 0.00000000000 0.00000000000
 0.00000000000 0.00000000000 0.00000000000 0.00000000000
 0.00000000000 0.00000000000 0.00000000000 0.00000000000
 0.00000000000 0.00000000000 0.00000000000 0.00000000000
 0.00000000000 0.00000000000 0.00000000000 0.00000000000
 0.00000000000 0.00000000000 0.00000000000 0.00000000000
 0.00000000000 0.00000000000 0.00000000000 0.00000000000
 0.00000000000 0.00000000000 0.00000000000 0.00000000000
 0.00000000000 0.00000000000 0.00000000000 0.00000000000
 0.00000000000 0.00000000000 0.00000000000 0.00000000000
 0.00000000000 0.00000000000 0.00000000000 0.00000000000
 0.00000000000 0.00000000000 0.00000000000 0.00000000000
 0.00000000000 0.00000000000 0.00000000000 0.00000000000
 0.00000000000 0.00000000000 0.00000000000 0.00000000000
 0.00000000000 0.00000000000 0.00000000000 0.00000000000
 0.00000000000 0.00000000000 0.00000000000 0.00000000000
 0.00000000000 0.00000000000 0.00000000000 0.00000000000
 0.00000000000 0.00000000000 0.00000000000 0.00000000000
 0.00000000000 0.00000000000 0.00000000000 0.00000000000
 0.00000000000 0.00000000000 0.00000000000 0.00000000000
 0.00000000000 0.00000000000 0.00000000000 0.00000000000
 0.00000000000 0.00000000000 0.00000000000 0.00000000000
 0.00000000000 0.00000000000 0.00000000000 0.00000000000
 0.00000000000 0.00000000000 0.00000000000 0.00000000000
 0.00000000000 0.00000000000 0.00000000000 0.00000000000
 0.00000000000 0.00000000000 0.00000000000 0.00000000000
 0.00000000000 0.00000000000 0.00000000000 0.00000000000
 0.00000000000 0.00000000000 0.00000000000 0.00000000000
 0.00000000000 0.00000000000 0.00000000000 0.00000000000
 0.00000000000 0.00000000000 0.00000000000 0.00000000000
 0.00000000000 0.00000000000 0.00000000000 0.00000000000
 0.00000000000 0.00000000000 0.00000000000 0.00000000000
 0.00000000000 0.00000000000 0.00000000000 0.00000000000
# log_sel_spl_fsh[3]:
 0.00000000000 0.00000000000 0.00000000000 0.00000000000
 0.00000000000 0.00000000000 0.00000000000 0.00000000000
 0.00000000000 0.00000000000 0.00000000000 0.00000000000
 0.00000000000 0.00000000000 0.00000000000 0.00000000000
 0.00000000000 0.00000000000 0.00000000000 0.00000000000
 0.00000000000 0.00000000000 0.00000000000 0.00000000000
 0.00000000000 0.00000000000 0.00000000000 0.00000000000
 0.00000000000 0.00000000000 0.00000000000 0.00000000000
 0.00000000000 0.00000000000 0.00000000000 0.00000000000
 0.00000000000 0.00000000000 0.00000000000 0.00000000000
 0.00000000000 0.00000000000 0.00000000000 0.00000000000
 0.00000000000 0.00000000000 0.00000000000 0.00000000000
 0.00000000000 0.00000000000 0.00000000000 0.00000000000
 0.00000000000 0.00000000000 0.00000000000 0.00000000000
 0.00000000000 0.00000000000 0.00000000000 0.00000000000
 0.00000000000 0.00000000000 0.00000000000 0.00000000000
 0.00000000000 0.00000000000 0.00000000000 0.00000000000
 0.00000000000 0.00000000000 0.00000000000 0.00000000000
 0.00000000000 0.00000000000 0.00000000000 0.00000000000
 0.00000000000 0.00000000000 0.00000000000 0.00000000000
 0.00000000000 0.00000000000 0.00000000000 0.00000000000
 0.00000000000 0.00000000000 0.00000000000 0.00000000000
 0.00000000000 0.00000000000 0.00000000000 0.00000000000
 0.00000000000 0.00000000000 0.00000000000 0.00000000000
 0.00000000000 0.00000000000 0.00000000000 0.00000000000
 0.00000000000 0.00000000000 0.00000000000 0.00000000000
 0.00000000000 0.00000000000 0.00000000000 0.00000000000
 0.00000000000 0.00000000000 0.00000000000 0.00000000000
 0.00000000000 0.00000000000 0.00000000000 0.00000000000
 0.00000000000 0.00000000000 0.00000000000 0.00000000000
 0.00000000000 0.00000000000 0.00000000000 0.00000000000
 0.00000000000 0.00000000000 0.00000000000 0.00000000000
 0.00000000000 0.00000000000 0.00000000000 0.00000000000
 0.00000000000 0.00000000000 0.00000000000 0.00000000000
 0.00000000000 0.00000000000 0.00000000000 0.00000000000
 0.00000000000 0.00000000000 0.00000000000 0.00000000000
 0.00000000000 0.00000000000 0.00000000000 0.00000000000
 0.00000000000 0.00000000000 0.00000000000 0.00000000000
 0.00000000000 0.00000000000 0.00000000000 0.00000000000
 0.00000000000 0.00000000000 0.00000000000 0.00000000000
# log_sel_spl_fsh[4]:
 0.00000000000 0.00000000000 0.00000000000 0.00000000000
 0.00000000000 0.00000000000 0.00000000000 0.00000000000
 0.00000000000 0.00000000000 0.00000000000 0.00000000000
 0.00000000000 0.00000000000 0.00000000000 0.00000000000
 0.00000000000 0.00000000000 0.00000000000 0.00000000000
 0.00000000000 0.00000000000 0.00000000000 0.00000000000
 0.00000000000 0.00000000000 0.00000000000 0.00000000000
 0.00000000000 0.00000000000 0.00000000000 0.00000000000
 0.00000000000 0.00000000000 0.00000000000 0.00000000000
 0.00000000000 0.00000000000 0.00000000000 0.00000000000
 0.00000000000 0.00000000000 0.00000000000 0.00000000000
 0.00000000000 0.00000000000 0.00000000000 0.00000000000
 0.00000000000 0.00000000000 0.00000000000 0.00000000000
 0.00000000000 0.00000000000 0.00000000000 0.00000000000
 0.00000000000 0.00000000000 0.00000000000 0.00000000000
 0.00000000000 0.00000000000 0.00000000000 0.00000000000
 0.00000000000 0.00000000000 0.00000000000 0.00000000000
 0.00000000000 0.00000000000 0.00000000000 0.00000000000
 0.00000000000 0.00000000000 0.00000000000 0.00000000000
 0.00000000000 0.00000000000 0.00000000000 0.00000000000
 0.00000000000 0.00000000000 0.00000000000 0.00000000000
 0.00000000000 0.00000000000 0.00000000000 0.00000000000
 0.00000000000 0.00000000000 0.00000000000 0.00000000000
 0.00000000000 0.00000000000 0.00000000000 0.00000000000
 0.00000000000 0.00000000000 0.00000000000 0.00000000000
 0.00000000000 0.00000000000 0.00000000000 0.00000000000
 0.00000000000 0.00000000000 0.00000000000 0.00000000000
 0.00000000000 0.00000000000 0.00000000000 0.00000000000
 0.00000000000 0.00000000000 0.00000000000 0.00000000000
 0.00000000000 0.00000000000 0.00000000000 0.00000000000
 0.00000000000 0.00000000000 0.00000000000 0.00000000000
# logsel_slope_fsh[1]:
 0.00000000000 0.00000000000 0.00000000000 0.00000000000 0.00000000000 0.00000000000 0.00000000000 0.00000000000 0.00000000000 0.00000000000 0.00000000000 0.00000000000 0.00000000000 0.00000000000 0.00000000000 0.00000000000 0.00000000000 0.00000000000 0.00000000000 0.00000000000 0.00000000000 0.00000000000 0.00000000000 0.00000000000 0.00000000000 0.00000000000 0.00000000000 0.00000000000 0.00000000000 0.00000000000 0.00000000000 0.00000000000 0.00000000000 0.00000000000 0.00000000000 0.00000000000
# logsel_slope_fsh[2]:
 0.00000000000 0.00000000000 0.00000000000 0.00000000000 0.00000000000 0.00000000000 0.00000000000 0.00000000000 0.00000000000 0.00000000000 0.00000000000 0.00000000000 0.00000000000 0.00000000000 0.00000000000 0.00000000000 0.00000000000 0.00000000000 0.00000000000 0.00000000000 0.00000000000 0.00000000000 0.00000000000 0.00000000000 0.00000000000 0.00000000000 0.00000000000 0.00000000000 0.00000000000 0.00000000000 0.00000000000 0.00000000000 0.00000000000 0.00000000000 0.00000000000 0.00000000000 0.00000000000
# logsel_slope_fsh[3]:
 0.00000000000 0.00000000000 0.00000000000 0.00000000000 0.00000000000 0.00000000000 0.00000000000 0.00000000000 0.00000000000 0.00000000000 0.00000000000 0.00000000000 0.00000000000 0.00000000000 0.00000000000 0.00000000000 0.00000000000 0.00000000000 0.00000000000 0.00000000000 0.00000000000 0.00000000000 0.00000000000 0.00000000000 0.00000000000 0.00000000000 0.00000000000 0.00000000000 0.00000000000 0.00000000000 0.00000000000 0.00000000000 0.00000000000 0.00000000000 0.00000000000 0.00000000000 0.00000000000 0.00000000000 0.00000000000 0.00000000000
# logsel_slope_fsh[4]:
 0.00000000000 0.00000000000 0.00000000000 0.00000000000 0.00000000000 0.00000000000 0.00000000000 0.00000000000 0.00000000000 0.00000000000 0.00000000000 0.00000000000 0.00000000000 0.00000000000 0.00000000000 0.00000000000 0.00000000000 0.00000000000 0.00000000000 0.00000000000 0.00000000000 0.00000000000 0.00000000000 0.00000000000 0.00000000000 0.00000000000 0.00000000000 0.00000000000 0.00000000000 0.00000000000 0.00000000000
# sel50_fsh[1]:
 0.00000000000 0.00000000000 0.00000000000 0.00000000000 0.00000000000 0.00000000000 0.00000000000 0.00000000000 0.00000000000 0.00000000000 0.00000000000 0.00000000000 0.00000000000 0.00000000000 0.00000000000 0.00000000000 0.00000000000 0.00000000000 0.00000000000 0.00000000000 0.00000000000 0.00000000000 0.00000000000 0.00000000000 0.00000000000 0.00000000000 0.00000000000 0.00000000000 0.00000000000 0.00000000000 0.00000000000 0.00000000000 0.00000000000 0.00000000000 0.00000000000 0.00000000000
# sel50_fsh[2]:
 0.00000000000 0.00000000000 0.00000000000 0.00000000000 0.00000000000 0.00000000000 0.00000000000 0.00000000000 0.00000000000 0.00000000000 0.00000000000 0.00000000000 0.00000000000 0.00000000000 0.00000000000 0.00000000000 0.00000000000 0.00000000000 0.00000000000 0.00000000000 0.00000000000 0.00000000000 0.00000000000 0.00000000000 0.00000000000 0.00000000000 0.00000000000 0.00000000000 0.00000000000 0.00000000000 0.00000000000 0.00000000000 0.00000000000 0.00000000000 0.00000000000 0.00000000000 0.00000000000
# sel50_fsh[3]:
 0.00000000000 0.00000000000 0.00000000000 0.00000000000 0.00000000000 0.00000000000 0.00000000000 0.00000000000 0.00000000000 0.00000000000 0.00000000000 0.00000000000 0.00000000000 0.00000000000 0.00000000000 0.00000000000 0.00000000000 0.00000000000 0.00000000000 0.00000000000 0.00000000000 0.00000000000 0.00000000000 0.00000000000 0.00000000000 0.00000000000 0.00000000000 0.00000000000 0.00000000000 0.00000000000 0.00000000000 0.00000000000 0.00000000000 0.00000000000 0.00000000000 0.00000000000 0.00000000000 0.00000000000 0.00000000000 0.00000000000
# sel50_fsh[4]:
 0.00000000000 0.00000000000 0.00000000000 0.00000000000 0.00000000000 0.00000000000 0.00000000000 0.00000000000 0.00000000000 0.00000000000 0.00000000000 0.00000000000 0.00000000000 0.00000000000 0.00000000000 0.00000000000 0.00000000000 0.00000000000 0.00000000000 0.00000000000 0.00000000000 0.00000000000 0.00000000000 0.00000000000 0.00000000000 0.00000000000 0.00000000000 0.00000000000 0.00000000000 0.00000000000 0.00000000000
# logsel_p1_fsh[1]:
 0.00000000000 0.00000000000 0.00000000000 0.00000000000 0.00000000000 0.00000000000 0.00000000000 0.00000000000 0.00000000000 0.00000000000 0.00000000000 0.00000000000 0.00000000000 0.00000000000 0.00000000000 0.00000000000 0.00000000000 0.00000000000 0.00000000000 0.00000000000 0.00000000000 0.00000000000 0.00000000000 0.00000000000 0.00000000000 0.00000000000 0.00000000000 0.00000000000 0.00000000000 0.00000000000 0.00000000000 0.00000000000 0.00000000000 0.00000000000 0.00000000000 0.00000000000
# logsel_p1_fsh[2]:
 0.00000000000 0.00000000000 0.00000000000 0.00000000000 0.00000000000 0.00000000000 0.00000000000 0.00000000000 0.00000000000 0.00000000000 0.00000000000 0.00000000000 0.00000000000 0.00000000000 0.00000000000 0.00000000000 0.00000000000 0.00000000000 0.00000000000 0.00000000000 0.00000000000 0.00000000000 0.00000000000 0.00000000000 0.00000000000 0.00000000000 0.00000000000 0.00000000000 0.00000000000 0.00000000000 0.00000000000 0.00000000000 0.00000000000 0.00000000000 0.00000000000 0.00000000000 0.00000000000
# logsel_p1_fsh[3]:
 0.00000000000 0.00000000000 0.00000000000 0.00000000000 0.00000000000 0.00000000000 0.00000000000 0.00000000000 0.00000000000 0.00000000000 0.00000000000 0.00000000000 0.00000000000 0.00000000000 0.00000000000 0.00000000000 0.00000000000 0.00000000000 0.00000000000 0.00000000000 0.00000000000 0.00000000000 0.00000000000 0.00000000000 0.00000000000 0.00000000000 0.00000000000 0.00000000000 0.00000000000 0.00000000000 0.00000000000 0.00000000000 0.00000000000 0.00000000000 0.00000000000 0.00000000000 0.00000000000 0.00000000000 0.00000000000 0.00000000000
# logsel_p1_fsh[4]:
 0.00000000000 0.00000000000 0.00000000000 0.00000000000 0.00000000000 0.00000000000 0.00000000000 0.00000000000 0.00000000000 0.00000000000 0.00000000000 0.00000000000 0.00000000000 0.00000000000 0.00000000000 0.00000000000 0.00000000000 0.00000000000 0.00000000000 0.00000000000 0.00000000000 0.00000000000 0.00000000000 0.00000000000 0.00000000000 0.00000000000 0.00000000000 0.00000000000 0.00000000000 0.00000000000 0.00000000000
# sel_p2_fsh[1]:
 0.00000000000 0.00000000000 0.00000000000 0.00000000000 0.00000000000 0.00000000000 0.00000000000 0.00000000000 0.00000000000 0.00000000000 0.00000000000 0.00000000000 0.00000000000 0.00000000000 0.00000000000 0.00000000000 0.00000000000 0.00000000000 0.00000000000 0.00000000000 0.00000000000 0.00000000000 0.00000000000 0.00000000000 0.00000000000 0.00000000000 0.00000000000 0.00000000000 0.00000000000 0.00000000000 0.00000000000 0.00000000000 0.00000000000 0.00000000000 0.00000000000 0.00000000000
# sel_p2_fsh[2]:
 0.00000000000 0.00000000000 0.00000000000 0.00000000000 0.00000000000 0.00000000000 0.00000000000 0.00000000000 0.00000000000 0.00000000000 0.00000000000 0.00000000000 0.00000000000 0.00000000000 0.00000000000 0.00000000000 0.00000000000 0.00000000000 0.00000000000 0.00000000000 0.00000000000 0.00000000000 0.00000000000 0.00000000000 0.00000000000 0.00000000000 0.00000000000 0.00000000000 0.00000000000 0.00000000000 0.00000000000 0.00000000000 0.00000000000 0.00000000000 0.00000000000 0.00000000000 0.00000000000
# sel_p2_fsh[3]:
 0.00000000000 0.00000000000 0.00000000000 0.00000000000 0.00000000000 0.00000000000 0.00000000000 0.00000000000 0.00000000000 0.00000000000 0.00000000000 0.00000000000 0.00000000000 0.00000000000 0.00000000000 0.00000000000 0.00000000000 0.00000000000 0.00000000000 0.00000000000 0.00000000000 0.00000000000 0.00000000000 0.00000000000 0.00000000000 0.00000000000 0.00000000000 0.00000000000 0.00000000000 0.00000000000 0.00000000000 0.00000000000 0.00000000000 0.00000000000 0.00000000000 0.00000000000 0.00000000000 0.00000000000 0.00000000000 0.00000000000
# sel_p2_fsh[4]:
 0.00000000000 0.00000000000 0.00000000000 0.00000000000 0.00000000000 0.00000000000 0.00000000000 0.00000000000 0.00000000000 0.00000000000 0.00000000000 0.00000000000 0.00000000000 0.00000000000 0.00000000000 0.00000000000 0.00000000000 0.00000000000 0.00000000000 0.00000000000 0.00000000000 0.00000000000 0.00000000000 0.00000000000 0.00000000000 0.00000000000 0.00000000000 0.00000000000 0.00000000000 0.00000000000 0.00000000000
# logsel_p3_fsh[1]:
 0.00000000000 0.00000000000 0.00000000000 0.00000000000 0.00000000000 0.00000000000 0.00000000000 0.00000000000 0.00000000000 0.00000000000 0.00000000000 0.00000000000 0.00000000000 0.00000000000 0.00000000000 0.00000000000 0.00000000000 0.00000000000 0.00000000000 0.00000000000 0.00000000000 0.00000000000 0.00000000000 0.00000000000 0.00000000000 0.00000000000 0.00000000000 0.00000000000 0.00000000000 0.00000000000 0.00000000000 0.00000000000 0.00000000000 0.00000000000 0.00000000000 0.00000000000
# logsel_p3_fsh[2]:
 0.00000000000 0.00000000000 0.00000000000 0.00000000000 0.00000000000 0.00000000000 0.00000000000 0.00000000000 0.00000000000 0.00000000000 0.00000000000 0.00000000000 0.00000000000 0.00000000000 0.00000000000 0.00000000000 0.00000000000 0.00000000000 0.00000000000 0.00000000000 0.00000000000 0.00000000000 0.00000000000 0.00000000000 0.00000000000 0.00000000000 0.00000000000 0.00000000000 0.00000000000 0.00000000000 0.00000000000 0.00000000000 0.00000000000 0.00000000000 0.00000000000 0.00000000000 0.00000000000
# logsel_p3_fsh[3]:
 0.00000000000 0.00000000000 0.00000000000 0.00000000000 0.00000000000 0.00000000000 0.00000000000 0.00000000000 0.00000000000 0.00000000000 0.00000000000 0.00000000000 0.00000000000 0.00000000000 0.00000000000 0.00000000000 0.00000000000 0.00000000000 0.00000000000 0.00000000000 0.00000000000 0.00000000000 0.00000000000 0.00000000000 0.00000000000 0.00000000000 0.00000000000 0.00000000000 0.00000000000 0.00000000000 0.00000000000 0.00000000000 0.00000000000 0.00000000000 0.00000000000 0.00000000000 0.00000000000 0.00000000000 0.00000000000 0.00000000000
# logsel_p3_fsh[4]:
 0.00000000000 0.00000000000 0.00000000000 0.00000000000 0.00000000000 0.00000000000 0.00000000000 0.00000000000 0.00000000000 0.00000000000 0.00000000000 0.00000000000 0.00000000000 0.00000000000 0.00000000000 0.00000000000 0.00000000000 0.00000000000 0.00000000000 0.00000000000 0.00000000000 0.00000000000 0.00000000000 0.00000000000 0.00000000000 0.00000000000 0.00000000000 0.00000000000 0.00000000000 0.00000000000 0.00000000000
# rec_dev_future:
 0.00000000000 0.00000000000 0.00000000000 0.00000000000 0.00000000000 0.00000000000 0.00000000000 0.00000000000 0.00000000000 0.00000000000 0.00000000000 0.00000000000 0.00000000000 0.00000000000 0.00000000000 0.00000000000 0.00000000000 0.00000000000 0.00000000000 0.00000000000
# log_q_ind[1]:
-0.100386038559
# log_q_ind[2]:
-3.05866338411
# log_q_ind[3]:
-9.57063602278
# log_q_ind[4]:
-0.751499684207
# log_q_ind[5]:
-6.19745167358
# log_q_ind[6]:
-8.43351525838
# log_q_ind[7]:
-8.32489013789
# log_q_ind[8]:
-1.19874465915
# log_q_power_ind[1]:
0.00000000000
# log_q_power_ind[2]:
0.00000000000
# log_q_power_ind[3]:
0.00000000000
# log_q_power_ind[4]:
0.00000000000
# log_q_power_ind[5]:
0.00000000000
# log_q_power_ind[6]:
0.00000000000
# log_q_power_ind[7]:
0.00000000000
# log_q_power_ind[8]:
0.00000000000
# log_rw_q_ind[1]:
 -1.20893227187
# log_rw_q_ind[3]:
 -0.380269752868
# log_selcoffs_ind[1]:
 -3.22463361240 -2.07178534320 -0.969658581981 -0.120415758128 0.326658969301 0.476892642854 0.436152591239 0.342402576850 0.278109652085 0.258829338302
 -3.15879009240 -2.25062218846 -1.37500697067 -0.575986577990 0.0722251324949 0.476944297140 0.588009975256 0.515921138499 0.398424443396 0.326495090043
# log_selcoffs_ind[2]:
 -0.704127680491 -0.191100172635 0.121692542785 0.210330668002 0.0906871774800 -0.0174504592462 -0.0303344413421 0.0343549387761 0.101123298336 0.119385417332
 -0.174687709459 -0.00896065542509 0.0660985329720 0.137385759165 0.139742842920 0.0778084793783 -0.00940844803731 -0.0761370736913 -0.102818645251 -0.101933501897
 0.121906917695 0.0602576301027 0.0996265482197 0.180660636072 0.168857589341 0.0597547363846 -0.0872907847725 -0.208269170838 -0.266121485479 -0.267616171562
# log_selcoffs_ind[3]:
 -0.202940821038 0.0202027052767 0.0202027052767 0.0202027052767 0.0202027052767 0.0202027052767 0.0202027052767 0.0202027052767 0.0202027052767 0.0202027052767
# log_selcoffs_ind[4]:
 -2.61998346438 -1.61638401913 -0.750889931768 -0.203839297940 0.0256437251954 0.165787322862 0.290920626348 0.408926936223 0.500434123393 0.555289723177
 -3.23851564712 -2.35836760536 -1.49759775380 -0.758246384820 -0.202890793041 0.193774048930 0.454421719903 0.608238181602 0.634577912040 0.612577062326
# log_selcoffs_ind[5]:
 -3.04452005677 -0.669616569639 0.101782682789 0.174353368097 0.174353368097 0.174353368097 0.174353368097 0.174353368097 0.174353368097 0.174353368097
# log_selcoffs_ind[6]:
 -3.04452005677 -0.669616569639 0.101782682789 0.174353368097 0.174353368097 0.174353368097 0.174353368097 0.174353368097 0.174353368097 0.174353368097
# log_selcoffs_ind[7]:
 -3.04452005677 -0.669616569639 0.101782682789 0.174353368097 0.174353368097 0.174353368097 0.174353368097 0.174353368097 0.174353368097 0.174353368097
# log_selcoffs_ind[8]:
 -3.04452005677 -0.669616569639 0.101782682789 0.174353368097 0.174353368097 0.174353368097 0.174353368097 0.174353368097 0.174353368097 0.174353368097
# logsel_slope_ind[1]:
 0.00000000000 0.00000000000
# logsel_slope_ind[2]:
 0.00000000000 0.00000000000 0.00000000000
# logsel_slope_ind[3]:
 0.00000000000
# logsel_slope_ind[4]:
 0.00000000000 0.00000000000
# logsel_slope_ind[5]:
 0.00000000000
# logsel_slope_ind[6]:
 0.00000000000
# logsel_slope_ind[7]:
 0.00000000000
# logsel_slope_ind[8]:
 0.00000000000
# sel50_ind[1]:
 0.00000000000 0.00000000000
# sel50_ind[2]:
 0.00000000000 0.00000000000 0.00000000000
# sel50_ind[3]:
 0.00000000000
# sel50_ind[4]:
 0.00000000000 0.00000000000
# sel50_ind[5]:
 0.00000000000
# sel50_ind[6]:
 0.00000000000
# sel50_ind[7]:
 0.00000000000
# sel50_ind[8]:
 0.00000000000
# logsel_p1_ind[1]:
 0.00000000000 0.00000000000
# logsel_p1_ind[2]:
 0.00000000000 0.00000000000 0.00000000000
# logsel_p1_ind[3]:
 0.00000000000
# logsel_p1_ind[4]:
 0.00000000000 0.00000000000
# logsel_p1_ind[5]:
 0.00000000000
# logsel_p1_ind[6]:
 0.00000000000
# logsel_p1_ind[7]:
 0.00000000000
# logsel_p1_ind[8]:
 0.00000000000
# sel_p2_ind[1]:
 0.00000000000 0.00000000000
# sel_p2_ind[2]:
 0.00000000000 0.00000000000 0.00000000000
# sel_p2_ind[3]:
 0.00000000000
# sel_p2_ind[4]:
 0.00000000000 0.00000000000
# sel_p2_ind[5]:
 0.00000000000
# sel_p2_ind[6]:
 0.00000000000
# sel_p2_ind[7]:
 0.00000000000
# sel_p2_ind[8]:
 0.00000000000
# logsel_p3_ind[1]:
 0.00000000000 0.00000000000
# logsel_p3_ind[2]:
 0.00000000000 0.00000000000 0.00000000000
# logsel_p3_ind[3]:
 0.00000000000
# logsel_p3_ind[4]:
 0.00000000000 0.00000000000
# logsel_p3_ind[5]:
 0.00000000000
# logsel_p3_ind[6]:
 0.00000000000
# logsel_p3_ind[7]:
 0.00000000000
# logsel_p3_ind[8]:
 0.00000000000
