# Number of parameters = 1780 Objective function value = 1324.55294968999  Maximum gradient component = 0.000232852704870322
# Mest[1]:
0.280000000000
# log_Linf[1]:
4.29810139974
# log_k[1]:
-1.83258146375
# log_Lo[1]:
2.60712428251
# log_sdage[1]:
-2.40794560865
# mean_log_rec[1]:
9.35081239607
# steepness[1]:
0.650000000000
# log_Rzero[1]:
9.63731379503
# rec_dev:
 -0.0853195683140 -0.109922906607 -0.140399155818 -0.177793814779 -0.223087749923 -0.276722087377 -0.337531178072 -0.404625634695 -0.479912134028 -0.561354416631 -0.641597816128 -0.710735947983 -0.782024047083 -0.864172779729 -0.977342305643 -0.965076438321 -0.707099983915 -0.479013059523 -0.0771697709419 0.154190292723 0.194917108293 0.237013095458 0.391757662788 0.535821257305 0.866845476344 0.589850253958 0.765330685352 1.57012187095 1.50477616853 0.802169968835 0.277892826144 0.401949371187 0.677162352403 0.791017730216 0.234557967312 0.317137788807 0.252654267412 0.261752445206 0.412792788612 0.390165224435 0.637668298889 0.584772748465 0.589966374307 0.486332337416 -0.0187908086553 -0.138140950116 -0.0620408015629 -0.614962713084 -1.69315537685 -0.697666138024 -0.261961490963 -0.832967157035 -1.05195125226 -1.15189317380 -1.05495118928 -0.529642836291 -0.434112359269 0.174387150267 0.657061393893 0.938502047523 0.710560686806 0.294269936495 0.502343369132 -0.249014483183 -0.418309639268 -0.0752451471297
# log_sigmar[1]:
-0.510825623766
# fmort:
 -4.76084109696 -4.33336709603 -5.05133539558 -4.71624727177 -3.93738070392 -3.59645336123 -3.26131957264 -3.25921267076 -2.53353051759 -2.57824878102 -2.82937734911 -2.44606323330 -1.70795307575 -2.68332926718 -1.85184148307 -2.47349515450 -4.91902578565 -3.62969223289 -4.07620986715 -4.21874751429 -4.31175863913 -3.99607212105 -3.92870596345 -3.75738008124 -4.20790719257 -3.93618406981 -3.52543707215 -4.53793314332 -5.71100988456 -5.09492477491 -4.69278672131 -3.98622270610 -4.84415101824 -4.39907862722 -4.28894313594 -3.90070754374 -3.81318655604 -3.29594185410 -2.73154843498 -3.10499928947 -2.85647155284 -4.41008212284 -5.28936213141 -4.76573788330 -4.72163160599 -4.40770597854 -4.77014916880 -4.42485201664 -5.61596301797 -5.92953255078 -4.80255128031 -4.84590078599 -5.03117198377 -5.13124672542 -5.19559441628
 -7.14979570929 -6.69573292531 -6.20914182143 -5.59895865153 -5.79693300372 -5.07146749313 -4.53961336463 -4.17847888885 -3.67490927055 -3.44898370001 -3.32830103081 -2.58108039925 -2.35627223360 -2.66539817190 -2.25180714573 -1.86863412134 -1.68738725843 -1.36813805411 -1.18292041653 -1.06232159593 -1.05528858262 -0.827684602293 -0.531160539092 -0.488865444455 -0.296767555842 -0.00966441398158 -0.0469241734789 -0.0512031206388 -0.568647807059 -1.06197711448 -1.50519956052 -1.36319343007 -1.29925632462 -1.39347092154 -1.39511767581 -1.37434968839 -1.27582695124 -1.05935402909 -1.19671654199 -0.888216957504 -1.44685548761 -1.80183601828 -2.14541404854 -2.32763026848 -2.34283077323 -2.17025958012 -2.12534443539 -2.07776063184 -1.97025984151 -2.08581488590 -2.16511471802 -2.20850073151 -2.31300653976 -2.21747527274 -2.01508283448
 -8.52240396019 -7.77407111459 -6.87599228749 -5.96754095850 -4.74772888239 -5.85972502500 -5.40253845435 -3.01629212686 -3.27667679195 -3.48722571729 -3.42223661689 -3.48491482535 -4.50812354680 -4.69291939181 -4.35417070766 -4.99072469322 -5.99226814694 -6.09131777112 -4.75652826446 -4.84230661461 -4.80148883903 -5.07492947626 -5.45818914965 -5.24881517158 -4.69854898508 -3.45323463764 -3.08260752171 -2.41811797182 -2.77039446168 -3.86096674709 -3.76822660643 -2.85416447699 -4.51043821885 -4.17835873602 -4.34359448865 -5.08053066992 -3.78358130203 -3.70244907416 -3.73426719421 -3.96895505811 -5.13695943777 -2.99028288947 -3.57784441782 -4.39762872947 -4.42834472598 -5.58894272014 -6.20758070998 -7.01483131959 -5.63386467573 -5.19777152758 -5.48929055904 -5.81313344985 -5.62138203276 -5.19519573639 -5.03357253366
 -9.71982041677 -9.65020080663 -7.87295459284 -9.50371092826 -9.41984529197 -9.32415063526 -9.17781553706 -8.26823855216 -4.98755934937 -2.79076576092 -2.64900539106 -2.18246428997 -1.37463490238 -0.944888861470 -0.709470163561 -1.08900607514 -1.38508675454 -1.74637726219 -2.09399121616 -2.40469816260 -2.66238135420 -3.23790395375 -5.78528271863 -9.28072240139 -9.10727387895 -8.82640962638 -8.45762109818 -8.10231291507 -7.93664445946 -8.05591387525 -7.56866991426 -5.69130086648 -4.56569201775 -4.01252052947 -3.38379468880 -3.50670663992 -3.02037536891 -2.59851342833 -2.37018586679 -2.11125063707 -2.31464756059 -3.57005235831 -3.92997593713 -3.94611995015 -3.56936846665 -3.39992142734 -3.90957797954 -4.03191952300 -4.09900992292 -4.32812022441 -6.94649897347 -4.50834234172 -4.56592468689 -4.26710028684 -5.24385042158
# log_selcoffs_fsh[1]:
 -3.92313539067 -2.32955947366 -1.32833230039 -0.285940202950 0.709596882053 1.03731501364 0.527966975515 -0.189843223406 -0.714813766242
 -3.44273080208 -1.80423739458 -1.14200136916 -0.343501081875 0.559506403789 0.948567132428 0.600759303488 -0.00742967590010 -0.466738745397
 -3.09676992273 -1.62294831651 -0.826872240614 -0.0777036696941 0.541443033801 0.778282833814 0.528455336746 0.0641751585042 -0.306482291037
 -2.68722235119 -1.40092200277 -0.746388663745 -0.136711773052 0.598313507527 0.750026206382 0.447504840088 0.0469815005140 -0.234895998597
 -2.04128562317 -0.515753121091 -0.218461561949 0.0382601351498 0.314491870604 0.471831820702 0.357626744477 0.112046702357 -0.0950319395783
 -1.91375838538 -0.685028247234 0.296247560977 0.527408732725 0.241787237132 0.146922243446 0.0757383495496 -0.0496800192206 -0.165984757527
 -1.60588604692 -0.533980740872 0.396458424047 0.654698449816 0.269850852473 0.000701898654535 -0.121137396086 -0.193864307598 -0.246212755358
 -1.15819625878 -0.328219328472 0.454292913774 0.719348755552 0.209543250266 -0.117202279668 -0.269271395135 -0.317544866360 -0.324072334464
 -0.853704880394 0.161991662227 0.370793373044 0.520162529602 0.298711634526 -0.127577504932 -0.357469730033 -0.411453031505 -0.390595361921
 -0.611817500960 0.316061309751 0.516755210697 0.512218014960 0.138581489189 -0.266749544058 -0.487616936131 -0.522041551768 -0.480539591648
 -0.0811546200856 0.857924493783 0.408004967454 0.143211928561 -0.208371445827 -0.484711137830 -0.623528888574 -0.627933251806 -0.572035717211
 0.112502266857 0.819549736049 0.575365241157 0.121153154818 -0.383544873961 -0.634331481179 -0.728462334600 -0.714374401074 -0.652025054844
 -0.144157458443 1.08446273957 0.637091745817 -0.0724416946485 -0.583895286596 -0.793053838552 -0.844990821844 -0.811561504710 -0.752054775633
 0.174633798524 1.08663588613 0.575247753090 -0.134522354788 -0.678351882253 -0.876025154228 -0.909981002010 -0.865673965552 -0.807406273389
 0.168754671035 1.16552892128 0.534258773296 -0.194613901121 -0.726271068001 -0.929109578227 -0.965735563717 -0.920530245411 -0.863720933444
 -0.235218696260 1.23305809729 0.660956900015 -0.154361066851 -0.754950754912 -0.974225236711 -1.01805918322 -0.975707659474 -0.919928510908
 -0.170672808530 1.28773883199 0.587773193511 -0.197582249949 -0.787427305768 -1.01005946816 -1.05668085621 -1.01632688504 -0.960002639897
 0.447017178281 1.05152594079 0.633478377706 -0.208031350816 -0.810520468937 -1.03066765971 -1.07527972640 -1.03102221699 -0.970827650855
 0.737932289066 1.07415255232 0.382335312359 -0.326365715976 -0.871065274531 -1.08141394079 -1.12107119111 -1.06911806082 -1.00300571455
 0.470617008780 1.17618634142 0.539939199360 -0.324589842847 -0.927115654133 -1.13947739754 -1.16738459403 -1.10052702103 -1.02512919613
 0.547761901822 1.26930735465 0.373013775421 -0.456937790222 -1.01639751069 -1.20896830714 -1.22140858109 -1.13588969865 -1.04822791350
 0.434035471586 1.29408572899 0.512198175893 -0.521064850021 -1.11388224149 -1.28332901560 -1.26983939457 -1.16182625549 -1.05889974373
 0.695969086594 1.19232189480 0.451235213678 -0.502482203040 -1.13348849322 -1.31781041064 -1.29633109992 -1.16858673502 -1.04873743566
 0.472301582967 1.35195837277 0.365694410177 -0.551273699227 -1.14174691468 -1.33177151230 -1.31442427201 -1.17609612774 -1.04065755457
 0.668480929828 1.25880156065 0.319132146202 -0.529688781087 -1.09784842450 -1.30363969758 -1.29707453982 -1.15040318100 -1.00010827708
 0.618764985513 1.19954391311 0.389373447962 -0.384391059569 -1.02524280072 -1.25021431470 -1.23835415535 -1.08655852711 -0.927723095585
 0.0388755816796 1.25337773438 0.578562610884 -0.208451894985 -0.909445467063 -1.13865642049 -1.12269495146 -0.974444459631 -0.827608941367
 0.329789356008 1.11407450577 0.520255200775 -0.271310526113 -0.830702580523 -1.00773779740 -0.967918685623 -0.824496171607 -0.695900148485
 1.14539681832 0.671410495109 -0.0190808789304 -0.535727360569 -0.852450458666 -0.920535522080 -0.835586908480 -0.682942768271 -0.562909527770
 0.747250244954 0.992951722893 0.00746911982821 -0.660996013082 -0.853963878012 -0.810618772115 -0.669419788783 -0.504171928748 -0.386440237221
 0.484106051963 1.01196348532 -0.0597466780269 -0.640798928442 -0.763828615642 -0.667355439821 -0.482931977901 -0.306440729904 -0.191853716122
 0.343597390959 0.688807309987 -0.0347179729794 -0.467759741250 -0.542162400641 -0.440173654671 -0.243723497470 -0.0591471418659 0.0532390720328
 -0.602210413689 0.365916927503 0.0632778389640 -0.185883604998 -0.196222188458 -0.153789637329 -0.00199320802445 0.145920721242 0.247232195078
 -1.20723264281 -0.364238394444 -0.281778457853 -0.0718593409192 0.113467281950 0.120535854274 0.282267261870 0.289166470118 0.344613773226
 -0.839756416494 -0.223434178948 -0.577187779788 -0.488648608986 -0.153209253556 0.113765182947 0.331018801704 0.443735245887 0.509310755901
 -0.183157918281 -1.08895967381 -1.12308296137 -0.715085876614 -0.234447971993 0.148388518442 0.416339647959 0.549361333550 0.597106102464
 -1.29746985764 -1.41942779904 -1.29178072483 -0.699233038274 -0.110542833529 0.250807131398 0.543430087130 0.646823038197 0.642590505954
 -1.84462119472 -1.48979903705 -1.27924211635 -0.749239524509 -0.164964126727 0.296031785636 0.553134286361 0.677034806806 0.676183319129
 -1.79982511044 -1.93988583007 -1.72906949676 -1.07421749212 -0.276426685018 0.329474955987 0.685785249018 0.749306405555 0.653547336969
 -1.88478980654 -2.15099001799 -1.85937201359 -1.11493092422 -0.293000443745 0.332307969024 0.688401473207 0.771216019312 0.670355727759
# log_selcoffs_fsh[2]:
 -2.36419066764 -0.456140072050 0.330534143121 0.704118731816 0.593841294226 0.215073878838 -0.0844845584432 -0.314605008004 -0.482254119147 -0.614084214931
 -2.27276841282 -0.383271958535 -0.445392893898 0.133727476571 0.652765882141 0.635878094514 0.262771284389 -0.102153335705 -0.301029699661 -0.387591146096
 -2.82433679284 -0.969484940480 -0.533268771643 -0.0444373885189 0.543657153910 0.706787018165 0.401032594903 0.0479283132109 -0.123610059051 -0.171728723114
 -3.24059235020 -1.66039071477 -0.734318407911 -0.220186207434 0.407327699283 0.720098184462 0.444113367379 0.179319584118 0.0850356360915 0.0833251699148
 -2.85177571397 -1.29742806068 -1.22015913562 -0.685585710815 0.134696036608 0.579786232423 0.461677259155 0.346311651483 0.358935227221 0.410665195011
 -2.46383319934 -1.32727100344 -1.10180631575 -0.986285165761 -0.449150511735 0.0550981350325 0.330999169766 0.511185275556 0.679241283429 0.796444549572
 -3.11330225117 -1.84709986360 -0.961392156562 -0.781269607512 -0.652778004673 -0.291840193294 0.126842634207 0.504683285335 0.802689135268 0.980935231364
 -3.64086784031 -2.64933656774 -1.84130470310 -1.08812589573 -0.477647650224 -0.0831689611640 0.246841806398 0.484411047572 0.797236817965 1.00962926260
 -3.90777998048 -2.87888285184 -2.25250875265 -1.52167640502 -0.647947755669 -0.0650417089088 0.338566377452 0.632861624793 0.833568189172 0.937131129366
 -3.99139133434 -2.76575451141 -2.04146167580 -1.55837233595 -1.04601271475 -0.355439140224 0.240031173049 0.777256215932 0.986823795224 0.874048976660
 -3.82141627164 -2.32942126107 -1.58857263483 -1.12994041854 -0.796490641500 -0.520872095585 0.0269694498550 0.677184690177 0.995691414746 0.957935722636
 -3.74194647608 -2.22960991009 -1.41011109170 -0.951875577945 -0.589353084797 -0.287042820873 0.243131336704 0.657678609359 0.850184866947 0.870373331376
 -3.42185248843 -1.58450988689 -0.932337035989 -0.570111753499 -0.296449678234 -0.214667229957 0.162052873160 0.504421790067 0.740904056915 0.842928658717
 -2.98074954868 -1.25926127578 -0.607444850949 -0.315758511663 -0.195130758337 -0.0859235540717 0.160198508802 0.418066019257 0.627656356795 0.734784965720
 -2.58162441254 -0.586417216366 -0.333476839194 -0.309187705047 -0.329774507785 -0.186868469011 0.119318592936 0.383165009433 0.586206552567 0.682144347593
 -2.23200282832 -0.268061117628 -0.280655104936 -0.337366866681 -0.404591856713 -0.250116528966 0.0635055327758 0.343814595042 0.562829267805 0.683811547198
 -1.82956145764 -0.235756071747 -0.234615785484 -0.267074518891 -0.396455437102 -0.326383049975 -0.0321225226874 0.287403427159 0.556953435536 0.718876416317
 -1.96768923209 -0.254978052799 0.0357796220317 -0.0817846261975 -0.306000676740 -0.301274556018 -0.0619965148462 0.239937304585 0.471866270564 0.608182715736
 -2.19278347124 -0.372329721455 0.00908162067150 -0.00457731408373 -0.215931549886 -0.212671423292 0.00454227847985 0.264467539668 0.450534029025 0.533013253986
 -2.28765518326 -0.680398619550 -0.267345669100 -0.0472282517676 -0.131211267531 -0.117245630505 0.100689415536 0.350266673701 0.501077678230 0.548425046887
 -2.37436428851 -0.768422768147 -0.305244704118 -0.0332054702883 -0.127308637092 -0.140577213128 0.0840577295394 0.363966243632 0.524325003676 0.572980780810
 -2.65385566060 -0.869885331318 -0.273113916964 -0.00582498385289 -0.0596776449031 -0.0793837560682 0.124983780322 0.352107985140 0.488182920118 0.533638065415
 -2.94867793178 -1.47761580963 -0.425451024024 0.138147707787 0.135107675674 0.0467370885842 0.177449473959 0.352466301817 0.436349552456 0.445643417085
 -3.08450042833 -1.81786527448 -0.870922772875 -0.100843285666 0.264912364305 0.223309559517 0.355531249907 0.458361172486 0.429728035885 0.315141278518
 -3.15986483423 -1.62422336133 -0.853474858987 -0.398772922062 0.0734277295347 0.314992750205 0.443204943828 0.567193744449 0.455006782248 0.277480853351
 -3.32319026250 -1.93457411952 -1.05921523959 -0.209154329529 0.233060471341 0.386791513586 0.422080838562 0.486695126351 0.414979054378 0.231405255124
 -3.59941492362 -1.77202375959 -0.942811679083 0.00632795887488 0.390306921388 0.498760645452 0.470138249052 0.383580934392 0.183531956947 0.0133899851105
 -3.70880977547 -1.69057776784 -0.812525412864 0.0317497226299 0.405405051064 0.419510144510 0.677519846082 0.439943450633 -0.00533337097394 -0.251452186802
 -3.67490468181 -2.15766327638 -1.29673075896 0.0845151501863 0.609385030560 0.574454345055 0.685747651634 0.251932115812 -0.107393973269 -0.339617454136
 -3.64474571552 -1.84877502476 -0.593868069466 0.128197021245 0.818242911052 0.581971285615 0.333420898724 0.0481513055262 -0.154441529748 -0.262087656812
 -3.42592151867 -1.26594098066 -0.107564550205 0.384934272810 0.323143148640 0.233916838194 0.239697132588 0.180215638971 0.118222976344 0.0761583128743
 -3.36021406470 -1.35250005710 -0.351221772378 0.0867183739450 0.267604757243 0.150956390424 0.160534778510 0.312738980314 0.375356671299 0.368574277715
 -2.97819364511 -0.845567577372 -0.576604461445 -0.294136707512 0.0111853984862 0.0721106605037 0.0709961314775 0.337866275528 0.575528370456 0.627649366276
 -3.71010596846 -1.40529393602 -0.597352890258 -0.0888321266245 0.154072962786 0.210673638638 0.193713537559 0.307714766881 0.461648315523 0.532468098604
 -4.14285058756 -2.03536845999 -1.10555039910 -0.480671003726 0.105100736184 0.336323666082 0.404806015998 0.460742323815 0.505153611352 0.501972440017
 -4.55767030685 -2.61928604301 -1.46095869278 -0.687785177859 -0.123725630186 0.222878055887 0.454286937512 0.578235702086 0.597301562107 0.627817757811
 -4.84862001155 -3.17622530293 -2.00746607333 -1.01603791620 -0.114605079512 0.266282591530 0.559847096730 0.670050220511 0.596779519161 0.551721882485
 -4.93047888033 -3.32511828190 -2.45535852947 -1.57232454400 -0.546901002703 0.219406775244 0.597559409768 0.764861817757 0.691628401957 0.629139880137
 -4.95424988656 -3.43077371755 -2.25028491025 -1.60698830027 -0.806355979097 -0.139466871623 0.393614592468 0.687564749314 0.830944129807 0.944582979951
 -4.89770739454 -3.56133368627 -2.31238398347 -1.45066521410 -0.937047167009 -0.417631573409 0.0605028328570 0.494564282673 0.845060931194 1.26695730162
 -4.80250977203 -3.37211015965 -2.06673728977 -1.10330606340 -0.721871999661 -0.580122883828 -0.364335220724 0.0436604789406 0.721877112648 1.53812504082
# log_selcoffs_fsh[3]:
 -1.99784065694 -1.21873683213 0.184184103446 1.02543229991 0.377562777014 -0.378407881352 -0.833432321145
 -2.36128287953 -1.26309632053 0.367615100372 0.987875480621 0.320965372194 -0.396175290187 -0.816969893678
 -2.17979658833 -1.04976282052 0.216782754602 0.957489919376 0.382211497801 -0.304512273165 -0.720135148483
 -3.01368585640 -1.55653826219 0.261638620263 1.05490780093 0.332362196565 -0.352346199299 -0.750854320687
 -3.42377672905 -1.76964955246 0.291813132942 0.966707687442 0.439675208634 -0.245509785531 -0.704444605751
 -3.61112782847 -1.94526559952 -0.214337259346 0.975073401618 0.676843224224 -0.114370665907 -0.669415902138
 -3.64871208155 -1.90066036092 -0.281169875841 0.978096607742 0.664293809487 -0.0809864082388 -0.607168112923
 -3.51888207430 -1.56952640289 0.436867109439 0.746304407617 0.436567307833 -0.0613441138994 -0.482405644674
 -3.24242642180 -1.36649251978 0.258925132707 0.659487664317 0.550341741956 0.0614422614725 -0.386576794785
 -2.98149020352 -0.897894655760 0.158265563125 0.727735711272 0.488395313432 -0.00890544433751 -0.386900513066
 -3.00512191415 -1.25545814941 0.0629874041352 0.992875337605 0.440636880799 -0.227960278490 -0.594800535844
 -3.04945596061 -1.22444335732 0.190266780075 1.00437780020 0.420145657472 -0.335973112840 -0.729628006880
 -3.06971314164 -1.20448291414 0.323016266871 1.06053470347 0.279289088850 -0.490304063671 -0.798760507842
 -2.96300183975 -0.766296309609 0.750889342646 0.763465264497 0.110033568755 -0.489619116807 -0.713660983653
 -2.94215179120 -0.949326292831 0.630391003308 0.825737392167 0.161192118922 -0.404937331132 -0.586253331093
 -2.94774354784 -0.928919739223 0.735861423268 0.826326967620 -0.0356597800890 -0.487199214905 -0.509062603182
 -2.95216288363 -0.686097596811 0.908887378567 0.678567160797 -0.194500047381 -0.578985075936 -0.497725667456
 -3.01089601811 -0.767908629836 1.05718549977 0.595021155634 -0.278442753151 -0.680695159754 -0.630706931424
 -2.88655452857 -0.294816532881 1.07351167213 0.456091522049 -0.325248851310 -0.711598103144 -0.728097072821
 -2.81130312963 -0.373388126339 1.16133172292 0.380436785982 -0.398971815820 -0.758085376927 -0.787907602906
 -2.70557433054 -0.147245914297 1.15691589374 0.293809444938 -0.461567189145 -0.774971392091 -0.782118841307
 -2.64583819931 -0.428686781010 1.20304064581 0.283008202615 -0.469944764603 -0.726844005463 -0.669669797693
 -2.42523338202 -0.654750903112 1.04042591937 0.413201675349 -0.310542095325 -0.508028071943 -0.335236967965
 -2.11721956858 -0.322298804443 0.739153017789 0.465102608650 -0.148155928380 -0.329665114620 -0.119512745716
 -1.89569137371 -0.461394048914 0.507749827310 0.706804706543 -0.0312574088876 -0.334426418131 -0.167997276246
 -1.69006084812 0.347549774430 0.451917815625 0.359493732079 0.0117108215067 -0.373669859805 -0.362425081267
 -1.95562887620 0.0919580069018 1.01101903727 0.334965871554 -0.350868480386 -0.745136965921 -0.827439784344
 -2.20969524092 -0.325920814080 1.06474994122 0.623283399608 -0.364905069026 -0.941805638088 -1.14236826549
 -2.44759725120 -0.474461824723 1.05441365898 0.700296052921 -0.281844558669 -0.988531433965 -1.27252087111
 -2.55803774676 -0.546442869662 0.636152837711 1.00329031607 0.0739623156869 -0.931395163754 -1.36129551669
 -2.48114414477 0.241811539276 0.676044831559 0.762900618486 -0.0772140525464 -0.982131329446 -1.46092715534
 -2.78382568850 -0.651347365833 1.29070822923 0.497508050747 -0.435116768393 -1.20918133813 -1.65419049091
 -2.97087321856 -0.978128326906 0.988006037740 0.974669489339 -0.274170308015 -1.23027911262 -1.69201003323
 -3.02114561464 -1.03006410096 0.687419806647 1.12278309845 -0.00575304794664 -1.09353950120 -1.59452622454
 -3.01432884396 -0.915181629279 0.898502353006 0.987119414857 -0.179968019971 -1.06356369029 -1.46732459974
 -2.84681834199 -0.195847139558 1.08906503470 0.539488815892 -0.271912596295 -0.939903860240 -1.27074414463
 -2.81898943200 -0.289570135162 1.04317410309 0.574784041588 -0.228815263573 -0.814613616931 -1.08321842686
 -2.80182471436 -0.0704574582720 0.980015249646 0.477499092814 -0.164087009082 -0.691768693664 -0.963799684437
 -3.02450628011 -0.516379346486 1.07667469364 0.535619768880 -0.159483281407 -0.703244460893 -1.01123462864
 -3.23743866501 -1.14220174967 0.911071939203 0.799961906777 0.0232474366410 -0.620213611253 -1.00014103910
 -3.33103295654 -1.55150198571 0.241104008394 1.08222179640 0.366880258519 -0.392859833696 -0.891394899235
 -3.37323018963 -1.83531896492 -0.360578265827 0.922319923596 0.802368162640 -0.0964607316128 -0.787668985401
 -3.43219711739 -1.93979464103 -0.394144089598 0.752583298488 0.856685436746 0.154218327241 -0.682936709524
 -3.44574280974 -1.93370870624 -0.501038212241 0.354501365053 0.880094394000 0.591877612907 -0.555768954882
# log_selcoffs_fsh[4]:
 -2.87074848523 -2.41295818964 -1.91832898176 -1.35609671047 -0.733862642922 -0.0978870628040 0.470093654213 0.888892327955 1.10852847340
 -2.85588524185 -2.40612297760 -1.91771636108 -1.35795384322 -0.736250027977 -0.100853606742 0.468544954283 0.889282728892 1.10994090252
 -2.82708982075 -2.39230274986 -1.91756402811 -1.36023130316 -0.735380724892 -0.100154504023 0.470124797924 0.888644964383 1.10849123024
 -2.77990812431 -2.36403168790 -1.91525528492 -1.37365037102 -0.740562612203 -0.0926549936703 0.476960803323 0.889886150207 1.10162577132
 -2.70739554163 -2.29980905671 -1.87475375668 -1.36909781188 -0.761748511084 -0.101935617833 0.490036070010 0.895004257745 1.09045386666
 -2.61441497058 -2.19742984673 -1.80394567186 -1.33692984588 -0.732075317652 -0.0872217083979 0.498796043426 0.892962413489 1.06537490917
 -2.51368496485 -2.09258161292 -1.66420736317 -1.23053162225 -0.684907321835 -0.0441680789273 0.521253860763 0.877620906126 1.01665931260
 -2.39779949859 -1.98653796431 -1.55400346897 -1.08405545423 -0.568634943064 0.00401024572821 0.521068222098 0.847414498075 0.968710351623
 -2.22168338986 -1.81791511325 -1.41407051075 -0.975830369178 -0.460395649829 0.0663536660562 0.519106690660 0.802587838589 0.915373068727
 -2.01431275730 -1.58209267734 -1.16536126323 -0.801098871634 -0.400970214240 0.0711266759655 0.486574107743 0.757932528355 0.873974748618
 -1.81667674977 -1.35036470227 -0.906113162352 -0.531762513290 -0.269235095224 0.0375714347493 0.404413785248 0.688650032942 0.830702026781
 -1.64653490795 -1.17950014803 -0.714589303270 -0.320630491152 -0.0671091962330 0.0743022841675 0.305381903119 0.579767190477 0.756016491696
 -1.50180805539 -1.04161251993 -0.607439463649 -0.221936925907 0.0414232338752 0.167967294615 0.286996928057 0.479347688288 0.645031025078
 -1.36673656964 -0.912753649866 -0.492535852934 -0.150159906715 0.0743829245132 0.196231265262 0.296293215570 0.424428859448 0.533207835258
 -1.23865977135 -0.785860690869 -0.377534862086 -0.0669530178426 0.120914699339 0.213304267313 0.277195197595 0.354002070283 0.420839722059
 -1.12032223988 -0.661349499453 -0.259653143853 0.0218589106962 0.169834908204 0.219127256974 0.237334820281 0.269658710020 0.305107260453
 -1.01066798315 -0.531522026568 -0.132984870638 0.110850287261 0.212605619618 0.206756722804 0.178229315902 0.173903221617 0.185639860640
 -0.928092357001 -0.406767712241 0.0222657916048 0.216948144937 0.245825809936 0.167468119242 0.0899687410632 0.0563113853997 0.0592564336130
 -0.878874395907 -0.330481971899 0.171901129297 0.341727448630 0.254684816271 0.120698223680 -0.00852763368562 -0.0660753522382 -0.0776077883092
 -0.890451588569 -0.320682174265 0.192367009719 0.467284381019 0.330931817206 0.0864121808161 -0.0815940808501 -0.177865623763 -0.204709458190
 -0.916883472347 -0.348286096350 0.0802693013542 0.406566868861 0.428997937235 0.177356561209 -0.0570588965752 -0.180380200812 -0.223341130042
 -0.997645408156 -0.437423052820 0.00183901953386 0.251434648727 0.406192533321 0.283517250165 0.0856539124874 -0.0769495608795 -0.158296814684
 -1.13787646347 -0.610693399715 -0.130211299269 0.163800743254 0.323038706027 0.327038674401 0.211287162456 0.0795928139596 -0.00566561363468
 -1.30551755574 -0.797452769668 -0.340040959842 0.0358737873567 0.277366819224 0.362305618015 0.312500538934 0.218940292283 0.150437436078
 -1.47005106185 -0.954173609707 -0.474472523433 -0.0580275832310 0.251092727670 0.375516855796 0.360825516526 0.301885446013 0.255437648327
 -1.63791494276 -1.10683860106 -0.624747495452 -0.172156116748 0.191604933245 0.386576248478 0.412755952195 0.383595064103 0.361942517446
 -1.80121066062 -1.22003391024 -0.796509586608 -0.312292559879 0.133407210922 0.367579961885 0.449502468029 0.468648189000 0.472935664480
 -2.01305720132 -1.46649682067 -0.948419722897 -0.337946160202 0.0890382764789 0.257072977977 0.391754796052 0.534555300678 0.674257702866
 -1.57290780481 -1.50871416158 -1.11154115661 -0.636143193418 -0.169606066018 0.170488924727 0.422267459997 0.642305377070 0.813959791819
 -1.93108719749 -1.57870700596 -1.30423869975 -0.828479006983 -0.299555879652 0.129801800267 0.448232428055 0.713019450275 0.898225065285
 -1.78353073843 -1.38144956472 -1.30282568023 -1.04641435771 -0.618563666176 -0.137209491246 0.366568697332 0.793210217971 1.06264745301
 -1.53863946829 -0.890634684690 -0.923018347160 -1.01404678555 -0.807605312816 -0.361482296415 0.191185605437 0.750004248943 1.14568832512
 -1.49067529067 -0.655392903569 -0.368192653406 -0.740576376924 -0.774887519248 -0.482060164043 0.0490749218701 0.656976365827 1.10829954540
 -1.17893487861 -0.00603240967053 -0.113683730201 -0.399041751869 -0.647149189116 -0.646522248600 -0.221903092083 0.449708469007 1.00013783692
 -1.21210529376 -0.258717555580 0.0628918128784 -0.0216341987339 -0.588978807375 -0.742676806467 -0.351528077723 0.363073595140 0.998715740887
# log_sel_spl_fsh[1]:
 0.00000000000 0.00000000000 0.00000000000 0.00000000000
 0.00000000000 0.00000000000 0.00000000000 0.00000000000
 0.00000000000 0.00000000000 0.00000000000 0.00000000000
 0.00000000000 0.00000000000 0.00000000000 0.00000000000
 0.00000000000 0.00000000000 0.00000000000 0.00000000000
 0.00000000000 0.00000000000 0.00000000000 0.00000000000
 0.00000000000 0.00000000000 0.00000000000 0.00000000000
 0.00000000000 0.00000000000 0.00000000000 0.00000000000
 0.00000000000 0.00000000000 0.00000000000 0.00000000000
 0.00000000000 0.00000000000 0.00000000000 0.00000000000
 0.00000000000 0.00000000000 0.00000000000 0.00000000000
 0.00000000000 0.00000000000 0.00000000000 0.00000000000
 0.00000000000 0.00000000000 0.00000000000 0.00000000000
 0.00000000000 0.00000000000 0.00000000000 0.00000000000
 0.00000000000 0.00000000000 0.00000000000 0.00000000000
 0.00000000000 0.00000000000 0.00000000000 0.00000000000
 0.00000000000 0.00000000000 0.00000000000 0.00000000000
 0.00000000000 0.00000000000 0.00000000000 0.00000000000
 0.00000000000 0.00000000000 0.00000000000 0.00000000000
 0.00000000000 0.00000000000 0.00000000000 0.00000000000
 0.00000000000 0.00000000000 0.00000000000 0.00000000000
 0.00000000000 0.00000000000 0.00000000000 0.00000000000
 0.00000000000 0.00000000000 0.00000000000 0.00000000000
 0.00000000000 0.00000000000 0.00000000000 0.00000000000
 0.00000000000 0.00000000000 0.00000000000 0.00000000000
 0.00000000000 0.00000000000 0.00000000000 0.00000000000
 0.00000000000 0.00000000000 0.00000000000 0.00000000000
 0.00000000000 0.00000000000 0.00000000000 0.00000000000
 0.00000000000 0.00000000000 0.00000000000 0.00000000000
 0.00000000000 0.00000000000 0.00000000000 0.00000000000
 0.00000000000 0.00000000000 0.00000000000 0.00000000000
 0.00000000000 0.00000000000 0.00000000000 0.00000000000
 0.00000000000 0.00000000000 0.00000000000 0.00000000000
 0.00000000000 0.00000000000 0.00000000000 0.00000000000
 0.00000000000 0.00000000000 0.00000000000 0.00000000000
 0.00000000000 0.00000000000 0.00000000000 0.00000000000
 0.00000000000 0.00000000000 0.00000000000 0.00000000000
 0.00000000000 0.00000000000 0.00000000000 0.00000000000
 0.00000000000 0.00000000000 0.00000000000 0.00000000000
 0.00000000000 0.00000000000 0.00000000000 0.00000000000
# log_sel_spl_fsh[2]:
 0.00000000000 0.00000000000 0.00000000000 0.00000000000
 0.00000000000 0.00000000000 0.00000000000 0.00000000000
 0.00000000000 0.00000000000 0.00000000000 0.00000000000
 0.00000000000 0.00000000000 0.00000000000 0.00000000000
 0.00000000000 0.00000000000 0.00000000000 0.00000000000
 0.00000000000 0.00000000000 0.00000000000 0.00000000000
 0.00000000000 0.00000000000 0.00000000000 0.00000000000
 0.00000000000 0.00000000000 0.00000000000 0.00000000000
 0.00000000000 0.00000000000 0.00000000000 0.00000000000
 0.00000000000 0.00000000000 0.00000000000 0.00000000000
 0.00000000000 0.00000000000 0.00000000000 0.00000000000
 0.00000000000 0.00000000000 0.00000000000 0.00000000000
 0.00000000000 0.00000000000 0.00000000000 0.00000000000
 0.00000000000 0.00000000000 0.00000000000 0.00000000000
 0.00000000000 0.00000000000 0.00000000000 0.00000000000
 0.00000000000 0.00000000000 0.00000000000 0.00000000000
 0.00000000000 0.00000000000 0.00000000000 0.00000000000
 0.00000000000 0.00000000000 0.00000000000 0.00000000000
 0.00000000000 0.00000000000 0.00000000000 0.00000000000
 0.00000000000 0.00000000000 0.00000000000 0.00000000000
 0.00000000000 0.00000000000 0.00000000000 0.00000000000
 0.00000000000 0.00000000000 0.00000000000 0.00000000000
 0.00000000000 0.00000000000 0.00000000000 0.00000000000
 0.00000000000 0.00000000000 0.00000000000 0.00000000000
 0.00000000000 0.00000000000 0.00000000000 0.00000000000
 0.00000000000 0.00000000000 0.00000000000 0.00000000000
 0.00000000000 0.00000000000 0.00000000000 0.00000000000
 0.00000000000 0.00000000000 0.00000000000 0.00000000000
 0.00000000000 0.00000000000 0.00000000000 0.00000000000
 0.00000000000 0.00000000000 0.00000000000 0.00000000000
 0.00000000000 0.00000000000 0.00000000000 0.00000000000
 0.00000000000 0.00000000000 0.00000000000 0.00000000000
 0.00000000000 0.00000000000 0.00000000000 0.00000000000
 0.00000000000 0.00000000000 0.00000000000 0.00000000000
 0.00000000000 0.00000000000 0.00000000000 0.00000000000
 0.00000000000 0.00000000000 0.00000000000 0.00000000000
 0.00000000000 0.00000000000 0.00000000000 0.00000000000
 0.00000000000 0.00000000000 0.00000000000 0.00000000000
 0.00000000000 0.00000000000 0.00000000000 0.00000000000
 0.00000000000 0.00000000000 0.00000000000 0.00000000000
 0.00000000000 0.00000000000 0.00000000000 0.00000000000
# log_sel_spl_fsh[3]:
 0.00000000000 0.00000000000 0.00000000000 0.00000000000
 0.00000000000 0.00000000000 0.00000000000 0.00000000000
 0.00000000000 0.00000000000 0.00000000000 0.00000000000
 0.00000000000 0.00000000000 0.00000000000 0.00000000000
 0.00000000000 0.00000000000 0.00000000000 0.00000000000
 0.00000000000 0.00000000000 0.00000000000 0.00000000000
 0.00000000000 0.00000000000 0.00000000000 0.00000000000
 0.00000000000 0.00000000000 0.00000000000 0.00000000000
 0.00000000000 0.00000000000 0.00000000000 0.00000000000
 0.00000000000 0.00000000000 0.00000000000 0.00000000000
 0.00000000000 0.00000000000 0.00000000000 0.00000000000
 0.00000000000 0.00000000000 0.00000000000 0.00000000000
 0.00000000000 0.00000000000 0.00000000000 0.00000000000
 0.00000000000 0.00000000000 0.00000000000 0.00000000000
 0.00000000000 0.00000000000 0.00000000000 0.00000000000
 0.00000000000 0.00000000000 0.00000000000 0.00000000000
 0.00000000000 0.00000000000 0.00000000000 0.00000000000
 0.00000000000 0.00000000000 0.00000000000 0.00000000000
 0.00000000000 0.00000000000 0.00000000000 0.00000000000
 0.00000000000 0.00000000000 0.00000000000 0.00000000000
 0.00000000000 0.00000000000 0.00000000000 0.00000000000
 0.00000000000 0.00000000000 0.00000000000 0.00000000000
 0.00000000000 0.00000000000 0.00000000000 0.00000000000
 0.00000000000 0.00000000000 0.00000000000 0.00000000000
 0.00000000000 0.00000000000 0.00000000000 0.00000000000
 0.00000000000 0.00000000000 0.00000000000 0.00000000000
 0.00000000000 0.00000000000 0.00000000000 0.00000000000
 0.00000000000 0.00000000000 0.00000000000 0.00000000000
 0.00000000000 0.00000000000 0.00000000000 0.00000000000
 0.00000000000 0.00000000000 0.00000000000 0.00000000000
 0.00000000000 0.00000000000 0.00000000000 0.00000000000
 0.00000000000 0.00000000000 0.00000000000 0.00000000000
 0.00000000000 0.00000000000 0.00000000000 0.00000000000
 0.00000000000 0.00000000000 0.00000000000 0.00000000000
 0.00000000000 0.00000000000 0.00000000000 0.00000000000
 0.00000000000 0.00000000000 0.00000000000 0.00000000000
 0.00000000000 0.00000000000 0.00000000000 0.00000000000
 0.00000000000 0.00000000000 0.00000000000 0.00000000000
 0.00000000000 0.00000000000 0.00000000000 0.00000000000
 0.00000000000 0.00000000000 0.00000000000 0.00000000000
 0.00000000000 0.00000000000 0.00000000000 0.00000000000
 0.00000000000 0.00000000000 0.00000000000 0.00000000000
 0.00000000000 0.00000000000 0.00000000000 0.00000000000
 0.00000000000 0.00000000000 0.00000000000 0.00000000000
# log_sel_spl_fsh[4]:
 0.00000000000 0.00000000000 0.00000000000 0.00000000000
 0.00000000000 0.00000000000 0.00000000000 0.00000000000
 0.00000000000 0.00000000000 0.00000000000 0.00000000000
 0.00000000000 0.00000000000 0.00000000000 0.00000000000
 0.00000000000 0.00000000000 0.00000000000 0.00000000000
 0.00000000000 0.00000000000 0.00000000000 0.00000000000
 0.00000000000 0.00000000000 0.00000000000 0.00000000000
 0.00000000000 0.00000000000 0.00000000000 0.00000000000
 0.00000000000 0.00000000000 0.00000000000 0.00000000000
 0.00000000000 0.00000000000 0.00000000000 0.00000000000
 0.00000000000 0.00000000000 0.00000000000 0.00000000000
 0.00000000000 0.00000000000 0.00000000000 0.00000000000
 0.00000000000 0.00000000000 0.00000000000 0.00000000000
 0.00000000000 0.00000000000 0.00000000000 0.00000000000
 0.00000000000 0.00000000000 0.00000000000 0.00000000000
 0.00000000000 0.00000000000 0.00000000000 0.00000000000
 0.00000000000 0.00000000000 0.00000000000 0.00000000000
 0.00000000000 0.00000000000 0.00000000000 0.00000000000
 0.00000000000 0.00000000000 0.00000000000 0.00000000000
 0.00000000000 0.00000000000 0.00000000000 0.00000000000
 0.00000000000 0.00000000000 0.00000000000 0.00000000000
 0.00000000000 0.00000000000 0.00000000000 0.00000000000
 0.00000000000 0.00000000000 0.00000000000 0.00000000000
 0.00000000000 0.00000000000 0.00000000000 0.00000000000
 0.00000000000 0.00000000000 0.00000000000 0.00000000000
 0.00000000000 0.00000000000 0.00000000000 0.00000000000
 0.00000000000 0.00000000000 0.00000000000 0.00000000000
 0.00000000000 0.00000000000 0.00000000000 0.00000000000
 0.00000000000 0.00000000000 0.00000000000 0.00000000000
 0.00000000000 0.00000000000 0.00000000000 0.00000000000
 0.00000000000 0.00000000000 0.00000000000 0.00000000000
 0.00000000000 0.00000000000 0.00000000000 0.00000000000
 0.00000000000 0.00000000000 0.00000000000 0.00000000000
 0.00000000000 0.00000000000 0.00000000000 0.00000000000
 0.00000000000 0.00000000000 0.00000000000 0.00000000000
# logsel_slope_fsh[1]:
 0.00000000000 0.00000000000 0.00000000000 0.00000000000 0.00000000000 0.00000000000 0.00000000000 0.00000000000 0.00000000000 0.00000000000 0.00000000000 0.00000000000 0.00000000000 0.00000000000 0.00000000000 0.00000000000 0.00000000000 0.00000000000 0.00000000000 0.00000000000 0.00000000000 0.00000000000 0.00000000000 0.00000000000 0.00000000000 0.00000000000 0.00000000000 0.00000000000 0.00000000000 0.00000000000 0.00000000000 0.00000000000 0.00000000000 0.00000000000 0.00000000000 0.00000000000 0.00000000000 0.00000000000 0.00000000000 0.00000000000
# logsel_slope_fsh[2]:
 0.00000000000 0.00000000000 0.00000000000 0.00000000000 0.00000000000 0.00000000000 0.00000000000 0.00000000000 0.00000000000 0.00000000000 0.00000000000 0.00000000000 0.00000000000 0.00000000000 0.00000000000 0.00000000000 0.00000000000 0.00000000000 0.00000000000 0.00000000000 0.00000000000 0.00000000000 0.00000000000 0.00000000000 0.00000000000 0.00000000000 0.00000000000 0.00000000000 0.00000000000 0.00000000000 0.00000000000 0.00000000000 0.00000000000 0.00000000000 0.00000000000 0.00000000000 0.00000000000 0.00000000000 0.00000000000 0.00000000000 0.00000000000
# logsel_slope_fsh[3]:
 0.00000000000 0.00000000000 0.00000000000 0.00000000000 0.00000000000 0.00000000000 0.00000000000 0.00000000000 0.00000000000 0.00000000000 0.00000000000 0.00000000000 0.00000000000 0.00000000000 0.00000000000 0.00000000000 0.00000000000 0.00000000000 0.00000000000 0.00000000000 0.00000000000 0.00000000000 0.00000000000 0.00000000000 0.00000000000 0.00000000000 0.00000000000 0.00000000000 0.00000000000 0.00000000000 0.00000000000 0.00000000000 0.00000000000 0.00000000000 0.00000000000 0.00000000000 0.00000000000 0.00000000000 0.00000000000 0.00000000000 0.00000000000 0.00000000000 0.00000000000 0.00000000000
# logsel_slope_fsh[4]:
 0.00000000000 0.00000000000 0.00000000000 0.00000000000 0.00000000000 0.00000000000 0.00000000000 0.00000000000 0.00000000000 0.00000000000 0.00000000000 0.00000000000 0.00000000000 0.00000000000 0.00000000000 0.00000000000 0.00000000000 0.00000000000 0.00000000000 0.00000000000 0.00000000000 0.00000000000 0.00000000000 0.00000000000 0.00000000000 0.00000000000 0.00000000000 0.00000000000 0.00000000000 0.00000000000 0.00000000000 0.00000000000 0.00000000000 0.00000000000 0.00000000000
# sel50_fsh[1]:
 0.00000000000 0.00000000000 0.00000000000 0.00000000000 0.00000000000 0.00000000000 0.00000000000 0.00000000000 0.00000000000 0.00000000000 0.00000000000 0.00000000000 0.00000000000 0.00000000000 0.00000000000 0.00000000000 0.00000000000 0.00000000000 0.00000000000 0.00000000000 0.00000000000 0.00000000000 0.00000000000 0.00000000000 0.00000000000 0.00000000000 0.00000000000 0.00000000000 0.00000000000 0.00000000000 0.00000000000 0.00000000000 0.00000000000 0.00000000000 0.00000000000 0.00000000000 0.00000000000 0.00000000000 0.00000000000 0.00000000000
# sel50_fsh[2]:
 0.00000000000 0.00000000000 0.00000000000 0.00000000000 0.00000000000 0.00000000000 0.00000000000 0.00000000000 0.00000000000 0.00000000000 0.00000000000 0.00000000000 0.00000000000 0.00000000000 0.00000000000 0.00000000000 0.00000000000 0.00000000000 0.00000000000 0.00000000000 0.00000000000 0.00000000000 0.00000000000 0.00000000000 0.00000000000 0.00000000000 0.00000000000 0.00000000000 0.00000000000 0.00000000000 0.00000000000 0.00000000000 0.00000000000 0.00000000000 0.00000000000 0.00000000000 0.00000000000 0.00000000000 0.00000000000 0.00000000000 0.00000000000
# sel50_fsh[3]:
 0.00000000000 0.00000000000 0.00000000000 0.00000000000 0.00000000000 0.00000000000 0.00000000000 0.00000000000 0.00000000000 0.00000000000 0.00000000000 0.00000000000 0.00000000000 0.00000000000 0.00000000000 0.00000000000 0.00000000000 0.00000000000 0.00000000000 0.00000000000 0.00000000000 0.00000000000 0.00000000000 0.00000000000 0.00000000000 0.00000000000 0.00000000000 0.00000000000 0.00000000000 0.00000000000 0.00000000000 0.00000000000 0.00000000000 0.00000000000 0.00000000000 0.00000000000 0.00000000000 0.00000000000 0.00000000000 0.00000000000 0.00000000000 0.00000000000 0.00000000000 0.00000000000
# sel50_fsh[4]:
 0.00000000000 0.00000000000 0.00000000000 0.00000000000 0.00000000000 0.00000000000 0.00000000000 0.00000000000 0.00000000000 0.00000000000 0.00000000000 0.00000000000 0.00000000000 0.00000000000 0.00000000000 0.00000000000 0.00000000000 0.00000000000 0.00000000000 0.00000000000 0.00000000000 0.00000000000 0.00000000000 0.00000000000 0.00000000000 0.00000000000 0.00000000000 0.00000000000 0.00000000000 0.00000000000 0.00000000000 0.00000000000 0.00000000000 0.00000000000 0.00000000000
# logsel_p1_fsh[1]:
 0.00000000000 0.00000000000 0.00000000000 0.00000000000 0.00000000000 0.00000000000 0.00000000000 0.00000000000 0.00000000000 0.00000000000 0.00000000000 0.00000000000 0.00000000000 0.00000000000 0.00000000000 0.00000000000 0.00000000000 0.00000000000 0.00000000000 0.00000000000 0.00000000000 0.00000000000 0.00000000000 0.00000000000 0.00000000000 0.00000000000 0.00000000000 0.00000000000 0.00000000000 0.00000000000 0.00000000000 0.00000000000 0.00000000000 0.00000000000 0.00000000000 0.00000000000 0.00000000000 0.00000000000 0.00000000000 0.00000000000
# logsel_p1_fsh[2]:
 0.00000000000 0.00000000000 0.00000000000 0.00000000000 0.00000000000 0.00000000000 0.00000000000 0.00000000000 0.00000000000 0.00000000000 0.00000000000 0.00000000000 0.00000000000 0.00000000000 0.00000000000 0.00000000000 0.00000000000 0.00000000000 0.00000000000 0.00000000000 0.00000000000 0.00000000000 0.00000000000 0.00000000000 0.00000000000 0.00000000000 0.00000000000 0.00000000000 0.00000000000 0.00000000000 0.00000000000 0.00000000000 0.00000000000 0.00000000000 0.00000000000 0.00000000000 0.00000000000 0.00000000000 0.00000000000 0.00000000000 0.00000000000
# logsel_p1_fsh[3]:
 0.00000000000 0.00000000000 0.00000000000 0.00000000000 0.00000000000 0.00000000000 0.00000000000 0.00000000000 0.00000000000 0.00000000000 0.00000000000 0.00000000000 0.00000000000 0.00000000000 0.00000000000 0.00000000000 0.00000000000 0.00000000000 0.00000000000 0.00000000000 0.00000000000 0.00000000000 0.00000000000 0.00000000000 0.00000000000 0.00000000000 0.00000000000 0.00000000000 0.00000000000 0.00000000000 0.00000000000 0.00000000000 0.00000000000 0.00000000000 0.00000000000 0.00000000000 0.00000000000 0.00000000000 0.00000000000 0.00000000000 0.00000000000 0.00000000000 0.00000000000 0.00000000000
# logsel_p1_fsh[4]:
 0.00000000000 0.00000000000 0.00000000000 0.00000000000 0.00000000000 0.00000000000 0.00000000000 0.00000000000 0.00000000000 0.00000000000 0.00000000000 0.00000000000 0.00000000000 0.00000000000 0.00000000000 0.00000000000 0.00000000000 0.00000000000 0.00000000000 0.00000000000 0.00000000000 0.00000000000 0.00000000000 0.00000000000 0.00000000000 0.00000000000 0.00000000000 0.00000000000 0.00000000000 0.00000000000 0.00000000000 0.00000000000 0.00000000000 0.00000000000 0.00000000000
# logsel_p2_fsh[1]:
 0.00000000000 0.00000000000 0.00000000000 0.00000000000 0.00000000000 0.00000000000 0.00000000000 0.00000000000 0.00000000000 0.00000000000 0.00000000000 0.00000000000 0.00000000000 0.00000000000 0.00000000000 0.00000000000 0.00000000000 0.00000000000 0.00000000000 0.00000000000 0.00000000000 0.00000000000 0.00000000000 0.00000000000 0.00000000000 0.00000000000 0.00000000000 0.00000000000 0.00000000000 0.00000000000 0.00000000000 0.00000000000 0.00000000000 0.00000000000 0.00000000000 0.00000000000 0.00000000000 0.00000000000 0.00000000000 0.00000000000
# logsel_p2_fsh[2]:
 0.00000000000 0.00000000000 0.00000000000 0.00000000000 0.00000000000 0.00000000000 0.00000000000 0.00000000000 0.00000000000 0.00000000000 0.00000000000 0.00000000000 0.00000000000 0.00000000000 0.00000000000 0.00000000000 0.00000000000 0.00000000000 0.00000000000 0.00000000000 0.00000000000 0.00000000000 0.00000000000 0.00000000000 0.00000000000 0.00000000000 0.00000000000 0.00000000000 0.00000000000 0.00000000000 0.00000000000 0.00000000000 0.00000000000 0.00000000000 0.00000000000 0.00000000000 0.00000000000 0.00000000000 0.00000000000 0.00000000000 0.00000000000
# logsel_p2_fsh[3]:
 0.00000000000 0.00000000000 0.00000000000 0.00000000000 0.00000000000 0.00000000000 0.00000000000 0.00000000000 0.00000000000 0.00000000000 0.00000000000 0.00000000000 0.00000000000 0.00000000000 0.00000000000 0.00000000000 0.00000000000 0.00000000000 0.00000000000 0.00000000000 0.00000000000 0.00000000000 0.00000000000 0.00000000000 0.00000000000 0.00000000000 0.00000000000 0.00000000000 0.00000000000 0.00000000000 0.00000000000 0.00000000000 0.00000000000 0.00000000000 0.00000000000 0.00000000000 0.00000000000 0.00000000000 0.00000000000 0.00000000000 0.00000000000 0.00000000000 0.00000000000 0.00000000000
# logsel_p2_fsh[4]:
 0.00000000000 0.00000000000 0.00000000000 0.00000000000 0.00000000000 0.00000000000 0.00000000000 0.00000000000 0.00000000000 0.00000000000 0.00000000000 0.00000000000 0.00000000000 0.00000000000 0.00000000000 0.00000000000 0.00000000000 0.00000000000 0.00000000000 0.00000000000 0.00000000000 0.00000000000 0.00000000000 0.00000000000 0.00000000000 0.00000000000 0.00000000000 0.00000000000 0.00000000000 0.00000000000 0.00000000000 0.00000000000 0.00000000000 0.00000000000 0.00000000000
# logsel_p3_fsh[1]:
 0.00000000000 0.00000000000 0.00000000000 0.00000000000 0.00000000000 0.00000000000 0.00000000000 0.00000000000 0.00000000000 0.00000000000 0.00000000000 0.00000000000 0.00000000000 0.00000000000 0.00000000000 0.00000000000 0.00000000000 0.00000000000 0.00000000000 0.00000000000 0.00000000000 0.00000000000 0.00000000000 0.00000000000 0.00000000000 0.00000000000 0.00000000000 0.00000000000 0.00000000000 0.00000000000 0.00000000000 0.00000000000 0.00000000000 0.00000000000 0.00000000000 0.00000000000 0.00000000000 0.00000000000 0.00000000000 0.00000000000
# logsel_p3_fsh[2]:
 0.00000000000 0.00000000000 0.00000000000 0.00000000000 0.00000000000 0.00000000000 0.00000000000 0.00000000000 0.00000000000 0.00000000000 0.00000000000 0.00000000000 0.00000000000 0.00000000000 0.00000000000 0.00000000000 0.00000000000 0.00000000000 0.00000000000 0.00000000000 0.00000000000 0.00000000000 0.00000000000 0.00000000000 0.00000000000 0.00000000000 0.00000000000 0.00000000000 0.00000000000 0.00000000000 0.00000000000 0.00000000000 0.00000000000 0.00000000000 0.00000000000 0.00000000000 0.00000000000 0.00000000000 0.00000000000 0.00000000000 0.00000000000
# logsel_p3_fsh[3]:
 0.00000000000 0.00000000000 0.00000000000 0.00000000000 0.00000000000 0.00000000000 0.00000000000 0.00000000000 0.00000000000 0.00000000000 0.00000000000 0.00000000000 0.00000000000 0.00000000000 0.00000000000 0.00000000000 0.00000000000 0.00000000000 0.00000000000 0.00000000000 0.00000000000 0.00000000000 0.00000000000 0.00000000000 0.00000000000 0.00000000000 0.00000000000 0.00000000000 0.00000000000 0.00000000000 0.00000000000 0.00000000000 0.00000000000 0.00000000000 0.00000000000 0.00000000000 0.00000000000 0.00000000000 0.00000000000 0.00000000000 0.00000000000 0.00000000000 0.00000000000 0.00000000000
# logsel_p3_fsh[4]:
 0.00000000000 0.00000000000 0.00000000000 0.00000000000 0.00000000000 0.00000000000 0.00000000000 0.00000000000 0.00000000000 0.00000000000 0.00000000000 0.00000000000 0.00000000000 0.00000000000 0.00000000000 0.00000000000 0.00000000000 0.00000000000 0.00000000000 0.00000000000 0.00000000000 0.00000000000 0.00000000000 0.00000000000 0.00000000000 0.00000000000 0.00000000000 0.00000000000 0.00000000000 0.00000000000 0.00000000000 0.00000000000 0.00000000000 0.00000000000 0.00000000000
# rec_dev_future:
 0.00000000000 0.00000000000 0.00000000000 0.00000000000 0.00000000000 0.00000000000 0.00000000000 0.00000000000 0.00000000000 0.00000000000 0.00000000000 0.00000000000 0.00000000000 0.00000000000 0.00000000000 0.00000000000 0.00000000000 0.00000000000 0.00000000000 0.00000000000
# log_q_ind[1]:
0.482971839674
# log_q_ind[2]:
-2.19184653385
# log_q_ind[3]:
-9.24565202581
# log_q_ind[4]:
-0.258555661205
# log_q_ind[5]:
-5.51760429227
# log_q_ind[6]:
-7.88023344753
# log_q_ind[7]:
-1.19078844906
# log_q_power_ind[1]:
0.00000000000
# log_q_power_ind[2]:
0.00000000000
# log_q_power_ind[3]:
0.00000000000
# log_q_power_ind[4]:
0.00000000000
# log_q_power_ind[5]:
0.00000000000
# log_q_power_ind[6]:
0.00000000000
# log_q_power_ind[7]:
0.00000000000
# log_rw_q_ind[1]:
 -0.991416285029
# log_rw_q_ind[3]:
 -0.631213360047
# log_selcoffs_ind[1]:
 -2.15411818847 -1.33618347112 -0.727759133574 -0.291619308033 -1.12775270211e-05 0.202209098658 0.338041217923 0.423582433932 0.470774522265 0.492349673698
 -2.77250279493 -1.96192241496 -1.19634858603 -0.543454357773 -0.0573309716168 0.271493679585 0.450748872529 0.525245282601 0.538312226627 0.521287240043
# log_selcoffs_ind[2]:
 -1.11506503588 -1.22497558479 -1.48789972032 -1.64912970357 -1.57277962547 -1.20545214164 -0.583599979011 0.179988510407 0.928600604909 1.42724399034
 0.0154561058768 -0.420396792446 -0.719965787347 -0.882326337860 -0.883445858525 -0.678867552431 -0.282487519137 0.206774579503 0.662608843455 0.948968823139
 0.327329658722 0.0442596744927 -0.155105857081 -0.308300393927 -0.431319062308 -0.440114915293 -0.296175598298 -0.0319644310246 0.273729262906 0.504282849241
# log_selcoffs_ind[3]:
 -0.202940821038 0.0202027052767 0.0202027052767 0.0202027052767 0.0202027052767 0.0202027052767 0.0202027052767 0.0202027052767 0.0202027052767 0.0202027052767
# log_selcoffs_ind[4]:
 -0.631089071856 -0.461359782794 -0.306413254499 -0.181694466908 -0.0752804993174 0.0302274687409 0.138777781194 0.244684408128 0.335486981353 0.395241703034
 -1.39477438744 -1.11657182793 -0.829908564045 -0.527258088705 -0.226344262834 0.0498545008333 0.285454557177 0.465011938947 0.574128824158 0.616188461068
# log_selcoffs_ind[5]:
 -3.04452005677 -0.669616569639 0.101782682789 0.174353368097 0.174353368097 0.174353368097 0.174353368097 0.174353368097 0.174353368097 0.174353368097
# log_selcoffs_ind[6]:
 -3.04452005677 -0.669616569639 0.101782682789 0.174353368097 0.174353368097 0.174353368097 0.174353368097 0.174353368097 0.174353368097 0.174353368097
# log_selcoffs_ind[7]:
 -3.04452005677 -0.669616569639 0.101782682789 0.174353368097 0.174353368097 0.174353368097 0.174353368097 0.174353368097 0.174353368097 0.174353368097
# logsel_slope_ind[1]:
 0.00000000000 0.00000000000
# logsel_slope_ind[2]:
 0.00000000000 0.00000000000 0.00000000000
# logsel_slope_ind[3]:
 0.00000000000
# logsel_slope_ind[4]:
 0.00000000000 0.00000000000
# logsel_slope_ind[5]:
 0.00000000000
# logsel_slope_ind[6]:
 0.00000000000
# logsel_slope_ind[7]:
 0.00000000000
# sel50_ind[1]:
 0.00000000000 0.00000000000
# sel50_ind[2]:
 0.00000000000 0.00000000000 0.00000000000
# sel50_ind[3]:
 0.00000000000
# sel50_ind[4]:
 0.00000000000 0.00000000000
# sel50_ind[5]:
 0.00000000000
# sel50_ind[6]:
 0.00000000000
# sel50_ind[7]:
 0.00000000000
# logsel_p1_ind[1]:
 0.00000000000 0.00000000000
# logsel_p1_ind[2]:
 0.00000000000 0.00000000000 0.00000000000
# logsel_p1_ind[3]:
 0.00000000000
# logsel_p1_ind[4]:
 0.00000000000 0.00000000000
# logsel_p1_ind[5]:
 0.00000000000
# logsel_p1_ind[6]:
 0.00000000000
# logsel_p1_ind[7]:
 0.00000000000
# sel_p2_ind[1]:
 0.00000000000 0.00000000000
# sel_p2_ind[2]:
 0.00000000000 0.00000000000 0.00000000000
# sel_p2_ind[3]:
 0.00000000000
# sel_p2_ind[4]:
 0.00000000000 0.00000000000
# sel_p2_ind[5]:
 0.00000000000
# sel_p2_ind[6]:
 0.00000000000
# sel_p2_ind[7]:
 0.00000000000
# logsel_p3_ind[1]:
 0.00000000000 0.00000000000
# logsel_p3_ind[2]:
 0.00000000000 0.00000000000 0.00000000000
# logsel_p3_ind[3]:
 0.00000000000
# logsel_p3_ind[4]:
 0.00000000000 0.00000000000
# logsel_p3_ind[5]:
 0.00000000000
# logsel_p3_ind[6]:
 0.00000000000
# logsel_p3_ind[7]:
 0.00000000000
