# Number of parameters = 1695 Objective function value = 1300.81093464029  Maximum gradient component = 0.000353782751249530
# Mest[1]:
0.280000000000
# log_Linf[1]:
4.38701417618
# log_k[1]:
-1.83258146375
# log_Lo[1]:
2.75684036527
# log_sdage[1]:
-2.40794560865
# mean_log_rec[1]:
9.38329274244
# steepness[1]:
0.650000000000
# log_Rzero[1]:
9.58948799510
# rec_dev:
 -0.0751932400795 -0.0971437199770 -0.124498311009 -0.158283821646 -0.199523540513 -0.248834517132 -0.305412145123 -0.368369360903 -0.439773270959 -0.518427211923 -0.597734508991 -0.666848947884 -0.738414178783 -0.814612302262 -0.934060935342 -0.938064156492 -0.618364843111 -0.395421544850 -0.119031676221 0.190585692377 0.208349815659 0.178639580325 0.319168391219 0.502959158820 0.861243913132 0.603455049083 0.682246728264 1.50324261811 1.48715512218 0.866824571782 0.243409116258 0.490880359698 0.574913974701 0.781098905656 0.269838866428 0.236780141866 0.242561398817 0.225314937814 0.415827913146 0.417111270353 0.588036380258 0.673629753588 0.467914627844 0.521998260072 -0.0643735910547 -0.263556495515 -0.0173355317208 -0.477594298000 -1.68437497222 -0.775428847903 -0.389340161241 -0.543094857508 -0.982828877423 -0.901276234728 -1.04615403134 -0.438604976989 -0.467708581787 -0.0225577497409 0.595107726856 0.996132517505 0.291867370163 -0.438968602364 0.0681120612464
# log_sigmar[1]:
-0.510825623766
# fmort:
 -4.80170267206 -4.37977240853 -5.10240684846 -4.77119542305 -3.99632147920 -3.65840513292 -3.32466870693 -3.33200789048 -2.62629590323 -2.68273103532 -2.93101500163 -2.53636111659 -1.79620648103 -2.75520604056 -1.90891848486 -2.51760159277 -4.95299614049 -3.66180338244 -4.09414525304 -4.23720468146 -4.34876256608 -4.03817100269 -3.96659292242 -3.78750366128 -4.23493506826 -3.94831311980 -3.53563964925 -4.54002905535 -5.72566648673 -5.11836416560 -4.72388213557 -3.99502229093 -4.83472733598 -4.41431551763 -4.28438056829 -3.89586847382 -3.86546671429 -3.39528802330 -2.81020927632 -3.10975289311 -2.89234119354 -4.55665132982 -5.50448179272 -5.00265866397 -4.99445841292 -4.74471777494 -5.11975380070 -4.79630917130 -6.08207443102 -6.43024033674 -5.30757860342 -5.13320344275
 -7.18242202214 -6.73267478106 -6.24983178954 -5.64258773794 -5.84227436751 -5.11729985155 -4.59296140501 -4.24580109752 -3.74224914421 -3.51719607629 -3.40152571049 -2.65193955039 -2.41005991576 -2.71271396661 -2.32586765784 -1.93203610124 -1.72069451927 -1.43287934800 -1.22200144526 -1.07809706058 -1.02943623131 -0.824797684633 -0.559151184903 -0.507161134965 -0.323368217710 -0.0680502940463 -0.130547754972 -0.128068083287 -0.619351698142 -1.07202448198 -1.52801215802 -1.40487976853 -1.31807595392 -1.38910858282 -1.38408309172 -1.36479183442 -1.29898816285 -1.08186340432 -1.21503047837 -0.909043546367 -1.45392128665 -1.80175083572 -2.18942749857 -2.34035055523 -2.27309854154 -2.08395305241 -2.16133663977 -2.21284148585 -2.18233496071 -2.25762377578 -2.32123429787 -2.24852926063
 -8.40478644058 -7.66021833504 -6.74127804769 -5.85522339597 -4.63913803675 -5.74207654825 -5.34427925018 -3.02664586890 -3.35402492030 -3.64431517748 -3.60159305813 -3.63793174550 -4.67195449106 -4.92287610098 -4.62581165809 -5.31698178679 -6.25392123329 -6.37251496238 -5.10476151688 -5.10349095958 -4.85445651467 -5.05223979179 -5.53927936803 -5.36940149086 -4.85849099039 -3.55541003284 -3.25820107736 -2.63780643439 -3.06774388121 -4.08818569651 -3.98289762444 -3.03932028110 -4.83118073025 -4.51765719838 -4.64924680703 -5.22143905077 -3.81370849746 -3.76479941764 -3.79668288487 -4.03096114763 -5.35052211286 -3.07310213403 -3.78693201338 -4.59729557668 -4.65383797272 -5.86271008269 -6.52185713480 -7.27908798787 -5.86230127526 -5.50364029288 -5.82500128397 -5.88288322607
 -9.74100563428 -9.68112973236 -7.91261868499 -9.55114255915 -9.47518510126 -9.38752754470 -9.24891626656 -8.35038728260 -5.08605373544 -2.90726778314 -2.77737717116 -2.31033931354 -1.48940663371 -0.998170011274 -0.680764427659 -1.00710333501 -1.27020196395 -1.62472682287 -1.97745147186 -2.29441710895 -2.56952055005 -3.16341464708 -5.72360965566 -9.23041750907 -9.06481669609 -8.78587289852 -8.41851653768 -8.05877737364 -7.88050807882 -7.97547528971 -7.47681492984 -5.58789936452 -4.46235136876 -3.90971634119 -3.29284827899 -3.42029174111 -2.94776510737 -2.55503414294 -2.35375858224 -2.04653449786 -2.22040054896 -3.52535637294 -3.94795066972 -3.97001172555 -3.61148200876 -3.46662858187 -3.98962159988 -4.14441263071 -4.25411573003 -4.49773335376 -7.00430394666 -4.76578670243
# log_selcoffs_fsh[1]:
 -3.86659698013 -2.25676394457 -1.22783941447 -0.177506346231 0.754825792561 1.02119962784 0.473377501466 -0.255375542863 -0.775868748572
 -3.40298781736 -1.76420556864 -1.07195963066 -0.249231090798 0.609734111445 0.942843692488 0.556209762959 -0.0683221058266 -0.530273783253
 -3.05537172534 -1.59970341806 -0.796328924709 -0.0213221323498 0.588939754754 0.780865076052 0.492880463190 0.00790609242938 -0.370116202924
 -2.64944285394 -1.36222811145 -0.728528272367 -0.116039483678 0.627656748435 0.761298544494 0.428187183645 0.00375036516211 -0.290807577465
 -2.02922847390 -0.476499906671 -0.181459363705 0.0581521212089 0.330713290202 0.479092010631 0.343203954346 0.0735382765960 -0.149257543074
 -1.92654989304 -0.678074780603 0.329070448740 0.553136051935 0.250524500235 0.144643974803 0.0569458891526 -0.0879503582741 -0.218589352410
 -1.61855352586 -0.553111326007 0.403189166396 0.684472296945 0.288725761233 0.00161646776604 -0.138131963864 -0.228954441486 -0.294841017156
 -1.16656451830 -0.338061037770 0.441749718430 0.739398193318 0.237328577975 -0.105340683788 -0.278710726869 -0.345947779147 -0.366539595826
 -0.825564535419 0.145931447883 0.374867561148 0.524721588024 0.315391181471 -0.114245261793 -0.360881374501 -0.433231144564 -0.428015207160
 -0.598352924878 0.347968573999 0.506521222075 0.516898842648 0.137662494912 -0.267712799794 -0.496153475517 -0.544497280117 -0.517428821545
 -0.0837572262586 0.868740823006 0.430740155341 0.143970755908 -0.215535859774 -0.497064494350 -0.641263080749 -0.655356826035 -0.610856675494
 0.138449524734 0.814095577226 0.590386584455 0.137351233196 -0.392705981463 -0.651945358188 -0.752737654672 -0.746256512763 -0.691176286746
 -0.146250076368 1.10694639507 0.637447524992 -0.0713898480472 -0.595657050676 -0.817998365011 -0.876198865146 -0.849642536173 -0.794600188079
 0.167233546391 1.09270339557 0.604015741460 -0.126705826383 -0.693126375198 -0.902584553993 -0.944203835118 -0.906282198287 -0.851774114469
 0.138387613519 1.18408552557 0.556178277280 -0.185496073181 -0.742400614466 -0.959047117353 -1.00306084675 -0.964511779128 -0.911196172666
 -0.264647922116 1.24166428802 0.687882776251 -0.145985512034 -0.769894954719 -1.00328946216 -1.05576554510 -1.02061422511 -0.969024989275
 -0.170583604098 1.29045987255 0.612506904599 -0.189322725077 -0.801010346862 -1.03623214918 -1.09192343196 -1.06059965831 -1.00973191312
 0.413055411187 1.08441532521 0.646343138981 -0.210643884153 -0.827869472576 -1.05781452972 -1.11126317274 -1.07802715996 -1.02541497259
 0.777790929466 1.06285358304 0.390537264128 -0.331498108555 -0.887552104449 -1.10554238256 -1.15404158404 -1.11484932170 -1.05819418415
 0.439111256348 1.20648235872 0.545591816875 -0.328098263368 -0.940580771886 -1.16062389790 -1.19873231681 -1.14740055148 -1.08378477390
 0.561027523744 1.25848645270 0.405218014321 -0.439837851739 -1.01548964756 -1.21971945620 -1.24578998060 -1.17929974844 -1.10587200627
 0.455963382709 1.29638595155 0.501896689439 -0.503404689944 -1.10249766908 -1.28420613740 -1.29007667871 -1.20559984159 -1.12007806260
 0.638303161475 1.22122852499 0.472045531500 -0.481110854171 -1.11203716893 -1.30823755659 -1.31085345056 -1.21283329634 -1.11508232420
 0.407895073361 1.35330790094 0.422386184133 -0.499892068556 -1.10390330690 -1.30954911973 -1.32000794275 -1.21812651733 -1.11012671303
 0.675441802864 1.22286171443 0.372129123134 -0.456983872512 -1.04086477904 -1.26828654524 -1.29296299352 -1.19102069685 -1.07480649391
 0.669836723747 1.17187252572 0.367491882647 -0.326728327953 -0.964013351852 -1.21041183828 -1.23585728536 -1.13560440658 -1.01772829154
 0.0460205201624 1.24720865821 0.582803744255 -0.163063888109 -0.846988697141 -1.09806423868 -1.12738347243 -1.03905762516 -0.936971180072
 0.187593668426 1.15482369566 0.561117255391 -0.208268995276 -0.761852205626 -0.967709218614 -0.986739168866 -0.912653146954 -0.833390373940
 1.15230216578 0.643637262590 0.0566759900302 -0.444466496267 -0.776362188072 -0.881581788771 -0.866364841195 -0.791543393922 -0.726018456192
 0.736975828962 1.03852747164 0.0526133001198 -0.574083746076 -0.779678163208 -0.786788410355 -0.727674912335 -0.651891812676 -0.597566858625
 0.600250456622 1.02466658486 -0.00173243054012 -0.570046432807 -0.697310414570 -0.656479548232 -0.567264054215 -0.495481885422 -0.454852789290
 0.475291456299 0.807321021555 0.0372599049244 -0.395684511397 -0.497745236350 -0.450599964449 -0.360824451280 -0.301508769135 -0.279061974028
 -0.343691693187 0.547488103964 0.222806594524 -0.0767307070605 -0.133037065169 -0.165445918824 -0.125214245867 -0.114003936221 -0.117974088327
 -0.831796807182 -0.0699129274553 -0.0547697898878 0.116799193477 0.216770605863 0.136409712722 0.151160464680 0.0328078923234 -0.0233547515835
 -0.473122461707 0.188978139500 -0.233649777953 -0.222552885236 0.0177426292023 0.135609266426 0.173127217706 0.126398328047 0.0861163613565
 0.248247611161 -0.613392525865 -0.661709519361 -0.325218891959 0.0257965050642 0.214040372302 0.252304332277 0.204459919330 0.148178248941
 -0.595111989122 -0.882523863091 -0.766941458470 -0.192620964341 0.253073908035 0.366211142674 0.384063380877 0.289657889360 0.191519913726
 -1.00666352123 -0.661750250070 -0.632276825815 -0.147108146773 0.294559165942 0.418618605076 0.328963263398 0.245483261772 0.177204005674
# log_selcoffs_fsh[2]:
 -2.31306970298 -0.399388274066 0.403220250705 0.790051708580 0.616257904264 0.173722761329 -0.185399172168 -0.446357304475 -0.615824638596 -0.739122391009
 -2.22998217673 -0.339954971397 -0.364958472349 0.247026462953 0.720464349901 0.629297756910 0.186463800201 -0.214836085913 -0.420237540364 -0.500869464439
 -2.76167211464 -0.944600334066 -0.494768057577 0.0328388468865 0.619129862867 0.728801752565 0.358165224400 -0.0338727080146 -0.215354020365 -0.259647187817
 -3.18625843576 -1.61020862000 -0.733647674036 -0.212157110294 0.444828447605 0.758359762704 0.442629674128 0.139888148076 0.0327138456369 0.0340591457041
 -2.81508293575 -1.21153730340 -1.15224509677 -0.637901211511 0.187077884669 0.615366309600 0.456838071466 0.307737151728 0.309531627321 0.364486983957
 -2.48062329419 -1.29987675180 -1.03777063131 -0.940590411870 -0.420816189653 0.0736615083688 0.331684017882 0.494871661602 0.661201496906 0.786378314632
 -3.13387829640 -1.87619156967 -0.943371191791 -0.740197091116 -0.630234527344 -0.288295915003 0.117337952722 0.489739147549 0.796254819190 0.986312146181
 -3.66656147871 -2.67810836961 -1.88351965854 -1.10840149977 -0.485760523219 -0.0937507985009 0.222379297147 0.467103566074 0.803997558790 1.03638108912
 -3.91006440462 -2.90775321618 -2.27162442602 -1.54280996781 -0.654267492739 -0.0576282440183 0.341213377540 0.626298033800 0.831162125470 0.944412972888
 -3.99138560245 -2.75007524850 -2.05593617020 -1.55864238981 -1.04963978588 -0.335342870633 0.268858124113 0.785637151903 0.976617607954 0.857100481419
 -3.82145538588 -2.31668012307 -1.55523603074 -1.14590575974 -0.812376943609 -0.541221122748 0.0247342513446 0.684494066344 0.997141444353 0.957914584912
 -3.71737811425 -2.22243182581 -1.38086654560 -0.929497494661 -0.620396098665 -0.313859726095 0.207222633373 0.640104498657 0.860784363430 0.900543950645
 -3.39085922822 -1.52841064411 -0.910543782431 -0.522929197529 -0.292896208514 -0.244978374025 0.131436705551 0.474238360548 0.736065302342 0.871532495299
 -2.95435712346 -1.21119776640 -0.525786612946 -0.268316875390 -0.194506628652 -0.100870720239 0.131731131817 0.388406383788 0.611313178575 0.746081654477
 -2.57475123106 -0.512911178232 -0.293003871231 -0.270815612614 -0.335381982936 -0.206090547061 0.0919906301183 0.353412384113 0.570165638124 0.692468909839
 -2.25022767340 -0.245031544163 -0.244018075183 -0.345540797919 -0.434036137079 -0.293710039472 0.0132481285128 0.308998450740 0.567678979577 0.736057431356
 -1.83347243859 -0.261282669433 -0.237531879068 -0.298783766787 -0.442382035893 -0.379305539136 -0.0928325707198 0.242312704187 0.576581933568 0.809802729588
 -1.99362374016 -0.200671522706 0.0383682126459 -0.119507366879 -0.361388102764 -0.363309038962 -0.119955004498 0.203346569940 0.487545952576 0.686270484322
 -2.14309659683 -0.351897600859 0.0743177763431 -0.0333065154260 -0.281875354608 -0.284387395480 -0.0549862531605 0.234702471261 0.468289574775 0.598744404917
 -2.28201086512 -0.591741720746 -0.230404966473 -0.0612018955178 -0.201238305594 -0.199383419229 0.0366834048968 0.323914269180 0.526565143326 0.620447576827
 -2.37648638971 -0.802176030524 -0.248701664620 -0.0382429798563 -0.181582409901 -0.222693612637 0.0144096816923 0.337533811717 0.555664543771 0.653922993340
 -2.64892965044 -0.883866069131 -0.320524127898 0.0275909463510 -0.0761931835555 -0.127520797180 0.0729939468534 0.327934049141 0.512185275922 0.600307484126
 -2.98615088449 -1.46473911317 -0.433979661498 0.106039720730 0.142373213910 0.0301635593049 0.152130029959 0.338222273212 0.452233398949 0.492484267960
 -3.16042907987 -1.83859282674 -0.818556442471 -0.0718642183583 0.285759445102 0.239051653666 0.351466869916 0.441367461627 0.410770557873 0.294196788422
 -3.22611659523 -1.69624409051 -0.827605216915 -0.352443925887 0.100870535312 0.335676593566 0.451527212159 0.559374352027 0.431329235909 0.240784083512
 -3.35350403310 -1.99118379613 -1.12994190021 -0.184486228857 0.265886752384 0.402704543854 0.426911950394 0.497003542528 0.395775695463 0.191964094638
 -3.62509365715 -1.78002099769 -0.991804686937 -0.0489736347130 0.422735633576 0.516503096952 0.478685302733 0.392930237009 0.185064235665 -0.0194304301891
 -3.83664870138 -1.67395740890 -0.815143874471 -0.0150014156248 0.368829941250 0.416056506903 0.689965888627 0.464178290956 0.0241402645688 -0.232634302193
 -3.83299807893 -2.34705657169 -1.32324200129 0.0383442575186 0.568199250525 0.494497547862 0.686844884751 0.334859945074 -0.00359633943755 -0.234462364214
 -3.79213901421 -1.98034186126 -0.712362932037 0.166155351403 0.811902228286 0.504452372417 0.285577036078 0.0781625831916 -0.0530492120939 -0.105624603247
 -3.52005568230 -1.42425033420 -0.213148701237 0.213390780463 0.255132798517 0.149002231867 0.178110468269 0.219081370219 0.297340166878 0.369034378479
 -3.40399425601 -1.45987843600 -0.592443866892 -0.128106294265 -0.0326338673857 -0.0266503145420 0.0539058447462 0.342809801116 0.583311010615 0.743801661226
 -2.94511065081 -0.950808278375 -0.699936748421 -0.542115191116 -0.270791399985 -0.248164751483 -0.124726388844 0.284846120667 0.737358713494 0.969691941928
 -3.54467646254 -1.31959976334 -0.610104250378 -0.136120098955 -0.00838636274072 0.0103043690475 -0.00401204486838 0.238278806380 0.572967236142 0.809712043883
 -3.91891745852 -1.78228557232 -0.945337274204 -0.435158858223 0.101953409902 0.217491339486 0.252805318966 0.342653335033 0.541790389871 0.698379787464
 -4.27824930533 -2.34309361080 -1.13898343743 -0.470891907250 -0.0351066941615 0.225467175288 0.327676219264 0.435807115339 0.535941447564 0.734335621202
 -4.39903448475 -2.97583288175 -1.82980726676 -0.801090769546 0.00250008134707 0.240992681624 0.500825835918 0.562965739528 0.561714793953 0.638043889217
 -4.30186584481 -3.00820385575 -2.39760593813 -1.44836330364 -0.364715497194 0.302653809336 0.545854673498 0.730997246346 0.639229108032 0.623311094516
 -4.19445847485 -3.12423764989 -2.34071906190 -1.53377521260 -0.638335767771 0.0796354114879 0.503463031493 0.716191612032 0.771111068063 0.767641293123
# log_selcoffs_fsh[3]:
 -1.23898393921 -0.446271404340 1.06594152862 0.583582675707 -0.305715967504 -0.983835069146 -1.33248533065
 -1.59760989369 -0.459412894583 1.12472248070 0.557811784318 -0.346816122508 -0.999007511037 -1.32961944884
 -1.22610661852 -0.406366009721 1.04209653901 0.573558360509 -0.278602325309 -0.931333407552 -1.27329801242
 -2.20238238893 -0.673178470922 1.17688808563 0.548876651682 -0.304862722284 -0.940877025441 -1.28628232624
 -2.57365196649 -0.743229582779 1.08386893881 0.650686487244 -0.149534288014 -0.849691042890 -1.24980221240
 -2.73160573140 -0.945661615188 0.738610581255 0.949709830258 0.0913709640826 -0.745341779118 -1.20988781147
 -2.73286016888 -0.903725497719 0.659836045634 0.988309069552 0.106079650711 -0.714474571603 -1.17964837364
 -2.45610121714 -0.368109050693 0.854928439231 0.700964856593 0.0208441687253 -0.673697018313 -1.12576614270
 -2.14306593010 -0.139202018639 0.664378776442 0.719957819865 0.130284674959 -0.614642022136 -1.09351535600
 -1.98191862619 0.164547152940 0.806250139076 0.534449263333 -0.0592995841148 -0.731007009816 -1.16000233561
 -2.13970900326 -0.358176556377 0.922647533266 0.784117590467 -0.201985303480 -0.935116194867 -1.31939050865
 -2.23883991620 -0.417229354191 0.923170555262 0.833808160317 -0.201453972652 -1.02645500813 -1.42960033696
 -2.23638810539 -0.357497401910 1.07298694520 0.695615709227 -0.341912232545 -1.11953956717 -1.47907926650
 -2.00834028399 0.294876057248 1.03854407681 0.414882202535 -0.459306493507 -1.14383903579 -1.45577217774
 -2.01596644942 -0.0579632118487 1.15003802094 0.472227201412 -0.500215894789 -1.15896846131 -1.42279453448
 -2.03593111709 -0.0430350627452 1.26403336271 0.290042866811 -0.692014356225 -1.23804772327 -1.40693521758
 -1.96741181875 0.268422915286 1.19148650828 0.240094345844 -0.771102248857 -1.27680641749 -1.39629688103
 -1.96157812903 0.298557567331 1.20479386341 0.185522567435 -0.775360155012 -1.29740881761 -1.43651363728
 -1.68070115618 0.828260461060 0.901932554695 0.0880967373490 -0.764261590107 -1.29315193637 -1.47890630752
 -1.52418317204 0.847064016450 0.906877255938 0.0319011452813 -0.795326318341 -1.31269472146 -1.51461345335
 -1.44808465044 0.891792786512 0.902922188571 -0.0402727963295 -0.855064416032 -1.34946147556 -1.54404069555
 -1.44230401405 0.758657398400 1.00838779641 -0.0103095172191 -0.867082652517 -1.35078656214 -1.52290900576
 -1.44398203999 0.204696444987 1.26194383827 0.0650422595784 -0.841865738033 -1.30696508439 -1.44464351862
 -1.21366797972 0.577896622140 1.04372451923 0.100062649959 -0.775980273547 -1.28164447769 -1.43648608360
 -1.11907619646 0.256784291854 1.14042965630 0.265713215310 -0.745926739758 -1.34393409162 -1.54614641265
 -0.968398226516 0.771267220872 0.735415026740 0.371031780095 -0.684158929776 -1.42952627148 -1.72433898910
 -1.31740639430 0.741561758497 1.01032306005 0.102113982117 -0.847150223909 -1.57528458681 -1.94226782913
 -1.62463696156 0.322340710268 1.27433038111 0.139381202376 -0.936139743825 -1.69756939219 -2.10761902099
 -1.97963260784 -0.00296778298386 1.33986981246 0.299165990998 -0.880617280754 -1.75780455723 -2.20171213891
 -2.16945003778 -0.162997461500 0.957654129757 0.969334886570 -0.652887784889 -1.76850748064 -2.27039997762
 -2.01248313592 0.739795972490 0.840705507252 0.526068643270 -0.702948734268 -1.78036245528 -2.33441123803
 -2.16460532887 0.106656368670 1.36091716434 0.227147481123 -0.965733199258 -1.90335059261 -2.42931534949
 -2.30218253877 -0.330271830932 1.41821899112 0.360590753316 -0.946665483735 -1.94049748281 -2.45770923851
 -2.23686789970 -0.239606309229 1.15646810321 0.801545982583 -0.778068756049 -1.89396932009 -2.42099150087
 -2.13202231666 -0.131515023547 1.38360221184 0.320909708371 -0.935885778845 -1.88284507750 -2.37930286272
 -1.72330778240 0.852210485870 1.00804117847 0.0939690983431 -0.969639736837 -1.83574866617 -2.31028104045
 -1.58843282176 0.780196786464 1.07031204653 0.0561203624702 -0.993448831426 -1.80336246595 -2.25572824413
 -1.43584507764 0.920909161054 0.957353910517 -0.0141425453116 -0.962731823387 -1.76775492968 -2.23308673406
 -1.62972241394 0.826178781150 1.00480347930 0.103791574818 -0.914060778074 -1.75798886742 -2.24980191448
 -1.78399623652 -0.0102034606906 1.33517330512 0.286807847915 -0.842360833301 -1.74383841820 -2.26506842896
 -1.79187015059 -0.140437393851 1.25620904383 0.503700436928 -0.676497118818 -1.68835954295 -2.26104957729
 -1.80133291263 -0.216791553674 0.979764589069 0.903822973754 -0.504404836471 -1.66218088536 -2.26933607275
# log_selcoffs_fsh[4]:
 -2.97196831154 -2.49470295658 -1.98663631660 -1.42096274112 -0.795993066861 -0.146660656741 0.448619713048 0.901183742326 1.14557664140
 -2.95941688725 -2.48873315366 -1.98547634673 -1.42337794822 -0.800873471168 -0.152262699028 0.446186235757 0.902152230194 1.14802999938
 -2.93530397891 -2.47629934951 -1.98478771272 -1.42633249226 -0.807077131191 -0.157419679341 0.445194984959 0.902822591172 1.14974201598
 -2.89658902274 -2.45359697134 -1.97979006487 -1.44029461425 -0.819442783426 -0.160373152080 0.448236630592 0.905689721222 1.14808765244
 -2.83879977407 -2.39957443524 -1.94965562920 -1.43669716360 -0.846980014743 -0.174739198247 0.456528672487 0.912074904491 1.14239379915
 -2.75972886822 -2.31513697079 -1.88555648728 -1.40659184680 -0.824142510549 -0.165885759715 0.465927449614 0.912327545256 1.12228324040
 -2.66802862179 -2.21966871029 -1.75949772455 -1.30783866826 -0.770516091938 -0.118053984213 0.492573340187 0.901825412112 1.07411108357
 -2.55882228243 -2.11732436965 -1.65746707502 -1.16816455998 -0.650034547396 -0.0644971125316 0.496305329060 0.875104204920 1.02939078732
 -2.39670909480 -1.95546405594 -1.52841853742 -1.06473925926 -0.535651712809 0.00865846354081 0.501732017018 0.833386282703 0.977998064390
 -2.21069545348 -1.73209594299 -1.28319048284 -0.904034739337 -0.474630079965 0.0278395952354 0.480573779465 0.793198406082 0.937494461915
 -2.03481869303 -1.51239181116 -1.01985761666 -0.626503836182 -0.345044580266 0.000195345210155 0.408993834210 0.732258180246 0.900304336496
 -1.88643936955 -1.35168887889 -0.824994154665 -0.395220256845 -0.130959166923 0.0389048323708 0.315776542629 0.632501410989 0.836058761597
 -1.76604616082 -1.22853455077 -0.722013145345 -0.287116660715 -0.00389478002844 0.144147478950 0.302525527050 0.538481759917 0.733439639098
 -1.65699684039 -1.11538986598 -0.617887134959 -0.220664730021 0.0371138723110 0.188321772384 0.325557906273 0.492724962169 0.627983252242
 -1.55647730480 -1.00354430809 -0.509033341104 -0.136715273466 0.0920164339140 0.218690996291 0.319808991028 0.433198787752 0.524357354722
 -1.46891930914 -0.892876991073 -0.392918758464 -0.0426746516506 0.150744325189 0.236700038832 0.293140256030 0.361389741597 0.419584560615
 -1.39507781970 -0.776937360606 -0.264480361108 0.0594151288149 0.203098190619 0.236243105160 0.247703937161 0.280140035553 0.312971866297
 -1.35783366007 -0.654129446545 -0.0809592612180 0.191506244856 0.263175800941 0.194907909206 0.157632850636 0.166509756946 0.200013024423
 -1.35869046224 -0.592630094559 0.116072370112 0.340522526299 0.275479212232 0.161923710409 0.0518034047899 0.0424524361377 0.0694377172237
 -1.40364265611 -0.614252746621 0.106546632515 0.532058714361 0.356860879818 0.116523582881 -0.0223002269566 -0.0780271957176 -0.0585993601177
 -1.44501863225 -0.680949200295 -0.0286979998996 0.473187917557 0.514700509894 0.203414628359 -0.0213311110196 -0.101164423403 -0.105458328007
 -1.46105564959 -0.737577264393 -0.129372489590 0.272848808541 0.506763202159 0.333610172853 0.113674764404 -0.0174731303296 -0.0635635616135
 -1.49665986920 -0.830344149056 -0.224252380580 0.156140944547 0.352601179781 0.352478411819 0.239880734727 0.143481149865 0.0965682535372
 -1.55801099660 -0.955719711170 -0.416888924395 0.00483103903015 0.252714955587 0.342914926740 0.329446710511 0.293653439257 0.272231278445
 -1.61958326686 -1.06535667945 -0.553757374922 -0.128102427833 0.167927813665 0.318767629614 0.371819634979 0.396604339195 0.410414665718
 -1.68490426050 -1.16168317726 -0.694174771410 -0.267698291613 0.0755386062595 0.285384747738 0.401129574125 0.482646719768 0.539032265490
 -1.74064677946 -1.21785988794 -0.829733184432 -0.404435997314 0.00405720159254 0.244721009102 0.404897452209 0.549265579439 0.648543028560
 -1.84965186525 -1.38903891645 -0.947642904842 -0.390413782428 -0.0217714460531 0.145531068373 0.317252265185 0.573304920235 0.809318053762
 -1.41256561780 -1.39043232983 -1.08150822800 -0.677858018529 -0.242001958557 0.0843742181845 0.360808960176 0.640627482260 0.898320689447
 -1.74989931549 -1.45933607131 -1.24404656622 -0.820563752423 -0.313271364297 0.115681188814 0.426243623713 0.697185477667 0.905085364082
 -1.45731118454 -1.30832049077 -1.31195885480 -1.03383914907 -0.569375588044 -0.0727661289506 0.412605912308 0.769671930834 0.995630261281
 -1.14393276416 -0.850390814219 -1.13359574317 -1.13340478943 -0.737484243065 -0.197528474475 0.326962842809 0.761686988602 1.02341092885
 -1.09133353441 -0.987020755308 -1.09055234264 -1.06037934835 -0.725726830527 -0.209219756602 0.324213928776 0.764241319490 1.02377866287
# log_sel_spl_fsh[1]:
 0.00000000000 0.00000000000 0.00000000000 0.00000000000
 0.00000000000 0.00000000000 0.00000000000 0.00000000000
 0.00000000000 0.00000000000 0.00000000000 0.00000000000
 0.00000000000 0.00000000000 0.00000000000 0.00000000000
 0.00000000000 0.00000000000 0.00000000000 0.00000000000
 0.00000000000 0.00000000000 0.00000000000 0.00000000000
 0.00000000000 0.00000000000 0.00000000000 0.00000000000
 0.00000000000 0.00000000000 0.00000000000 0.00000000000
 0.00000000000 0.00000000000 0.00000000000 0.00000000000
 0.00000000000 0.00000000000 0.00000000000 0.00000000000
 0.00000000000 0.00000000000 0.00000000000 0.00000000000
 0.00000000000 0.00000000000 0.00000000000 0.00000000000
 0.00000000000 0.00000000000 0.00000000000 0.00000000000
 0.00000000000 0.00000000000 0.00000000000 0.00000000000
 0.00000000000 0.00000000000 0.00000000000 0.00000000000
 0.00000000000 0.00000000000 0.00000000000 0.00000000000
 0.00000000000 0.00000000000 0.00000000000 0.00000000000
 0.00000000000 0.00000000000 0.00000000000 0.00000000000
 0.00000000000 0.00000000000 0.00000000000 0.00000000000
 0.00000000000 0.00000000000 0.00000000000 0.00000000000
 0.00000000000 0.00000000000 0.00000000000 0.00000000000
 0.00000000000 0.00000000000 0.00000000000 0.00000000000
 0.00000000000 0.00000000000 0.00000000000 0.00000000000
 0.00000000000 0.00000000000 0.00000000000 0.00000000000
 0.00000000000 0.00000000000 0.00000000000 0.00000000000
 0.00000000000 0.00000000000 0.00000000000 0.00000000000
 0.00000000000 0.00000000000 0.00000000000 0.00000000000
 0.00000000000 0.00000000000 0.00000000000 0.00000000000
 0.00000000000 0.00000000000 0.00000000000 0.00000000000
 0.00000000000 0.00000000000 0.00000000000 0.00000000000
 0.00000000000 0.00000000000 0.00000000000 0.00000000000
 0.00000000000 0.00000000000 0.00000000000 0.00000000000
 0.00000000000 0.00000000000 0.00000000000 0.00000000000
 0.00000000000 0.00000000000 0.00000000000 0.00000000000
 0.00000000000 0.00000000000 0.00000000000 0.00000000000
 0.00000000000 0.00000000000 0.00000000000 0.00000000000
 0.00000000000 0.00000000000 0.00000000000 0.00000000000
 0.00000000000 0.00000000000 0.00000000000 0.00000000000
# log_sel_spl_fsh[2]:
 0.00000000000 0.00000000000 0.00000000000 0.00000000000
 0.00000000000 0.00000000000 0.00000000000 0.00000000000
 0.00000000000 0.00000000000 0.00000000000 0.00000000000
 0.00000000000 0.00000000000 0.00000000000 0.00000000000
 0.00000000000 0.00000000000 0.00000000000 0.00000000000
 0.00000000000 0.00000000000 0.00000000000 0.00000000000
 0.00000000000 0.00000000000 0.00000000000 0.00000000000
 0.00000000000 0.00000000000 0.00000000000 0.00000000000
 0.00000000000 0.00000000000 0.00000000000 0.00000000000
 0.00000000000 0.00000000000 0.00000000000 0.00000000000
 0.00000000000 0.00000000000 0.00000000000 0.00000000000
 0.00000000000 0.00000000000 0.00000000000 0.00000000000
 0.00000000000 0.00000000000 0.00000000000 0.00000000000
 0.00000000000 0.00000000000 0.00000000000 0.00000000000
 0.00000000000 0.00000000000 0.00000000000 0.00000000000
 0.00000000000 0.00000000000 0.00000000000 0.00000000000
 0.00000000000 0.00000000000 0.00000000000 0.00000000000
 0.00000000000 0.00000000000 0.00000000000 0.00000000000
 0.00000000000 0.00000000000 0.00000000000 0.00000000000
 0.00000000000 0.00000000000 0.00000000000 0.00000000000
 0.00000000000 0.00000000000 0.00000000000 0.00000000000
 0.00000000000 0.00000000000 0.00000000000 0.00000000000
 0.00000000000 0.00000000000 0.00000000000 0.00000000000
 0.00000000000 0.00000000000 0.00000000000 0.00000000000
 0.00000000000 0.00000000000 0.00000000000 0.00000000000
 0.00000000000 0.00000000000 0.00000000000 0.00000000000
 0.00000000000 0.00000000000 0.00000000000 0.00000000000
 0.00000000000 0.00000000000 0.00000000000 0.00000000000
 0.00000000000 0.00000000000 0.00000000000 0.00000000000
 0.00000000000 0.00000000000 0.00000000000 0.00000000000
 0.00000000000 0.00000000000 0.00000000000 0.00000000000
 0.00000000000 0.00000000000 0.00000000000 0.00000000000
 0.00000000000 0.00000000000 0.00000000000 0.00000000000
 0.00000000000 0.00000000000 0.00000000000 0.00000000000
 0.00000000000 0.00000000000 0.00000000000 0.00000000000
 0.00000000000 0.00000000000 0.00000000000 0.00000000000
 0.00000000000 0.00000000000 0.00000000000 0.00000000000
 0.00000000000 0.00000000000 0.00000000000 0.00000000000
 0.00000000000 0.00000000000 0.00000000000 0.00000000000
# log_sel_spl_fsh[3]:
 0.00000000000 0.00000000000 0.00000000000 0.00000000000
 0.00000000000 0.00000000000 0.00000000000 0.00000000000
 0.00000000000 0.00000000000 0.00000000000 0.00000000000
 0.00000000000 0.00000000000 0.00000000000 0.00000000000
 0.00000000000 0.00000000000 0.00000000000 0.00000000000
 0.00000000000 0.00000000000 0.00000000000 0.00000000000
 0.00000000000 0.00000000000 0.00000000000 0.00000000000
 0.00000000000 0.00000000000 0.00000000000 0.00000000000
 0.00000000000 0.00000000000 0.00000000000 0.00000000000
 0.00000000000 0.00000000000 0.00000000000 0.00000000000
 0.00000000000 0.00000000000 0.00000000000 0.00000000000
 0.00000000000 0.00000000000 0.00000000000 0.00000000000
 0.00000000000 0.00000000000 0.00000000000 0.00000000000
 0.00000000000 0.00000000000 0.00000000000 0.00000000000
 0.00000000000 0.00000000000 0.00000000000 0.00000000000
 0.00000000000 0.00000000000 0.00000000000 0.00000000000
 0.00000000000 0.00000000000 0.00000000000 0.00000000000
 0.00000000000 0.00000000000 0.00000000000 0.00000000000
 0.00000000000 0.00000000000 0.00000000000 0.00000000000
 0.00000000000 0.00000000000 0.00000000000 0.00000000000
 0.00000000000 0.00000000000 0.00000000000 0.00000000000
 0.00000000000 0.00000000000 0.00000000000 0.00000000000
 0.00000000000 0.00000000000 0.00000000000 0.00000000000
 0.00000000000 0.00000000000 0.00000000000 0.00000000000
 0.00000000000 0.00000000000 0.00000000000 0.00000000000
 0.00000000000 0.00000000000 0.00000000000 0.00000000000
 0.00000000000 0.00000000000 0.00000000000 0.00000000000
 0.00000000000 0.00000000000 0.00000000000 0.00000000000
 0.00000000000 0.00000000000 0.00000000000 0.00000000000
 0.00000000000 0.00000000000 0.00000000000 0.00000000000
 0.00000000000 0.00000000000 0.00000000000 0.00000000000
 0.00000000000 0.00000000000 0.00000000000 0.00000000000
 0.00000000000 0.00000000000 0.00000000000 0.00000000000
 0.00000000000 0.00000000000 0.00000000000 0.00000000000
 0.00000000000 0.00000000000 0.00000000000 0.00000000000
 0.00000000000 0.00000000000 0.00000000000 0.00000000000
 0.00000000000 0.00000000000 0.00000000000 0.00000000000
 0.00000000000 0.00000000000 0.00000000000 0.00000000000
 0.00000000000 0.00000000000 0.00000000000 0.00000000000
 0.00000000000 0.00000000000 0.00000000000 0.00000000000
 0.00000000000 0.00000000000 0.00000000000 0.00000000000
 0.00000000000 0.00000000000 0.00000000000 0.00000000000
# log_sel_spl_fsh[4]:
 0.00000000000 0.00000000000 0.00000000000 0.00000000000
 0.00000000000 0.00000000000 0.00000000000 0.00000000000
 0.00000000000 0.00000000000 0.00000000000 0.00000000000
 0.00000000000 0.00000000000 0.00000000000 0.00000000000
 0.00000000000 0.00000000000 0.00000000000 0.00000000000
 0.00000000000 0.00000000000 0.00000000000 0.00000000000
 0.00000000000 0.00000000000 0.00000000000 0.00000000000
 0.00000000000 0.00000000000 0.00000000000 0.00000000000
 0.00000000000 0.00000000000 0.00000000000 0.00000000000
 0.00000000000 0.00000000000 0.00000000000 0.00000000000
 0.00000000000 0.00000000000 0.00000000000 0.00000000000
 0.00000000000 0.00000000000 0.00000000000 0.00000000000
 0.00000000000 0.00000000000 0.00000000000 0.00000000000
 0.00000000000 0.00000000000 0.00000000000 0.00000000000
 0.00000000000 0.00000000000 0.00000000000 0.00000000000
 0.00000000000 0.00000000000 0.00000000000 0.00000000000
 0.00000000000 0.00000000000 0.00000000000 0.00000000000
 0.00000000000 0.00000000000 0.00000000000 0.00000000000
 0.00000000000 0.00000000000 0.00000000000 0.00000000000
 0.00000000000 0.00000000000 0.00000000000 0.00000000000
 0.00000000000 0.00000000000 0.00000000000 0.00000000000
 0.00000000000 0.00000000000 0.00000000000 0.00000000000
 0.00000000000 0.00000000000 0.00000000000 0.00000000000
 0.00000000000 0.00000000000 0.00000000000 0.00000000000
 0.00000000000 0.00000000000 0.00000000000 0.00000000000
 0.00000000000 0.00000000000 0.00000000000 0.00000000000
 0.00000000000 0.00000000000 0.00000000000 0.00000000000
 0.00000000000 0.00000000000 0.00000000000 0.00000000000
 0.00000000000 0.00000000000 0.00000000000 0.00000000000
 0.00000000000 0.00000000000 0.00000000000 0.00000000000
 0.00000000000 0.00000000000 0.00000000000 0.00000000000
 0.00000000000 0.00000000000 0.00000000000 0.00000000000
 0.00000000000 0.00000000000 0.00000000000 0.00000000000
# logsel_slope_fsh[1]:
 0.00000000000 0.00000000000 0.00000000000 0.00000000000 0.00000000000 0.00000000000 0.00000000000 0.00000000000 0.00000000000 0.00000000000 0.00000000000 0.00000000000 0.00000000000 0.00000000000 0.00000000000 0.00000000000 0.00000000000 0.00000000000 0.00000000000 0.00000000000 0.00000000000 0.00000000000 0.00000000000 0.00000000000 0.00000000000 0.00000000000 0.00000000000 0.00000000000 0.00000000000 0.00000000000 0.00000000000 0.00000000000 0.00000000000 0.00000000000 0.00000000000 0.00000000000 0.00000000000 0.00000000000
# logsel_slope_fsh[2]:
 0.00000000000 0.00000000000 0.00000000000 0.00000000000 0.00000000000 0.00000000000 0.00000000000 0.00000000000 0.00000000000 0.00000000000 0.00000000000 0.00000000000 0.00000000000 0.00000000000 0.00000000000 0.00000000000 0.00000000000 0.00000000000 0.00000000000 0.00000000000 0.00000000000 0.00000000000 0.00000000000 0.00000000000 0.00000000000 0.00000000000 0.00000000000 0.00000000000 0.00000000000 0.00000000000 0.00000000000 0.00000000000 0.00000000000 0.00000000000 0.00000000000 0.00000000000 0.00000000000 0.00000000000 0.00000000000
# logsel_slope_fsh[3]:
 0.00000000000 0.00000000000 0.00000000000 0.00000000000 0.00000000000 0.00000000000 0.00000000000 0.00000000000 0.00000000000 0.00000000000 0.00000000000 0.00000000000 0.00000000000 0.00000000000 0.00000000000 0.00000000000 0.00000000000 0.00000000000 0.00000000000 0.00000000000 0.00000000000 0.00000000000 0.00000000000 0.00000000000 0.00000000000 0.00000000000 0.00000000000 0.00000000000 0.00000000000 0.00000000000 0.00000000000 0.00000000000 0.00000000000 0.00000000000 0.00000000000 0.00000000000 0.00000000000 0.00000000000 0.00000000000 0.00000000000 0.00000000000 0.00000000000
# logsel_slope_fsh[4]:
 0.00000000000 0.00000000000 0.00000000000 0.00000000000 0.00000000000 0.00000000000 0.00000000000 0.00000000000 0.00000000000 0.00000000000 0.00000000000 0.00000000000 0.00000000000 0.00000000000 0.00000000000 0.00000000000 0.00000000000 0.00000000000 0.00000000000 0.00000000000 0.00000000000 0.00000000000 0.00000000000 0.00000000000 0.00000000000 0.00000000000 0.00000000000 0.00000000000 0.00000000000 0.00000000000 0.00000000000 0.00000000000 0.00000000000
# sel50_fsh[1]:
 0.00000000000 0.00000000000 0.00000000000 0.00000000000 0.00000000000 0.00000000000 0.00000000000 0.00000000000 0.00000000000 0.00000000000 0.00000000000 0.00000000000 0.00000000000 0.00000000000 0.00000000000 0.00000000000 0.00000000000 0.00000000000 0.00000000000 0.00000000000 0.00000000000 0.00000000000 0.00000000000 0.00000000000 0.00000000000 0.00000000000 0.00000000000 0.00000000000 0.00000000000 0.00000000000 0.00000000000 0.00000000000 0.00000000000 0.00000000000 0.00000000000 0.00000000000 0.00000000000 0.00000000000
# sel50_fsh[2]:
 0.00000000000 0.00000000000 0.00000000000 0.00000000000 0.00000000000 0.00000000000 0.00000000000 0.00000000000 0.00000000000 0.00000000000 0.00000000000 0.00000000000 0.00000000000 0.00000000000 0.00000000000 0.00000000000 0.00000000000 0.00000000000 0.00000000000 0.00000000000 0.00000000000 0.00000000000 0.00000000000 0.00000000000 0.00000000000 0.00000000000 0.00000000000 0.00000000000 0.00000000000 0.00000000000 0.00000000000 0.00000000000 0.00000000000 0.00000000000 0.00000000000 0.00000000000 0.00000000000 0.00000000000 0.00000000000
# sel50_fsh[3]:
 0.00000000000 0.00000000000 0.00000000000 0.00000000000 0.00000000000 0.00000000000 0.00000000000 0.00000000000 0.00000000000 0.00000000000 0.00000000000 0.00000000000 0.00000000000 0.00000000000 0.00000000000 0.00000000000 0.00000000000 0.00000000000 0.00000000000 0.00000000000 0.00000000000 0.00000000000 0.00000000000 0.00000000000 0.00000000000 0.00000000000 0.00000000000 0.00000000000 0.00000000000 0.00000000000 0.00000000000 0.00000000000 0.00000000000 0.00000000000 0.00000000000 0.00000000000 0.00000000000 0.00000000000 0.00000000000 0.00000000000 0.00000000000 0.00000000000
# sel50_fsh[4]:
 0.00000000000 0.00000000000 0.00000000000 0.00000000000 0.00000000000 0.00000000000 0.00000000000 0.00000000000 0.00000000000 0.00000000000 0.00000000000 0.00000000000 0.00000000000 0.00000000000 0.00000000000 0.00000000000 0.00000000000 0.00000000000 0.00000000000 0.00000000000 0.00000000000 0.00000000000 0.00000000000 0.00000000000 0.00000000000 0.00000000000 0.00000000000 0.00000000000 0.00000000000 0.00000000000 0.00000000000 0.00000000000 0.00000000000
# logsel_p1_fsh[1]:
 0.00000000000 0.00000000000 0.00000000000 0.00000000000 0.00000000000 0.00000000000 0.00000000000 0.00000000000 0.00000000000 0.00000000000 0.00000000000 0.00000000000 0.00000000000 0.00000000000 0.00000000000 0.00000000000 0.00000000000 0.00000000000 0.00000000000 0.00000000000 0.00000000000 0.00000000000 0.00000000000 0.00000000000 0.00000000000 0.00000000000 0.00000000000 0.00000000000 0.00000000000 0.00000000000 0.00000000000 0.00000000000 0.00000000000 0.00000000000 0.00000000000 0.00000000000 0.00000000000 0.00000000000
# logsel_p1_fsh[2]:
 0.00000000000 0.00000000000 0.00000000000 0.00000000000 0.00000000000 0.00000000000 0.00000000000 0.00000000000 0.00000000000 0.00000000000 0.00000000000 0.00000000000 0.00000000000 0.00000000000 0.00000000000 0.00000000000 0.00000000000 0.00000000000 0.00000000000 0.00000000000 0.00000000000 0.00000000000 0.00000000000 0.00000000000 0.00000000000 0.00000000000 0.00000000000 0.00000000000 0.00000000000 0.00000000000 0.00000000000 0.00000000000 0.00000000000 0.00000000000 0.00000000000 0.00000000000 0.00000000000 0.00000000000 0.00000000000
# logsel_p1_fsh[3]:
 0.00000000000 0.00000000000 0.00000000000 0.00000000000 0.00000000000 0.00000000000 0.00000000000 0.00000000000 0.00000000000 0.00000000000 0.00000000000 0.00000000000 0.00000000000 0.00000000000 0.00000000000 0.00000000000 0.00000000000 0.00000000000 0.00000000000 0.00000000000 0.00000000000 0.00000000000 0.00000000000 0.00000000000 0.00000000000 0.00000000000 0.00000000000 0.00000000000 0.00000000000 0.00000000000 0.00000000000 0.00000000000 0.00000000000 0.00000000000 0.00000000000 0.00000000000 0.00000000000 0.00000000000 0.00000000000 0.00000000000 0.00000000000 0.00000000000
# logsel_p1_fsh[4]:
 0.00000000000 0.00000000000 0.00000000000 0.00000000000 0.00000000000 0.00000000000 0.00000000000 0.00000000000 0.00000000000 0.00000000000 0.00000000000 0.00000000000 0.00000000000 0.00000000000 0.00000000000 0.00000000000 0.00000000000 0.00000000000 0.00000000000 0.00000000000 0.00000000000 0.00000000000 0.00000000000 0.00000000000 0.00000000000 0.00000000000 0.00000000000 0.00000000000 0.00000000000 0.00000000000 0.00000000000 0.00000000000 0.00000000000
# logsel_p2_fsh[1]:
 0.00000000000 0.00000000000 0.00000000000 0.00000000000 0.00000000000 0.00000000000 0.00000000000 0.00000000000 0.00000000000 0.00000000000 0.00000000000 0.00000000000 0.00000000000 0.00000000000 0.00000000000 0.00000000000 0.00000000000 0.00000000000 0.00000000000 0.00000000000 0.00000000000 0.00000000000 0.00000000000 0.00000000000 0.00000000000 0.00000000000 0.00000000000 0.00000000000 0.00000000000 0.00000000000 0.00000000000 0.00000000000 0.00000000000 0.00000000000 0.00000000000 0.00000000000 0.00000000000 0.00000000000
# logsel_p2_fsh[2]:
 0.00000000000 0.00000000000 0.00000000000 0.00000000000 0.00000000000 0.00000000000 0.00000000000 0.00000000000 0.00000000000 0.00000000000 0.00000000000 0.00000000000 0.00000000000 0.00000000000 0.00000000000 0.00000000000 0.00000000000 0.00000000000 0.00000000000 0.00000000000 0.00000000000 0.00000000000 0.00000000000 0.00000000000 0.00000000000 0.00000000000 0.00000000000 0.00000000000 0.00000000000 0.00000000000 0.00000000000 0.00000000000 0.00000000000 0.00000000000 0.00000000000 0.00000000000 0.00000000000 0.00000000000 0.00000000000
# logsel_p2_fsh[3]:
 0.00000000000 0.00000000000 0.00000000000 0.00000000000 0.00000000000 0.00000000000 0.00000000000 0.00000000000 0.00000000000 0.00000000000 0.00000000000 0.00000000000 0.00000000000 0.00000000000 0.00000000000 0.00000000000 0.00000000000 0.00000000000 0.00000000000 0.00000000000 0.00000000000 0.00000000000 0.00000000000 0.00000000000 0.00000000000 0.00000000000 0.00000000000 0.00000000000 0.00000000000 0.00000000000 0.00000000000 0.00000000000 0.00000000000 0.00000000000 0.00000000000 0.00000000000 0.00000000000 0.00000000000 0.00000000000 0.00000000000 0.00000000000 0.00000000000
# logsel_p2_fsh[4]:
 0.00000000000 0.00000000000 0.00000000000 0.00000000000 0.00000000000 0.00000000000 0.00000000000 0.00000000000 0.00000000000 0.00000000000 0.00000000000 0.00000000000 0.00000000000 0.00000000000 0.00000000000 0.00000000000 0.00000000000 0.00000000000 0.00000000000 0.00000000000 0.00000000000 0.00000000000 0.00000000000 0.00000000000 0.00000000000 0.00000000000 0.00000000000 0.00000000000 0.00000000000 0.00000000000 0.00000000000 0.00000000000 0.00000000000
# logsel_p3_fsh[1]:
 0.00000000000 0.00000000000 0.00000000000 0.00000000000 0.00000000000 0.00000000000 0.00000000000 0.00000000000 0.00000000000 0.00000000000 0.00000000000 0.00000000000 0.00000000000 0.00000000000 0.00000000000 0.00000000000 0.00000000000 0.00000000000 0.00000000000 0.00000000000 0.00000000000 0.00000000000 0.00000000000 0.00000000000 0.00000000000 0.00000000000 0.00000000000 0.00000000000 0.00000000000 0.00000000000 0.00000000000 0.00000000000 0.00000000000 0.00000000000 0.00000000000 0.00000000000 0.00000000000 0.00000000000
# logsel_p3_fsh[2]:
 0.00000000000 0.00000000000 0.00000000000 0.00000000000 0.00000000000 0.00000000000 0.00000000000 0.00000000000 0.00000000000 0.00000000000 0.00000000000 0.00000000000 0.00000000000 0.00000000000 0.00000000000 0.00000000000 0.00000000000 0.00000000000 0.00000000000 0.00000000000 0.00000000000 0.00000000000 0.00000000000 0.00000000000 0.00000000000 0.00000000000 0.00000000000 0.00000000000 0.00000000000 0.00000000000 0.00000000000 0.00000000000 0.00000000000 0.00000000000 0.00000000000 0.00000000000 0.00000000000 0.00000000000 0.00000000000
# logsel_p3_fsh[3]:
 0.00000000000 0.00000000000 0.00000000000 0.00000000000 0.00000000000 0.00000000000 0.00000000000 0.00000000000 0.00000000000 0.00000000000 0.00000000000 0.00000000000 0.00000000000 0.00000000000 0.00000000000 0.00000000000 0.00000000000 0.00000000000 0.00000000000 0.00000000000 0.00000000000 0.00000000000 0.00000000000 0.00000000000 0.00000000000 0.00000000000 0.00000000000 0.00000000000 0.00000000000 0.00000000000 0.00000000000 0.00000000000 0.00000000000 0.00000000000 0.00000000000 0.00000000000 0.00000000000 0.00000000000 0.00000000000 0.00000000000 0.00000000000 0.00000000000
# logsel_p3_fsh[4]:
 0.00000000000 0.00000000000 0.00000000000 0.00000000000 0.00000000000 0.00000000000 0.00000000000 0.00000000000 0.00000000000 0.00000000000 0.00000000000 0.00000000000 0.00000000000 0.00000000000 0.00000000000 0.00000000000 0.00000000000 0.00000000000 0.00000000000 0.00000000000 0.00000000000 0.00000000000 0.00000000000 0.00000000000 0.00000000000 0.00000000000 0.00000000000 0.00000000000 0.00000000000 0.00000000000 0.00000000000 0.00000000000 0.00000000000
# rec_dev_future:
 0.00000000000 0.00000000000 0.00000000000 0.00000000000 0.00000000000 0.00000000000 0.00000000000 0.00000000000 0.00000000000 0.00000000000 0.00000000000 0.00000000000 0.00000000000 0.00000000000 0.00000000000 0.00000000000 0.00000000000 0.00000000000 0.00000000000 0.00000000000
# log_q_ind[1]:
0.417163763921
# log_q_ind[2]:
-2.28187532713
# log_q_ind[3]:
-9.25497941502
# log_q_ind[4]:
-0.274056358605
# log_q_ind[5]:
-5.69200304521
# log_q_ind[6]:
-8.07026846274
# log_q_ind[7]:
-1.12886889744
# log_q_power_ind[1]:
0.00000000000
# log_q_power_ind[2]:
0.00000000000
# log_q_power_ind[3]:
0.00000000000
# log_q_power_ind[4]:
0.00000000000
# log_q_power_ind[5]:
0.00000000000
# log_q_power_ind[6]:
0.00000000000
# log_q_power_ind[7]:
0.00000000000
# log_rw_q_ind[1]:
 -0.951025822170
# log_rw_q_ind[3]:
 -0.590589597907
# log_selcoffs_ind[1]:
 -2.13908538981 -1.32485586772 -0.717132701334 -0.284997269808 -0.00132006879149 0.194899713099 0.330825615487 0.420977862682 0.472748692256 0.496155060610
 -2.76887302825 -1.97059927895 -1.21174264045 -0.552710732858 -0.0497675232637 0.287812266589 0.462629741452 0.529848795684 0.530784656516 0.502400727445
# log_selcoffs_ind[2]:
 -0.998226282964 -1.12288865162 -1.40108683200 -1.57884762960 -1.51147758417 -1.14935779579 -0.543162149761 0.196867756324 0.920476450019 1.38808913615
 0.131374418886 -0.361916666167 -0.704781855910 -0.893767951697 -0.903559476595 -0.694527908766 -0.297155488729 0.190765031281 0.640829573564 0.918026769322
 0.519375650278 0.158393158122 -0.118381336891 -0.336663347874 -0.501721921964 -0.529684136059 -0.385165655748 -0.111706948732 0.201718496871 0.439842806408
# log_selcoffs_ind[3]:
 -0.202940821038 0.0202027052767 0.0202027052767 0.0202027052767 0.0202027052767 0.0202027052767 0.0202027052767 0.0202027052767 0.0202027052767 0.0202027052767
# log_selcoffs_ind[4]:
 -0.702447288705 -0.506851060721 -0.328253313312 -0.184288885088 -0.0656184422646 0.0455051868820 0.154792389490 0.258083622836 0.344708761477 0.401374925317
 -1.44133395949 -1.14276525007 -0.837648902216 -0.522972616469 -0.216872953096 0.0576764553877 0.291161893052 0.466516730137 0.573322804464 0.614104542811
# log_selcoffs_ind[5]:
 -3.04452005677 -0.669616569639 0.101782682789 0.174353368097 0.174353368097 0.174353368097 0.174353368097 0.174353368097 0.174353368097 0.174353368097
# log_selcoffs_ind[6]:
 -3.04452005677 -0.669616569639 0.101782682789 0.174353368097 0.174353368097 0.174353368097 0.174353368097 0.174353368097 0.174353368097 0.174353368097
# log_selcoffs_ind[7]:
 -3.04452005677 -0.669616569639 0.101782682789 0.174353368097 0.174353368097 0.174353368097 0.174353368097 0.174353368097 0.174353368097 0.174353368097
# logsel_slope_ind[1]:
 0.00000000000 0.00000000000
# logsel_slope_ind[2]:
 0.00000000000 0.00000000000 0.00000000000
# logsel_slope_ind[3]:
 0.00000000000
# logsel_slope_ind[4]:
 0.00000000000 0.00000000000
# logsel_slope_ind[5]:
 0.00000000000
# logsel_slope_ind[6]:
 0.00000000000
# logsel_slope_ind[7]:
 0.00000000000
# sel50_ind[1]:
 0.00000000000 0.00000000000
# sel50_ind[2]:
 0.00000000000 0.00000000000 0.00000000000
# sel50_ind[3]:
 0.00000000000
# sel50_ind[4]:
 0.00000000000 0.00000000000
# sel50_ind[5]:
 0.00000000000
# sel50_ind[6]:
 0.00000000000
# sel50_ind[7]:
 0.00000000000
# logsel_p1_ind[1]:
 0.00000000000 0.00000000000
# logsel_p1_ind[2]:
 0.00000000000 0.00000000000 0.00000000000
# logsel_p1_ind[3]:
 0.00000000000
# logsel_p1_ind[4]:
 0.00000000000 0.00000000000
# logsel_p1_ind[5]:
 0.00000000000
# logsel_p1_ind[6]:
 0.00000000000
# logsel_p1_ind[7]:
 0.00000000000
# sel_p2_ind[1]:
 0.00000000000 0.00000000000
# sel_p2_ind[2]:
 0.00000000000 0.00000000000 0.00000000000
# sel_p2_ind[3]:
 0.00000000000
# sel_p2_ind[4]:
 0.00000000000 0.00000000000
# sel_p2_ind[5]:
 0.00000000000
# sel_p2_ind[6]:
 0.00000000000
# sel_p2_ind[7]:
 0.00000000000
# logsel_p3_ind[1]:
 0.00000000000 0.00000000000
# logsel_p3_ind[2]:
 0.00000000000 0.00000000000 0.00000000000
# logsel_p3_ind[3]:
 0.00000000000
# logsel_p3_ind[4]:
 0.00000000000 0.00000000000
# logsel_p3_ind[5]:
 0.00000000000
# logsel_p3_ind[6]:
 0.00000000000
# logsel_p3_ind[7]:
 0.00000000000
