# Number of parameters = 1844 Objective function value = 1317.17865579266  Maximum gradient component = 0.000181505514945965
# Mest[1]:
0.280000000000
# log_Linf[1]:
4.29810139974
# log_k[1]:
-1.83258146375
# log_Lo[1]:
2.60712428251
# log_sdage[1]:
-2.40794560865
# mean_log_rec[1]:
9.27900373326
# steepness[1]:
0.850000000000
# log_Rzero[1]:
9.49786199337
# rec_dev:
 -0.0325020826815 -0.0421515294293 -0.0542705626076 -0.0693894576315 -0.0883264417378 -0.113004643935 -0.143933041978 -0.181969736724 -0.225883071275 -0.263006232826 -0.360380357078 -0.423560076982 -0.273158696198 -0.0717539579898 -0.421469115390 -0.663748533854 -0.124165715016 0.117355567342 0.132886684958 0.344300836505 0.354419905434 0.389024598575 0.447062486685 0.585877378811 0.974680375694 0.718621533549 0.819521567358 1.66268264534 1.62394696635 0.783530606583 0.332763928174 0.433001902466 0.600388739056 0.800243422042 0.391826217821 0.344376056610 0.519127351004 0.231541598934 0.440975658717 0.504463410347 0.677523226179 0.805982269061 0.632646291835 0.634035247067 -0.0141568310606 -0.200316125431 0.0399957532596 -0.483205493836 -1.46944889199 -0.656167537748 -0.383397321206 -0.961697034512 -1.15669846900 -1.12326194843 -1.10807034972 -0.728633661727 -0.776191431775 -0.484474042030 -0.195772966034 0.0265069763715 -0.165947951219 -0.345536601363 0.0293305971364 -0.412716697048 -0.721664823220 -0.116967931216 0.136518381548
# log_sigmar[1]:
-0.510825623766
# fmort:
 -4.81786155358 -4.41611932982 -5.16102726501 -4.85613201985 -4.12433997100 -3.86858312875 -3.63760004355 -3.70005481179 -3.00852554298 -3.11486681579 -3.41379460094 -2.98847842455 -2.23393582293 -3.18706701925 -2.37232587373 -2.94244585493 -5.31907913156 -3.98963506968 -4.33669471479 -4.40860469947 -4.43174454871 -4.05643998908 -3.93789280547 -3.74740446921 -4.20482623837 -3.94113338272 -3.54940256491 -4.45952357743 -5.59562755919 -4.99862660948 -4.64942677691 -3.97907503706 -4.83821659768 -4.38507811391 -4.20864004517 -3.80001238846 -3.74028589755 -3.24853962658 -2.66036129902 -2.91256950673 -2.49735932675 -3.99188038976 -4.85227419623 -4.28205702670 -4.14501602795 -3.73377359746 -3.98875284602 -3.48696916872 -4.56129591236 -4.77041829595 -3.52126760606 -3.44470883299 -3.51931823604 -3.61169082372 -3.20508400835 -3.27041140835
 -7.20872399034 -6.77595799692 -6.32260359086 -5.78052395651 -6.06592695097 -5.39835111947 -4.88854046636 -4.56833004004 -4.11141686342 -3.89302436989 -3.73237177481 -2.95665395073 -2.72051612219 -3.01135406214 -2.67527560547 -2.34846727945 -2.23455410641 -1.97130345183 -1.92318693017 -1.83600221863 -1.79204273659 -1.37384873399 -0.920154712534 -0.801366688281 -0.416210834104 0.126574664895 0.385330791227 0.614573117696 0.218948502240 -0.186509047653 -0.512707342797 -0.309053839416 -0.256877259160 -0.440536842226 -0.520980553529 -0.537633450358 -0.687896393752 -0.613946393086 -0.873208859560 -0.677089976820 -1.18551004185 -1.39660115186 -1.44110701106 -1.51646677720 -1.54069899260 -1.33811216894 -1.23491039668 -1.15272312286 -1.04412377273 -1.10242039804 -1.00974213532 -0.897145743758 -0.891308346333 -0.746576622122 -0.280673513433 -0.303201575648
 -8.45264980576 -7.71392128878 -6.78048525858 -6.01829974079 -4.98574127894 -6.06977819421 -5.58496878326 -3.33499146902 -3.76502641096 -4.00346203474 -3.89027107823 -3.86894505809 -4.95133597205 -5.13833583237 -4.82441757096 -5.54658615511 -6.41499148484 -6.61219055370 -5.43137044375 -5.35431780441 -4.81940788459 -4.91104271967 -5.45475471717 -5.32129715571 -4.83444842519 -3.55461574130 -3.32698321108 -2.79295943042 -3.04341873203 -4.07680373248 -4.01036585447 -3.11254138967 -5.00911839005 -4.67550925197 -4.71662444347 -5.11020152642 -3.70016929543 -3.57326921346 -3.53604472110 -3.77853136488 -5.15859287530 -2.58244210753 -3.02576160713 -3.76253901101 -3.94085211065 -5.21843340879 -5.76290349486 -6.45363411871 -4.81765842429 -4.10554473574 -4.22746132867 -4.43363397960 -4.18166239762 -3.78340800777 -3.75294942070 -3.73899738681
 -9.70590025781 -9.66177763896 -7.91267393054 -9.57276531390 -9.52185907662 -9.46778436629 -9.37561086451 -8.53619423472 -5.34565245446 -3.26971092977 -3.25928675115 -2.91241396618 -2.25419713878 -1.92603860896 -1.65989596327 -1.90376946395 -2.02186330665 -2.23619263057 -2.46004888675 -2.65153477863 -2.80891277983 -3.31631498547 -5.84673538293 -9.32296893222 -9.11874035955 -8.80589134769 -8.41072502272 -8.03915450785 -7.86413009510 -7.98009934270 -7.49297767052 -5.58827954443 -4.45977497414 -3.88123271499 -3.25011915342 -3.37480551300 -2.85440406645 -2.37299995331 -2.10286853954 -1.84566493997 -1.92079361680 -3.08160573073 -3.38600771192 -3.38006954128 -2.98516132906 -2.82318599328 -3.32948588661 -3.40912171644 -3.41792678871 -3.56341283843 -6.04230321608 -3.81329960846 -3.66453201616 -3.28495010952 -4.22021063661 -5.03839872736
# log_selcoffs_fsh[1]:
 -3.49866803417 -1.88585260247 -0.876486502586 0.109541596485 0.886293152590 0.952316305652 0.272893870538 -0.513290990759 -1.03298062768
 -3.06696913353 -1.42122466110 -0.738585703666 0.0328441531509 0.766647710856 0.903247130092 0.359059250876 -0.342814304677 -0.823373280354
 -2.75795373682 -1.29308648581 -0.495231298379 0.243070468326 0.736212991191 0.728111090133 0.295427882240 -0.267927538435 -0.673883367589
 -2.39014114717 -1.09990691726 -0.467752794844 0.111775165917 0.761315163687 0.723628486353 0.256136821951 -0.251079447325 -0.583522193085
 -1.79715721690 -0.259498500755 0.0410328334889 0.255251603059 0.438431944690 0.431668022714 0.164652588825 -0.190778632771 -0.454567800049
 -1.70427450647 -0.506483821834 0.464942667295 0.668318145975 0.296984966226 0.0878469121821 -0.103346785893 -0.323813840347 -0.494634923864
 -1.43795293390 -0.381322980170 0.514318887684 0.747738169606 0.301655484150 -0.0546286370104 -0.274239030577 -0.430593894480 -0.534933803612
 -1.03143963110 -0.217167157356 0.562294095484 0.776669816054 0.217862058447 -0.170572316548 -0.400806627887 -0.522916155444 -0.578691312027
 -0.754906897835 0.238855158340 0.445233146359 0.586012135421 0.296685963497 -0.180451960098 -0.469901642899 -0.586432039285 -0.614649711760
 -0.583073859912 0.384238504225 0.566740940463 0.553813703326 0.145250869163 -0.311459750743 -0.582192659632 -0.667502031216 -0.672231675351
 -0.121931489991 0.880249063690 0.471288222100 0.193997316278 -0.191569144544 -0.506536838682 -0.691847813481 -0.742775577000 -0.728861296389
 0.0842371900715 0.789161539659 0.629634052371 0.196654287519 -0.343660473617 -0.632579128995 -0.767230354305 -0.798481295394 -0.773017520016
 -0.221538685535 1.08293769855 0.658942672417 -0.00880009505951 -0.533684998709 -0.774584914483 -0.861247401878 -0.868269391106 -0.839933118896
 0.193969796339 1.02220982760 0.620905633547 -0.0638348196317 -0.619340223986 -0.840070170317 -0.902547622073 -0.893229656835 -0.860401763803
 0.125235744284 1.17140200880 0.521056580734 -0.157796997021 -0.681943212710 -0.895884374414 -0.951160038150 -0.932487146005 -0.895272111704
 -0.334060073190 1.21942916212 0.689716426529 -0.122402922540 -0.717634210951 -0.942187897853 -0.996618569296 -0.970931432211 -0.928217564341
 -0.244559244387 1.25047502800 0.635056863429 -0.145106578277 -0.745380227669 -0.972850644553 -1.02449880864 -0.991278990354 -0.940958701831
 0.342868030759 1.04811139059 0.659493795991 -0.164210631218 -0.768639237336 -0.991548735949 -1.03570132787 -0.989814539058 -0.928582840968
 0.744109487756 1.02454564058 0.393800296626 -0.297962137138 -0.835346818069 -1.04100091576 -1.07356283025 -1.01056663157 -0.936381671745
 0.441349455439 1.17192136935 0.518745367489 -0.319465735780 -0.905558136362 -1.10522811371 -1.11764054256 -1.02974437578 -0.939173503228
 0.569379607940 1.23486327709 0.363903389480 -0.461517484198 -1.00492922498 -1.18051737391 -1.16681477482 -1.04937486253 -0.939161248667
 0.438073256994 1.28688564683 0.467194341168 -0.539159245072 -1.11386598959 -1.26193210737 -1.21205039964 -1.06167707464 -0.928399075642
 0.600904832631 1.21301849747 0.450299465814 -0.517135218546 -1.13384496975 -1.29658608434 -1.23007470373 -1.05001219896 -0.891257686943
 0.379689286471 1.33227054343 0.401024239032 -0.538034599274 -1.13128463717 -1.29959206557 -1.23070262544 -1.03094869152 -0.850348458517
 0.592645866837 1.22726412174 0.343435277333 -0.511159135835 -1.08070983332 -1.25982848080 -1.18985344010 -0.970960684483 -0.768462337995
 0.627076577410 1.12118427344 0.370541549336 -0.382630261004 -1.01642459734 -1.20560160227 -1.11272337272 -0.871977573172 -0.652742812161
 0.0369125207034 1.19857548712 0.514387517729 -0.238969079407 -0.912098370672 -1.09939351700 -0.990014145874 -0.732675680428 -0.510812652404
 0.244814868307 1.03545622483 0.461460218895 -0.297502267558 -0.823172655437 -0.954204162786 -0.810857416788 -0.542302904171 -0.318656749822
 1.01272203289 0.603789245181 -0.0461352037349 -0.550146056538 -0.841639065567 -0.859330986967 -0.668098621832 -0.388092265663 -0.173616368600
 0.542486504456 0.901103720913 -0.0248438336395 -0.674229268744 -0.850043664916 -0.749568868381 -0.499603136522 -0.204042867120 0.0101729276699
 0.320185323933 0.848733633759 -0.156529362650 -0.700549628357 -0.783880883311 -0.620126771312 -0.322631375456 -0.0109532371631 0.204293497611
 0.210805766808 0.473781185282 -0.243715738532 -0.625977898480 -0.635259114175 -0.437926897792 -0.115714515096 0.211518621766 0.431373071755
 -0.674176196600 0.164369864163 -0.207618233762 -0.447335385364 -0.383912804665 -0.223280905460 0.0814957063665 0.385076228160 0.601147769968
 -1.16884514658 -0.524785123530 -0.552910262358 -0.385149950228 -0.157855386743 -0.0240605644431 0.312684875856 0.504450591179 0.687432982313
 -0.777105932837 -0.329564553110 -0.838248963103 -0.823065459795 -0.485559663286 -0.122282306698 0.277169847398 0.605174774869 0.832153995221
 -0.199092583158 -1.19384741999 -1.33761767192 -1.02216996094 -0.574162603542 -0.128790796493 0.308322295587 0.675771339257 0.910742180259
 -1.47213239469 -1.56563724111 -1.46264541456 -0.935007545387 -0.408725121558 -0.0196493439277 0.421937088327 0.762129801574 0.964934872768
 -2.30133825890 -1.78512690506 -1.49201333025 -0.950170637713 -0.397061745887 0.0580743111769 0.428056323045 0.773057050657 0.988710874050
 -2.57126067173 -2.45856732545 -2.07598563022 -1.33225325950 -0.481507204336 0.164698095348 0.602457206110 0.840780649513 0.919095714036
 -3.01023190583 -2.84565203056 -2.34839505018 -1.48847302169 -0.561555984549 0.207679737343 0.677068014332 0.855518615963 0.895904788714
 -3.09843041965 -2.86955153380 -2.30451654380 -1.51163821952 -0.668602746649 0.0456109099980 0.581415929580 0.919311690979 1.00157851960
 -3.41989149122 -2.85032705782 -2.12248490709 -1.42666544377 -0.689032735060 -0.0241297703073 0.499660597764 0.917904798740 1.07130820230
 -3.46359363928 -2.82656495016 -2.10884496605 -1.39504609544 -0.675851061565 -0.0357424170758 0.493661412171 0.899896010553 1.08822670181
# log_selcoffs_fsh[2]:
 -2.06281559487 -0.170346094546 0.604235866680 0.927626803450 0.614388623504 0.0241702742104 -0.442198954906 -0.781517562530 -0.994762161910 -1.11461384038
 -1.97098886592 -0.108395708905 -0.141377281310 0.428048132822 0.813380699230 0.600997648759 0.0122702126840 -0.506850110886 -0.784038188950 -0.891026644711
 -2.45813652601 -0.651994408893 -0.216668777907 0.287904354546 0.782889234501 0.732265164849 0.198434304589 -0.327620430086 -0.601886548357 -0.694953710111
 -2.81489578467 -1.22929779155 -0.342689770372 0.154774186287 0.712995786957 0.816718188110 0.289310799913 -0.171242121695 -0.402552700530 -0.477312528673
 -2.40177366826 -0.846748537037 -0.755355832275 -0.270096647595 0.462513762864 0.782230290810 0.453237448068 0.106940535725 -0.0797165764047 -0.146832008770
 -1.93092324961 -0.801646875570 -0.554855714281 -0.455707845176 0.0311984933828 0.424973796371 0.489942386267 0.384171276806 0.269871775525 0.204234656541
 -2.61174975797 -1.28917018199 -0.395675359442 -0.219636472797 -0.120655700996 0.163736373646 0.403374338071 0.481188220699 0.434385434720 0.372900108351
 -3.20157044071 -2.16065611520 -1.30146200665 -0.550798693889 0.0368132423189 0.375344893358 0.571623621058 0.529163867495 0.454660902044 0.377165183078
 -3.53134464574 -2.47322197096 -1.82575669384 -1.09812280713 -0.296243049113 0.250937829442 0.606751138065 0.739544070376 0.630916462826 0.440972925440
 -3.72133871221 -2.43346396378 -1.71218701343 -1.24146058325 -0.782642950402 -0.177359318422 0.391981013646 0.877560486194 0.901902854380 0.573651534021
 -3.71702683479 -2.12506266795 -1.32347916450 -0.898171966916 -0.599820617625 -0.347895654620 0.135459232024 0.727764566749 0.936699382728 0.770390333496
 -3.79326882382 -2.22674266218 -1.29935080604 -0.825152858728 -0.508029828661 -0.228781262466 0.288192363938 0.647871838596 0.809805991879 0.819156531908
 -3.65277509850 -1.74116028527 -1.04709658440 -0.604549635927 -0.378096070638 -0.322012633643 0.0655748576326 0.454581724440 0.781143485509 0.979971292175
 -3.32191227526 -1.68046169213 -0.848630319530 -0.529559715380 -0.456712822023 -0.358010839916 -0.0645073330058 0.335792851677 0.772627076174 1.07374219083
 -3.06515315495 -0.999512740943 -0.837253959385 -0.679380239370 -0.728990475657 -0.585627202749 -0.189277318810 0.291761374702 0.811604480904 1.15953664874
 -2.84855639041 -0.778910401196 -0.741465966620 -0.827457425893 -0.891017139501 -0.713150696685 -0.280249664152 0.249315436940 0.814357954788 1.21573990796
 -2.49623260846 -0.872129573752 -0.750329776709 -0.809505074950 -0.966784471357 -0.851547288558 -0.429958108006 0.167152787439 0.821296959524 1.29999551997
 -2.78070196458 -0.980333260596 -0.673492812998 -0.738289612086 -0.932980924881 -0.874003488360 -0.480028835574 0.117101445603 0.794669240829 1.33699889866
 -2.98781732880 -1.25952483310 -0.758007351958 -0.765174023385 -0.927245125109 -0.830941876221 -0.443087719452 0.138082773182 0.798833959755 1.35779506276
 -3.06132803978 -1.44044681772 -1.07502247835 -0.817177406305 -0.900221879714 -0.809116065865 -0.410402686562 0.173061863018 0.833960511862 1.36785357123
 -3.02996568568 -1.47886552020 -0.945576876216 -0.714859782743 -0.829496899005 -0.833822659983 -0.480993596065 0.128757291481 0.817110079905 1.37520449157
 -3.19155823445 -1.41720606216 -0.875463620081 -0.545374622258 -0.664678605044 -0.715349587381 -0.456490590142 0.0503231554563 0.746938662102 1.36637375309
 -3.41082845028 -1.91352798246 -0.920883408250 -0.432212874062 -0.398412114883 -0.519449552975 -0.351228407469 0.0250165570768 0.642649494565 1.35462016725
 -3.48838346229 -2.19343439040 -1.19679258484 -0.477007412007 -0.112608118821 -0.140443604846 -0.00528286667928 0.238825456754 0.624325001136 1.11224247297
 -3.47333361553 -1.94241782778 -1.15014058701 -0.716770192563 -0.249025329576 0.0292125861327 0.211634601750 0.439315137722 0.644982202176 0.923549603171
 -3.53409132760 -2.15914286545 -1.27994739096 -0.427133660409 -0.0101768847147 0.180163754652 0.306781649372 0.510136875475 0.601319061733 0.635828982964
 -3.70042833471 -1.82662164874 -1.02939582978 -0.0411308262723 0.311203958051 0.363091133278 0.398170577846 0.480133235672 0.349686902178 0.157481181030
 -3.80319497443 -1.57763569779 -0.731705282599 -0.0398146102646 0.344085811435 0.366107287752 0.604704898597 0.459078297262 0.152449051680 -0.107180807339
 -3.88532644192 -2.24432127527 -1.30071756638 0.0139047204887 0.420279364273 0.483283104983 0.671382454714 0.336339133342 0.113362434121 -0.0340188426745
 -4.01711499913 -2.24019632218 -0.957909856332 -0.182145828725 0.554719797775 0.532833035850 0.403306323553 0.241657051272 0.201318036299 0.198885429182
 -3.83104235001 -1.78337020472 -0.553412182509 0.0424321353182 0.114478424171 0.139848620149 0.253421313044 0.316145847191 0.429167691256 0.544815149819
 -3.70608629031 -1.82236634263 -0.834090715634 -0.249237853709 0.0724400208667 0.0971201687468 0.139573159943 0.347519180341 0.565194643957 0.740924586854
 -3.20445798394 -1.20515735848 -1.03267305314 -0.732045584001 -0.282774673411 -0.0649110691339 0.0591445949015 0.367144411094 0.716871311118 0.947558861221
 -3.78068411954 -1.66296315481 -0.972471947186 -0.545643549304 -0.261170568917 -0.0436749748350 0.107572443835 0.382172418392 0.693224005998 0.925605692144
 -4.10162133100 -2.10049276509 -1.35310456733 -0.842491563383 -0.307358428071 -0.00524057803368 0.241692042791 0.497292985202 0.744028031893 0.883669963104
 -4.50284877085 -2.49374608224 -1.42102706324 -0.840086758886 -0.366461699213 -0.0909162611802 0.219858103858 0.542638041731 0.766192745773 0.919847616881
 -4.91508518811 -3.09717345513 -1.89806537026 -0.995694872587 -0.268639845973 0.0453763026067 0.326082365576 0.594903519438 0.744002656111 0.839235139993
 -5.18804059796 -3.44308139702 -2.47862268184 -1.57437836051 -0.616139216763 0.0182163532258 0.389837217457 0.657219176241 0.803897220937 0.905292987495
 -5.42940554873 -3.80506606363 -2.49487389531 -1.73387906006 -0.860947864033 -0.222920641578 0.244631343273 0.604544026239 0.864904331094 1.10159632474
 -5.57281020914 -4.17159249196 -2.83318561655 -1.80150522386 -1.12344994152 -0.468383801303 0.0670861862444 0.519760861183 0.906436747090 1.27514735335
 -5.62519601651 -4.09441922610 -2.74101339721 -1.65226811719 -1.00768864988 -0.625951410911 -0.194961394434 0.296443959667 0.895184665325 1.43700493724
 -5.67298321033 -3.92803063767 -2.49157004164 -1.60678480521 -0.867300964673 -0.625815474548 -0.424590485044 0.0516207647456 0.828372717832 1.55647082292
 -5.86370098506 -4.00384746867 -2.12056835019 -0.929064973642 -0.572015295593 -0.391032451023 -0.376321545127 -0.132181505196 0.677611456067 1.54576316243
# log_selcoffs_fsh[3]:
 -3.19038835347 -0.994481270085 1.33416670684 0.611674717228 -0.548064113880 -1.47671478935 -1.95103181391
 -3.02891679292 -0.691579192624 1.27253507548 0.643777973291 -0.518622303538 -1.44017634378 -1.93053300506
 -2.85149054985 -0.629002862065 1.32534814123 0.518010064305 -0.549286817426 -1.41887330132 -1.91330721481
 -2.84881606115 -0.708449625611 1.26903278852 0.626836449910 -0.481208634398 -1.37853298688 -1.89308807835
 -2.68882666048 -0.722492868958 1.23726620384 0.640423481289 -0.386457903868 -1.31216012463 -1.86860932236
 -2.32671762108 -0.431900092466 1.01797613280 0.798841616385 -0.212769226836 -1.22230969793 -1.83467001353
 -1.98280969074 0.0197290070005 0.863487082357 0.778192331294 -0.188581830496 -1.19445932807 -1.81741737773
 -1.64429814439 0.249066352293 0.950321167713 0.566739201694 -0.322973601382 -1.23887902849 -1.82466195997
 -1.69356783310 0.384919472371 1.04237796887 0.387122697899 -0.483114395302 -1.32755571295 -1.85810505885
 -1.81540795171 -0.0277761748528 1.20912488242 0.453128553739 -0.589976119352 -1.43447389530 -1.90876354506
 -1.98207285423 -0.192596073265 1.23458228298 0.554400203399 -0.685545801909 -1.53728678015 -1.96052992083
 -2.05883617936 -0.235335444391 1.25241005933 0.566423511722 -0.724046731463 -1.60071747345 -2.00370608782
 -1.97482881281 -0.143642441281 1.15717569336 0.659642785085 -0.613689374490 -1.57676844044 -2.02504551106
 -1.78144373058 0.308051263004 1.11613030854 0.451617742990 -0.669653406477 -1.58421491845 -2.04044227244
 -1.76728767760 0.0810343505576 1.25418671631 0.381359146285 -0.786538889989 -1.64430460781 -2.06379654809
 -1.78155502146 0.106520613109 1.38077146394 0.0890165239070 -1.04049903889 -1.75983200777 -2.09717531845
 -1.86705474140 0.444351591018 1.31529126660 -0.0303983035641 -1.17195916198 -1.83297196359 -2.11734426998
 -2.28499960744 0.107127535105 1.45244716544 -0.0603708481986 -1.21147335703 -1.86652782685 -2.13913722157
 -2.03514622358 0.862890826543 1.06883509555 -0.0245616741924 -1.11141279800 -1.81469707959 -2.12332857958
 -2.06863599908 0.952813534419 1.00576679072 -0.0753415160794 -1.10085513323 -1.79402756823 -2.11741921146
 -2.12949223545 0.896309018279 1.07253922494 -0.116277078057 -1.11201627398 -1.78767559438 -2.10951568519
 -2.07620037897 0.453866066489 1.28763837670 0.0448968081207 -1.08242197680 -1.78150842456 -2.09628763123
 -2.19955747708 -0.117526903102 1.48164812079 -0.0159719806886 -1.12526085623 -1.78727905452 -2.08988105245
 -1.81474450865 0.442752882053 1.23675596544 0.141170575914 -0.980658158765 -1.71592701811 -2.04616821987
 -1.55899703504 0.393273423533 1.15669084229 0.321738440034 -0.856620504888 -1.65987024658 -2.00877676884
 -1.45417649767 1.24164103449 0.331134458670 0.144785324972 -0.855273440426 -1.64572864347 -1.97514574058
 -1.15515753755 1.24823569918 0.529528907107 -0.228436866425 -1.01144850006 -1.62567673923 -1.92125697804
 -1.08397131143 0.654846040787 1.08461569831 0.0244233502864 -0.949122260381 -1.56669933166 -1.84475653874
 -1.28297057023 0.386406559733 1.18870673372 0.141704079089 -0.866363351293 -1.49262303121 -1.76740362139
 -1.28005301754 0.630583160547 0.973152727521 0.227933480355 -0.705215763984 -1.35879471006 -1.66060887349
 -1.56828303494 0.981199655136 0.701968232271 0.0946075299395 -0.664155176863 -1.26145479983 -1.56520381653
 -1.83455223906 0.0124042077725 1.23473485700 0.243471312614 -0.563849929293 -1.15513538526 -1.46677697009
 -1.81027544804 -0.164643185171 0.937556428062 0.721467767198 -0.291985528346 -1.00098734937 -1.33668754882
 -1.61642134622 0.325468023665 0.784871690350 0.516067166682 -0.197474158124 -0.851232919649 -1.19907656066
 -1.56459671055 0.195255766748 0.849281823319 0.477473436451 -0.192008937829 -0.770080838182 -1.08777028970
 -1.64650796506 0.161541719477 0.848362191677 0.466685877849 -0.181523130589 -0.707582542163 -0.981883126715
 -1.89540845241 0.0157594639935 0.914010573940 0.454926384340 -0.205119678391 -0.651469087943 -0.849412761676
 -2.24074907338 0.0783547814875 0.984755371081 0.317683802782 -0.275015127942 -0.625467187094 -0.762616684723
 -2.61274780964 -0.163325778655 1.01379785339 0.349810150170 -0.221342739960 -0.541113742530 -0.655919077358
 -2.97067967728 -0.975205705704 0.728019283336 0.708976364274 0.0881547811638 -0.314752112499 -0.436019577061
 -3.32522361875 -1.62718100622 0.0711245572373 0.956691010510 0.349574154863 -0.115468551765 -0.246722793458
 -3.61156812289 -2.11162883726 -0.597118185104 0.802846854187 0.696007625691 0.130917924475 -0.0789725327379
 -3.77454751201 -2.35062672899 -0.716595284616 0.590191869035 0.743270239667 0.344686275468 0.0719932826810
 -3.83815904529 -2.37957928268 -0.848350093281 0.340214042882 0.748731910112 0.563782592454 0.166263264353
 -3.86642600906 -2.40344152941 -1.04594358088 0.0974772731073 0.751797889991 0.711498311580 0.244563346841
 -3.85768763582 -2.34515143614 -0.998227098942 0.0318379848785 0.713260089701 0.712778445483 0.337817385318
# log_selcoffs_fsh[4]:
 -2.30619856513 -1.84861507097 -1.37308069281 -0.872569463683 -0.371033623419 0.101798774390 0.497006313395 0.770406155123 0.904252852052
 -2.29773086386 -1.84418108729 -1.37276781349 -0.876401245740 -0.371119970938 0.101557625392 0.496243130356 0.770360117112 0.904921456241
 -2.28192419577 -1.83717289721 -1.37258226767 -0.879492654767 -0.375867570750 0.103108796060 0.499400352761 0.770117075899 0.903060818690
 -2.25602808309 -1.82223898064 -1.37005337485 -0.889356281953 -0.384500878300 0.102781288172 0.505523248605 0.772546188326 0.898693946970
 -2.21148452386 -1.79116501891 -1.35415513094 -0.884974020267 -0.401899951344 0.0919325161390 0.508932105269 0.777756909957 0.895013704365
 -2.15001094495 -1.72871666388 -1.32530593364 -0.886450035068 -0.396056808643 0.0902222938667 0.507398741326 0.775201180426 0.887392185913
 -2.07859791138 -1.65890126838 -1.24049512168 -0.844292853203 -0.398365525341 0.0919370747949 0.505228323719 0.765059368741 0.871814591506
 -1.99263498971 -1.58328423316 -1.17185065614 -0.755786338920 -0.344800371381 0.0952564462622 0.489244972971 0.743048674986 0.848957198256
 -1.87071717380 -1.47126678136 -1.08854602820 -0.704707937475 -0.290963511105 0.115934512534 0.473987484109 0.712696581632 0.819364796741
 -1.72561559576 -1.31364060637 -0.922775231681 -0.610171739771 -0.277809856938 0.101313289292 0.441374052111 0.681596077045 0.795923845017
 -1.58558112444 -1.16411525581 -0.749199817085 -0.422752056301 -0.209835141338 0.0530466924847 0.372768890188 0.631821682825 0.768721595146
 -1.45800067634 -1.05047445096 -0.638904429413 -0.275758528084 -0.0598713905927 0.0684612041911 0.289710214212 0.550251719097 0.716954582456
 -1.34122820946 -0.948679990614 -0.571812258083 -0.231843753903 0.0143591801294 0.147085998444 0.277255152400 0.474831530776 0.638421527180
 -1.22447706851 -0.845486322070 -0.489637737750 -0.189945759779 0.0236280065836 0.161511456908 0.288425726795 0.439591940340 0.560354634999
 -1.11157829598 -0.743315566878 -0.406160811406 -0.137697400519 0.0465320257360 0.168153781452 0.276390549970 0.394131774496 0.485908932824
 -1.00561740467 -0.641984910532 -0.319486277495 -0.0798208116854 0.0747010664585 0.167755692480 0.248518401264 0.339715689125 0.412936007634
 -0.904835655359 -0.538557928823 -0.233538796720 -0.0177368809183 0.102619010039 0.159140676668 0.208117550467 0.277265319230 0.340897884714
 -0.810088463474 -0.443644574272 -0.142865464712 -0.00155590586993 0.109844446540 0.145824605017 0.185388414604 0.226651394836 0.275353141762
 -0.725359563053 -0.368330954462 -0.0495755760292 0.0289460972131 0.0541432919067 0.131645808469 0.157073696782 0.201260018992 0.226015025132
 -0.712235111494 -0.327108080924 -0.0164165312284 0.125619347315 0.0643910135083 0.0555053934347 0.129298111885 0.172007686851 0.200144438751
 -0.762581810141 -0.352439072594 -0.0823123961249 0.150400570789 0.176324163972 0.0856137196570 0.0917078188718 0.161006443350 0.177591132373
 -0.895287235931 -0.524613382196 -0.185537248127 0.0242422033972 0.179375394158 0.180186716055 0.195290092046 0.224492779878 0.249409525723
 -1.03927082224 -0.670496617559 -0.300854809448 -0.0474090036662 0.125725640364 0.230736231749 0.278618747475 0.305359606117 0.314106907165
 -1.20711906333 -0.824320097375 -0.471705191441 -0.147286301302 0.104545306966 0.264771483717 0.346061699705 0.383422045574 0.392919617416
 -1.34486457381 -0.938412788348 -0.556288884792 -0.207881169262 0.105371889850 0.290366063004 0.375858937146 0.419109800008 0.430255787290
 -1.50708780801 -1.09351916770 -0.709046677818 -0.318947876758 0.0412231132213 0.303940562554 0.434495658093 0.487602357750 0.503510640794
 -1.65858826681 -1.20685752490 -0.886969902008 -0.448904578785 0.0162127382468 0.313085265219 0.477507951428 0.542802085073 0.555820320668
 -1.80765780086 -1.42680778818 -1.02355545627 -0.479223652613 -0.0447183979941 0.202116490678 0.421638436534 0.607733967317 0.730601307941
 -1.31084632342 -1.38636284144 -1.11243954829 -0.712043233546 -0.262895575338 0.116960141004 0.425202729657 0.669092106839 0.826701816276
 -1.68578986694 -1.39044444036 -1.20386991081 -0.812378897753 -0.316923055232 0.111142977271 0.443967714376 0.707715247389 0.870344969193
 -1.63554468656 -1.21171734292 -1.16270497315 -0.948511677677 -0.562679150003 -0.101284611951 0.373885476291 0.767562802195 1.00293646125
 -1.55443364525 -0.838238778782 -0.868957031295 -0.920183499895 -0.687642990559 -0.258012867873 0.242728516160 0.729604231152 1.06954650611
 -1.69462810796 -0.531033111818 -0.0410616026964 -0.337279688188 -0.431685723283 -0.299651794971 0.0550663015507 0.523064270361 0.884001354766
 -1.70867860036 -0.272422663924 -0.112923685375 -0.223322594594 -0.325551095768 -0.286563931106 0.00971272472852 0.464682357948 0.828573699731
 -1.85968660347 -0.696021634320 -0.127954895581 -0.0198393437579 -0.303094922847 -0.366185313481 -0.0829593578430 0.459141462040 0.936272981475
 -1.96566795074 -0.922823251653 -0.441791283584 -0.342886818377 -0.379126338726 -0.470608784049 -0.213096296040 0.476503151650 1.21856992859
 -1.40967442259 -0.334924031549 -0.380561461298 -0.585929667215 -0.686692010402 -0.568369673507 -0.163156442546 0.515678956289 1.16514852627
# log_sel_spl_fsh[1]:
 0.00000000000 0.00000000000 0.00000000000 0.00000000000
 0.00000000000 0.00000000000 0.00000000000 0.00000000000
 0.00000000000 0.00000000000 0.00000000000 0.00000000000
 0.00000000000 0.00000000000 0.00000000000 0.00000000000
 0.00000000000 0.00000000000 0.00000000000 0.00000000000
 0.00000000000 0.00000000000 0.00000000000 0.00000000000
 0.00000000000 0.00000000000 0.00000000000 0.00000000000
 0.00000000000 0.00000000000 0.00000000000 0.00000000000
 0.00000000000 0.00000000000 0.00000000000 0.00000000000
 0.00000000000 0.00000000000 0.00000000000 0.00000000000
 0.00000000000 0.00000000000 0.00000000000 0.00000000000
 0.00000000000 0.00000000000 0.00000000000 0.00000000000
 0.00000000000 0.00000000000 0.00000000000 0.00000000000
 0.00000000000 0.00000000000 0.00000000000 0.00000000000
 0.00000000000 0.00000000000 0.00000000000 0.00000000000
 0.00000000000 0.00000000000 0.00000000000 0.00000000000
 0.00000000000 0.00000000000 0.00000000000 0.00000000000
 0.00000000000 0.00000000000 0.00000000000 0.00000000000
 0.00000000000 0.00000000000 0.00000000000 0.00000000000
 0.00000000000 0.00000000000 0.00000000000 0.00000000000
 0.00000000000 0.00000000000 0.00000000000 0.00000000000
 0.00000000000 0.00000000000 0.00000000000 0.00000000000
 0.00000000000 0.00000000000 0.00000000000 0.00000000000
 0.00000000000 0.00000000000 0.00000000000 0.00000000000
 0.00000000000 0.00000000000 0.00000000000 0.00000000000
 0.00000000000 0.00000000000 0.00000000000 0.00000000000
 0.00000000000 0.00000000000 0.00000000000 0.00000000000
 0.00000000000 0.00000000000 0.00000000000 0.00000000000
 0.00000000000 0.00000000000 0.00000000000 0.00000000000
 0.00000000000 0.00000000000 0.00000000000 0.00000000000
 0.00000000000 0.00000000000 0.00000000000 0.00000000000
 0.00000000000 0.00000000000 0.00000000000 0.00000000000
 0.00000000000 0.00000000000 0.00000000000 0.00000000000
 0.00000000000 0.00000000000 0.00000000000 0.00000000000
 0.00000000000 0.00000000000 0.00000000000 0.00000000000
 0.00000000000 0.00000000000 0.00000000000 0.00000000000
 0.00000000000 0.00000000000 0.00000000000 0.00000000000
 0.00000000000 0.00000000000 0.00000000000 0.00000000000
 0.00000000000 0.00000000000 0.00000000000 0.00000000000
 0.00000000000 0.00000000000 0.00000000000 0.00000000000
 0.00000000000 0.00000000000 0.00000000000 0.00000000000
 0.00000000000 0.00000000000 0.00000000000 0.00000000000
 0.00000000000 0.00000000000 0.00000000000 0.00000000000
# log_sel_spl_fsh[2]:
 0.00000000000 0.00000000000 0.00000000000 0.00000000000
 0.00000000000 0.00000000000 0.00000000000 0.00000000000
 0.00000000000 0.00000000000 0.00000000000 0.00000000000
 0.00000000000 0.00000000000 0.00000000000 0.00000000000
 0.00000000000 0.00000000000 0.00000000000 0.00000000000
 0.00000000000 0.00000000000 0.00000000000 0.00000000000
 0.00000000000 0.00000000000 0.00000000000 0.00000000000
 0.00000000000 0.00000000000 0.00000000000 0.00000000000
 0.00000000000 0.00000000000 0.00000000000 0.00000000000
 0.00000000000 0.00000000000 0.00000000000 0.00000000000
 0.00000000000 0.00000000000 0.00000000000 0.00000000000
 0.00000000000 0.00000000000 0.00000000000 0.00000000000
 0.00000000000 0.00000000000 0.00000000000 0.00000000000
 0.00000000000 0.00000000000 0.00000000000 0.00000000000
 0.00000000000 0.00000000000 0.00000000000 0.00000000000
 0.00000000000 0.00000000000 0.00000000000 0.00000000000
 0.00000000000 0.00000000000 0.00000000000 0.00000000000
 0.00000000000 0.00000000000 0.00000000000 0.00000000000
 0.00000000000 0.00000000000 0.00000000000 0.00000000000
 0.00000000000 0.00000000000 0.00000000000 0.00000000000
 0.00000000000 0.00000000000 0.00000000000 0.00000000000
 0.00000000000 0.00000000000 0.00000000000 0.00000000000
 0.00000000000 0.00000000000 0.00000000000 0.00000000000
 0.00000000000 0.00000000000 0.00000000000 0.00000000000
 0.00000000000 0.00000000000 0.00000000000 0.00000000000
 0.00000000000 0.00000000000 0.00000000000 0.00000000000
 0.00000000000 0.00000000000 0.00000000000 0.00000000000
 0.00000000000 0.00000000000 0.00000000000 0.00000000000
 0.00000000000 0.00000000000 0.00000000000 0.00000000000
 0.00000000000 0.00000000000 0.00000000000 0.00000000000
 0.00000000000 0.00000000000 0.00000000000 0.00000000000
 0.00000000000 0.00000000000 0.00000000000 0.00000000000
 0.00000000000 0.00000000000 0.00000000000 0.00000000000
 0.00000000000 0.00000000000 0.00000000000 0.00000000000
 0.00000000000 0.00000000000 0.00000000000 0.00000000000
 0.00000000000 0.00000000000 0.00000000000 0.00000000000
 0.00000000000 0.00000000000 0.00000000000 0.00000000000
 0.00000000000 0.00000000000 0.00000000000 0.00000000000
 0.00000000000 0.00000000000 0.00000000000 0.00000000000
 0.00000000000 0.00000000000 0.00000000000 0.00000000000
 0.00000000000 0.00000000000 0.00000000000 0.00000000000
 0.00000000000 0.00000000000 0.00000000000 0.00000000000
 0.00000000000 0.00000000000 0.00000000000 0.00000000000
# log_sel_spl_fsh[3]:
 0.00000000000 0.00000000000 0.00000000000 0.00000000000
 0.00000000000 0.00000000000 0.00000000000 0.00000000000
 0.00000000000 0.00000000000 0.00000000000 0.00000000000
 0.00000000000 0.00000000000 0.00000000000 0.00000000000
 0.00000000000 0.00000000000 0.00000000000 0.00000000000
 0.00000000000 0.00000000000 0.00000000000 0.00000000000
 0.00000000000 0.00000000000 0.00000000000 0.00000000000
 0.00000000000 0.00000000000 0.00000000000 0.00000000000
 0.00000000000 0.00000000000 0.00000000000 0.00000000000
 0.00000000000 0.00000000000 0.00000000000 0.00000000000
 0.00000000000 0.00000000000 0.00000000000 0.00000000000
 0.00000000000 0.00000000000 0.00000000000 0.00000000000
 0.00000000000 0.00000000000 0.00000000000 0.00000000000
 0.00000000000 0.00000000000 0.00000000000 0.00000000000
 0.00000000000 0.00000000000 0.00000000000 0.00000000000
 0.00000000000 0.00000000000 0.00000000000 0.00000000000
 0.00000000000 0.00000000000 0.00000000000 0.00000000000
 0.00000000000 0.00000000000 0.00000000000 0.00000000000
 0.00000000000 0.00000000000 0.00000000000 0.00000000000
 0.00000000000 0.00000000000 0.00000000000 0.00000000000
 0.00000000000 0.00000000000 0.00000000000 0.00000000000
 0.00000000000 0.00000000000 0.00000000000 0.00000000000
 0.00000000000 0.00000000000 0.00000000000 0.00000000000
 0.00000000000 0.00000000000 0.00000000000 0.00000000000
 0.00000000000 0.00000000000 0.00000000000 0.00000000000
 0.00000000000 0.00000000000 0.00000000000 0.00000000000
 0.00000000000 0.00000000000 0.00000000000 0.00000000000
 0.00000000000 0.00000000000 0.00000000000 0.00000000000
 0.00000000000 0.00000000000 0.00000000000 0.00000000000
 0.00000000000 0.00000000000 0.00000000000 0.00000000000
 0.00000000000 0.00000000000 0.00000000000 0.00000000000
 0.00000000000 0.00000000000 0.00000000000 0.00000000000
 0.00000000000 0.00000000000 0.00000000000 0.00000000000
 0.00000000000 0.00000000000 0.00000000000 0.00000000000
 0.00000000000 0.00000000000 0.00000000000 0.00000000000
 0.00000000000 0.00000000000 0.00000000000 0.00000000000
 0.00000000000 0.00000000000 0.00000000000 0.00000000000
 0.00000000000 0.00000000000 0.00000000000 0.00000000000
 0.00000000000 0.00000000000 0.00000000000 0.00000000000
 0.00000000000 0.00000000000 0.00000000000 0.00000000000
 0.00000000000 0.00000000000 0.00000000000 0.00000000000
 0.00000000000 0.00000000000 0.00000000000 0.00000000000
 0.00000000000 0.00000000000 0.00000000000 0.00000000000
 0.00000000000 0.00000000000 0.00000000000 0.00000000000
 0.00000000000 0.00000000000 0.00000000000 0.00000000000
 0.00000000000 0.00000000000 0.00000000000 0.00000000000
# log_sel_spl_fsh[4]:
 0.00000000000 0.00000000000 0.00000000000 0.00000000000
 0.00000000000 0.00000000000 0.00000000000 0.00000000000
 0.00000000000 0.00000000000 0.00000000000 0.00000000000
 0.00000000000 0.00000000000 0.00000000000 0.00000000000
 0.00000000000 0.00000000000 0.00000000000 0.00000000000
 0.00000000000 0.00000000000 0.00000000000 0.00000000000
 0.00000000000 0.00000000000 0.00000000000 0.00000000000
 0.00000000000 0.00000000000 0.00000000000 0.00000000000
 0.00000000000 0.00000000000 0.00000000000 0.00000000000
 0.00000000000 0.00000000000 0.00000000000 0.00000000000
 0.00000000000 0.00000000000 0.00000000000 0.00000000000
 0.00000000000 0.00000000000 0.00000000000 0.00000000000
 0.00000000000 0.00000000000 0.00000000000 0.00000000000
 0.00000000000 0.00000000000 0.00000000000 0.00000000000
 0.00000000000 0.00000000000 0.00000000000 0.00000000000
 0.00000000000 0.00000000000 0.00000000000 0.00000000000
 0.00000000000 0.00000000000 0.00000000000 0.00000000000
 0.00000000000 0.00000000000 0.00000000000 0.00000000000
 0.00000000000 0.00000000000 0.00000000000 0.00000000000
 0.00000000000 0.00000000000 0.00000000000 0.00000000000
 0.00000000000 0.00000000000 0.00000000000 0.00000000000
 0.00000000000 0.00000000000 0.00000000000 0.00000000000
 0.00000000000 0.00000000000 0.00000000000 0.00000000000
 0.00000000000 0.00000000000 0.00000000000 0.00000000000
 0.00000000000 0.00000000000 0.00000000000 0.00000000000
 0.00000000000 0.00000000000 0.00000000000 0.00000000000
 0.00000000000 0.00000000000 0.00000000000 0.00000000000
 0.00000000000 0.00000000000 0.00000000000 0.00000000000
 0.00000000000 0.00000000000 0.00000000000 0.00000000000
 0.00000000000 0.00000000000 0.00000000000 0.00000000000
 0.00000000000 0.00000000000 0.00000000000 0.00000000000
 0.00000000000 0.00000000000 0.00000000000 0.00000000000
 0.00000000000 0.00000000000 0.00000000000 0.00000000000
 0.00000000000 0.00000000000 0.00000000000 0.00000000000
 0.00000000000 0.00000000000 0.00000000000 0.00000000000
 0.00000000000 0.00000000000 0.00000000000 0.00000000000
 0.00000000000 0.00000000000 0.00000000000 0.00000000000
# logsel_slope_fsh[1]:
 0.00000000000 0.00000000000 0.00000000000 0.00000000000 0.00000000000 0.00000000000 0.00000000000 0.00000000000 0.00000000000 0.00000000000 0.00000000000 0.00000000000 0.00000000000 0.00000000000 0.00000000000 0.00000000000 0.00000000000 0.00000000000 0.00000000000 0.00000000000 0.00000000000 0.00000000000 0.00000000000 0.00000000000 0.00000000000 0.00000000000 0.00000000000 0.00000000000 0.00000000000 0.00000000000 0.00000000000 0.00000000000 0.00000000000 0.00000000000 0.00000000000 0.00000000000 0.00000000000 0.00000000000 0.00000000000 0.00000000000 0.00000000000 0.00000000000 0.00000000000
# logsel_slope_fsh[2]:
 0.00000000000 0.00000000000 0.00000000000 0.00000000000 0.00000000000 0.00000000000 0.00000000000 0.00000000000 0.00000000000 0.00000000000 0.00000000000 0.00000000000 0.00000000000 0.00000000000 0.00000000000 0.00000000000 0.00000000000 0.00000000000 0.00000000000 0.00000000000 0.00000000000 0.00000000000 0.00000000000 0.00000000000 0.00000000000 0.00000000000 0.00000000000 0.00000000000 0.00000000000 0.00000000000 0.00000000000 0.00000000000 0.00000000000 0.00000000000 0.00000000000 0.00000000000 0.00000000000 0.00000000000 0.00000000000 0.00000000000 0.00000000000 0.00000000000 0.00000000000
# logsel_slope_fsh[3]:
 0.00000000000 0.00000000000 0.00000000000 0.00000000000 0.00000000000 0.00000000000 0.00000000000 0.00000000000 0.00000000000 0.00000000000 0.00000000000 0.00000000000 0.00000000000 0.00000000000 0.00000000000 0.00000000000 0.00000000000 0.00000000000 0.00000000000 0.00000000000 0.00000000000 0.00000000000 0.00000000000 0.00000000000 0.00000000000 0.00000000000 0.00000000000 0.00000000000 0.00000000000 0.00000000000 0.00000000000 0.00000000000 0.00000000000 0.00000000000 0.00000000000 0.00000000000 0.00000000000 0.00000000000 0.00000000000 0.00000000000 0.00000000000 0.00000000000 0.00000000000 0.00000000000 0.00000000000 0.00000000000
# logsel_slope_fsh[4]:
 0.00000000000 0.00000000000 0.00000000000 0.00000000000 0.00000000000 0.00000000000 0.00000000000 0.00000000000 0.00000000000 0.00000000000 0.00000000000 0.00000000000 0.00000000000 0.00000000000 0.00000000000 0.00000000000 0.00000000000 0.00000000000 0.00000000000 0.00000000000 0.00000000000 0.00000000000 0.00000000000 0.00000000000 0.00000000000 0.00000000000 0.00000000000 0.00000000000 0.00000000000 0.00000000000 0.00000000000 0.00000000000 0.00000000000 0.00000000000 0.00000000000 0.00000000000 0.00000000000
# sel50_fsh[1]:
 0.00000000000 0.00000000000 0.00000000000 0.00000000000 0.00000000000 0.00000000000 0.00000000000 0.00000000000 0.00000000000 0.00000000000 0.00000000000 0.00000000000 0.00000000000 0.00000000000 0.00000000000 0.00000000000 0.00000000000 0.00000000000 0.00000000000 0.00000000000 0.00000000000 0.00000000000 0.00000000000 0.00000000000 0.00000000000 0.00000000000 0.00000000000 0.00000000000 0.00000000000 0.00000000000 0.00000000000 0.00000000000 0.00000000000 0.00000000000 0.00000000000 0.00000000000 0.00000000000 0.00000000000 0.00000000000 0.00000000000 0.00000000000 0.00000000000 0.00000000000
# sel50_fsh[2]:
 0.00000000000 0.00000000000 0.00000000000 0.00000000000 0.00000000000 0.00000000000 0.00000000000 0.00000000000 0.00000000000 0.00000000000 0.00000000000 0.00000000000 0.00000000000 0.00000000000 0.00000000000 0.00000000000 0.00000000000 0.00000000000 0.00000000000 0.00000000000 0.00000000000 0.00000000000 0.00000000000 0.00000000000 0.00000000000 0.00000000000 0.00000000000 0.00000000000 0.00000000000 0.00000000000 0.00000000000 0.00000000000 0.00000000000 0.00000000000 0.00000000000 0.00000000000 0.00000000000 0.00000000000 0.00000000000 0.00000000000 0.00000000000 0.00000000000 0.00000000000
# sel50_fsh[3]:
 0.00000000000 0.00000000000 0.00000000000 0.00000000000 0.00000000000 0.00000000000 0.00000000000 0.00000000000 0.00000000000 0.00000000000 0.00000000000 0.00000000000 0.00000000000 0.00000000000 0.00000000000 0.00000000000 0.00000000000 0.00000000000 0.00000000000 0.00000000000 0.00000000000 0.00000000000 0.00000000000 0.00000000000 0.00000000000 0.00000000000 0.00000000000 0.00000000000 0.00000000000 0.00000000000 0.00000000000 0.00000000000 0.00000000000 0.00000000000 0.00000000000 0.00000000000 0.00000000000 0.00000000000 0.00000000000 0.00000000000 0.00000000000 0.00000000000 0.00000000000 0.00000000000 0.00000000000 0.00000000000
# sel50_fsh[4]:
 0.00000000000 0.00000000000 0.00000000000 0.00000000000 0.00000000000 0.00000000000 0.00000000000 0.00000000000 0.00000000000 0.00000000000 0.00000000000 0.00000000000 0.00000000000 0.00000000000 0.00000000000 0.00000000000 0.00000000000 0.00000000000 0.00000000000 0.00000000000 0.00000000000 0.00000000000 0.00000000000 0.00000000000 0.00000000000 0.00000000000 0.00000000000 0.00000000000 0.00000000000 0.00000000000 0.00000000000 0.00000000000 0.00000000000 0.00000000000 0.00000000000 0.00000000000 0.00000000000
# logsel_p1_fsh[1]:
 0.00000000000 0.00000000000 0.00000000000 0.00000000000 0.00000000000 0.00000000000 0.00000000000 0.00000000000 0.00000000000 0.00000000000 0.00000000000 0.00000000000 0.00000000000 0.00000000000 0.00000000000 0.00000000000 0.00000000000 0.00000000000 0.00000000000 0.00000000000 0.00000000000 0.00000000000 0.00000000000 0.00000000000 0.00000000000 0.00000000000 0.00000000000 0.00000000000 0.00000000000 0.00000000000 0.00000000000 0.00000000000 0.00000000000 0.00000000000 0.00000000000 0.00000000000 0.00000000000 0.00000000000 0.00000000000 0.00000000000 0.00000000000 0.00000000000 0.00000000000
# logsel_p1_fsh[2]:
 0.00000000000 0.00000000000 0.00000000000 0.00000000000 0.00000000000 0.00000000000 0.00000000000 0.00000000000 0.00000000000 0.00000000000 0.00000000000 0.00000000000 0.00000000000 0.00000000000 0.00000000000 0.00000000000 0.00000000000 0.00000000000 0.00000000000 0.00000000000 0.00000000000 0.00000000000 0.00000000000 0.00000000000 0.00000000000 0.00000000000 0.00000000000 0.00000000000 0.00000000000 0.00000000000 0.00000000000 0.00000000000 0.00000000000 0.00000000000 0.00000000000 0.00000000000 0.00000000000 0.00000000000 0.00000000000 0.00000000000 0.00000000000 0.00000000000 0.00000000000
# logsel_p1_fsh[3]:
 0.00000000000 0.00000000000 0.00000000000 0.00000000000 0.00000000000 0.00000000000 0.00000000000 0.00000000000 0.00000000000 0.00000000000 0.00000000000 0.00000000000 0.00000000000 0.00000000000 0.00000000000 0.00000000000 0.00000000000 0.00000000000 0.00000000000 0.00000000000 0.00000000000 0.00000000000 0.00000000000 0.00000000000 0.00000000000 0.00000000000 0.00000000000 0.00000000000 0.00000000000 0.00000000000 0.00000000000 0.00000000000 0.00000000000 0.00000000000 0.00000000000 0.00000000000 0.00000000000 0.00000000000 0.00000000000 0.00000000000 0.00000000000 0.00000000000 0.00000000000 0.00000000000 0.00000000000 0.00000000000
# logsel_p1_fsh[4]:
 0.00000000000 0.00000000000 0.00000000000 0.00000000000 0.00000000000 0.00000000000 0.00000000000 0.00000000000 0.00000000000 0.00000000000 0.00000000000 0.00000000000 0.00000000000 0.00000000000 0.00000000000 0.00000000000 0.00000000000 0.00000000000 0.00000000000 0.00000000000 0.00000000000 0.00000000000 0.00000000000 0.00000000000 0.00000000000 0.00000000000 0.00000000000 0.00000000000 0.00000000000 0.00000000000 0.00000000000 0.00000000000 0.00000000000 0.00000000000 0.00000000000 0.00000000000 0.00000000000
# logsel_p2_fsh[1]:
 0.00000000000 0.00000000000 0.00000000000 0.00000000000 0.00000000000 0.00000000000 0.00000000000 0.00000000000 0.00000000000 0.00000000000 0.00000000000 0.00000000000 0.00000000000 0.00000000000 0.00000000000 0.00000000000 0.00000000000 0.00000000000 0.00000000000 0.00000000000 0.00000000000 0.00000000000 0.00000000000 0.00000000000 0.00000000000 0.00000000000 0.00000000000 0.00000000000 0.00000000000 0.00000000000 0.00000000000 0.00000000000 0.00000000000 0.00000000000 0.00000000000 0.00000000000 0.00000000000 0.00000000000 0.00000000000 0.00000000000 0.00000000000 0.00000000000 0.00000000000
# logsel_p2_fsh[2]:
 0.00000000000 0.00000000000 0.00000000000 0.00000000000 0.00000000000 0.00000000000 0.00000000000 0.00000000000 0.00000000000 0.00000000000 0.00000000000 0.00000000000 0.00000000000 0.00000000000 0.00000000000 0.00000000000 0.00000000000 0.00000000000 0.00000000000 0.00000000000 0.00000000000 0.00000000000 0.00000000000 0.00000000000 0.00000000000 0.00000000000 0.00000000000 0.00000000000 0.00000000000 0.00000000000 0.00000000000 0.00000000000 0.00000000000 0.00000000000 0.00000000000 0.00000000000 0.00000000000 0.00000000000 0.00000000000 0.00000000000 0.00000000000 0.00000000000 0.00000000000
# logsel_p2_fsh[3]:
 0.00000000000 0.00000000000 0.00000000000 0.00000000000 0.00000000000 0.00000000000 0.00000000000 0.00000000000 0.00000000000 0.00000000000 0.00000000000 0.00000000000 0.00000000000 0.00000000000 0.00000000000 0.00000000000 0.00000000000 0.00000000000 0.00000000000 0.00000000000 0.00000000000 0.00000000000 0.00000000000 0.00000000000 0.00000000000 0.00000000000 0.00000000000 0.00000000000 0.00000000000 0.00000000000 0.00000000000 0.00000000000 0.00000000000 0.00000000000 0.00000000000 0.00000000000 0.00000000000 0.00000000000 0.00000000000 0.00000000000 0.00000000000 0.00000000000 0.00000000000 0.00000000000 0.00000000000 0.00000000000
# logsel_p2_fsh[4]:
 0.00000000000 0.00000000000 0.00000000000 0.00000000000 0.00000000000 0.00000000000 0.00000000000 0.00000000000 0.00000000000 0.00000000000 0.00000000000 0.00000000000 0.00000000000 0.00000000000 0.00000000000 0.00000000000 0.00000000000 0.00000000000 0.00000000000 0.00000000000 0.00000000000 0.00000000000 0.00000000000 0.00000000000 0.00000000000 0.00000000000 0.00000000000 0.00000000000 0.00000000000 0.00000000000 0.00000000000 0.00000000000 0.00000000000 0.00000000000 0.00000000000 0.00000000000 0.00000000000
# logsel_p3_fsh[1]:
 0.00000000000 0.00000000000 0.00000000000 0.00000000000 0.00000000000 0.00000000000 0.00000000000 0.00000000000 0.00000000000 0.00000000000 0.00000000000 0.00000000000 0.00000000000 0.00000000000 0.00000000000 0.00000000000 0.00000000000 0.00000000000 0.00000000000 0.00000000000 0.00000000000 0.00000000000 0.00000000000 0.00000000000 0.00000000000 0.00000000000 0.00000000000 0.00000000000 0.00000000000 0.00000000000 0.00000000000 0.00000000000 0.00000000000 0.00000000000 0.00000000000 0.00000000000 0.00000000000 0.00000000000 0.00000000000 0.00000000000 0.00000000000 0.00000000000 0.00000000000
# logsel_p3_fsh[2]:
 0.00000000000 0.00000000000 0.00000000000 0.00000000000 0.00000000000 0.00000000000 0.00000000000 0.00000000000 0.00000000000 0.00000000000 0.00000000000 0.00000000000 0.00000000000 0.00000000000 0.00000000000 0.00000000000 0.00000000000 0.00000000000 0.00000000000 0.00000000000 0.00000000000 0.00000000000 0.00000000000 0.00000000000 0.00000000000 0.00000000000 0.00000000000 0.00000000000 0.00000000000 0.00000000000 0.00000000000 0.00000000000 0.00000000000 0.00000000000 0.00000000000 0.00000000000 0.00000000000 0.00000000000 0.00000000000 0.00000000000 0.00000000000 0.00000000000 0.00000000000
# logsel_p3_fsh[3]:
 0.00000000000 0.00000000000 0.00000000000 0.00000000000 0.00000000000 0.00000000000 0.00000000000 0.00000000000 0.00000000000 0.00000000000 0.00000000000 0.00000000000 0.00000000000 0.00000000000 0.00000000000 0.00000000000 0.00000000000 0.00000000000 0.00000000000 0.00000000000 0.00000000000 0.00000000000 0.00000000000 0.00000000000 0.00000000000 0.00000000000 0.00000000000 0.00000000000 0.00000000000 0.00000000000 0.00000000000 0.00000000000 0.00000000000 0.00000000000 0.00000000000 0.00000000000 0.00000000000 0.00000000000 0.00000000000 0.00000000000 0.00000000000 0.00000000000 0.00000000000 0.00000000000 0.00000000000 0.00000000000
# logsel_p3_fsh[4]:
 0.00000000000 0.00000000000 0.00000000000 0.00000000000 0.00000000000 0.00000000000 0.00000000000 0.00000000000 0.00000000000 0.00000000000 0.00000000000 0.00000000000 0.00000000000 0.00000000000 0.00000000000 0.00000000000 0.00000000000 0.00000000000 0.00000000000 0.00000000000 0.00000000000 0.00000000000 0.00000000000 0.00000000000 0.00000000000 0.00000000000 0.00000000000 0.00000000000 0.00000000000 0.00000000000 0.00000000000 0.00000000000 0.00000000000 0.00000000000 0.00000000000 0.00000000000 0.00000000000
# rec_dev_future:
 0.00000000000 0.00000000000 0.00000000000 0.00000000000 0.00000000000 0.00000000000 0.00000000000 0.00000000000 0.00000000000 0.00000000000 0.00000000000 0.00000000000 0.00000000000 0.00000000000 0.00000000000 0.00000000000 0.00000000000 0.00000000000 0.00000000000 0.00000000000
# log_q_ind[1]:
0.707985874193
# log_q_ind[2]:
-2.60815886752
# log_q_ind[3]:
-2.73075310915
# log_q_ind[4]:
-5.49280479229
# log_q_ind[5]:
-0.967607343742
# log_q_power_ind[1]:
0.00000000000
# log_q_power_ind[2]:
0.00000000000
# log_q_power_ind[3]:
0.00000000000
# log_q_power_ind[4]:
0.00000000000
# log_q_power_ind[5]:
0.00000000000
# log_rw_q_ind[1]:
 -1.05025707861
# log_rw_q_ind[2]:
 1.36415022942
# log_rw_q_ind[4]:
 -0.609912050900
# log_rw_q_ind[5]:
 -0.0901967631408
# log_selcoffs_ind[1]:
 -2.27180291682 -1.46262605505 -0.855909234046 -0.412548936509 -0.100119573497 0.137766151233 0.322073869538 0.461068557536 0.552684325168 0.600092202925
 -2.88727721565 -2.08452219547 -1.32285376340 -0.668345617618 -0.175357190315 0.171784971934 0.391713043450 0.537035797439 0.628037815258 0.667842320247
# log_selcoffs_ind[2]:
 0.442182586310 0.682429548930 0.511416901047 0.121497671191 -0.236370008521 -0.454471429071 -0.556070599888 -0.587577551115 -0.586948175892 -0.581679600003
 0.887268476308 0.496399512662 0.230790981691 0.0209109739956 -0.182032448126 -0.366112505201 -0.514037029279 -0.623595773208 -0.692035548985 -0.720836940041
 0.623103700092 0.228188078436 0.116762141142 0.137130281659 0.0915718452880 -0.0419783843425 -0.227693144626 -0.416851850687 -0.561908724853 -0.639134008622
# log_selcoffs_ind[3]:
 -0.202940821038 0.0202027052767 0.0202027052767 0.0202027052767 0.0202027052767 0.0202027052767 0.0202027052767 0.0202027052767 0.0202027052767 0.0202027052767
# log_selcoffs_ind[4]:
 -3.04452005677 -0.669616569639 0.101782682789 0.174353368097 0.174353368097 0.174353368097 0.174353368097 0.174353368097 0.174353368097 0.174353368097
# log_selcoffs_ind[5]:
 -3.04452005677 -0.669616569639 0.101782682789 0.174353368097 0.174353368097 0.174353368097 0.174353368097 0.174353368097 0.174353368097 0.174353368097
# logsel_slope_ind[1]:
 0.00000000000 0.00000000000
# logsel_slope_ind[2]:
 0.00000000000 0.00000000000 0.00000000000
# logsel_slope_ind[3]:
 0.00000000000
# logsel_slope_ind[4]:
 0.00000000000
# logsel_slope_ind[5]:
 0.00000000000
# sel50_ind[1]:
 0.00000000000 0.00000000000
# sel50_ind[2]:
 0.00000000000 0.00000000000 0.00000000000
# sel50_ind[3]:
 0.00000000000
# sel50_ind[4]:
 0.00000000000
# sel50_ind[5]:
 0.00000000000
# logsel_p1_ind[1]:
 0.00000000000 0.00000000000
# logsel_p1_ind[2]:
 0.00000000000 0.00000000000 0.00000000000
# logsel_p1_ind[3]:
 0.00000000000
# logsel_p1_ind[4]:
 0.00000000000
# logsel_p1_ind[5]:
 0.00000000000
# sel_p2_ind[1]:
 0.00000000000 0.00000000000
# sel_p2_ind[2]:
 0.00000000000 0.00000000000 0.00000000000
# sel_p2_ind[3]:
 0.00000000000
# sel_p2_ind[4]:
 0.00000000000
# sel_p2_ind[5]:
 0.00000000000
# logsel_p3_ind[1]:
 0.00000000000 0.00000000000
# logsel_p3_ind[2]:
 0.00000000000 0.00000000000 0.00000000000
# logsel_p3_ind[3]:
 0.00000000000
# logsel_p3_ind[4]:
 0.00000000000
# logsel_p3_ind[5]:
 0.00000000000
