# Number of parameters = 1686 Objective function value = 3884.97222036329  Maximum gradient component = 0.000231155021087896
# Mest[1]:
0.280000000000
# log_Linf[1]:
4.29810139974
# log_k[1]:
-1.83258146375
# log_Lo[1]:
2.60712428251
# log_sdage[1]:
-2.40794560865
# mean_log_rec[1]:
9.65948475307
# steepness[1]:
0.650000000000
# log_Rzero[1]:
9.35583012715
# rec_dev:
 0.0270945030118 0.0361601807982 0.0483979716757 0.0634400136621 0.0822762437821 0.103253464887 0.122045757058 0.132976898768 0.123807975912 0.0985689079669 -0.254773178252 -0.671645382020 0.158265678168 0.417860664929 0.0761092822735 -0.718770252808 0.110392225542 0.646695508006 0.676866276507 0.922596267546 0.997534856742 1.10475287626 1.49091473923 1.62563978635 1.45552509264 1.14538628613 1.41925755173 2.45701075528 1.88851338089 0.923815675750 0.346707387369 0.177422275161 0.240666514236 0.494740902263 -0.188741983706 -0.152491268791 -0.0503228449794 -0.221089333415 -0.250323960645 -0.223815225164 0.135819219386 0.229087280681 0.0953268447776 0.136746176687 -0.432304246763 -0.671596625634 -0.436401304298 -0.887627468325 -1.91628111565 -0.966456331813 -0.723398962282 -1.39516839485 -1.88005337907 -1.88921945821 -1.85705508323 -1.42724819961 -1.29015930270 -0.865308991057 -0.405393500939 -0.297044802003 -0.744096698638 -1.32922216666 -0.691765631489
# log_sigmar[1]:
-0.510825623766
# fmort:
 -5.41828349185 -5.04626367914 -5.78852984441 -5.44763209317 -4.70881426052 -4.55075890742 -4.43236129345 -4.53668817043 -3.87801386088 -4.09226678750 -4.56551970089 -4.28736865558 -3.74021290157 -4.87222667753 -4.23863294385 -4.89125683192 -7.21557876116 -5.70475371720 -5.92073453260 -5.81426794148 -5.57133239417 -4.97724484948 -4.67618552291 -4.27889067437 -4.64141365878 -4.29998271205 -3.90070697708 -4.74514656667 -5.76564365850 -5.08110147012 -4.70827165075 -4.01891610267 -4.87081103998 -4.44300561864 -4.27906490638 -3.84284326196 -3.75917869542 -3.26971183073 -2.68160926469 -2.99937824412 -2.59988768130 -3.91657766215 -4.66014561695 -4.02840682454 -3.82655894149 -3.33379027560 -3.57042738715 -3.15861657172 -4.21717377955 -4.47460902609 -3.23200585312 -3.27632931551
 -7.82804269128 -7.35515784546 -6.85692357220 -6.36766548710 -6.78069017229 -6.16913411503 -5.63508711593 -5.33736813731 -5.02570948444 -4.95156925454 -4.89635371370 -4.24052021224 -4.20525495245 -4.64312679622 -4.44702363801 -4.27533532468 -4.22107599968 -4.01647991209 -3.98709523324 -3.87395188789 -3.80974009201 -3.44259896077 -3.10873024640 -2.80692014141 -2.15325844083 -1.48993459489 -1.21874706410 -0.996749781076 -1.31416315611 -1.47795490211 -1.45847701409 -0.984575262999 -0.802647544606 -0.897615999541 -0.905345452408 -0.995879386238 -1.22349082618 -1.01603346687 -1.10831462751 -0.795869238999 -1.38384251322 -1.60325225928 -1.65836113939 -1.70643259462 -1.64894515351 -1.45749020944 -1.33105515864 -1.21917005598 -1.17977376408 -1.31149378271 -1.17527842757 -1.16744892869
 -9.14408510214 -8.33427030346 -7.25581462875 -6.63433635602 -5.76943665772 -6.92699392406 -6.30974374674 -4.01909423317 -4.64520629715 -4.99970798095 -4.94187462983 -5.03048723804 -6.26324201540 -6.68626159535 -6.44355881117 -6.97387285799 -7.65292920184 -7.87694172534 -6.69005930242 -6.39630483596 -5.64329786033 -5.55887643407 -5.92305974211 -5.63155982847 -5.09817685713 -3.67291662509 -3.41672230492 -2.78027608017 -3.01027983263 -3.90092494980 -3.81485114438 -2.96943783340 -4.84695161747 -4.58440175102 -4.69391661971 -5.11703047042 -3.65860497507 -3.54076748477 -3.51004054878 -3.75245483651 -5.16944599832 -2.61014719318 -2.95357124278 -3.45315992602 -3.49344237173 -4.75471174077 -5.15865582165 -5.92069170565 -3.91050836753 -2.98851835013 -3.01617174196 -3.13805263699
 -10.1449865393 -10.1492941543 -8.44599152654 -10.1429547956 -10.1194663137 -10.1049351866 -10.0677521528 -9.29037278565 -6.18261972661 -4.23188290450 -4.37331961393 -4.21127765269 -3.80569604575 -3.72689658015 -3.66900183186 -4.06439100437 -4.18931227049 -4.28987521833 -4.38533858386 -4.43387069239 -4.47837869899 -4.93975228401 -7.57368407561 -11.1567278759 -11.0644226406 -10.8902557444 -10.6825388275 -10.4695643232 -10.2248947587 -9.97413669146 -8.93717090767 -6.56793950563 -5.02876235179 -4.08954624943 -3.21626516964 -3.17974680191 -2.52325215691 -1.93529643421 -1.59934629930 -1.36941438541 -1.47687041501 -2.56621184959 -2.84490526823 -2.81263670622 -2.37764915855 -2.16256694691 -2.68744124915 -2.78877426666 -2.83305883192 -2.94827791355 -5.38613365780 -2.88397367392
# log_selcoffs_fsh[1]:
 -3.00423442211 -1.54478529348 -0.616579249103 0.286458119043 0.928021955725 0.892122762385 0.135701354381 -0.737931280675 -1.30074630289
 -2.38829651035 -0.778993847518 -0.301973055127 0.264127038660 0.826300396195 0.788259685873 0.111751919222 -0.680446530329 -1.20847119066
 -2.01451931244 -0.527446617447 0.143971770268 0.533670154497 0.717272757284 0.504833398730 -0.0762639979090 -0.733997518989 -1.18951204084
 -1.65670951151 -0.381163248125 0.207341196332 0.551992533338 0.740104387272 0.423533977872 -0.212929446251 -0.834241286678 -1.22712263681
 -0.986375595705 0.298591623993 0.557732093934 0.602150945645 0.372007345943 -0.00850945468138 -0.497645222000 -0.967763095138 -1.28625536278
 -0.871139788334 0.117576725759 0.777991919129 0.854955099131 0.188119595701 -0.338849032702 -0.789785776260 -1.16652167535 -1.41290679510
 -0.620974871084 0.259422764773 0.917711763630 0.766113496150 0.0796981983610 -0.531024660559 -1.00132975836 -1.34467022470 -1.54892736284
 -0.266940190648 0.367076944988 0.922457128495 0.815923330146 -0.158800420473 -0.770173567530 -1.21392457028 -1.52374814348 -1.69813990035
 -0.0823277095475 0.784982827342 0.770023133604 0.599657673211 -0.0932393265270 -0.905152446054 -1.39885023419 -1.69005130394 -1.84198386700
 -0.0644559749771 0.835939345855 0.860412466420 0.557462778148 -0.236481487522 -1.03101982127 -1.58802660818 -1.85539896505 -1.97827241176
 0.297293520099 1.16542234193 0.668446118999 0.168431285916 -0.568762776657 -1.20087315618 -1.69081597797 -1.98373007229 -2.09734875210
 0.403586265320 1.07975682254 0.781019836439 0.169236185950 -0.697500698553 -1.29480525873 -1.73470100922 -2.03730755413 -2.18798361577
 0.0255282558179 1.29151776982 0.824781261027 -0.0274453847256 -0.850197034574 -1.38256724793 -1.77094183275 -2.06195719166 -2.24537918175
 0.361939186505 1.23325005322 0.771751554290 -0.0769393793822 -0.921276728702 -1.41952367780 -1.77630615893 -2.05672993755 -2.25332161134
 0.345307001183 1.32324307273 0.669214580787 -0.162895137065 -0.959459213632 -1.43430016553 -1.76920550025 -2.03666700597 -2.23213818360
 -0.172542449848 1.38567571790 0.805970767863 -0.126152973025 -0.968145870827 -1.43412170218 -1.75026678478 -1.99793661244 -2.17905120038
 -0.192569077062 1.39502715570 0.783206900429 -0.127673015999 -0.963681637651 -1.41779203243 -1.71331889910 -1.93649529052 -2.09354849048
 0.408811495873 1.14967817372 0.838979460327 -0.102995295026 -0.946817376708 -1.38732056134 -1.66037745856 -1.85513861989 -1.98453870990
 0.796709137168 1.13485632178 0.543061350536 -0.225571853187 -0.969356088209 -1.37515590985 -1.61860189302 -1.77969103975 -1.87912754497
 0.483910159619 1.26063782318 0.644397781599 -0.257289036277 -1.00875826109 -1.38075067024 -1.58382605155 -1.70634309351 -1.77690533813
 0.607463207664 1.31537145161 0.465920215904 -0.406909033944 -1.08197965113 -1.39964643591 -1.55537586961 -1.63529201174 -1.67505133630
 0.506177812161 1.34030368176 0.547226553436 -0.494828150960 -1.17001020352 -1.43165656026 -1.53112111385 -1.56381214669 -1.57106439520
 0.669500936170 1.27144118589 0.496943775041 -0.493962690199 -1.18491723509 -1.43639591635 -1.49952781772 -1.48489517486 -1.45440336135
 0.406037606553 1.38994028448 0.461763177552 -0.510045873183 -1.16923097620 -1.41231557147 -1.45717241895 -1.40143849334 -1.33228939278
 0.625009658537 1.26737284384 0.420854629170 -0.463784680475 -1.09861835711 -1.34583233200 -1.37898576071 -1.28725174367 -1.18238128511
 0.609156703824 1.19271147537 0.439687145127 -0.335560523577 -1.02639656370 -1.27362089721 -1.27542345800 -1.14638990604 -1.01404600189
 0.120865549200 1.25009932115 0.558482455323 -0.223204415890 -0.938290303339 -1.16884232167 -1.13865409368 -0.978493364560 -0.833056149688
 0.456577231250 1.10735189762 0.444800338127 -0.349740213117 -0.892381061801 -1.04706621113 -0.967320906923 -0.784816550438 -0.629221307160
 1.19130999972 0.622840744177 -0.112661490455 -0.628429653796 -0.909566713590 -0.940439926777 -0.806100894811 -0.607367395713 -0.457319799305
 0.662804902695 0.982899295178 -0.0394025927933 -0.714305112742 -0.876161654167 -0.779065555756 -0.579239322195 -0.363886259393 -0.215451272472
 0.338681299455 0.914453835297 -0.105968481443 -0.668245669370 -0.743639119587 -0.582050875312 -0.330860241485 -0.105399017503 0.0363596241034
 0.106362955258 0.464180911833 -0.174676838986 -0.516033439900 -0.505987380077 -0.311919908322 -0.0429239084036 0.183366370358 0.312079300517
 -0.944290631561 0.0483784440791 -0.190606504655 -0.331688579256 -0.212497945465 -0.0492235963728 0.194162546370 0.370477363439 0.466283293634
 -1.52142713977 -0.731376520238 -0.594283838235 -0.306880134230 0.00720741942124 0.166322110881 0.432488567809 0.477639035433 0.513493625147
 -1.12720726027 -0.516457125370 -0.902789434081 -0.763547269062 -0.318172292084 0.104491126719 0.452451204140 0.613467125146 0.668535543966
 -0.437352832511 -1.41083919953 -1.46411100843 -1.02028100069 -0.422733016079 0.118301275083 0.515347376829 0.694533252379 0.723050594247
 -1.50015564025 -1.73146465152 -1.66465644850 -1.03327860074 -0.327128525887 0.216235797477 0.633399457227 0.762331225419 0.725192296740
 -2.04923382186 -1.73478928789 -1.62088460520 -1.12266942240 -0.403727839437 0.256490894091 0.658488704527 0.785098264090 0.735674727535
 -2.10155279315 -2.08378454593 -1.95700717738 -1.42379318685 -0.573569703859 0.287469334986 0.806449294742 0.837345906262 0.654649544655
# log_selcoffs_fsh[2]:
 -1.75551682301 0.00911709384357 0.773452426487 1.04815959725 0.615660503473 -0.102899938834 -0.749997471497 -1.32929790073 -1.76105477492 -1.99215732042
 -1.24561292097 0.610108927859 0.196474538129 0.533134161593 0.789191387502 0.381202569636 -0.428205369901 -1.18926440390 -1.69186198420 -1.93603165697
 -1.60656725699 0.266420654598 0.514030478788 0.557794977262 0.742782853854 0.455190635319 -0.325076680447 -1.11119223930 -1.63598746394 -1.89273273521
 -1.92490527342 -0.338278285717 0.527369476213 0.765724570130 0.778700176804 0.504752088904 -0.293213084883 -1.04945407563 -1.57415956145 -1.84702595044
 -1.21980846438 -0.00616241549030 0.112129520262 0.529929157338 0.895620753748 0.591912516129 -0.185883347122 -0.907769885395 -1.45594311141 -1.77127476774
 -0.576723041062 0.330604669859 0.204799593926 0.299461345730 0.641494598284 0.527976962650 -0.0664976909196 -0.722171766377 -1.30860434629 -1.69462140800
 -1.14668458520 -0.0334137686360 0.580310515151 0.343999784577 0.429140427160 0.500805139241 0.174740038260 -0.459761741304 -1.14953061847 -1.64579143154
 -1.59730671891 -0.744679851310 -0.124879302516 0.272486078858 0.386702268609 0.728203606439 0.689099825136 -0.00681497634348 -0.916682530579 -1.61748801732
 -1.82576016643 -0.862075429036 -0.392509715723 0.0406453313571 0.403346481433 0.429420925103 0.777429002945 0.521499269112 -0.508624470956 -1.58552498065
 -1.98480470985 -0.682036557216 -0.0280830376131 0.236472182661 0.346965872412 0.416674534792 0.353713385516 0.587248370316 -0.263987720240 -1.63533067988
 -2.07198053575 -0.482527378851 0.309089429856 0.608712270524 0.629240296001 0.440242328896 0.198548452450 -0.167024633193 -0.865798126768 -1.96040497709
 -2.27818057475 -0.712558587316 0.153563575259 0.565843042772 0.694172548361 0.599870373987 0.453916278145 -0.291346341891 -1.42681308661 -2.35918050190
 -2.30400692469 -0.404480087510 0.284220039488 0.681644051717 0.776923053089 0.518450596663 0.241608898909 -0.566723620849 -1.78589948101 -2.74186252969
 -2.11305861155 -0.398985746958 0.413832073857 0.742913376848 0.692020956979 0.515184681202 0.176871343504 -0.636640950032 -1.89594249900 -3.01468741130
 -1.90588916148 0.211319153273 0.491904240650 0.662152477980 0.519330112017 0.371319694132 0.159853886826 -0.602675887932 -1.90889189879 -3.16681735362
 -1.82238323139 0.340060121648 0.449128495392 0.465976488537 0.428907979815 0.448253258050 0.286721861809 -0.449792243198 -1.83048635810 -3.18187967487
 -1.77470912309 0.0337151873260 0.281903274894 0.340570714371 0.369385032701 0.551918562117 0.572074828112 -0.145028908473 -1.62061056403 -3.06538279222
 -2.42671824634 -0.614084920772 -0.0791057953297 0.105796615148 0.228169366467 0.615010743086 0.922039281245 0.327285227643 -1.29533240279 -2.92604256579
 -2.89929359323 -1.16758006016 -0.610613791176 -0.307972343002 -0.0504755475606 0.527413408207 1.12140071712 0.770697154832 -0.888046150951 -2.67853625410
 -3.14637763106 -1.53423639549 -1.12774787582 -0.719712147401 -0.379435977402 0.292491427050 1.14414034037 1.11649777283 -0.481665422367 -2.35308325239
 -3.18914284401 -1.64398934900 -1.10616972772 -0.822842190073 -0.676212543633 -0.0814055311546 0.957492293420 1.35550605849 -0.0681702823587 -1.91568845979
 -3.35498446151 -1.66575295049 -1.13798611926 -0.807061949139 -0.814484652689 -0.421897828177 0.646778143162 1.46692960145 0.357870632028 -1.44739967067
 -3.49312285381 -2.01547281865 -1.05882653114 -0.584777581454 -0.554755399983 -0.489822224456 0.276743887119 1.37059883297 0.745903099893 -0.966491869726
 -3.40724913540 -2.03831417250 -1.00475943161 -0.292191538730 0.0397626491225 0.0376919092186 0.409482368239 0.933287544117 0.673706425787 -0.454919198014
 -3.32184532676 -1.74856716060 -0.899853568654 -0.471608506833 -0.0374565733108 0.230994725781 0.492243239478 0.801547084231 0.604238606759 -0.172750162646
 -3.34227077581 -1.94693504069 -1.06839212319 -0.194238102040 0.189738996800 0.349290210503 0.494698007842 0.683719872038 0.445492891991 -0.167922576635
 -3.42255190610 -1.60243714922 -0.803759451870 0.185582408628 0.513223299644 0.493914845389 0.473243915152 0.454215724872 0.0266316941184 -0.514336671238
 -3.36646646936 -1.12289820766 -0.365779907111 0.173277445502 0.505109719764 0.459038112874 0.602013461929 0.329073715903 -0.216086864670 -0.700279714315
 -3.36229298767 -1.77744801527 -0.933779811543 0.268938756935 0.592248535408 0.596739273423 0.703636454415 0.186540406866 -0.304365255088 -0.679944426740
 -3.51934294652 -1.71567070267 -0.535984373918 0.129703007149 0.777838309605 0.683288339133 0.443550368654 0.0623438350900 -0.313682425090 -0.586079111312
 -3.46401992578 -1.32370129751 -0.0449424552093 0.443669323751 0.452787254648 0.415630298720 0.389065138049 0.137867585371 -0.187737654126 -0.434159645827
 -3.48067316759 -1.51039791871 -0.408989881616 0.237472195091 0.513950849164 0.518800725138 0.428023623099 0.246904000257 -0.0704462219952 -0.331454450181
 -3.09980090664 -0.960446511394 -0.642074571825 -0.208272543701 0.316179726604 0.528369297682 0.555434218198 0.410902591262 0.0868977601269 -0.193181392540
 -3.64960861684 -1.41166427555 -0.556850965465 -0.0724010369076 0.266557515765 0.488888243458 0.532879727191 0.457951198450 0.149039806015 -0.167537492933
 -3.93952738106 -1.81406101560 -0.927945085445 -0.336875800024 0.166945598123 0.460308645206 0.630183070946 0.598177964003 0.297769584760 -0.107219589599
 -4.26835236597 -2.25527904786 -1.03584178428 -0.363293184313 0.141451645331 0.369555251513 0.621901293433 0.688772447328 0.360412286068 -0.0574709445241
 -4.49261884757 -2.77797321978 -1.62274147248 -0.553868918679 0.256583495030 0.532354138551 0.692761956417 0.682615133250 0.283057699299 -0.158217248414
 -4.57358099243 -2.99828066141 -2.24243736251 -1.37919179076 -0.184205170642 0.603474269287 0.891598275724 0.828412379634 0.321900722192 -0.206844194793
 -4.68604341977 -3.11128241222 -2.10518036326 -1.64756855524 -0.752992288737 0.293528331937 1.00970870557 0.997007974817 0.422065535247 -0.174692571174
# log_selcoffs_fsh[3]:
 -3.45643778005 -1.07163570162 1.25266503696 0.723347590872 -0.435375985981 -1.35844246907 -1.82667009116
 -3.17040073678 -0.726572297344 1.25660732164 0.669160982957 -0.481127584133 -1.41526524410 -1.91444970997
 -2.87007212302 -0.623118180292 1.29403011312 0.594016030859 -0.536861439584 -1.47544740485 -2.00192840992
 -2.69987810026 -0.622243747533 1.29274074870 0.614193864843 -0.567589590786 -1.53839751199 -2.09143723187
 -2.43813321686 -0.413753339902 1.26228152359 0.597169014453 -0.545656769899 -1.57070164813 -2.17410183190
 -2.20280166173 -0.280487493108 1.19500146228 0.659960138538 -0.522699937764 -1.61583830102 -2.26171159953
 -1.87306597994 0.287800781980 0.957685934708 0.716316610466 -0.543859383303 -1.68906667347 -2.35260177086
 -1.24310513173 0.497683626440 1.02747836479 0.427695064797 -0.716717175292 -1.80366645056 -2.45539103041
 -1.20862944087 0.615837640904 1.06334958443 0.277060074084 -0.879390103197 -1.94190347238 -2.57151742660
 -1.39040662809 0.239331806905 1.31655243615 0.201725340168 -1.08081751636 -2.11980493162 -2.70003626326
 -1.60967717610 0.0803846295542 1.34888552517 0.346883300582 -1.24016189643 -2.30236165827 -2.82677078111
 -1.79861912938 -0.0129734871522 1.38369061511 0.369213198412 -1.30176394338 -2.44824275085 -2.94369004673
 -1.84686602727 0.00402024922344 1.30960778184 0.524096404709 -1.17350639952 -2.44293165216 -3.02820813772
 -1.65789436135 0.553066852363 1.21221008088 0.243519413347 -1.20321606062 -2.42746421683 -3.08433356541
 -1.66917834702 0.179269950123 1.35420241688 0.270484077330 -1.20833434712 -2.43068917874 -3.11643188318
 -1.61403647868 0.213604334337 1.39489146170 0.121557108077 -1.30285869703 -2.46802763179 -3.15851545977
 -1.63521135028 0.471465231124 1.30419841601 0.115977049895 -1.31253193635 -2.47558851721 -3.17502769186
 -1.85094797191 0.299056325715 1.38027881941 0.110245671876 -1.29619077608 -2.45412938399 -3.16405786328
 -1.77647617658 0.886009929513 1.06642902690 0.0669185611658 -1.22541849107 -2.38017002220 -3.10179266375
 -1.83663339304 0.836983846075 1.08738678916 0.0983296830463 -1.16476906055 -2.30140286953 -3.00973470774
 -1.86517756496 0.685902280727 1.16133221193 0.158671989576 -1.10641668941 -2.22407841024 -2.90917964091
 -1.88507690262 0.415069817142 1.27032966173 0.222278579466 -1.06043317946 -2.15325391584 -2.80761494481
 -1.90097734681 0.0472710622043 1.38613023949 0.230282565881 -1.04027329596 -2.08886712322 -2.70775099273
 -1.66012225631 0.388205069209 1.22890403763 0.286683317738 -0.972005923207 -2.01165997764 -2.60398845780
 -1.49646317528 0.212443047350 1.24325258617 0.378500177183 -0.941120006476 -1.95933493434 -2.50989938854
 -1.22119793458 1.06594335518 0.693277545341 0.164686330257 -0.955996111207 -1.90783623632 -2.41427244200
 -1.13336360639 1.17773771737 0.699509748844 -0.168705492387 -1.11949752615 -1.90083249260 -2.32667310634
 -1.28849370533 0.584917852920 1.20919723117 -0.00674046258956 -1.12819126241 -1.86863767883 -2.23079400365
 -1.68128364814 0.264839541156 1.34312615732 0.0545182853967 -1.08204702313 -1.79663179582 -2.12987060635
 -1.65537011698 0.738017710153 1.01736417055 0.187934338613 -0.881647777917 -1.63794908878 -1.99461245553
 -1.57443010910 0.833974632472 0.874895106434 0.207953623190 -0.738876284645 -1.48395804015 -1.85627320597
 -1.75231907487 0.115524613533 1.23340225191 0.284170865989 -0.666668979188 -1.37843911447 -1.73030796675
 -1.89257126693 -0.104714129861 1.01885884148 0.729948405547 -0.487494013026 -1.25896042190 -1.58174435279
 -1.85876655827 0.546564418356 0.893928351412 0.395821921819 -0.478368493218 -1.13225760115 -1.40891256372
 -2.08607531868 0.409277486029 1.07434396306 0.225976563041 -0.583081642557 -1.06735767406 -1.25040881069
 -2.30319801113 0.396715585977 1.05651768589 0.212094021806 -0.568462810241 -0.947012391797 -1.06064230477
 -2.57332939238 -0.182473823696 0.966005256987 0.379167882408 -0.312957499925 -0.513551833360 -0.396948001706
 -2.88249158976 -0.187793787122 1.01299517663 0.246790635078 -0.402561249200 -0.467711055777 -0.240249835325
 -2.94420304937 -0.596267376790 0.629466896905 0.103769534670 -0.264868999842 -0.0354343799213 0.517629303597
 -3.12515312502 -1.45598690972 0.215172107562 0.0984362915281 -0.235228968392 0.113389665003 0.903781668825
 -3.25500787716 -1.89179405409 -0.482286069246 0.204707833515 -0.174098131615 0.182367414646 1.07357208664
 -3.32347847401 -2.07758067715 -0.970601533546 -0.0280444027128 -0.0751255126303 0.235498974071 1.19221570717
# log_selcoffs_fsh[4]:
 -1.47825137675 -1.10087343685 -0.730057249206 -0.380546666638 -0.0723752625506 0.193550599600 0.407163414677 0.556239891102 0.633200799727
 -1.47819273037 -1.09977697228 -0.728069266207 -0.379505034933 -0.0685245882239 0.194273474177 0.405534170709 0.554809168133 0.632363715136
 -1.47809365121 -1.09880641821 -0.725412136091 -0.375290448236 -0.0662351375188 0.196180772778 0.404748668970 0.552433059921 0.630412946941
 -1.47571595462 -1.09450428543 -0.720180699323 -0.373296976893 -0.0647525372176 0.196199588813 0.403932933180 0.550757604369 0.628723398892
 -1.46882854467 -1.08106377606 -0.707483857402 -0.368407527005 -0.0703656263303 0.190118710857 0.400969348139 0.550514873107 0.629669123780
 -1.45144423856 -1.07696096316 -0.701367532812 -0.365034437891 -0.0723018883026 0.183722544926 0.396518458701 0.550518509948 0.632513394417
 -1.42424382868 -1.06165080041 -0.704259724748 -0.370245708670 -0.0785006823217 0.177911353477 0.392870938541 0.551409998585 0.637761050550
 -1.39244610361 -1.04298547005 -0.701245770914 -0.379414079782 -0.0873426441291 0.168831164118 0.387153869565 0.553018870133 0.645711213208
 -1.35740397802 -1.01792821184 -0.690228302169 -0.388085449355 -0.105649932472 0.153834236932 0.379677807989 0.555885017489 0.657612958438
 -1.31418721734 -0.993596918872 -0.662411033738 -0.384834501210 -0.128514363575 0.125016048357 0.363964583848 0.559140575274 0.675052180101
 -1.26361805034 -0.966578071303 -0.663204384051 -0.370501677058 -0.138349980231 0.0944435241517 0.340516184819 0.560014789948 0.695738797951
 -1.20884346655 -0.939735121424 -0.663726282655 -0.390413049330 -0.142120492436 0.0755010182629 0.317735874792 0.558034396813 0.718732565020
 -1.14984244912 -0.910621448580 -0.668660113549 -0.424655346318 -0.184219255942 0.0574118114269 0.308034590842 0.563649525185 0.744782215740
 -1.08502725991 -0.878622616984 -0.670942055597 -0.459191567176 -0.236163117330 0.0118063010043 0.292073456804 0.577766810898 0.779759633046
 -1.01670286689 -0.843229146169 -0.669318934285 -0.489474618412 -0.287244308903 -0.0402362767966 0.262199724748 0.585587502034 0.822492956020
 -0.943594146111 -0.801941610281 -0.661823314365 -0.515433400652 -0.338370057607 -0.100725328723 0.216433687073 0.584065508736 0.874258352269
 -0.859681307139 -0.746865657828 -0.644393235929 -0.535456396663 -0.388780551044 -0.169093565375 0.150290237854 0.564535933623 0.935840262825
 -0.778488348826 -0.680111024692 -0.592064203429 -0.535508937564 -0.405532900624 -0.206781106360 0.108773033116 0.532237182391 0.954864494723
 -0.708200838992 -0.651033617748 -0.570703852930 -0.563072618667 -0.470260273980 -0.225785063091 0.0944796069454 0.534547356514 0.964276135635
 -0.715885028275 -0.632804637983 -0.595803872833 -0.568136811330 -0.521815029509 -0.298884138496 0.100893976428 0.559444701185 0.982637608079
 -0.698413751503 -0.648981362411 -0.653926819653 -0.579795696912 -0.486012369735 -0.295055813062 0.0906511620501 0.595976241287 0.967281499739
 -0.699903767239 -0.728324572359 -0.719578345218 -0.644540095668 -0.467026361835 -0.237300879205 0.147672796419 0.594007344659 0.964244457705
 -0.982123081460 -0.901296556552 -0.783268048120 -0.632390705743 -0.400938978272 -0.102028235100 0.250985547667 0.633905349201 0.911586648535
 -1.33394627919 -1.12224796257 -0.908279964286 -0.631208050998 -0.306493725776 0.0318948865903 0.352665944933 0.653809406597 0.859386586983
 -1.65292194245 -1.31758481086 -0.976175200515 -0.595861894982 -0.173037788063 0.173937614574 0.430352598630 0.638476267219 0.765659624857
 -1.96134697361 -1.52164996845 -1.09249285833 -0.624966657316 -0.140450469210 0.280211988923 0.519498569315 0.635618633465 0.697422923262
 -2.16453023645 -1.60705491820 -1.18922451251 -0.662177534888 -0.0984112951124 0.317864136821 0.577742081162 0.645306499204 0.639475971996
 -2.28088862739 -1.76860274845 -1.23747430352 -0.608551331745 -0.0940514001295 0.230492199226 0.492877450482 0.669937568719 0.757243462970
 -1.78997868311 -1.70398000037 -1.28269586894 -0.794536661201 -0.290400683061 0.143496692167 0.484750099518 0.721738719833 0.849276490207
 -2.07800839878 -1.74705800545 -1.45472658739 -0.965914991628 -0.377758241483 0.124723616166 0.504209593545 0.767785369549 0.899160686570
 -1.91784824865 -1.59660988016 -1.55967125878 -1.24104918275 -0.703866070569 -0.0934208306806 0.461937064757 0.853309705367 1.03360479728
 -1.76388083990 -1.20538531252 -1.35176862165 -1.38604499272 -0.966537130691 -0.301443101614 0.360245287064 0.861528711858 1.13127167210
 -2.00597340568 -1.00158047968 -0.620231442149 -1.07466434789 -1.04161794850 -0.517806299783 0.184322796979 0.798682249760 1.17718210207
# log_sel_spl_fsh[1]:
 0.00000000000 0.00000000000 0.00000000000 0.00000000000
 0.00000000000 0.00000000000 0.00000000000 0.00000000000
 0.00000000000 0.00000000000 0.00000000000 0.00000000000
 0.00000000000 0.00000000000 0.00000000000 0.00000000000
 0.00000000000 0.00000000000 0.00000000000 0.00000000000
 0.00000000000 0.00000000000 0.00000000000 0.00000000000
 0.00000000000 0.00000000000 0.00000000000 0.00000000000
 0.00000000000 0.00000000000 0.00000000000 0.00000000000
 0.00000000000 0.00000000000 0.00000000000 0.00000000000
 0.00000000000 0.00000000000 0.00000000000 0.00000000000
 0.00000000000 0.00000000000 0.00000000000 0.00000000000
 0.00000000000 0.00000000000 0.00000000000 0.00000000000
 0.00000000000 0.00000000000 0.00000000000 0.00000000000
 0.00000000000 0.00000000000 0.00000000000 0.00000000000
 0.00000000000 0.00000000000 0.00000000000 0.00000000000
 0.00000000000 0.00000000000 0.00000000000 0.00000000000
 0.00000000000 0.00000000000 0.00000000000 0.00000000000
 0.00000000000 0.00000000000 0.00000000000 0.00000000000
 0.00000000000 0.00000000000 0.00000000000 0.00000000000
 0.00000000000 0.00000000000 0.00000000000 0.00000000000
 0.00000000000 0.00000000000 0.00000000000 0.00000000000
 0.00000000000 0.00000000000 0.00000000000 0.00000000000
 0.00000000000 0.00000000000 0.00000000000 0.00000000000
 0.00000000000 0.00000000000 0.00000000000 0.00000000000
 0.00000000000 0.00000000000 0.00000000000 0.00000000000
 0.00000000000 0.00000000000 0.00000000000 0.00000000000
 0.00000000000 0.00000000000 0.00000000000 0.00000000000
 0.00000000000 0.00000000000 0.00000000000 0.00000000000
 0.00000000000 0.00000000000 0.00000000000 0.00000000000
 0.00000000000 0.00000000000 0.00000000000 0.00000000000
 0.00000000000 0.00000000000 0.00000000000 0.00000000000
 0.00000000000 0.00000000000 0.00000000000 0.00000000000
 0.00000000000 0.00000000000 0.00000000000 0.00000000000
 0.00000000000 0.00000000000 0.00000000000 0.00000000000
 0.00000000000 0.00000000000 0.00000000000 0.00000000000
 0.00000000000 0.00000000000 0.00000000000 0.00000000000
 0.00000000000 0.00000000000 0.00000000000 0.00000000000
 0.00000000000 0.00000000000 0.00000000000 0.00000000000
 0.00000000000 0.00000000000 0.00000000000 0.00000000000
# log_sel_spl_fsh[2]:
 0.00000000000 0.00000000000 0.00000000000 0.00000000000
 0.00000000000 0.00000000000 0.00000000000 0.00000000000
 0.00000000000 0.00000000000 0.00000000000 0.00000000000
 0.00000000000 0.00000000000 0.00000000000 0.00000000000
 0.00000000000 0.00000000000 0.00000000000 0.00000000000
 0.00000000000 0.00000000000 0.00000000000 0.00000000000
 0.00000000000 0.00000000000 0.00000000000 0.00000000000
 0.00000000000 0.00000000000 0.00000000000 0.00000000000
 0.00000000000 0.00000000000 0.00000000000 0.00000000000
 0.00000000000 0.00000000000 0.00000000000 0.00000000000
 0.00000000000 0.00000000000 0.00000000000 0.00000000000
 0.00000000000 0.00000000000 0.00000000000 0.00000000000
 0.00000000000 0.00000000000 0.00000000000 0.00000000000
 0.00000000000 0.00000000000 0.00000000000 0.00000000000
 0.00000000000 0.00000000000 0.00000000000 0.00000000000
 0.00000000000 0.00000000000 0.00000000000 0.00000000000
 0.00000000000 0.00000000000 0.00000000000 0.00000000000
 0.00000000000 0.00000000000 0.00000000000 0.00000000000
 0.00000000000 0.00000000000 0.00000000000 0.00000000000
 0.00000000000 0.00000000000 0.00000000000 0.00000000000
 0.00000000000 0.00000000000 0.00000000000 0.00000000000
 0.00000000000 0.00000000000 0.00000000000 0.00000000000
 0.00000000000 0.00000000000 0.00000000000 0.00000000000
 0.00000000000 0.00000000000 0.00000000000 0.00000000000
 0.00000000000 0.00000000000 0.00000000000 0.00000000000
 0.00000000000 0.00000000000 0.00000000000 0.00000000000
 0.00000000000 0.00000000000 0.00000000000 0.00000000000
 0.00000000000 0.00000000000 0.00000000000 0.00000000000
 0.00000000000 0.00000000000 0.00000000000 0.00000000000
 0.00000000000 0.00000000000 0.00000000000 0.00000000000
 0.00000000000 0.00000000000 0.00000000000 0.00000000000
 0.00000000000 0.00000000000 0.00000000000 0.00000000000
 0.00000000000 0.00000000000 0.00000000000 0.00000000000
 0.00000000000 0.00000000000 0.00000000000 0.00000000000
 0.00000000000 0.00000000000 0.00000000000 0.00000000000
 0.00000000000 0.00000000000 0.00000000000 0.00000000000
 0.00000000000 0.00000000000 0.00000000000 0.00000000000
 0.00000000000 0.00000000000 0.00000000000 0.00000000000
 0.00000000000 0.00000000000 0.00000000000 0.00000000000
# log_sel_spl_fsh[3]:
 0.00000000000 0.00000000000 0.00000000000 0.00000000000
 0.00000000000 0.00000000000 0.00000000000 0.00000000000
 0.00000000000 0.00000000000 0.00000000000 0.00000000000
 0.00000000000 0.00000000000 0.00000000000 0.00000000000
 0.00000000000 0.00000000000 0.00000000000 0.00000000000
 0.00000000000 0.00000000000 0.00000000000 0.00000000000
 0.00000000000 0.00000000000 0.00000000000 0.00000000000
 0.00000000000 0.00000000000 0.00000000000 0.00000000000
 0.00000000000 0.00000000000 0.00000000000 0.00000000000
 0.00000000000 0.00000000000 0.00000000000 0.00000000000
 0.00000000000 0.00000000000 0.00000000000 0.00000000000
 0.00000000000 0.00000000000 0.00000000000 0.00000000000
 0.00000000000 0.00000000000 0.00000000000 0.00000000000
 0.00000000000 0.00000000000 0.00000000000 0.00000000000
 0.00000000000 0.00000000000 0.00000000000 0.00000000000
 0.00000000000 0.00000000000 0.00000000000 0.00000000000
 0.00000000000 0.00000000000 0.00000000000 0.00000000000
 0.00000000000 0.00000000000 0.00000000000 0.00000000000
 0.00000000000 0.00000000000 0.00000000000 0.00000000000
 0.00000000000 0.00000000000 0.00000000000 0.00000000000
 0.00000000000 0.00000000000 0.00000000000 0.00000000000
 0.00000000000 0.00000000000 0.00000000000 0.00000000000
 0.00000000000 0.00000000000 0.00000000000 0.00000000000
 0.00000000000 0.00000000000 0.00000000000 0.00000000000
 0.00000000000 0.00000000000 0.00000000000 0.00000000000
 0.00000000000 0.00000000000 0.00000000000 0.00000000000
 0.00000000000 0.00000000000 0.00000000000 0.00000000000
 0.00000000000 0.00000000000 0.00000000000 0.00000000000
 0.00000000000 0.00000000000 0.00000000000 0.00000000000
 0.00000000000 0.00000000000 0.00000000000 0.00000000000
 0.00000000000 0.00000000000 0.00000000000 0.00000000000
 0.00000000000 0.00000000000 0.00000000000 0.00000000000
 0.00000000000 0.00000000000 0.00000000000 0.00000000000
 0.00000000000 0.00000000000 0.00000000000 0.00000000000
 0.00000000000 0.00000000000 0.00000000000 0.00000000000
 0.00000000000 0.00000000000 0.00000000000 0.00000000000
 0.00000000000 0.00000000000 0.00000000000 0.00000000000
 0.00000000000 0.00000000000 0.00000000000 0.00000000000
 0.00000000000 0.00000000000 0.00000000000 0.00000000000
 0.00000000000 0.00000000000 0.00000000000 0.00000000000
 0.00000000000 0.00000000000 0.00000000000 0.00000000000
 0.00000000000 0.00000000000 0.00000000000 0.00000000000
# log_sel_spl_fsh[4]:
 0.00000000000 0.00000000000 0.00000000000 0.00000000000
 0.00000000000 0.00000000000 0.00000000000 0.00000000000
 0.00000000000 0.00000000000 0.00000000000 0.00000000000
 0.00000000000 0.00000000000 0.00000000000 0.00000000000
 0.00000000000 0.00000000000 0.00000000000 0.00000000000
 0.00000000000 0.00000000000 0.00000000000 0.00000000000
 0.00000000000 0.00000000000 0.00000000000 0.00000000000
 0.00000000000 0.00000000000 0.00000000000 0.00000000000
 0.00000000000 0.00000000000 0.00000000000 0.00000000000
 0.00000000000 0.00000000000 0.00000000000 0.00000000000
 0.00000000000 0.00000000000 0.00000000000 0.00000000000
 0.00000000000 0.00000000000 0.00000000000 0.00000000000
 0.00000000000 0.00000000000 0.00000000000 0.00000000000
 0.00000000000 0.00000000000 0.00000000000 0.00000000000
 0.00000000000 0.00000000000 0.00000000000 0.00000000000
 0.00000000000 0.00000000000 0.00000000000 0.00000000000
 0.00000000000 0.00000000000 0.00000000000 0.00000000000
 0.00000000000 0.00000000000 0.00000000000 0.00000000000
 0.00000000000 0.00000000000 0.00000000000 0.00000000000
 0.00000000000 0.00000000000 0.00000000000 0.00000000000
 0.00000000000 0.00000000000 0.00000000000 0.00000000000
 0.00000000000 0.00000000000 0.00000000000 0.00000000000
 0.00000000000 0.00000000000 0.00000000000 0.00000000000
 0.00000000000 0.00000000000 0.00000000000 0.00000000000
 0.00000000000 0.00000000000 0.00000000000 0.00000000000
 0.00000000000 0.00000000000 0.00000000000 0.00000000000
 0.00000000000 0.00000000000 0.00000000000 0.00000000000
 0.00000000000 0.00000000000 0.00000000000 0.00000000000
 0.00000000000 0.00000000000 0.00000000000 0.00000000000
 0.00000000000 0.00000000000 0.00000000000 0.00000000000
 0.00000000000 0.00000000000 0.00000000000 0.00000000000
 0.00000000000 0.00000000000 0.00000000000 0.00000000000
 0.00000000000 0.00000000000 0.00000000000 0.00000000000
# logsel_slope_fsh[1]:
 0.00000000000 0.00000000000 0.00000000000 0.00000000000 0.00000000000 0.00000000000 0.00000000000 0.00000000000 0.00000000000 0.00000000000 0.00000000000 0.00000000000 0.00000000000 0.00000000000 0.00000000000 0.00000000000 0.00000000000 0.00000000000 0.00000000000 0.00000000000 0.00000000000 0.00000000000 0.00000000000 0.00000000000 0.00000000000 0.00000000000 0.00000000000 0.00000000000 0.00000000000 0.00000000000 0.00000000000 0.00000000000 0.00000000000 0.00000000000 0.00000000000 0.00000000000 0.00000000000 0.00000000000 0.00000000000
# logsel_slope_fsh[2]:
 0.00000000000 0.00000000000 0.00000000000 0.00000000000 0.00000000000 0.00000000000 0.00000000000 0.00000000000 0.00000000000 0.00000000000 0.00000000000 0.00000000000 0.00000000000 0.00000000000 0.00000000000 0.00000000000 0.00000000000 0.00000000000 0.00000000000 0.00000000000 0.00000000000 0.00000000000 0.00000000000 0.00000000000 0.00000000000 0.00000000000 0.00000000000 0.00000000000 0.00000000000 0.00000000000 0.00000000000 0.00000000000 0.00000000000 0.00000000000 0.00000000000 0.00000000000 0.00000000000 0.00000000000 0.00000000000
# logsel_slope_fsh[3]:
 0.00000000000 0.00000000000 0.00000000000 0.00000000000 0.00000000000 0.00000000000 0.00000000000 0.00000000000 0.00000000000 0.00000000000 0.00000000000 0.00000000000 0.00000000000 0.00000000000 0.00000000000 0.00000000000 0.00000000000 0.00000000000 0.00000000000 0.00000000000 0.00000000000 0.00000000000 0.00000000000 0.00000000000 0.00000000000 0.00000000000 0.00000000000 0.00000000000 0.00000000000 0.00000000000 0.00000000000 0.00000000000 0.00000000000 0.00000000000 0.00000000000 0.00000000000 0.00000000000 0.00000000000 0.00000000000 0.00000000000 0.00000000000 0.00000000000
# logsel_slope_fsh[4]:
 0.00000000000 0.00000000000 0.00000000000 0.00000000000 0.00000000000 0.00000000000 0.00000000000 0.00000000000 0.00000000000 0.00000000000 0.00000000000 0.00000000000 0.00000000000 0.00000000000 0.00000000000 0.00000000000 0.00000000000 0.00000000000 0.00000000000 0.00000000000 0.00000000000 0.00000000000 0.00000000000 0.00000000000 0.00000000000 0.00000000000 0.00000000000 0.00000000000 0.00000000000 0.00000000000 0.00000000000 0.00000000000 0.00000000000
# sel50_fsh[1]:
 0.00000000000 0.00000000000 0.00000000000 0.00000000000 0.00000000000 0.00000000000 0.00000000000 0.00000000000 0.00000000000 0.00000000000 0.00000000000 0.00000000000 0.00000000000 0.00000000000 0.00000000000 0.00000000000 0.00000000000 0.00000000000 0.00000000000 0.00000000000 0.00000000000 0.00000000000 0.00000000000 0.00000000000 0.00000000000 0.00000000000 0.00000000000 0.00000000000 0.00000000000 0.00000000000 0.00000000000 0.00000000000 0.00000000000 0.00000000000 0.00000000000 0.00000000000 0.00000000000 0.00000000000 0.00000000000
# sel50_fsh[2]:
 0.00000000000 0.00000000000 0.00000000000 0.00000000000 0.00000000000 0.00000000000 0.00000000000 0.00000000000 0.00000000000 0.00000000000 0.00000000000 0.00000000000 0.00000000000 0.00000000000 0.00000000000 0.00000000000 0.00000000000 0.00000000000 0.00000000000 0.00000000000 0.00000000000 0.00000000000 0.00000000000 0.00000000000 0.00000000000 0.00000000000 0.00000000000 0.00000000000 0.00000000000 0.00000000000 0.00000000000 0.00000000000 0.00000000000 0.00000000000 0.00000000000 0.00000000000 0.00000000000 0.00000000000 0.00000000000
# sel50_fsh[3]:
 0.00000000000 0.00000000000 0.00000000000 0.00000000000 0.00000000000 0.00000000000 0.00000000000 0.00000000000 0.00000000000 0.00000000000 0.00000000000 0.00000000000 0.00000000000 0.00000000000 0.00000000000 0.00000000000 0.00000000000 0.00000000000 0.00000000000 0.00000000000 0.00000000000 0.00000000000 0.00000000000 0.00000000000 0.00000000000 0.00000000000 0.00000000000 0.00000000000 0.00000000000 0.00000000000 0.00000000000 0.00000000000 0.00000000000 0.00000000000 0.00000000000 0.00000000000 0.00000000000 0.00000000000 0.00000000000 0.00000000000 0.00000000000 0.00000000000
# sel50_fsh[4]:
 0.00000000000 0.00000000000 0.00000000000 0.00000000000 0.00000000000 0.00000000000 0.00000000000 0.00000000000 0.00000000000 0.00000000000 0.00000000000 0.00000000000 0.00000000000 0.00000000000 0.00000000000 0.00000000000 0.00000000000 0.00000000000 0.00000000000 0.00000000000 0.00000000000 0.00000000000 0.00000000000 0.00000000000 0.00000000000 0.00000000000 0.00000000000 0.00000000000 0.00000000000 0.00000000000 0.00000000000 0.00000000000 0.00000000000
# logsel_p1_fsh[1]:
 0.00000000000 0.00000000000 0.00000000000 0.00000000000 0.00000000000 0.00000000000 0.00000000000 0.00000000000 0.00000000000 0.00000000000 0.00000000000 0.00000000000 0.00000000000 0.00000000000 0.00000000000 0.00000000000 0.00000000000 0.00000000000 0.00000000000 0.00000000000 0.00000000000 0.00000000000 0.00000000000 0.00000000000 0.00000000000 0.00000000000 0.00000000000 0.00000000000 0.00000000000 0.00000000000 0.00000000000 0.00000000000 0.00000000000 0.00000000000 0.00000000000 0.00000000000 0.00000000000 0.00000000000 0.00000000000
# logsel_p1_fsh[2]:
 0.00000000000 0.00000000000 0.00000000000 0.00000000000 0.00000000000 0.00000000000 0.00000000000 0.00000000000 0.00000000000 0.00000000000 0.00000000000 0.00000000000 0.00000000000 0.00000000000 0.00000000000 0.00000000000 0.00000000000 0.00000000000 0.00000000000 0.00000000000 0.00000000000 0.00000000000 0.00000000000 0.00000000000 0.00000000000 0.00000000000 0.00000000000 0.00000000000 0.00000000000 0.00000000000 0.00000000000 0.00000000000 0.00000000000 0.00000000000 0.00000000000 0.00000000000 0.00000000000 0.00000000000 0.00000000000
# logsel_p1_fsh[3]:
 0.00000000000 0.00000000000 0.00000000000 0.00000000000 0.00000000000 0.00000000000 0.00000000000 0.00000000000 0.00000000000 0.00000000000 0.00000000000 0.00000000000 0.00000000000 0.00000000000 0.00000000000 0.00000000000 0.00000000000 0.00000000000 0.00000000000 0.00000000000 0.00000000000 0.00000000000 0.00000000000 0.00000000000 0.00000000000 0.00000000000 0.00000000000 0.00000000000 0.00000000000 0.00000000000 0.00000000000 0.00000000000 0.00000000000 0.00000000000 0.00000000000 0.00000000000 0.00000000000 0.00000000000 0.00000000000 0.00000000000 0.00000000000 0.00000000000
# logsel_p1_fsh[4]:
 0.00000000000 0.00000000000 0.00000000000 0.00000000000 0.00000000000 0.00000000000 0.00000000000 0.00000000000 0.00000000000 0.00000000000 0.00000000000 0.00000000000 0.00000000000 0.00000000000 0.00000000000 0.00000000000 0.00000000000 0.00000000000 0.00000000000 0.00000000000 0.00000000000 0.00000000000 0.00000000000 0.00000000000 0.00000000000 0.00000000000 0.00000000000 0.00000000000 0.00000000000 0.00000000000 0.00000000000 0.00000000000 0.00000000000
# logsel_p2_fsh[1]:
 0.00000000000 0.00000000000 0.00000000000 0.00000000000 0.00000000000 0.00000000000 0.00000000000 0.00000000000 0.00000000000 0.00000000000 0.00000000000 0.00000000000 0.00000000000 0.00000000000 0.00000000000 0.00000000000 0.00000000000 0.00000000000 0.00000000000 0.00000000000 0.00000000000 0.00000000000 0.00000000000 0.00000000000 0.00000000000 0.00000000000 0.00000000000 0.00000000000 0.00000000000 0.00000000000 0.00000000000 0.00000000000 0.00000000000 0.00000000000 0.00000000000 0.00000000000 0.00000000000 0.00000000000 0.00000000000
# logsel_p2_fsh[2]:
 0.00000000000 0.00000000000 0.00000000000 0.00000000000 0.00000000000 0.00000000000 0.00000000000 0.00000000000 0.00000000000 0.00000000000 0.00000000000 0.00000000000 0.00000000000 0.00000000000 0.00000000000 0.00000000000 0.00000000000 0.00000000000 0.00000000000 0.00000000000 0.00000000000 0.00000000000 0.00000000000 0.00000000000 0.00000000000 0.00000000000 0.00000000000 0.00000000000 0.00000000000 0.00000000000 0.00000000000 0.00000000000 0.00000000000 0.00000000000 0.00000000000 0.00000000000 0.00000000000 0.00000000000 0.00000000000
# logsel_p2_fsh[3]:
 0.00000000000 0.00000000000 0.00000000000 0.00000000000 0.00000000000 0.00000000000 0.00000000000 0.00000000000 0.00000000000 0.00000000000 0.00000000000 0.00000000000 0.00000000000 0.00000000000 0.00000000000 0.00000000000 0.00000000000 0.00000000000 0.00000000000 0.00000000000 0.00000000000 0.00000000000 0.00000000000 0.00000000000 0.00000000000 0.00000000000 0.00000000000 0.00000000000 0.00000000000 0.00000000000 0.00000000000 0.00000000000 0.00000000000 0.00000000000 0.00000000000 0.00000000000 0.00000000000 0.00000000000 0.00000000000 0.00000000000 0.00000000000 0.00000000000
# logsel_p2_fsh[4]:
 0.00000000000 0.00000000000 0.00000000000 0.00000000000 0.00000000000 0.00000000000 0.00000000000 0.00000000000 0.00000000000 0.00000000000 0.00000000000 0.00000000000 0.00000000000 0.00000000000 0.00000000000 0.00000000000 0.00000000000 0.00000000000 0.00000000000 0.00000000000 0.00000000000 0.00000000000 0.00000000000 0.00000000000 0.00000000000 0.00000000000 0.00000000000 0.00000000000 0.00000000000 0.00000000000 0.00000000000 0.00000000000 0.00000000000
# logsel_p3_fsh[1]:
 0.00000000000 0.00000000000 0.00000000000 0.00000000000 0.00000000000 0.00000000000 0.00000000000 0.00000000000 0.00000000000 0.00000000000 0.00000000000 0.00000000000 0.00000000000 0.00000000000 0.00000000000 0.00000000000 0.00000000000 0.00000000000 0.00000000000 0.00000000000 0.00000000000 0.00000000000 0.00000000000 0.00000000000 0.00000000000 0.00000000000 0.00000000000 0.00000000000 0.00000000000 0.00000000000 0.00000000000 0.00000000000 0.00000000000 0.00000000000 0.00000000000 0.00000000000 0.00000000000 0.00000000000 0.00000000000
# logsel_p3_fsh[2]:
 0.00000000000 0.00000000000 0.00000000000 0.00000000000 0.00000000000 0.00000000000 0.00000000000 0.00000000000 0.00000000000 0.00000000000 0.00000000000 0.00000000000 0.00000000000 0.00000000000 0.00000000000 0.00000000000 0.00000000000 0.00000000000 0.00000000000 0.00000000000 0.00000000000 0.00000000000 0.00000000000 0.00000000000 0.00000000000 0.00000000000 0.00000000000 0.00000000000 0.00000000000 0.00000000000 0.00000000000 0.00000000000 0.00000000000 0.00000000000 0.00000000000 0.00000000000 0.00000000000 0.00000000000 0.00000000000
# logsel_p3_fsh[3]:
 0.00000000000 0.00000000000 0.00000000000 0.00000000000 0.00000000000 0.00000000000 0.00000000000 0.00000000000 0.00000000000 0.00000000000 0.00000000000 0.00000000000 0.00000000000 0.00000000000 0.00000000000 0.00000000000 0.00000000000 0.00000000000 0.00000000000 0.00000000000 0.00000000000 0.00000000000 0.00000000000 0.00000000000 0.00000000000 0.00000000000 0.00000000000 0.00000000000 0.00000000000 0.00000000000 0.00000000000 0.00000000000 0.00000000000 0.00000000000 0.00000000000 0.00000000000 0.00000000000 0.00000000000 0.00000000000 0.00000000000 0.00000000000 0.00000000000
# logsel_p3_fsh[4]:
 0.00000000000 0.00000000000 0.00000000000 0.00000000000 0.00000000000 0.00000000000 0.00000000000 0.00000000000 0.00000000000 0.00000000000 0.00000000000 0.00000000000 0.00000000000 0.00000000000 0.00000000000 0.00000000000 0.00000000000 0.00000000000 0.00000000000 0.00000000000 0.00000000000 0.00000000000 0.00000000000 0.00000000000 0.00000000000 0.00000000000 0.00000000000 0.00000000000 0.00000000000 0.00000000000 0.00000000000 0.00000000000 0.00000000000
# rec_dev_future:
 0.00000000000 0.00000000000 0.00000000000 0.00000000000 0.00000000000 0.00000000000 0.00000000000 0.00000000000 0.00000000000 0.00000000000 0.00000000000 0.00000000000 0.00000000000 0.00000000000 0.00000000000 0.00000000000 0.00000000000 0.00000000000 0.00000000000 0.00000000000
# log_q_ind[1]:
-0.873344759281
# log_q_ind[2]:
-2.37623665571
# log_q_ind[3]:
-4.12109208439
# log_q_ind[4]:
-0.686794093620
# log_q_ind[5]:
-5.01653008904
# log_q_ind[6]:
-0.395737674553
# log_q_ind[7]:
-4.08907130549
# log_q_ind[8]:
-4.30507103986
# log_q_power_ind[1]:
0.00000000000
# log_q_power_ind[2]:
0.00000000000
# log_q_power_ind[3]:
0.00000000000
# log_q_power_ind[4]:
0.00000000000
# log_q_power_ind[5]:
0.00000000000
# log_q_power_ind[6]:
0.00000000000
# log_q_power_ind[7]:
0.00000000000
# log_q_power_ind[8]:
0.00000000000
# log_rw_q_ind[1]:
 0.214589097312
# log_rw_q_ind[2]:
 0.00000000000
# log_rw_q_ind[3]:
 1.14725505895
# log_rw_q_ind[6]:
 -1.45865393814
# log_selcoffs_ind[1]:
 -1.93486406676 -1.06594489056 -0.407818406976 0.0650561452694 0.358477998533 0.491724853510 0.454442570654 0.267967040456 0.0102226267071 -0.198844479124
 -2.58846120668 -1.74599515726 -0.952900677583 -0.289581150382 0.174397668129 0.434343371143 0.504214108722 0.448395951635 0.333107306159 0.235023076874
# log_selcoffs_ind[2]:
 0.428087701736 0.832138929759 0.778921105088 0.378633023983 -0.117951497111 -0.572386870980 -0.957288867545 -1.27280908657 -1.51327556445 -1.65567561461
 1.14770163453 0.799415751736 0.479644761859 0.0918744934956 -0.372738386080 -0.844112510751 -1.26063132791 -1.59047218052 -1.81766573256 -1.93381322222
 1.35627066606 0.826724642972 0.373692625090 -0.107136439375 -0.630129793411 -1.12628813986 -1.53815279796 -1.84204195952 -2.03352490095 -2.11947083442
# log_selcoffs_ind[3]:
 -0.202940821038 0.0202027052767 0.0202027052767 0.0202027052767 0.0202027052767 0.0202027052767 0.0202027052767 0.0202027052767 0.0202027052767 0.0202027052767
# log_selcoffs_ind[4]:
 -1.81360102119 -1.26308860695 -0.740147650671 -0.287409590368 0.0615486241707 0.293853180668 0.409798455453 0.428488352062 0.388294783024 0.340694667882
 -1.95926345776 -1.38759451798 -0.829565958671 -0.318335139594 0.0954578056250 0.367280410943 0.483455325100 0.456907719853 0.349890891345 0.248449402682
# log_selcoffs_ind[5]:
 -3.04452005677 -0.669616569639 0.101782682789 0.174353368097 0.174353368097 0.174353368097 0.174353368097 0.174353368097 0.174353368097 0.174353368097
# log_selcoffs_ind[6]:
 -3.04452005677 -0.669616569639 0.101782682789 0.174353368097 0.174353368097 0.174353368097 0.174353368097 0.174353368097 0.174353368097 0.174353368097
# log_selcoffs_ind[7]:
 -0.159493505810 -0.0417104840422 -0.00892066480343 0.0636500205045 0.0636500205045 0.0636500205045
# log_selcoffs_ind[8]:
 -0.171850237190 -0.0540672154223 0.0512932891244 0.0512932891244 0.0512932891244 0.0512932891244
# logsel_slope_ind[1]:
 0.00000000000 0.00000000000
# logsel_slope_ind[2]:
 0.00000000000 0.00000000000 0.00000000000
# logsel_slope_ind[3]:
 0.00000000000
# logsel_slope_ind[4]:
 0.00000000000 0.00000000000
# logsel_slope_ind[5]:
 0.00000000000
# logsel_slope_ind[6]:
 0.00000000000
# logsel_slope_ind[7]:
 0.00000000000
# logsel_slope_ind[8]:
 0.00000000000
# sel50_ind[1]:
 0.00000000000 0.00000000000
# sel50_ind[2]:
 0.00000000000 0.00000000000 0.00000000000
# sel50_ind[3]:
 0.00000000000
# sel50_ind[4]:
 0.00000000000 0.00000000000
# sel50_ind[5]:
 0.00000000000
# sel50_ind[6]:
 0.00000000000
# sel50_ind[7]:
 0.00000000000
# sel50_ind[8]:
 0.00000000000
# logsel_p1_ind[1]:
 0.00000000000 0.00000000000
# logsel_p1_ind[2]:
 0.00000000000 0.00000000000 0.00000000000
# logsel_p1_ind[3]:
 0.00000000000
# logsel_p1_ind[4]:
 0.00000000000 0.00000000000
# logsel_p1_ind[5]:
 0.00000000000
# logsel_p1_ind[6]:
 0.00000000000
# logsel_p1_ind[7]:
 0.00000000000
# logsel_p1_ind[8]:
 0.00000000000
# sel_p2_ind[1]:
 0.00000000000 0.00000000000
# sel_p2_ind[2]:
 0.00000000000 0.00000000000 0.00000000000
# sel_p2_ind[3]:
 0.00000000000
# sel_p2_ind[4]:
 0.00000000000 0.00000000000
# sel_p2_ind[5]:
 0.00000000000
# sel_p2_ind[6]:
 0.00000000000
# sel_p2_ind[7]:
 0.00000000000
# sel_p2_ind[8]:
 0.00000000000
# logsel_p3_ind[1]:
 0.00000000000 0.00000000000
# logsel_p3_ind[2]:
 0.00000000000 0.00000000000 0.00000000000
# logsel_p3_ind[3]:
 0.00000000000
# logsel_p3_ind[4]:
 0.00000000000 0.00000000000
# logsel_p3_ind[5]:
 0.00000000000
# logsel_p3_ind[6]:
 0.00000000000
# logsel_p3_ind[7]:
 0.00000000000
# logsel_p3_ind[8]:
 0.00000000000
