# Number of parameters = 1706 Objective function value = 4050.64476521352  Maximum gradient component = 0.000196871237535377
# Mest[1]:
0.280000000000
# log_Linf[1]:
4.29810139974
# log_k[1]:
-1.83258146375
# log_Lo[1]:
2.60712428251
# log_sdage[1]:
-2.40794560865
# mean_log_rec[1]:
9.24646772662
# steepness[1]:
0.650000000000
# log_Rzero[1]:
9.59453066690
# rec_dev:
 -0.0273137545856 -0.0357629789522 -0.0465658148112 -0.0611597148293 -0.0805322732658 -0.108385672378 -0.146499125089 -0.196235334086 -0.258431151665 -0.328863931003 -0.578640420576 -1.00848614243 -0.637571621721 -0.234419923509 -0.725168749265 -1.23403877445 -0.375187216081 0.0719723367450 -0.000938648385889 0.310090892923 0.399936697299 0.474298068597 0.598669745092 0.902782607041 0.922791262882 0.631574561041 0.822889512220 1.74512994223 1.65424024490 0.913420597155 0.689648052738 0.541030945271 0.681883754994 0.996964379240 0.535003399785 0.504741569634 0.689547667841 0.0149355285372 0.0845082179649 0.342450250747 0.683399657913 0.768805385744 0.546836330952 0.670042850221 -0.162795158480 -0.0723036936104 0.287551415408 -0.203395383780 -1.30603205783 -0.608680644579 -0.262350385748 -1.03228959319 -1.49922417881 -1.33592499046 -1.37250170541 -0.874720755646 -0.888240717661 -0.609968960407 -0.0903546426702 0.0438391111742 -0.509157348670 -1.06298964786 -0.457958682141
# log_sigmar[1]:
-0.510825623766
# fmort:
 -4.78720843164 -4.36560050373 -5.07484196693 -4.70278937167 -3.86723044144 -3.53599916477 -3.30875397271 -3.37031883636 -2.60935279381 -2.67212821191 -3.00949296137 -2.61122240362 -1.87010107863 -2.88237337658 -2.15950468624 -2.79113837345 -5.19161940897 -3.83246361438 -4.21617939924 -4.33642937650 -4.41281717676 -4.07740482640 -3.97379594228 -3.81069418882 -4.29904021211 -4.06129374674 -3.63398511008 -4.30055511008 -5.22097823516 -4.67340355477 -4.49172578041 -3.82873837555 -4.70256086326 -4.25273309654 -4.03570243153 -3.71447764374 -3.75612057249 -3.26283490054 -2.53706646102 -2.69503518082 -2.28409520140 -3.64275486259 -4.44272687613 -3.80088340411 -3.51456200225 -2.99360828838 -3.21873120992 -2.79501076342 -3.90187588845 -4.16384260668 -2.83485298607 -2.88368849831
 -7.15288022402 -6.67498524409 -6.14399502666 -5.51967842787 -5.77391744889 -5.10362525200 -4.56300524874 -4.20751499672 -3.75565813346 -3.56365618081 -3.42403540176 -2.68513564642 -2.49233547113 -2.84156913195 -2.49378181501 -2.20399054613 -2.12585568994 -1.86865942845 -1.83835219052 -1.78647376829 -1.75040095785 -1.31737338075 -0.839233978964 -0.681101562437 -0.260365662888 0.298748547082 0.550800714285 0.828457394492 0.534706995977 0.189705597526 -0.0618343951047 0.175908162278 0.287355513852 0.155223403189 0.108451033874 0.0532050946841 -0.101347427083 -0.00789364529775 -0.244429199896 -0.0919316593425 -0.798939204399 -0.974927542797 -0.902242956205 -0.945981149847 -0.841386469147 -0.557148679926 -0.529497766888 -0.557950867982 -0.473470722946 -0.594622176184 -0.400664485265 -0.321646034724
 -8.37732758192 -7.55940383686 -6.45142369402 -5.64738669871 -4.72595279548 -5.79191268098 -5.17252336868 -2.95881584655 -3.55048377132 -3.78926863726 -3.71076810401 -3.75238689864 -4.89501985239 -5.17630317878 -4.95186675583 -5.50183731237 -6.28384386485 -6.58990036660 -5.49874617427 -5.42690063764 -4.86426639974 -5.02728792482 -5.55794461209 -5.43718121322 -5.05478316575 -3.71282892035 -3.55486270581 -2.93297679091 -2.63891397276 -3.60508306457 -3.77046676962 -2.93223143305 -4.76160193762 -4.36011947370 -4.43026022891 -4.87241253963 -3.56199631039 -3.39505519535 -3.18293724650 -2.95416042263 -3.91641365830 -2.13429083265 -2.39120070241 -2.99751663996 -2.87885049334 -3.31722898100 -3.61847602642 -4.59728112206 -2.53569477599 -1.64286251547 -1.66370845485 -1.69107857870
 -9.59393255150 -9.49069730833 -7.70761827772 -9.34709824489 -9.28219737694 -9.23808785909 -9.19973290801 -8.43806097478 -5.39843596893 -3.52195737969 -3.72018778173 -3.54759179291 -3.11206612226 -3.09710829684 -3.00166792674 -3.29168584083 -3.36864935897 -3.88428872948 -4.02033834250 -3.92196648757 -3.41651100616 -3.49238798469 -6.12649121252 -9.86798959468 -9.81744011536 -9.49348968113 -9.30506103120 -8.89532673382 -8.41099154572 -8.70631054132 -8.26948297768 -5.87723652784 -3.94649585081 -2.32958064538 -1.32864005542 -1.64656568866 -1.29138206048 -0.414276928519 0.484284475035 1.21045365379 0.971570612909 -0.872295867977 -1.41548795522 -1.49388731433 -0.249507601443 0.694297722504 0.0647417183922 -0.723213383786 -1.10094836903 -1.64874870964 -3.75046890278 -2.30706182482
# log_selcoffs_fsh[1]:
 -3.86633781292 -2.26458981982 -1.17077473286 -0.0559267924861 0.829371794805 1.04201355352 0.412871303015 -0.447229459402 -1.07261783712
 -3.34858737890 -1.65378001463 -0.958221015941 -0.113964176294 0.722767958178 0.975607659976 0.468665211819 -0.282125302852 -0.837639883067
 -2.99332744456 -1.43984446175 -0.596946536493 0.139048203341 0.702098891625 0.787640514443 0.385652979542 -0.208504796273 -0.664196916503
 -2.61022371733 -1.22900627830 -0.503124056652 0.112930635323 0.718143412774 0.744117593998 0.313053800785 -0.202516703037 -0.561712583362
 -2.01228513671 -0.422805458517 -0.0193597352487 0.267079223672 0.464611476789 0.458607260916 0.209469305366 -0.146922365160 -0.423897364555
 -1.92347509253 -0.655436688516 0.396697676273 0.674911392911 0.340413802230 0.136672751379 -0.0573604259290 -0.280859612725 -0.457994356532
 -1.65499849523 -0.540234360331 0.452855967683 0.759006503257 0.348955073738 0.00267995637446 -0.218899567191 -0.382274519761 -0.492059002594
 -1.19307645929 -0.384754448478 0.481011967363 0.806337083921 0.277086918568 -0.103260874236 -0.334157905559 -0.462284196352 -0.524689798689
 -0.862643958325 0.140190062203 0.348073204249 0.591534073549 0.367818602378 -0.100218254431 -0.390910087540 -0.512032116036 -0.545707952564
 -0.691236584614 0.321169864418 0.523905194085 0.535932855352 0.195992270807 -0.231477497948 -0.499108614635 -0.588146360874 -0.597204912012
 -0.191691518107 0.814334519728 0.454541862396 0.212276110768 -0.141379874029 -0.432097171769 -0.606633703830 -0.657143137891 -0.646251754817
 0.0563578580429 0.744775930357 0.593828638509 0.209735064723 -0.300792615857 -0.574782915431 -0.694984464760 -0.717259587241 -0.690019940732
 -0.179067517264 1.05969120134 0.622327670520 -0.0235563346767 -0.514532562022 -0.736642957197 -0.808847357040 -0.799482929538 -0.761295257623
 0.377421975028 1.00039804186 0.526731649095 -0.138356460941 -0.649173597610 -0.837947346469 -0.876454874646 -0.839172909630 -0.788467752594
 0.232629449729 1.24215012349 0.386519032668 -0.304923876721 -0.776643949229 -0.947348282252 -0.962788669893 -0.903257132173 -0.841142289766
 -0.439857679015 1.27059793480 0.707674708416 -0.220206452972 -0.820010219357 -1.01229128944 -1.02777607819 -0.953821893618 -0.880949901660
 -0.406168494721 1.22237173527 0.737105274557 -0.119807480396 -0.787633319604 -1.01780353982 -1.04329106694 -0.966968589596 -0.884870693621
 0.248647186407 0.995511188371 0.735632649025 -0.0875510846779 -0.750167761243 -0.996397808112 -1.03032361439 -0.950127824933 -0.859079417244
 0.692993607942 0.994743837220 0.425056117043 -0.234689016101 -0.789981259121 -1.01356813484 -1.04492643234 -0.958005603008 -0.858888762922
 0.363280430594 1.15594378512 0.533560293790 -0.274822556350 -0.855111406306 -1.05944646614 -1.06999873945 -0.965703063547 -0.856528066556
 0.542145456567 1.19828602692 0.378542431465 -0.420482245093 -0.953538166123 -1.12570090904 -1.10353812396 -0.971128001393 -0.846670581972
 0.294846587321 1.30263249738 0.471671576043 -0.503063436727 -1.06725635939 -1.21015441099 -1.14698065583 -0.978285934848 -0.832149433602
 0.434499477929 1.20704215004 0.523763425561 -0.448989519121 -1.07583664227 -1.24032424330 -1.16062396627 -0.957770562309 -0.780348369443
 0.285576196470 1.29124958683 0.463655405035 -0.471347501308 -1.07619008622 -1.24421591140 -1.16047762061 -0.933011711443 -0.729096327157
 0.603860426499 1.18986496505 0.312607315482 -0.505844792266 -1.05807734527 -1.21937846219 -1.11982115170 -0.870048287077 -0.641675575827
 0.647537323196 1.15280425616 0.257169495027 -0.511754979816 -1.07152960534 -1.21206701527 -1.06434684077 -0.776273628104 -0.537399263848
 -0.0189151616414 1.26692380140 0.465935542694 -0.398956099928 -1.05909876778 -1.17311323436 -0.981785720474 -0.662231382656 -0.418875407310
 0.329198021922 1.02569735776 0.473006147826 -0.391824383089 -0.973247067243 -1.08471308398 -0.850516393271 -0.499648663125 -0.234859176072
 1.03547879762 0.605882257188 -0.0677211137083 -0.604531955489 -0.927500443274 -0.952794494794 -0.723154356013 -0.364225755860 -0.0957741404903
 0.450294851579 0.895041928597 -0.0236389553034 -0.672784919857 -0.844938999098 -0.740721719749 -0.486159644336 -0.154529682721 0.112174620346
 0.168536664109 0.738119759503 -0.188365483402 -0.675180226543 -0.700753281219 -0.500450332940 -0.203732017809 0.0849481560798 0.322259545900
 -0.111694242558 0.244499175849 -0.381366414170 -0.646679152333 -0.531206192856 -0.236884717118 0.0979881400632 0.366113766822 0.530595468018
 -1.11909190255 -0.220728376707 -0.474190392719 -0.569093951753 -0.330428054755 -0.0132685245901 0.340854156885 0.537558492599 0.620392080473
 -1.67030966449 -0.948807843820 -0.874858455715 -0.566819448976 -0.164165479622 0.146940742249 0.535481156961 0.615841730199 0.628069794270
 -1.32091063151 -0.713517759393 -1.13153265483 -0.989489741910 -0.472469346666 0.0690335247771 0.515257727368 0.719371013489 0.754590778863
 -0.616440274868 -1.59743184623 -1.66180112194 -1.21301544670 -0.559799860869 0.0866550558545 0.572299828326 0.773935006869 0.773879484123
 -1.62565965345 -1.91411014557 -1.86546739730 -1.21281440933 -0.448435091457 0.198679651881 0.697243631539 0.817697154296 0.728348890293
 -2.20523738989 -1.92928298038 -1.86676674766 -1.35515251990 -0.534151625581 0.268407266719 0.739629606786 0.829197942836 0.718477178841
 -2.26383026720 -2.28433522636 -2.18887469277 -1.67095219388 -0.739449848207 0.300842829385 0.906306586613 0.856232652623 0.607743982507
# log_selcoffs_fsh[2]:
 -2.35907268080 -0.474631269932 0.422729754412 0.894035737627 0.690385957980 0.229447661476 -0.188873646958 -0.602648795258 -0.957935343447 -1.20079950219
 -2.14725525067 -0.239984086801 -0.356138587657 0.307768831718 0.809372884089 0.722269831164 0.194574040329 -0.375871913361 -0.777942477008 -0.995986327027
 -2.62441601839 -0.721988695831 -0.272917102274 0.172181951836 0.744944399435 0.799768138660 0.323840442474 -0.236667964473 -0.612470203299 -0.803758493965
 -2.99986600892 -1.32095862590 -0.336000307150 0.182941601560 0.661616191496 0.831882910602 0.360876860158 -0.116781145226 -0.428170936698 -0.586393076641
 -2.59528921270 -0.991374224627 -0.788143738136 -0.236327204242 0.511879042704 0.788737351487 0.493993191564 0.135315732836 -0.119994686762 -0.260859841538
 -2.17849707938 -0.957047555436 -0.605219992642 -0.440497798691 0.0809392851318 0.492848035543 0.542607641595 0.409876618351 0.230612450851 0.100140387288
 -2.90003255197 -1.49012451029 -0.463681705663 -0.193434057077 -0.0803108617610 0.219200983690 0.468524593058 0.508559929834 0.404833121606 0.291962454005
 -3.45777229525 -2.39407667789 -1.42308314008 -0.543992097535 0.0624235907997 0.400957148375 0.606090468419 0.553787618638 0.434270431960 0.322998605514
 -3.76384470716 -2.66971279399 -1.98345234317 -1.15131186398 -0.282389068738 0.261155178757 0.611755435755 0.751862383032 0.640992780734 0.430699300798
 -3.96597747175 -2.62243184216 -1.85009714391 -1.34879404520 -0.827888599432 -0.178038561273 0.392171700490 0.878216259443 0.921028799585 0.598341871230
 -3.96710249650 -2.35879204678 -1.47570981239 -0.997877171272 -0.694383467594 -0.396127601906 0.121977964319 0.725256554714 0.967938865396 0.828313240468
 -4.03655293094 -2.49935083546 -1.50930580808 -0.935757373708 -0.586155734252 -0.320637573691 0.227690069811 0.643334028512 0.858049636816 0.911332963587
 -3.83881985207 -2.03431067508 -1.32051471778 -0.742408051632 -0.442816651765 -0.387838719150 -0.0279923494127 0.397335241894 0.820083419120 1.11614431489
 -3.33858200111 -1.87549620668 -1.16838216819 -0.786059013678 -0.638979600311 -0.480927621486 -0.182792383189 0.253724558568 0.821615038606 1.25355107321
 -3.00359073438 -0.769891211494 -1.06687244356 -1.06530553305 -1.15051878410 -0.957965701572 -0.443374051590 0.160002460463 0.859079811736 1.36662958030
 -2.99041391573 -0.660022733068 -0.530660414988 -1.06118237461 -1.39746757731 -1.26558626915 -0.751603570888 0.00977005350901 0.831909182837 1.43274987664
 -2.76650301960 -0.991199932742 -0.621296591182 -0.829952325033 -1.30493165509 -1.35639014404 -0.933839174947 -0.176169452247 0.774675900008 1.53954820579
 -3.09982223834 -1.29228887077 -0.773920426193 -0.692769603192 -1.06587746221 -1.26756499870 -0.999425986019 -0.317912010968 0.672869147397 1.61688202315
 -3.30891233989 -1.57608993598 -1.02688439816 -0.876702310708 -0.968738642917 -1.03457108761 -0.867116964847 -0.315101338760 0.627473981887 1.65339699964
 -3.44740772613 -1.78202990727 -1.41265734224 -1.06085634489 -1.01556030029 -0.884891254626 -0.628393474599 -0.166705480647 0.687630517648 1.62262430531
 -3.40944244241 -1.85833314857 -1.27728580641 -1.03603792504 -1.08375175083 -0.988842783667 -0.570883607513 0.0137047069647 0.750616975621 1.56232425469
 -3.65334334421 -1.73150175762 -1.22241597026 -0.867271601682 -0.997149853874 -1.00849412810 -0.647396800471 0.0414005038530 0.851532092809 1.49062190588
 -3.91529873910 -2.27211270021 -1.16474984538 -0.675856258677 -0.628285149415 -0.818973865352 -0.649229985849 -0.125914835342 0.760352440534 1.51263894158
 -3.95028676381 -2.60622429483 -1.43784552230 -0.652590511922 -0.230375896646 -0.310873992646 -0.319012302841 0.0206763404254 0.711904869984 1.34446542510
 -3.85196995624 -2.37365169916 -1.56681142807 -0.961943911572 -0.390727331263 0.00894851998893 0.124738781403 0.257617280131 0.730040583667 1.13376996606
 -3.86826901449 -2.48996242310 -1.74696428062 -0.968326884900 -0.307592480635 0.100242126696 0.388786411592 0.698380771055 0.753383717183 0.637454387533
 -3.93320811496 -1.93788479112 -1.24934136737 -0.607002778170 -0.360388089188 0.287719856345 0.560633668823 0.822863160172 0.488251402761 0.274360945364
 -3.85855999794 -1.53915079752 -0.588044629806 -0.0942413931995 -0.106333681773 -0.170218045233 0.468884218514 0.649316594339 0.451403473538 0.387505235966
 -3.82050410424 -2.06889727565 -1.09246702395 0.260944748639 0.359716020480 -0.160109725917 -0.0768222355392 0.190597942758 0.510846431119 0.756362705595
 -4.05426838368 -2.16509004039 -0.812027890067 0.0821873058558 0.751926753994 0.235502419261 -0.425507757920 -0.380402405713 0.276624259355 0.831157125029
 -4.03757864376 -1.91722635942 -0.540023236512 0.220017280092 0.484601074940 0.296492244428 -0.0780842739969 -0.347493332036 0.105018880056 0.831072042379
 -4.13790370210 -2.19992247762 -1.13790090992 -0.355130878975 0.272340185666 0.571643502756 0.411281617622 0.177846057925 0.234632317964 0.587572606322
 -3.79880340237 -1.77869481200 -1.50880421778 -1.06920696109 -0.331707742973 0.373645503305 0.882142998820 0.602391361074 0.340813760694 0.354119653822
 -4.31543135677 -2.12093206411 -1.32865842347 -0.816721897190 -0.341535119777 0.202765408699 0.700713912834 0.788619180214 0.487067963110 0.323142062189
 -4.56511954526 -2.41769402437 -1.53502893218 -0.899261774450 -0.260376548171 0.241460616714 0.580414507204 0.777708370577 0.596026089907 0.375779845099
 -4.88128365585 -2.92798081019 -1.66854635986 -0.906336095476 -0.255543354760 0.137165659858 0.514603851175 0.805320762866 0.681447540234 0.430316832473
 -5.08317267138 -3.46727446131 -2.33221021956 -1.15175526062 -0.136903941548 0.393477960181 0.579592834415 0.775124043804 0.614614978042 0.329402659919
 -5.17523311549 -3.64620537039 -2.95714036223 -2.08391502395 -0.673423853065 0.457216521437 0.828507994468 0.910397818822 0.555512094659 0.169043322628
 -5.30157818707 -3.75399449673 -2.76499458631 -2.35819800828 -1.36884110454 0.0200668277994 1.08979181573 1.02092474229 0.522899510892 0.0980582731275
# log_selcoffs_fsh[3]:
 -3.59191910538 -1.33727805401 1.36816457475 0.646516776094 -0.558079419603 -1.65610416733 -2.21007573761
 -3.41932792712 -0.913823734115 1.37809094681 0.587601069356 -0.677575587788 -1.68849517717 -2.23823190585
 -3.08050333497 -0.729841227186 1.46962514719 0.336713943216 -0.813741663758 -1.72920199097 -2.26806589405
 -3.03103438898 -0.286195369775 1.44139150301 0.248355052213 -0.871360990791 -1.75203386994 -2.29931241670
 -2.72509810611 -0.739770335327 1.41652129075 0.444018156044 -0.698522686030 -1.70725173093 -2.33468218244
 -1.96287030474 -0.370822797502 1.10205801306 0.760152435449 -0.345738939627 -1.54715569467 -2.30386452614
 -0.938386425379 0.293525821170 0.708905189148 0.798589794707 -0.336686870003 -1.58331840146 -2.36448057006
 -1.26555840008 0.489376020387 0.990531989156 0.451700550658 -0.595325966321 -1.69888612673 -2.42246859503
 -1.91659189877 0.580842031729 1.15761476663 0.188972159843 -0.832411851681 -1.84432032140 -2.50253664332
 -2.31525231738 -0.250991337931 1.41510412036 0.343382114873 -0.954127040791 -1.99150689788 -2.59067436097
 -2.63770527357 -0.597322599519 1.42907872196 0.511573697834 -1.05680613662 -2.12548522506 -2.68110447983
 -2.68832367490 -0.407330912443 1.41638115361 0.483639281474 -1.06861088717 -2.17169709307 -2.73383710792
 -2.52724056568 -0.190204141901 1.29030280608 0.642209949681 -0.972474380077 -2.15192692664 -2.74324757029
 -2.16975484354 0.654351577949 1.18803400978 0.172107161997 -1.14909236083 -2.19094413888 -2.73746759563
 -2.00446162189 -0.0591563930269 1.46043927202 0.154742768555 -1.29195868352 -2.24681279817 -2.70260280847
 -1.62692097678 0.0761634419395 1.52904683087 -0.297768592259 -1.60820985919 -2.33679331060 -2.64234287103
 -1.51228835654 0.687075447412 1.35430974143 -0.546896312285 -1.79657897179 -2.36419721777 -2.53853163992
 -2.37027383540 0.612270664209 1.44169724663 -0.709947321920 -1.87801695715 -2.32475182193 -2.38930560382
 -2.52120935526 1.09068254294 1.08743981343 -0.569843650711 -1.71130709904 -2.15442235931 -2.16761675534
 -2.80054417909 0.857786399945 1.19850774100 -0.270925850865 -1.50464609284 -1.96840019859 -1.95423724431
 -2.69957543185 0.867596230872 1.16949373408 -0.303472725026 -1.37304772840 -1.78348485823 -1.76265451557
 -2.57264875057 0.545841002124 1.31363244329 -0.257026038447 -1.27710860956 -1.58324198952 -1.51209350515
 -2.71419997825 -0.358196142786 1.54691873694 -0.367016249968 -1.23521644038 -1.36641726602 -1.20650377838
 -2.24603218629 0.407622475412 1.25462878558 -0.128728066031 -1.04358602702 -1.22575942137 -1.02312863770
 -2.16736295309 0.180579129939 1.16883950648 0.283918207511 -0.838702957024 -1.15906442347 -0.928921580820
 -2.23908015074 1.24046372438 0.0459370804378 0.256689218443 -0.815092660948 -1.25083343338 -1.00045803853
 -1.83043302520 1.32491070228 0.319604293088 -0.449432637533 -1.07169004507 -1.18166277347 -0.881802442897
 -1.60131747589 0.529835492067 1.08306883450 -0.241408992290 -1.03957649682 -0.980272256340 -0.459415579754
 -1.90750893108 0.152903854550 1.18087942830 -0.317803147595 -1.08099871550 -0.828745831835 -0.0774202044156
 -1.89223151209 0.449771144208 0.701921394365 -0.253100344205 -0.967335714162 -0.620345193803 0.450720650826
 -2.20420429024 0.613051353506 0.190935146433 -0.374894010716 -1.11128712466 -0.821492121198 0.865819364995
 -2.81180656548 -0.392764609051 1.39078226067 -0.231523367792 -1.14349569794 -1.06495741398 -0.235780128594
 -2.71455264835 -0.578099055387 0.913588362125 0.711287173362 -0.520233080466 -0.721683621367 -0.270992779035
 -2.48685558143 0.248652383054 0.688930971613 0.405738275465 -0.309101326280 -0.508610813096 -0.214306722817
 -2.36632219541 -0.117594756399 0.734378998190 0.100245058915 -0.378174319450 -0.196356476559 0.278130993905
 -2.47518854612 -0.484608670665 0.0436667088296 -0.423070903240 -0.519241782223 0.111169808370 1.06045764065
 -2.98644426919 -0.880032330294 -0.0195646768578 -0.612874170386 -0.790604307519 0.0331798678021 1.25989179211
 -3.57312625831 -0.525783965043 0.391454816224 -0.804251815609 -1.09358576208 -0.151053157187 1.18156508092
 -3.97761232311 -1.19630555906 -0.0457922735797 -1.11290983951 -1.33859006968 -0.270251148511 1.47469799945
 -4.30075980056 -2.47589482264 -0.611962971607 -0.890366936683 -1.27589963641 -0.321448391426 1.59843475047
 -4.66455598027 -3.20222805721 -1.55058050089 -0.609223554863 -1.27562605652 -0.442150331133 1.66242844400
 -4.90135721369 -3.60294973480 -2.33765093340 -0.877692629641 -1.11952784665 -0.526847779355 1.71129531050
# log_selcoffs_fsh[4]:
 -0.282904832381 0.154344396327 0.472710897035 0.548067307780 0.287001377151 -0.109015997877 -0.480680237309 -0.740384056697 -0.865511173243
 -0.300142396534 0.186432809965 0.512406031823 0.536245447020 0.275262526405 -0.136501168999 -0.509935751276 -0.759024077669 -0.873408842821
 -0.358468428430 0.230902527133 0.587363636576 0.556879412409 0.223632268531 -0.202033408705 -0.566918077758 -0.795035850275 -0.890266118574
 -0.465159266825 0.313633633742 0.707004185809 0.559905280996 0.137761400206 -0.314715568075 -0.656203001305 -0.847793332228 -0.915570311852
 -0.659428941012 0.497581554415 0.843931196833 0.519567858863 -0.0223730747512 -0.485220358480 -0.786599476922 -0.923260851943 -0.953801769535
 -0.631575374529 0.409750404297 0.859975068063 0.542386498936 -0.0163523802456 -0.505263909089 -0.786114169691 -0.876435492888 -0.868469458662
 -0.709865535319 0.454389239162 0.864408299917 0.553710945472 -0.0756398913954 -0.573879970392 -0.814913982174 -0.842298539420 -0.785485632686
 -0.974848699103 0.686692877301 0.902420736977 0.437511245443 -0.228952807426 -0.714902761557 -0.888246283179 -0.831113982013 -0.714045311201
 -1.53538017456 1.08040780653 0.859626817609 0.189952311510 -0.530807552668 -0.951745831586 -1.02203824497 -0.859997839080 -0.673237237952
 -1.21552873420 0.588238871108 1.16595593368 0.285324143078 -0.629545024979 -1.06775099347 -1.03457370204 -0.728296405297 -0.432743265776
 -1.22399610693 0.277773923758 1.37074465741 0.107239270071 -0.884398410173 -1.26826262792 -1.10925517206 -0.647811395320 -0.239527017325
 -1.04982387770 0.756898318040 1.16574285973 -0.0903230275816 -1.12094921525 -1.46885357854 -1.19166462965 -0.562487845642 -0.0338251576194
 -0.833813237850 0.755309655097 1.08017173640 -0.473321976375 -1.41295505419 -1.62192460542 -1.21108684330 -0.354005869996 0.356652842180
 -0.495240453880 0.957050667619 0.561159590621 -0.693857556394 -1.59049125457 -1.69826893632 -1.09241140755 -0.114133042569 0.652247274888
 -0.190202568484 0.715402254989 0.130423303471 -1.06715808855 -1.84306235831 -1.79774512193 -0.997979903274 0.158019766903 1.02284200020
 -0.100842661439 0.145865301260 -0.626858472582 -1.63092360643 -2.18348697301 -1.94634340144 -0.966255512360 0.396216184179 1.40774490610
 -0.628387581904 -0.352356152179 -1.63887863493 -2.38494252349 -2.68650107404 -2.22808859157 -1.08875692132 0.500960109954 1.67042659649
 -0.136198381203 -0.691562944232 -1.81554378529 -2.72259384079 -2.94699495359 -2.34857423505 -1.04383173624 0.523832644479 1.65048240395
 -0.0349599744878 -1.10020782724 -2.21869196536 -3.11927981224 -3.29167208401 -2.55878755747 -1.13084100921 0.540261649597 1.68543665254
 -0.754424517124 -1.87645380479 -2.89573206116 -3.61152849333 -3.65974607447 -2.87648912232 -1.43425750997 0.369665534644 1.87590201962
 -1.71234836296 -2.71641509710 -3.40990026178 -4.05732106922 -4.10427214047 -3.17485405990 -1.54674266433 0.542011606677 1.90395692550
 -1.40072050678 -2.72803609979 -3.39093220643 -3.86141006912 -3.76273384907 -2.77599142634 -0.994118426676 0.673077223668 1.82740006639
 -2.39965774874 -2.96377223725 -3.19653719991 -3.74825840190 -3.50484881793 -2.08482593867 0.116452669136 1.02686792407 1.55243870325
 -2.74805281056 -3.18250925637 -3.52474879504 -3.71619978168 -3.25576424847 -1.92210181362 -0.178976885594 1.05256992268 1.60033671989
 -2.97109145289 -3.45558236158 -3.81868442653 -3.86400592744 -3.28385449767 -1.97857238477 -0.241144341547 1.28296648628 1.45987941475
 -2.89534185336 -3.53385410656 -3.92758805916 -3.90488645362 -3.27755204875 -2.00015660889 -0.355643894401 1.06208301634 1.63111077011
 -3.10683643548 -3.77642661452 -4.17045420015 -4.08597083308 -3.46050228615 -2.30462574738 -0.630048650396 1.04213773947 1.68659405149
 -3.50260463949 -3.68854716612 -3.89263181816 -3.61358548203 -3.13208366456 -2.21024861206 -0.734555814355 0.877846746877 1.76794370175
 -3.12714721898 -3.12173916169 -2.95562854590 -2.57947137991 -2.07451189549 -1.22990159785 -0.227450224596 0.857899240702 1.65087045571
 -3.48861240206 -3.12441354881 -2.80043974043 -2.31686213339 -1.70197278801 -0.929855881030 -0.0650904491872 0.877545912682 1.57840557606
 -3.34086121956 -2.76987649586 -2.38021618502 -2.03756885189 -1.56878958939 -0.806566582695 0.0105423243294 0.891679393729 1.52050658526
 -3.08950617281 -2.52843503915 -2.63404222922 -2.54981411989 -2.04284938748 -1.17928810581 -0.164248622898 0.874275965507 1.61779914942
 -2.95349021323 -1.66554209754 -0.880519992245 -1.07077741978 -1.06465433919 -0.765894415679 -0.108291890583 0.754101677887 1.42758350626
# log_sel_spl_fsh[1]:
 0.00000000000 0.00000000000 0.00000000000 0.00000000000
 0.00000000000 0.00000000000 0.00000000000 0.00000000000
 0.00000000000 0.00000000000 0.00000000000 0.00000000000
 0.00000000000 0.00000000000 0.00000000000 0.00000000000
 0.00000000000 0.00000000000 0.00000000000 0.00000000000
 0.00000000000 0.00000000000 0.00000000000 0.00000000000
 0.00000000000 0.00000000000 0.00000000000 0.00000000000
 0.00000000000 0.00000000000 0.00000000000 0.00000000000
 0.00000000000 0.00000000000 0.00000000000 0.00000000000
 0.00000000000 0.00000000000 0.00000000000 0.00000000000
 0.00000000000 0.00000000000 0.00000000000 0.00000000000
 0.00000000000 0.00000000000 0.00000000000 0.00000000000
 0.00000000000 0.00000000000 0.00000000000 0.00000000000
 0.00000000000 0.00000000000 0.00000000000 0.00000000000
 0.00000000000 0.00000000000 0.00000000000 0.00000000000
 0.00000000000 0.00000000000 0.00000000000 0.00000000000
 0.00000000000 0.00000000000 0.00000000000 0.00000000000
 0.00000000000 0.00000000000 0.00000000000 0.00000000000
 0.00000000000 0.00000000000 0.00000000000 0.00000000000
 0.00000000000 0.00000000000 0.00000000000 0.00000000000
 0.00000000000 0.00000000000 0.00000000000 0.00000000000
 0.00000000000 0.00000000000 0.00000000000 0.00000000000
 0.00000000000 0.00000000000 0.00000000000 0.00000000000
 0.00000000000 0.00000000000 0.00000000000 0.00000000000
 0.00000000000 0.00000000000 0.00000000000 0.00000000000
 0.00000000000 0.00000000000 0.00000000000 0.00000000000
 0.00000000000 0.00000000000 0.00000000000 0.00000000000
 0.00000000000 0.00000000000 0.00000000000 0.00000000000
 0.00000000000 0.00000000000 0.00000000000 0.00000000000
 0.00000000000 0.00000000000 0.00000000000 0.00000000000
 0.00000000000 0.00000000000 0.00000000000 0.00000000000
 0.00000000000 0.00000000000 0.00000000000 0.00000000000
 0.00000000000 0.00000000000 0.00000000000 0.00000000000
 0.00000000000 0.00000000000 0.00000000000 0.00000000000
 0.00000000000 0.00000000000 0.00000000000 0.00000000000
 0.00000000000 0.00000000000 0.00000000000 0.00000000000
 0.00000000000 0.00000000000 0.00000000000 0.00000000000
 0.00000000000 0.00000000000 0.00000000000 0.00000000000
 0.00000000000 0.00000000000 0.00000000000 0.00000000000
# log_sel_spl_fsh[2]:
 0.00000000000 0.00000000000 0.00000000000 0.00000000000
 0.00000000000 0.00000000000 0.00000000000 0.00000000000
 0.00000000000 0.00000000000 0.00000000000 0.00000000000
 0.00000000000 0.00000000000 0.00000000000 0.00000000000
 0.00000000000 0.00000000000 0.00000000000 0.00000000000
 0.00000000000 0.00000000000 0.00000000000 0.00000000000
 0.00000000000 0.00000000000 0.00000000000 0.00000000000
 0.00000000000 0.00000000000 0.00000000000 0.00000000000
 0.00000000000 0.00000000000 0.00000000000 0.00000000000
 0.00000000000 0.00000000000 0.00000000000 0.00000000000
 0.00000000000 0.00000000000 0.00000000000 0.00000000000
 0.00000000000 0.00000000000 0.00000000000 0.00000000000
 0.00000000000 0.00000000000 0.00000000000 0.00000000000
 0.00000000000 0.00000000000 0.00000000000 0.00000000000
 0.00000000000 0.00000000000 0.00000000000 0.00000000000
 0.00000000000 0.00000000000 0.00000000000 0.00000000000
 0.00000000000 0.00000000000 0.00000000000 0.00000000000
 0.00000000000 0.00000000000 0.00000000000 0.00000000000
 0.00000000000 0.00000000000 0.00000000000 0.00000000000
 0.00000000000 0.00000000000 0.00000000000 0.00000000000
 0.00000000000 0.00000000000 0.00000000000 0.00000000000
 0.00000000000 0.00000000000 0.00000000000 0.00000000000
 0.00000000000 0.00000000000 0.00000000000 0.00000000000
 0.00000000000 0.00000000000 0.00000000000 0.00000000000
 0.00000000000 0.00000000000 0.00000000000 0.00000000000
 0.00000000000 0.00000000000 0.00000000000 0.00000000000
 0.00000000000 0.00000000000 0.00000000000 0.00000000000
 0.00000000000 0.00000000000 0.00000000000 0.00000000000
 0.00000000000 0.00000000000 0.00000000000 0.00000000000
 0.00000000000 0.00000000000 0.00000000000 0.00000000000
 0.00000000000 0.00000000000 0.00000000000 0.00000000000
 0.00000000000 0.00000000000 0.00000000000 0.00000000000
 0.00000000000 0.00000000000 0.00000000000 0.00000000000
 0.00000000000 0.00000000000 0.00000000000 0.00000000000
 0.00000000000 0.00000000000 0.00000000000 0.00000000000
 0.00000000000 0.00000000000 0.00000000000 0.00000000000
 0.00000000000 0.00000000000 0.00000000000 0.00000000000
 0.00000000000 0.00000000000 0.00000000000 0.00000000000
 0.00000000000 0.00000000000 0.00000000000 0.00000000000
# log_sel_spl_fsh[3]:
 0.00000000000 0.00000000000 0.00000000000 0.00000000000
 0.00000000000 0.00000000000 0.00000000000 0.00000000000
 0.00000000000 0.00000000000 0.00000000000 0.00000000000
 0.00000000000 0.00000000000 0.00000000000 0.00000000000
 0.00000000000 0.00000000000 0.00000000000 0.00000000000
 0.00000000000 0.00000000000 0.00000000000 0.00000000000
 0.00000000000 0.00000000000 0.00000000000 0.00000000000
 0.00000000000 0.00000000000 0.00000000000 0.00000000000
 0.00000000000 0.00000000000 0.00000000000 0.00000000000
 0.00000000000 0.00000000000 0.00000000000 0.00000000000
 0.00000000000 0.00000000000 0.00000000000 0.00000000000
 0.00000000000 0.00000000000 0.00000000000 0.00000000000
 0.00000000000 0.00000000000 0.00000000000 0.00000000000
 0.00000000000 0.00000000000 0.00000000000 0.00000000000
 0.00000000000 0.00000000000 0.00000000000 0.00000000000
 0.00000000000 0.00000000000 0.00000000000 0.00000000000
 0.00000000000 0.00000000000 0.00000000000 0.00000000000
 0.00000000000 0.00000000000 0.00000000000 0.00000000000
 0.00000000000 0.00000000000 0.00000000000 0.00000000000
 0.00000000000 0.00000000000 0.00000000000 0.00000000000
 0.00000000000 0.00000000000 0.00000000000 0.00000000000
 0.00000000000 0.00000000000 0.00000000000 0.00000000000
 0.00000000000 0.00000000000 0.00000000000 0.00000000000
 0.00000000000 0.00000000000 0.00000000000 0.00000000000
 0.00000000000 0.00000000000 0.00000000000 0.00000000000
 0.00000000000 0.00000000000 0.00000000000 0.00000000000
 0.00000000000 0.00000000000 0.00000000000 0.00000000000
 0.00000000000 0.00000000000 0.00000000000 0.00000000000
 0.00000000000 0.00000000000 0.00000000000 0.00000000000
 0.00000000000 0.00000000000 0.00000000000 0.00000000000
 0.00000000000 0.00000000000 0.00000000000 0.00000000000
 0.00000000000 0.00000000000 0.00000000000 0.00000000000
 0.00000000000 0.00000000000 0.00000000000 0.00000000000
 0.00000000000 0.00000000000 0.00000000000 0.00000000000
 0.00000000000 0.00000000000 0.00000000000 0.00000000000
 0.00000000000 0.00000000000 0.00000000000 0.00000000000
 0.00000000000 0.00000000000 0.00000000000 0.00000000000
 0.00000000000 0.00000000000 0.00000000000 0.00000000000
 0.00000000000 0.00000000000 0.00000000000 0.00000000000
 0.00000000000 0.00000000000 0.00000000000 0.00000000000
 0.00000000000 0.00000000000 0.00000000000 0.00000000000
 0.00000000000 0.00000000000 0.00000000000 0.00000000000
# log_sel_spl_fsh[4]:
 0.00000000000 0.00000000000 0.00000000000 0.00000000000
 0.00000000000 0.00000000000 0.00000000000 0.00000000000
 0.00000000000 0.00000000000 0.00000000000 0.00000000000
 0.00000000000 0.00000000000 0.00000000000 0.00000000000
 0.00000000000 0.00000000000 0.00000000000 0.00000000000
 0.00000000000 0.00000000000 0.00000000000 0.00000000000
 0.00000000000 0.00000000000 0.00000000000 0.00000000000
 0.00000000000 0.00000000000 0.00000000000 0.00000000000
 0.00000000000 0.00000000000 0.00000000000 0.00000000000
 0.00000000000 0.00000000000 0.00000000000 0.00000000000
 0.00000000000 0.00000000000 0.00000000000 0.00000000000
 0.00000000000 0.00000000000 0.00000000000 0.00000000000
 0.00000000000 0.00000000000 0.00000000000 0.00000000000
 0.00000000000 0.00000000000 0.00000000000 0.00000000000
 0.00000000000 0.00000000000 0.00000000000 0.00000000000
 0.00000000000 0.00000000000 0.00000000000 0.00000000000
 0.00000000000 0.00000000000 0.00000000000 0.00000000000
 0.00000000000 0.00000000000 0.00000000000 0.00000000000
 0.00000000000 0.00000000000 0.00000000000 0.00000000000
 0.00000000000 0.00000000000 0.00000000000 0.00000000000
 0.00000000000 0.00000000000 0.00000000000 0.00000000000
 0.00000000000 0.00000000000 0.00000000000 0.00000000000
 0.00000000000 0.00000000000 0.00000000000 0.00000000000
 0.00000000000 0.00000000000 0.00000000000 0.00000000000
 0.00000000000 0.00000000000 0.00000000000 0.00000000000
 0.00000000000 0.00000000000 0.00000000000 0.00000000000
 0.00000000000 0.00000000000 0.00000000000 0.00000000000
 0.00000000000 0.00000000000 0.00000000000 0.00000000000
 0.00000000000 0.00000000000 0.00000000000 0.00000000000
 0.00000000000 0.00000000000 0.00000000000 0.00000000000
 0.00000000000 0.00000000000 0.00000000000 0.00000000000
 0.00000000000 0.00000000000 0.00000000000 0.00000000000
 0.00000000000 0.00000000000 0.00000000000 0.00000000000
# logsel_slope_fsh[1]:
 0.00000000000 0.00000000000 0.00000000000 0.00000000000 0.00000000000 0.00000000000 0.00000000000 0.00000000000 0.00000000000 0.00000000000 0.00000000000 0.00000000000 0.00000000000 0.00000000000 0.00000000000 0.00000000000 0.00000000000 0.00000000000 0.00000000000 0.00000000000 0.00000000000 0.00000000000 0.00000000000 0.00000000000 0.00000000000 0.00000000000 0.00000000000 0.00000000000 0.00000000000 0.00000000000 0.00000000000 0.00000000000 0.00000000000 0.00000000000 0.00000000000 0.00000000000 0.00000000000 0.00000000000 0.00000000000
# logsel_slope_fsh[2]:
 0.00000000000 0.00000000000 0.00000000000 0.00000000000 0.00000000000 0.00000000000 0.00000000000 0.00000000000 0.00000000000 0.00000000000 0.00000000000 0.00000000000 0.00000000000 0.00000000000 0.00000000000 0.00000000000 0.00000000000 0.00000000000 0.00000000000 0.00000000000 0.00000000000 0.00000000000 0.00000000000 0.00000000000 0.00000000000 0.00000000000 0.00000000000 0.00000000000 0.00000000000 0.00000000000 0.00000000000 0.00000000000 0.00000000000 0.00000000000 0.00000000000 0.00000000000 0.00000000000 0.00000000000 0.00000000000
# logsel_slope_fsh[3]:
 0.00000000000 0.00000000000 0.00000000000 0.00000000000 0.00000000000 0.00000000000 0.00000000000 0.00000000000 0.00000000000 0.00000000000 0.00000000000 0.00000000000 0.00000000000 0.00000000000 0.00000000000 0.00000000000 0.00000000000 0.00000000000 0.00000000000 0.00000000000 0.00000000000 0.00000000000 0.00000000000 0.00000000000 0.00000000000 0.00000000000 0.00000000000 0.00000000000 0.00000000000 0.00000000000 0.00000000000 0.00000000000 0.00000000000 0.00000000000 0.00000000000 0.00000000000 0.00000000000 0.00000000000 0.00000000000 0.00000000000 0.00000000000 0.00000000000
# logsel_slope_fsh[4]:
 0.00000000000 0.00000000000 0.00000000000 0.00000000000 0.00000000000 0.00000000000 0.00000000000 0.00000000000 0.00000000000 0.00000000000 0.00000000000 0.00000000000 0.00000000000 0.00000000000 0.00000000000 0.00000000000 0.00000000000 0.00000000000 0.00000000000 0.00000000000 0.00000000000 0.00000000000 0.00000000000 0.00000000000 0.00000000000 0.00000000000 0.00000000000 0.00000000000 0.00000000000 0.00000000000 0.00000000000 0.00000000000 0.00000000000
# sel50_fsh[1]:
 0.00000000000 0.00000000000 0.00000000000 0.00000000000 0.00000000000 0.00000000000 0.00000000000 0.00000000000 0.00000000000 0.00000000000 0.00000000000 0.00000000000 0.00000000000 0.00000000000 0.00000000000 0.00000000000 0.00000000000 0.00000000000 0.00000000000 0.00000000000 0.00000000000 0.00000000000 0.00000000000 0.00000000000 0.00000000000 0.00000000000 0.00000000000 0.00000000000 0.00000000000 0.00000000000 0.00000000000 0.00000000000 0.00000000000 0.00000000000 0.00000000000 0.00000000000 0.00000000000 0.00000000000 0.00000000000
# sel50_fsh[2]:
 0.00000000000 0.00000000000 0.00000000000 0.00000000000 0.00000000000 0.00000000000 0.00000000000 0.00000000000 0.00000000000 0.00000000000 0.00000000000 0.00000000000 0.00000000000 0.00000000000 0.00000000000 0.00000000000 0.00000000000 0.00000000000 0.00000000000 0.00000000000 0.00000000000 0.00000000000 0.00000000000 0.00000000000 0.00000000000 0.00000000000 0.00000000000 0.00000000000 0.00000000000 0.00000000000 0.00000000000 0.00000000000 0.00000000000 0.00000000000 0.00000000000 0.00000000000 0.00000000000 0.00000000000 0.00000000000
# sel50_fsh[3]:
 0.00000000000 0.00000000000 0.00000000000 0.00000000000 0.00000000000 0.00000000000 0.00000000000 0.00000000000 0.00000000000 0.00000000000 0.00000000000 0.00000000000 0.00000000000 0.00000000000 0.00000000000 0.00000000000 0.00000000000 0.00000000000 0.00000000000 0.00000000000 0.00000000000 0.00000000000 0.00000000000 0.00000000000 0.00000000000 0.00000000000 0.00000000000 0.00000000000 0.00000000000 0.00000000000 0.00000000000 0.00000000000 0.00000000000 0.00000000000 0.00000000000 0.00000000000 0.00000000000 0.00000000000 0.00000000000 0.00000000000 0.00000000000 0.00000000000
# sel50_fsh[4]:
 0.00000000000 0.00000000000 0.00000000000 0.00000000000 0.00000000000 0.00000000000 0.00000000000 0.00000000000 0.00000000000 0.00000000000 0.00000000000 0.00000000000 0.00000000000 0.00000000000 0.00000000000 0.00000000000 0.00000000000 0.00000000000 0.00000000000 0.00000000000 0.00000000000 0.00000000000 0.00000000000 0.00000000000 0.00000000000 0.00000000000 0.00000000000 0.00000000000 0.00000000000 0.00000000000 0.00000000000 0.00000000000 0.00000000000
# logsel_p1_fsh[1]:
 0.00000000000 0.00000000000 0.00000000000 0.00000000000 0.00000000000 0.00000000000 0.00000000000 0.00000000000 0.00000000000 0.00000000000 0.00000000000 0.00000000000 0.00000000000 0.00000000000 0.00000000000 0.00000000000 0.00000000000 0.00000000000 0.00000000000 0.00000000000 0.00000000000 0.00000000000 0.00000000000 0.00000000000 0.00000000000 0.00000000000 0.00000000000 0.00000000000 0.00000000000 0.00000000000 0.00000000000 0.00000000000 0.00000000000 0.00000000000 0.00000000000 0.00000000000 0.00000000000 0.00000000000 0.00000000000
# logsel_p1_fsh[2]:
 0.00000000000 0.00000000000 0.00000000000 0.00000000000 0.00000000000 0.00000000000 0.00000000000 0.00000000000 0.00000000000 0.00000000000 0.00000000000 0.00000000000 0.00000000000 0.00000000000 0.00000000000 0.00000000000 0.00000000000 0.00000000000 0.00000000000 0.00000000000 0.00000000000 0.00000000000 0.00000000000 0.00000000000 0.00000000000 0.00000000000 0.00000000000 0.00000000000 0.00000000000 0.00000000000 0.00000000000 0.00000000000 0.00000000000 0.00000000000 0.00000000000 0.00000000000 0.00000000000 0.00000000000 0.00000000000
# logsel_p1_fsh[3]:
 0.00000000000 0.00000000000 0.00000000000 0.00000000000 0.00000000000 0.00000000000 0.00000000000 0.00000000000 0.00000000000 0.00000000000 0.00000000000 0.00000000000 0.00000000000 0.00000000000 0.00000000000 0.00000000000 0.00000000000 0.00000000000 0.00000000000 0.00000000000 0.00000000000 0.00000000000 0.00000000000 0.00000000000 0.00000000000 0.00000000000 0.00000000000 0.00000000000 0.00000000000 0.00000000000 0.00000000000 0.00000000000 0.00000000000 0.00000000000 0.00000000000 0.00000000000 0.00000000000 0.00000000000 0.00000000000 0.00000000000 0.00000000000 0.00000000000
# logsel_p1_fsh[4]:
 0.00000000000 0.00000000000 0.00000000000 0.00000000000 0.00000000000 0.00000000000 0.00000000000 0.00000000000 0.00000000000 0.00000000000 0.00000000000 0.00000000000 0.00000000000 0.00000000000 0.00000000000 0.00000000000 0.00000000000 0.00000000000 0.00000000000 0.00000000000 0.00000000000 0.00000000000 0.00000000000 0.00000000000 0.00000000000 0.00000000000 0.00000000000 0.00000000000 0.00000000000 0.00000000000 0.00000000000 0.00000000000 0.00000000000
# logsel_p2_fsh[1]:
 0.00000000000 0.00000000000 0.00000000000 0.00000000000 0.00000000000 0.00000000000 0.00000000000 0.00000000000 0.00000000000 0.00000000000 0.00000000000 0.00000000000 0.00000000000 0.00000000000 0.00000000000 0.00000000000 0.00000000000 0.00000000000 0.00000000000 0.00000000000 0.00000000000 0.00000000000 0.00000000000 0.00000000000 0.00000000000 0.00000000000 0.00000000000 0.00000000000 0.00000000000 0.00000000000 0.00000000000 0.00000000000 0.00000000000 0.00000000000 0.00000000000 0.00000000000 0.00000000000 0.00000000000 0.00000000000
# logsel_p2_fsh[2]:
 0.00000000000 0.00000000000 0.00000000000 0.00000000000 0.00000000000 0.00000000000 0.00000000000 0.00000000000 0.00000000000 0.00000000000 0.00000000000 0.00000000000 0.00000000000 0.00000000000 0.00000000000 0.00000000000 0.00000000000 0.00000000000 0.00000000000 0.00000000000 0.00000000000 0.00000000000 0.00000000000 0.00000000000 0.00000000000 0.00000000000 0.00000000000 0.00000000000 0.00000000000 0.00000000000 0.00000000000 0.00000000000 0.00000000000 0.00000000000 0.00000000000 0.00000000000 0.00000000000 0.00000000000 0.00000000000
# logsel_p2_fsh[3]:
 0.00000000000 0.00000000000 0.00000000000 0.00000000000 0.00000000000 0.00000000000 0.00000000000 0.00000000000 0.00000000000 0.00000000000 0.00000000000 0.00000000000 0.00000000000 0.00000000000 0.00000000000 0.00000000000 0.00000000000 0.00000000000 0.00000000000 0.00000000000 0.00000000000 0.00000000000 0.00000000000 0.00000000000 0.00000000000 0.00000000000 0.00000000000 0.00000000000 0.00000000000 0.00000000000 0.00000000000 0.00000000000 0.00000000000 0.00000000000 0.00000000000 0.00000000000 0.00000000000 0.00000000000 0.00000000000 0.00000000000 0.00000000000 0.00000000000
# logsel_p2_fsh[4]:
 0.00000000000 0.00000000000 0.00000000000 0.00000000000 0.00000000000 0.00000000000 0.00000000000 0.00000000000 0.00000000000 0.00000000000 0.00000000000 0.00000000000 0.00000000000 0.00000000000 0.00000000000 0.00000000000 0.00000000000 0.00000000000 0.00000000000 0.00000000000 0.00000000000 0.00000000000 0.00000000000 0.00000000000 0.00000000000 0.00000000000 0.00000000000 0.00000000000 0.00000000000 0.00000000000 0.00000000000 0.00000000000 0.00000000000
# logsel_p3_fsh[1]:
 0.00000000000 0.00000000000 0.00000000000 0.00000000000 0.00000000000 0.00000000000 0.00000000000 0.00000000000 0.00000000000 0.00000000000 0.00000000000 0.00000000000 0.00000000000 0.00000000000 0.00000000000 0.00000000000 0.00000000000 0.00000000000 0.00000000000 0.00000000000 0.00000000000 0.00000000000 0.00000000000 0.00000000000 0.00000000000 0.00000000000 0.00000000000 0.00000000000 0.00000000000 0.00000000000 0.00000000000 0.00000000000 0.00000000000 0.00000000000 0.00000000000 0.00000000000 0.00000000000 0.00000000000 0.00000000000
# logsel_p3_fsh[2]:
 0.00000000000 0.00000000000 0.00000000000 0.00000000000 0.00000000000 0.00000000000 0.00000000000 0.00000000000 0.00000000000 0.00000000000 0.00000000000 0.00000000000 0.00000000000 0.00000000000 0.00000000000 0.00000000000 0.00000000000 0.00000000000 0.00000000000 0.00000000000 0.00000000000 0.00000000000 0.00000000000 0.00000000000 0.00000000000 0.00000000000 0.00000000000 0.00000000000 0.00000000000 0.00000000000 0.00000000000 0.00000000000 0.00000000000 0.00000000000 0.00000000000 0.00000000000 0.00000000000 0.00000000000 0.00000000000
# logsel_p3_fsh[3]:
 0.00000000000 0.00000000000 0.00000000000 0.00000000000 0.00000000000 0.00000000000 0.00000000000 0.00000000000 0.00000000000 0.00000000000 0.00000000000 0.00000000000 0.00000000000 0.00000000000 0.00000000000 0.00000000000 0.00000000000 0.00000000000 0.00000000000 0.00000000000 0.00000000000 0.00000000000 0.00000000000 0.00000000000 0.00000000000 0.00000000000 0.00000000000 0.00000000000 0.00000000000 0.00000000000 0.00000000000 0.00000000000 0.00000000000 0.00000000000 0.00000000000 0.00000000000 0.00000000000 0.00000000000 0.00000000000 0.00000000000 0.00000000000 0.00000000000
# logsel_p3_fsh[4]:
 0.00000000000 0.00000000000 0.00000000000 0.00000000000 0.00000000000 0.00000000000 0.00000000000 0.00000000000 0.00000000000 0.00000000000 0.00000000000 0.00000000000 0.00000000000 0.00000000000 0.00000000000 0.00000000000 0.00000000000 0.00000000000 0.00000000000 0.00000000000 0.00000000000 0.00000000000 0.00000000000 0.00000000000 0.00000000000 0.00000000000 0.00000000000 0.00000000000 0.00000000000 0.00000000000 0.00000000000 0.00000000000 0.00000000000
# rec_dev_future:
 0.00000000000 0.00000000000 0.00000000000 0.00000000000 0.00000000000 0.00000000000 0.00000000000 0.00000000000 0.00000000000 0.00000000000 0.00000000000 0.00000000000 0.00000000000 0.00000000000 0.00000000000 0.00000000000 0.00000000000 0.00000000000 0.00000000000 0.00000000000
# log_q_ind[1]:
1.41429933161
# log_q_ind[2]:
-1.65230313051
# log_q_ind[3]:
-2.36866826773
# log_q_ind[4]:
1.39593135139
# log_q_ind[5]:
-3.70354119575
# log_q_ind[6]:
1.63027976482
# log_q_ind[7]:
-3.38885407238
# log_q_ind[8]:
-1.94381923301
# log_q_power_ind[1]:
0.00000000000
# log_q_power_ind[2]:
0.00000000000
# log_q_power_ind[3]:
0.00000000000
# log_q_power_ind[4]:
0.00000000000
# log_q_power_ind[5]:
0.00000000000
# log_q_power_ind[6]:
0.00000000000
# log_q_power_ind[7]:
0.00000000000
# log_q_power_ind[8]:
0.00000000000
# log_rw_q_ind[1]:
 -0.604589307187
# log_rw_q_ind[3]:
 0.244780238611
# log_rw_q_ind[6]:
 -2.56501089736
# log_selcoffs_ind[1]:
 -3.48761265253 -2.66294852476 -2.03206093722 -1.52058577348 -1.05253295011 -0.540284847972 0.0198449064822 0.557258614442 0.961700131980 1.17444205326
 -4.10617609277 -3.34210928312 -2.60773090553 -1.92380346325 -1.28232060486 -0.628239406339 0.00328844285311 0.581379948132 1.00691015731 1.22040586152
# log_selcoffs_ind[2]:
 -0.335954682596 -0.104909320016 -0.247087638610 -0.489518624444 -0.554100267511 -0.354414501051 -0.0450277307384 0.264990304132 0.497808591690 0.593476051182
 0.494682331733 0.154568610042 -0.0748050154665 -0.229835415905 -0.321091779895 -0.316224621803 -0.215094329184 -0.0635268142317 0.0819120121577 0.170377735948
 0.877151331461 0.476420019761 0.165778857139 -0.117748946312 -0.372759537919 -0.535053695186 -0.571550548669 -0.499500768734 -0.368462759063 -0.250155791738
# log_selcoffs_ind[3]:
 -0.202940821038 0.0202027052767 0.0202027052767 0.0202027052767 0.0202027052767 0.0202027052767 0.0202027052767 0.0202027052767 0.0202027052767 0.0202027052767
# log_selcoffs_ind[4]:
 -4.47158238135 -3.58519078115 -2.71108276656 -1.86982911780 -1.07820815467 -0.360596654800 0.238545397495 0.674044306487 0.938595262836 1.06980594966
 -4.60587436200 -3.80548225054 -3.00793902936 -2.22331368813 -1.46815556315 -0.752300555313 -0.0650994514616 0.553572260850 1.03378565532 1.28657477326
# log_selcoffs_ind[5]:
 -3.04452005677 -0.669616569639 0.101782682789 0.174353368097 0.174353368097 0.174353368097 0.174353368097 0.174353368097 0.174353368097 0.174353368097
# log_selcoffs_ind[6]:
 -3.04452005677 -0.669616569639 0.101782682789 0.174353368097 0.174353368097 0.174353368097 0.174353368097 0.174353368097 0.174353368097 0.174353368097
# log_selcoffs_ind[7]:
 -0.159493505810 -0.0417104840422 -0.00892066480343 0.0636500205045 0.0636500205045 0.0636500205045
# log_selcoffs_ind[8]:
 -0.171850237190 -0.0540672154223 0.0512932891244 0.0512932891244 0.0512932891244 0.0512932891244
# logsel_slope_ind[1]:
 0.00000000000 0.00000000000
# logsel_slope_ind[2]:
 0.00000000000 0.00000000000 0.00000000000
# logsel_slope_ind[3]:
 0.00000000000
# logsel_slope_ind[4]:
 0.00000000000 0.00000000000
# logsel_slope_ind[5]:
 0.00000000000
# logsel_slope_ind[6]:
 0.00000000000
# logsel_slope_ind[7]:
 0.00000000000
# logsel_slope_ind[8]:
 0.00000000000
# sel50_ind[1]:
 0.00000000000 0.00000000000
# sel50_ind[2]:
 0.00000000000 0.00000000000 0.00000000000
# sel50_ind[3]:
 0.00000000000
# sel50_ind[4]:
 0.00000000000 0.00000000000
# sel50_ind[5]:
 0.00000000000
# sel50_ind[6]:
 0.00000000000
# sel50_ind[7]:
 0.00000000000
# sel50_ind[8]:
 0.00000000000
# logsel_p1_ind[1]:
 0.00000000000 0.00000000000
# logsel_p1_ind[2]:
 0.00000000000 0.00000000000 0.00000000000
# logsel_p1_ind[3]:
 0.00000000000
# logsel_p1_ind[4]:
 0.00000000000 0.00000000000
# logsel_p1_ind[5]:
 0.00000000000
# logsel_p1_ind[6]:
 0.00000000000
# logsel_p1_ind[7]:
 0.00000000000
# logsel_p1_ind[8]:
 0.00000000000
# sel_p2_ind[1]:
 0.00000000000 0.00000000000
# sel_p2_ind[2]:
 0.00000000000 0.00000000000 0.00000000000
# sel_p2_ind[3]:
 0.00000000000
# sel_p2_ind[4]:
 0.00000000000 0.00000000000
# sel_p2_ind[5]:
 0.00000000000
# sel_p2_ind[6]:
 0.00000000000
# sel_p2_ind[7]:
 0.00000000000
# sel_p2_ind[8]:
 0.00000000000
# logsel_p3_ind[1]:
 0.00000000000 0.00000000000
# logsel_p3_ind[2]:
 0.00000000000 0.00000000000 0.00000000000
# logsel_p3_ind[3]:
 0.00000000000
# logsel_p3_ind[4]:
 0.00000000000 0.00000000000
# logsel_p3_ind[5]:
 0.00000000000
# logsel_p3_ind[6]:
 0.00000000000
# logsel_p3_ind[7]:
 0.00000000000
# logsel_p3_ind[8]:
 0.00000000000
