# Number of parameters = 1826 Objective function value = 4456.00737077494  Maximum gradient component = 0.000449151586040863
# Mest[1]:
0.280000000000
# log_Linf[1]:
4.29810139974
# log_k[1]:
-1.83258146375
# log_Lo[1]:
2.60712428251
# log_sdage[1]:
-2.40794560865
# mean_log_rec[1]:
9.25173567675
# steepness[1]:
0.650000000000
# log_Rzero[1]:
9.54276363390
# rec_dev:
 -0.0164356958961 -0.0215866246728 -0.0282023693631 -0.0375553963802 -0.0505056673006 -0.0707682873382 -0.100739926145 -0.142811478112 -0.195958202561 -0.259124123354 -0.518620639713 -0.960746561820 -0.581777349982 -0.172625748260 -0.660987697886 -1.17887079167 -0.317385980917 0.140790922766 0.0667321279970 0.381050531852 0.479424803542 0.587606949680 0.811780399281 0.959438689634 0.919912161895 0.615843632931 0.801283912948 1.72174886715 1.63051991479 0.891282275230 0.668212912766 0.516607187969 0.660206788767 0.975550508191 0.512224608063 0.486217713640 0.676188265632 0.0126113323971 0.0906681215543 0.328199339002 0.651251277156 0.732548193944 0.539480810401 0.670623245066 -0.150796029440 -0.0625439054445 0.218453373616 -0.307895954228 -1.38691117044 -0.506904368925 -0.0585566284188 -1.13075392690 -1.51898215439 -1.39032561014 -1.40787117472 -0.896539192296 -0.889379508493 -0.651195009639 -0.388797875062 -0.227641699970 -0.573467112253 -0.716851140862 -0.282325791907 -0.693583997659 -0.792673855908 -0.198071026077
# log_sigmar[1]:
-0.510825623766
# fmort:
 -4.82560968207 -4.41114496635 -5.12505753963 -4.75336354407 -3.91857789206 -3.59626483647 -3.37721341547 -3.44081281971 -2.69296731775 -2.78361437774 -3.14422008891 -2.76933934493 -2.07757958814 -3.13460371468 -2.45345602764 -3.08548058295 -5.43603105068 -3.99048058278 -4.30665414749 -4.38269437090 -4.43760743013 -4.09075513530 -3.97800966861 -3.80395395504 -4.28440803171 -4.03833360415 -3.60435379193 -4.27037473472 -5.18644924045 -4.62036987963 -4.40995676431 -3.73948608121 -4.61481911306 -4.17506206704 -3.96469483449 -3.61607498107 -3.59267469797 -3.04051061806 -2.30566635230 -2.51729112889 -2.04256830793 -3.24105428292 -3.83317268085 -3.06286940113 -2.77141978685 -2.23146740642 -2.41545137751 -1.89739668911 -2.90579016137 -3.13147977722 -1.75473171883 -1.71827984053 -1.82771624364 -1.86223117000 -0.932511302739
 -7.19382801043 -6.71784892703 -6.18525034645 -5.56106541033 -5.82305121039 -5.16221421765 -4.62582834315 -4.27838787242 -3.84664265955 -3.67569331279 -3.55294380723 -2.84111423350 -2.70141913973 -3.07653757876 -2.76723064218 -2.50573794956 -2.40800810960 -2.13078830453 -2.09438935982 -2.00600259714 -1.91719858341 -1.44050743723 -0.957579765677 -0.781045466556 -0.297047738837 0.334696542344 0.667318541000 1.02038988553 0.798444991862 0.517766040555 0.338692943055 0.622868550467 0.758199347833 0.633214945714 0.567577500537 0.519242960044 0.353590180044 0.443718535855 0.165552437878 0.310437353191 -0.295147934923 -0.381416994996 -0.345868701432 -0.373639967500 -0.355743643769 -0.128845928001 -0.0813675531793 -0.101373704696 -0.00210990767613 -0.118667480216 0.0669732543442 0.156503776004 0.119401204253 0.213481938403 0.797121861680
 -8.43244056820 -7.61232341142 -6.49152959330 -5.69220914243 -4.78363391554 -5.85188760645 -5.22948391489 -3.02328046775 -3.63260104918 -3.87937378727 -3.80905885465 -3.87378705525 -5.06882653874 -5.42699364710 -5.12076825840 -5.61474870186 -6.33856597987 -6.60974307618 -5.49762880505 -5.41717522579 -4.85188684106 -5.01305583522 -5.54188445418 -5.42363768006 -5.04169734720 -3.69614338021 -3.53773716965 -2.91569966877 -2.63463593625 -3.59924422342 -3.74108989694 -2.88156698063 -4.70659590784 -4.33349686123 -4.41171306795 -4.86246626461 -3.49678731011 -3.27590504546 -3.02143380313 -2.74508752152 -3.54175881440 -2.05767844822 -2.20265422811 -2.87924681839 -2.78182087653 -3.27231708489 -3.58857597294 -4.58106207053 -2.51781243504 -1.61825806608 -1.63659485692 -1.67582805378 -1.53122420309 -1.11424658575 -0.699719866689
 -9.63131395969 -9.52181987692 -7.73335283598 -9.37774607521 -9.32698492518 -9.29228789244 -9.26251748349 -8.52334812991 -5.51896134332 -3.67213115432 -3.89305898266 -3.75515651405 -3.34637829927 -3.32584038969 -3.20513467404 -3.47037191108 -3.50311311212 -3.99126207435 -4.14890404449 -4.08086465339 -3.60576006762 -3.75828716127 -6.38375312295 -10.1264320373 -10.0817442357 -9.76169863876 -9.57836761560 -9.17459318873 -8.68387166833 -8.96258426882 -8.56820785460 -6.24169846314 -4.32630771622 -2.72743507785 -1.75719628823 -1.98222132103 -1.53528384328 -0.665136128065 0.187704607444 0.802910850426 0.549440252949 -1.46386382790 -1.75005827723 -1.76890177064 -0.520138300561 0.217531183136 -0.399359200054 -1.16131930533 -1.48510434473 -2.02660484377 -4.11652395795 -2.58529276376 -2.43886065030 -1.90819401478 -2.82786559931
# log_selcoffs_fsh[1]:
 -3.71653377209 -2.16372267858 -1.10120952769 0.00310879209126 0.859515980387 1.02349339857 0.364760851097 -0.495478150531 -1.10612878231
 -3.15976034814 -1.47323496708 -0.819221690266 -0.0322834739723 0.749633759261 0.946363486189 0.409288468325 -0.342726812102 -0.888559520324
 -2.79131483383 -1.23602822569 -0.417530479746 0.248602576683 0.715180841569 0.729308626246 0.304469840599 -0.285612393357 -0.730730459936
 -2.42028959417 -1.04124083586 -0.333158127498 0.232534361612 0.738950053536 0.674732121980 0.221254428657 -0.290912781954 -0.640227479255
 -1.86953321563 -0.281492065301 0.110941451515 0.358566097848 0.473623771183 0.386439042675 0.0974757099877 -0.259342603512 -0.525828384858
 -1.82636165269 -0.570229313855 0.471903312790 0.726546495008 0.340071665464 0.0819771338566 -0.150253454038 -0.385459107954 -0.559438807794
 -1.59243117893 -0.489239167752 0.495715114857 0.794132841103 0.352902465344 -0.0310049734192 -0.285717555968 -0.467527730192 -0.582328438089
 -1.15655922367 -0.356495081732 0.504789935287 0.828394440278 0.285203449082 -0.121098104055 -0.379362451437 -0.527615886872 -0.600125030675
 -0.844671850190 0.155291240163 0.361788879311 0.605887278745 0.376912703351 -0.106565078510 -0.418823839982 -0.558371510542 -0.603532748683
 -0.684669042824 0.326462501177 0.530478564090 0.544208209336 0.202565695793 -0.232383603290 -0.513046313207 -0.615572755913 -0.633907691645
 -0.191954827303 0.814209098732 0.455423379501 0.216674586437 -0.135346549781 -0.428543073163 -0.608994059727 -0.666441336820 -0.661291158903
 0.0486510022900 0.740174582568 0.591358236208 0.211270736076 -0.294033767929 -0.566224810253 -0.686858845594 -0.710221392189 -0.684083423673
 -0.195079152359 1.04942877440 0.618805973895 -0.0203809850620 -0.504129935610 -0.721282523650 -0.789548681124 -0.775461230305 -0.734019185300
 0.352053136763 0.984542171145 0.523485377514 -0.129578477677 -0.630841643231 -0.812873598045 -0.843853697913 -0.796076984425 -0.737740399073
 0.205574291642 1.22161771912 0.382489968278 -0.293151278778 -0.751445469294 -0.912769241864 -0.917466086777 -0.842102678142 -0.768238568752
 -0.458664586551 1.24415989273 0.694668508801 -0.210769802850 -0.791063977548 -0.969630210031 -0.969936846627 -0.874303884524 -0.785253476038
 -0.428325316115 1.19544451724 0.713819850124 -0.117826908681 -0.758039498914 -0.968579172618 -0.972762286184 -0.866848023992 -0.763074550234
 0.209856735300 0.961280641697 0.711621362453 -0.0869748332173 -0.718895022359 -0.940132805692 -0.945448579817 -0.826093604049 -0.706564889726
 0.634000792783 0.961551978815 0.411462796990 -0.227898294606 -0.756597077381 -0.952761184348 -0.947127584896 -0.812281736091 -0.678755330868
 0.301695854383 1.11047802320 0.518572279144 -0.265585150000 -0.819739562250 -0.995681412931 -0.959237885881 -0.798501976662 -0.649224964464
 0.486130876313 1.15335034103 0.353290970512 -0.416093478247 -0.918817445521 -1.05910625426 -0.980045618879 -0.781897695534 -0.610195548245
 0.250616739326 1.25418939642 0.435833522008 -0.514185649907 -1.04036900981 -1.14431664878 -1.01336608229 -0.768087122416 -0.566889337262
 0.411281217545 1.14690809556 0.467692668193 -0.477174819682 -1.06157885287 -1.17772591015 -1.01524077857 -0.718860263538 -0.474081888371
 0.213098791914 1.23936601117 0.407261122382 -0.503981421911 -1.07117096361 -1.19003757132 -1.01026686623 -0.671294929783 -0.385269289508
 0.443450623263 1.12183255470 0.309785197974 -0.505994929851 -1.04134255209 -1.15835511136 -0.954161090682 -0.570682196689 -0.238061241074
 0.401477094494 1.03698431130 0.288437105068 -0.437091462379 -1.01666195908 -1.12422583904 -0.862592063416 -0.424564179721 -0.0595443752692
 -0.251944028828 1.07254368445 0.386577967266 -0.363044053516 -0.968814963297 -1.04143633318 -0.727837932923 -0.245306306367 0.126209216822
 0.178122504501 0.753003474387 0.211431433607 -0.514206895722 -0.935844144459 -0.919405923717 -0.531210759484 -0.00817004149625 0.390333885719
 0.838855091118 0.295342367472 -0.462866615865 -0.889884413942 -1.02672337079 -0.839182734188 -0.390624563611 0.141865031494 0.520708661103
 0.136935516301 0.523977227193 -0.459339668912 -1.07723144592 -1.07416277175 -0.721445938766 -0.187741984602 0.365215519888 0.739549613294
 -0.278074375741 0.284217313609 -0.673333971086 -1.14651243114 -1.05822971851 -0.615046784161 -0.0160214140349 0.548256186792 0.909976744713
 -0.647339084256 -0.291273076723 -0.918312092448 -1.16867219843 -0.971133461221 -0.484416182272 0.144728703416 0.705078718722 1.04550603960
 -1.68945705662 -0.801373436066 -1.05408459603 -1.13235983263 -0.828171756810 -0.346893821396 0.289507703735 0.798607995045 1.09659109559
 -2.22463028376 -1.55696229455 -1.49356592381 -1.17316114782 -0.713557572221 -0.250903250311 0.423176545553 0.847112010478 1.10507806221
 -1.81639105391 -1.34432041734 -1.80364128438 -1.66054971969 -1.10371598406 -0.425889560458 0.306843529192 0.896706717678 1.23153051083
 -1.23374069601 -2.23715147251 -2.34762983782 -1.92308077958 -1.25300939389 -0.480824672640 0.304848196817 0.934404044874 1.26814493807
 -2.48409318646 -2.63258895305 -2.52921478854 -1.90830089263 -1.16544608771 -0.426404530548 0.382533179566 0.983374620264 1.25634535166
 -3.37508320069 -2.85984941642 -2.58609688802 -1.97480958953 -1.20481119798 -0.386638190044 0.365764210791 0.983119991512 1.28119021533
 -3.73857507230 -3.59712071726 -3.18290125219 -2.38385746979 -1.33445929630 -0.314298543447 0.536595600192 1.05482685238 1.17554115669
 -4.28055330352 -4.07209785152 -3.52207776954 -2.56611905156 -1.47124994711 -0.313544198850 0.633011942883 1.09454783868 1.10894416178
 -4.51859397184 -4.24164851232 -3.62030120476 -2.72272816306 -1.65058444596 -0.574126795805 0.597787727399 1.19571140776 1.09964729703
 -4.98541994604 -4.40139951017 -3.64182848501 -2.88113854141 -1.86677106839 -0.614516374376 0.694607575702 1.22509060732 1.02808461082
# log_selcoffs_fsh[2]:
 -2.24745876052 -0.410833400737 0.464760919381 0.936157014656 0.706070702763 0.191563837945 -0.280066707352 -0.722388133882 -1.07845451303 -1.30623765371
 -1.92991879459 -0.0216117668261 -0.211808350317 0.357952046528 0.816748466601 0.671150988377 0.0880560532390 -0.510423764102 -0.915738880224 -1.12523947098
 -2.36715540809 -0.463310049584 -0.0511554838783 0.304340304959 0.760534556483 0.731933716734 0.201366472806 -0.384654585889 -0.766995999603 -0.955778424505
 -2.74120551660 -1.06818151249 -0.105427099829 0.363112375072 0.730995391951 0.765001990393 0.229942478859 -0.278271397372 -0.603387428908 -0.764822694370
 -2.35952301340 -0.754492806094 -0.561169851513 -0.0343869910511 0.648344076253 0.794268885977 0.381350498118 -0.0366254263100 -0.322959443321 -0.476341098693
 -1.97875099412 -0.750033656798 -0.394979535480 -0.237169886925 0.258730347468 0.591015600634 0.505506601245 0.257025031128 0.0117319122802 -0.147286465231
 -2.74196104633 -1.32880996966 -0.299975714164 -0.0260361025801 0.0803461362952 0.345669931551 0.505786413655 0.417884820246 0.210592974405 0.0464874129584
 -3.33355523389 -2.27301780501 -1.30552632234 -0.428909875905 0.175013742013 0.502206570244 0.666978647710 0.524736105493 0.294325098813 0.108750103843
 -3.67107906129 -2.57774834767 -1.89595408123 -1.06907903313 -0.204624888111 0.335507432251 0.674219547191 0.770501185295 0.568704427004 0.264037221798
 -3.90179317244 -2.55455261819 -1.78176733756 -1.28284001709 -0.766599693590 -0.120547849867 0.446568768942 0.913834335286 0.891464613602 0.476201872120
 -3.93539849999 -2.31396104845 -1.42765022828 -0.950008472784 -0.647367980990 -0.349776301366 0.165241457356 0.758126633423 0.957958519805 0.744977379244
 -4.03996802277 -2.48788554751 -1.49266654535 -0.919781556409 -0.570626564073 -0.304766425384 0.244899428035 0.657268306505 0.856702218807 0.880076325726
 -3.88727212516 -2.06764786624 -1.34245365173 -0.762468943680 -0.469031323012 -0.411695641501 -0.0447775121688 0.395025189788 0.831290927029 1.13148337853
 -3.44456339059 -1.96695234220 -1.24034880761 -0.839801985018 -0.698497498938 -0.552726542172 -0.243648841116 0.226359711756 0.843557975072 1.30073543666
 -3.16889664753 -0.932049771422 -1.19496185373 -1.15834082563 -1.24001763330 -1.06047104475 -0.548341717144 0.105236852739 0.880928403767 1.43741284583
 -3.19642865285 -0.886598714058 -0.736211496978 -1.20774744221 -1.53048463620 -1.39777332129 -0.875721914318 -0.0672768788859 0.851600592392 1.52839551029
 -3.01397416806 -1.24821984767 -0.899117852318 -1.08002666690 -1.50794839505 -1.53808730953 -1.08447610232 -0.258396668276 0.794121004044 1.64061780376
 -3.40879299796 -1.60147631760 -1.08249166794 -1.00578941153 -1.34781268464 -1.50906206843 -1.19386725831 -0.428505130643 0.684752735381 1.73025244198
 -3.67006221504 -1.91565414120 -1.34174983097 -1.18611692538 -1.28986755850 -1.33170711548 -1.09428256047 -0.443989863337 0.630442450939 1.76925146873
 -3.84440206558 -2.16945686034 -1.75242802288 -1.35938889061 -1.31576935451 -1.20414763181 -0.896891557309 -0.288548858977 0.717950595974 1.73316991120
 -3.81265885469 -2.26204862895 -1.66012251815 -1.34761789636 -1.35842598342 -1.26166260706 -0.836257997047 -0.145133007590 0.791507685815 1.68242707147
 -4.03912566949 -2.12929745428 -1.61025980357 -1.22703073274 -1.27482515030 -1.23904913901 -0.841884251960 -0.0971166135170 0.850360299991 1.63364088818
 -4.28107521413 -2.65361163597 -1.56289987285 -1.07543892808 -0.995410964710 -1.08241319695 -0.830204187793 -0.214900438147 0.796843296625 1.64782040645
 -4.30114996652 -2.90259009787 -1.74847981347 -1.00472485092 -0.585246755549 -0.629935043508 -0.503544002810 -0.0483812485620 0.769318870068 1.52308162998
 -4.23720020279 -2.62196544498 -1.70855410683 -1.19192258826 -0.706611524695 -0.316619464368 -0.165821320868 0.158887714438 0.814472624076 1.36833872364
 -4.31321050072 -2.80694104820 -1.85254084591 -0.937967146089 -0.465065760052 -0.182339165687 0.104209114865 0.520357617814 0.900264145257 0.979765703834
 -4.48161643624 -2.45110269839 -1.53779209246 -0.509503040457 -0.110752059999 0.172497319144 0.354680272614 0.751968381824 0.615354148913 0.473871280187
 -4.42227336740 -2.17063035889 -1.15818363269 -0.383485005961 0.114212889869 0.176811121502 0.637121446947 0.670531220432 0.390469009904 0.215090066949
 -4.41666923188 -2.76318126113 -1.94447122004 -0.489952373905 0.0777411267214 0.345571553353 0.708699678720 0.598655374860 0.411109536442 0.274571904072
 -4.61099647292 -2.75909376718 -1.52206399067 -0.863339415757 0.109130311116 0.363666376716 0.543494547435 0.575804252190 0.518984383000 0.439480064345
 -4.55877052969 -2.44146620749 -1.10130379803 -0.507716713842 -0.417530104617 -0.0381732973628 0.441088552498 0.667666771824 0.683946077279 0.621224157727
 -4.59635843860 -2.66015499939 -1.58893212210 -0.841199423598 -0.331070875452 0.00360255858209 0.461692903840 0.725639704436 0.712583238393 0.626372385454
 -4.20625124635 -2.20468563694 -1.91710935723 -1.46880021913 -0.737731039897 -0.0235840740907 0.731319353726 0.805205263294 0.673163157634 0.569444919049
 -4.62208640883 -2.46910199958 -1.67404353057 -1.15460275311 -0.667619503949 -0.0978352773929 0.498386769899 0.830397106846 0.754117445180 0.650804502938
 -4.75550690521 -2.66186278945 -1.83093768905 -1.20667121204 -0.587411933667 -0.0937802476210 0.334797135937 0.742452413129 0.833009835788 0.787050054209
 -5.07235418278 -3.00992217050 -1.86724153348 -1.19955221973 -0.573453911128 -0.216666321250 0.185821263852 0.665096251844 0.896254133033 0.924454357787
 -5.42208174727 -3.56397038562 -2.33143738499 -1.30810743161 -0.444681164352 0.0317484801646 0.218524697983 0.598404081196 0.854805341666 0.921124086502
 -5.71859081200 -3.92659707567 -2.96305748324 -1.95745179958 -0.766938860273 0.0767217935194 0.368705933768 0.693980013763 0.860414628570 0.887184226489
 -5.99778114639 -4.31645113903 -2.95582213988 -2.16244921769 -1.03790300733 -0.185323031197 0.247497644703 0.706050619985 0.954847003542 1.00319988106
 -6.20965693110 -4.75504947328 -3.34455789458 -2.20572734895 -1.43537826380 -0.425510598243 0.180688303059 0.766414414444 1.01380109406 1.04603369852
 -6.34781301744 -4.77786337926 -3.34775432812 -2.11759869662 -1.21562310468 -0.676885921373 0.240730906308 0.806983817801 1.00442661126 1.02459677735
 -6.53674651282 -4.80948407969 -3.35195899330 -2.35904760712 -1.28367524019 -0.265863856317 0.920626630020 0.795736872622 0.710111894400 0.720838483891
# log_selcoffs_fsh[3]:
 -3.58097529528 -1.33355434271 1.37255436418 0.649581491809 -0.563188081959 -1.71179183806 -2.31745099360
 -3.40055101676 -0.911971785466 1.39047130393 0.588352202437 -0.719595499309 -1.78698649238 -2.37795840923
 -3.01218808874 -0.733620442603 1.48889839933 0.329309780279 -0.896849797052 -1.87357311751 -2.44180665681
 -2.90164147292 -0.160595271333 1.46296409419 0.177593621652 -1.02999339271 -1.95217132244 -2.50870035651
 -2.59018841377 -0.623971069785 1.44795996452 0.383265561710 -0.834673850744 -1.87876345468 -2.51463194158
 -1.84952779010 -0.258048417468 1.16950971491 0.686634090065 -0.511609253077 -1.72139014239 -2.47273509494
 -0.873455030339 0.351944630412 0.744870581259 0.764902915861 -0.439687752384 -1.71459361126 -2.50795499427
 -1.22639847831 0.520925976342 1.00721922195 0.426947903033 -0.672114554756 -1.80982991813 -2.54838478216
 -1.89754819640 0.592614950949 1.16801741419 0.177850748535 -0.885075698721 -1.93232477456 -2.60910754042
 -2.30476380797 -0.245158836042 1.42059092783 0.342548110441 -0.985988363998 -2.05762294077 -2.67783490234
 -2.63309669252 -0.596444764529 1.43053050731 0.516730421611 -1.07262003914 -2.17285247211 -2.74948243410
 -2.68770106084 -0.407477874718 1.41737598658 0.487424641695 -1.07727762636 -2.20593757009 -2.78755633131
 -2.52937190138 -0.191714160272 1.29135920337 0.645414055692 -0.979744322601 -2.17890954824 -2.78592094209
 -2.17351796207 0.654048952048 1.18964078334 0.173830045003 -1.15495734853 -2.21187582581 -2.77113543986
 -2.01159816414 -0.0617743108775 1.46174247917 0.156613275901 -1.29545734421 -2.26249939569 -2.72944896511
 -1.63839459973 0.0708609715167 1.53030760725 -0.292285292824 -1.60596391749 -2.34613383032 -2.66371893243
 -1.52978675574 0.678692062148 1.35743156255 -0.533498464504 -1.78482426694 -2.36602565787 -2.55499438877
 -2.38861423217 0.594657937277 1.44625819331 -0.687083042476 -1.85487587875 -2.31763753366 -2.40107877948
 -2.52211761564 1.07808484369 1.09079608066 -0.535125593241 -1.67662960622 -2.13864021388 -2.17499647276
 -2.78939029212 0.867638379681 1.18557549020 -0.257375525254 -1.47515347944 -1.95150275780 -1.96034754107
 -2.70369658082 0.871027728461 1.16626077634 -0.304229912131 -1.35958737347 -1.77551838143 -1.77280153352
 -2.60469361376 0.529884452378 1.31905705263 -0.246291400740 -1.26395650934 -1.58051385160 -1.52625922985
 -2.76338390994 -0.401477488610 1.54775071406 -0.336128153297 -1.20501030463 -1.35693188760 -1.22065399938
 -2.28439767952 0.377113609545 1.24943237254 -0.0837838717715 -0.988310771322 -1.19593622836 -1.02868471750
 -2.18647230816 0.147656630717 1.15529491335 0.314291561919 -0.777461116790 -1.11330933184 -0.925626753271
 -2.22410389356 1.22457864818 0.0343447009459 0.273770060423 -0.763908529381 -1.19885396319 -0.989216024861
 -1.87260356402 1.33161329996 0.294754595017 -0.452331120932 -1.03977967520 -1.15294312637 -0.889284385575
 -1.76765497395 0.470810356080 1.11210359450 -0.212005589742 -0.986702089907 -0.946249848375 -0.482449971438
 -2.18528481684 -0.0367243850596 1.19710458288 -0.200498705700 -0.935289771876 -0.725118874053 -0.0855216988666
 -2.16250834595 0.152381801663 0.573597597224 -0.0909663380826 -0.611937278667 -0.288888073923 0.554617708236
 -2.38244923063 0.133761825667 -0.166803726401 -0.333186729270 -0.643769122236 -0.216988979830 1.05476687582
 -2.84019643268 -0.490718515836 1.22144514178 -0.224667345630 -0.813214781788 -0.556019425427 0.114768524216
 -2.67237094878 -0.593916650254 0.739452103422 0.538804786130 -0.332463554822 -0.320451425474 0.119586488650
 -2.51508349040 0.211372967361 0.592824129855 0.287413192104 -0.164239619506 -0.290186698479 -0.0565248514200
 -2.41404966904 -0.189514745529 0.648155879152 0.0561674381863 -0.281277397393 -0.0317806109491 0.329205089273
 -2.50633122611 -0.549149786546 -0.0191137626042 -0.442455733764 -0.476479947727 0.162250604028 1.07170268742
 -2.97033306525 -0.902094508722 -0.0375307776841 -0.603834094479 -0.746349606504 0.0723934849821 1.24816560703
 -3.48494562169 -0.485647422532 0.385453212282 -0.788495601251 -1.05470477919 -0.126657786579 1.16312174626
 -3.92751038205 -1.01586421748 0.0177498665334 -1.08183246141 -1.30260530069 -0.253870431347 1.43834605657
 -4.46094604187 -2.37465179222 -0.392078181286 -0.753518041319 -1.21963099888 -0.320556351643 1.55349348620
 -5.08174981580 -3.30261917401 -1.37017525541 -0.331797217514 -1.14766313970 -0.442732149804 1.61455523679
 -5.57675735021 -3.98595841455 -2.31290754341 -0.620156223718 -0.873884362225 -0.461093978240 1.66636370505
 -5.92094371910 -4.33881109331 -2.30822367410 -0.652194909301 -0.873524765878 -0.462873305023 1.67090483353
 -6.03426364317 -4.39457970340 -2.53891695528 -1.22781470362 -1.12024486865 -0.504616112643 1.73755662584
 -6.12379810787 -4.55785419228 -3.10152230885 -1.90020178820 -1.19640049588 -0.153145731383 1.72855716178
# log_selcoffs_fsh[4]:
 -0.253019971069 0.235121685578 0.583946474238 0.642412536441 0.307751708267 -0.207015416207 -0.717565281826 -1.10264102106 -1.30556273336
 -0.280246948975 0.257993411854 0.619866595993 0.631908408795 0.297784092436 -0.232323354983 -0.744294423553 -1.11942394675 -1.31268175612
 -0.354752250462 0.283634831528 0.685181611485 0.653672911225 0.251702545087 -0.293292070809 -0.796969793399 -1.15176427241 -1.32729220933
 -0.479403760055 0.336961199319 0.793350890484 0.658854464047 0.172565291464 -0.397633408208 -0.878719680541 -1.19863135776 -1.34855692281
 -0.694442798886 0.481230261792 0.935210248613 0.611830613502 0.0141360086960 -0.557137720210 -0.995839642027 -1.26338283462 -1.37896615600
 -0.674136856402 0.391404207672 0.920703320021 0.674710060232 0.0482596988035 -0.570036470823 -1.00514096168 -1.23904301974 -1.32341021454
 -0.735849276780 0.456723133962 0.923444737516 0.672002038056 0.00330131629528 -0.629376970520 -1.03863969454 -1.22327150016 -1.26771057599
 -0.969301196965 0.714606358987 0.965323987559 0.540711592208 -0.160172224382 -0.767749873653 -1.11274326801 -1.22433560428 -1.21827073776
 -1.49190148291 1.13857370868 0.907235712600 0.257401709616 -0.477681073941 -0.995292738642 -1.22809479026 -1.24031496339 -1.17203483477
 -1.17554176496 0.637054983521 1.23808364994 0.380095651859 -0.556534531328 -1.09704821078 -1.24122487104 -1.13749365458 -0.987992399876
 -1.18068466477 0.323616111380 1.44966133121 0.227691644651 -0.781133044064 -1.26922310239 -1.29998318081 -1.06578729754 -0.826641246735
 -0.985426754668 0.813297513363 1.24937967038 0.0731384829729 -0.959561349509 -1.41782404267 -1.34129842886 -0.960730403340 -0.620066889614
 -0.756112223343 0.863574000874 1.22745707231 -0.276415622589 -1.22029579727 -1.53880356775 -1.33324825667 -0.764341991248 -0.289268076423
 -0.401662842948 1.11034403782 0.779032949813 -0.424768654526 -1.34119705429 -1.57589031368 -1.19785678043 -0.492771462431 0.0778676028591
 -0.0791020392371 0.943948783778 0.462022767043 -0.689804388404 -1.50376793635 -1.60340121090 -1.04184305373 -0.141847217938 0.572632826520
 0.0567280859755 0.458296367292 -0.182715832271 -1.11236089240 -1.69902687979 -1.61617720618 -0.878111520983 0.241314371406 1.14054138505
 -0.474877979306 0.0111052725187 -1.11890101080 -1.73007113614 -2.05137557553 -1.75228559732 -0.866070750326 0.456045589191 1.51789331880
 -0.231272022644 -0.170753888447 -0.902714631828 -1.76531365946 -2.12454192618 -1.81131506229 -0.858685905447 0.442208300807 1.50941020372
 -0.255288653516 -0.483400471676 -0.999002291566 -1.88064671736 -2.29015223993 -1.92819085231 -0.952555565334 0.412396129877 1.59838457647
 -0.756533351856 -1.24830876206 -1.74347970266 -2.29657359286 -2.52560408860 -2.15995377383 -1.17991289441 0.305381359235 1.80966780681
 -1.67695048551 -2.13300239712 -2.20349737325 -2.54838620778 -2.69019128661 -2.27568730784 -1.24311883789 0.408426089185 1.87830811018
 -1.84557405055 -1.95295556050 -1.72703294697 -1.80029691908 -1.97766266731 -1.79222085284 -0.911397841791 0.471196507078 1.79977663699
 -2.57545003511 -1.85803948686 -0.668574732791 -0.781466757450 -1.20603294827 -1.19264361437 -0.546843209422 0.573195819734 1.57737494701
 -2.93148476902 -2.15421928189 -1.21183083033 -0.537507565486 -0.582767518611 -0.729450201558 -0.307763253513 0.624565177697 1.45995973483
 -3.08639583759 -2.49088449469 -1.69199406339 -0.755613427264 -0.0558118713502 -0.437943849643 -0.214359219041 0.623916356641 1.37454118864
 -2.94562013166 -2.75576772461 -2.36081255997 -1.77035441509 -1.16339650132 -0.739058708708 -0.155739538835 0.789697401273 1.56250473283
 -2.89259539061 -3.14593146593 -3.21107731815 -2.90430967794 -2.27981614969 -1.46954778424 -0.330274658300 0.894524162460 1.66944323998
 -3.14526848394 -3.21739888771 -3.30200963051 -2.91939769707 -2.43041105036 -1.63653828860 -0.437931384127 0.861237974072 1.71054913680
 -2.67382884904 -2.68577280013 -2.45560295308 -2.00265555719 -1.53725080026 -0.873255285831 -0.0762824089010 0.849435510207 1.55700999119
 -3.04416716448 -2.64809366777 -2.33185158593 -1.82395779454 -1.24318033168 -0.597337235987 0.0961570089959 0.871851799039 1.45676894360
 -3.01659334527 -2.33446279125 -1.90231438603 -1.50207938070 -1.08712968435 -0.470145968557 0.164425132734 0.868474163524 1.37578921346
 -2.88593156204 -2.14043970942 -2.10810639837 -1.96514227355 -1.54401992442 -0.824591698891 0.0242042245753 0.892013042635 1.49257130731
 -2.80550176429 -1.45162984922 -0.698191624878 -0.679372651112 -0.523151759058 -0.354361282234 0.0375759000748 0.679598706882 1.22238288005
 -2.78789953828 -1.14448838597 -0.769161604856 -0.561432163450 -0.380955094439 -0.282985767517 0.0357040742461 0.642137737108 1.16709372365
 -2.91099628692 -1.62564741990 -0.952683078039 -0.629111588424 -0.634475075184 -0.492055199312 0.0412850958219 0.731625199416 1.27195954760
 -3.10610214236 -1.94970517180 -1.26443196190 -0.990866169960 -0.766741988378 -0.494769776366 0.0997681109208 0.796680538885 1.32493438843
# log_sel_spl_fsh[1]:
 0.00000000000 0.00000000000 0.00000000000 0.00000000000
 0.00000000000 0.00000000000 0.00000000000 0.00000000000
 0.00000000000 0.00000000000 0.00000000000 0.00000000000
 0.00000000000 0.00000000000 0.00000000000 0.00000000000
 0.00000000000 0.00000000000 0.00000000000 0.00000000000
 0.00000000000 0.00000000000 0.00000000000 0.00000000000
 0.00000000000 0.00000000000 0.00000000000 0.00000000000
 0.00000000000 0.00000000000 0.00000000000 0.00000000000
 0.00000000000 0.00000000000 0.00000000000 0.00000000000
 0.00000000000 0.00000000000 0.00000000000 0.00000000000
 0.00000000000 0.00000000000 0.00000000000 0.00000000000
 0.00000000000 0.00000000000 0.00000000000 0.00000000000
 0.00000000000 0.00000000000 0.00000000000 0.00000000000
 0.00000000000 0.00000000000 0.00000000000 0.00000000000
 0.00000000000 0.00000000000 0.00000000000 0.00000000000
 0.00000000000 0.00000000000 0.00000000000 0.00000000000
 0.00000000000 0.00000000000 0.00000000000 0.00000000000
 0.00000000000 0.00000000000 0.00000000000 0.00000000000
 0.00000000000 0.00000000000 0.00000000000 0.00000000000
 0.00000000000 0.00000000000 0.00000000000 0.00000000000
 0.00000000000 0.00000000000 0.00000000000 0.00000000000
 0.00000000000 0.00000000000 0.00000000000 0.00000000000
 0.00000000000 0.00000000000 0.00000000000 0.00000000000
 0.00000000000 0.00000000000 0.00000000000 0.00000000000
 0.00000000000 0.00000000000 0.00000000000 0.00000000000
 0.00000000000 0.00000000000 0.00000000000 0.00000000000
 0.00000000000 0.00000000000 0.00000000000 0.00000000000
 0.00000000000 0.00000000000 0.00000000000 0.00000000000
 0.00000000000 0.00000000000 0.00000000000 0.00000000000
 0.00000000000 0.00000000000 0.00000000000 0.00000000000
 0.00000000000 0.00000000000 0.00000000000 0.00000000000
 0.00000000000 0.00000000000 0.00000000000 0.00000000000
 0.00000000000 0.00000000000 0.00000000000 0.00000000000
 0.00000000000 0.00000000000 0.00000000000 0.00000000000
 0.00000000000 0.00000000000 0.00000000000 0.00000000000
 0.00000000000 0.00000000000 0.00000000000 0.00000000000
 0.00000000000 0.00000000000 0.00000000000 0.00000000000
 0.00000000000 0.00000000000 0.00000000000 0.00000000000
 0.00000000000 0.00000000000 0.00000000000 0.00000000000
 0.00000000000 0.00000000000 0.00000000000 0.00000000000
 0.00000000000 0.00000000000 0.00000000000 0.00000000000
 0.00000000000 0.00000000000 0.00000000000 0.00000000000
# log_sel_spl_fsh[2]:
 0.00000000000 0.00000000000 0.00000000000 0.00000000000
 0.00000000000 0.00000000000 0.00000000000 0.00000000000
 0.00000000000 0.00000000000 0.00000000000 0.00000000000
 0.00000000000 0.00000000000 0.00000000000 0.00000000000
 0.00000000000 0.00000000000 0.00000000000 0.00000000000
 0.00000000000 0.00000000000 0.00000000000 0.00000000000
 0.00000000000 0.00000000000 0.00000000000 0.00000000000
 0.00000000000 0.00000000000 0.00000000000 0.00000000000
 0.00000000000 0.00000000000 0.00000000000 0.00000000000
 0.00000000000 0.00000000000 0.00000000000 0.00000000000
 0.00000000000 0.00000000000 0.00000000000 0.00000000000
 0.00000000000 0.00000000000 0.00000000000 0.00000000000
 0.00000000000 0.00000000000 0.00000000000 0.00000000000
 0.00000000000 0.00000000000 0.00000000000 0.00000000000
 0.00000000000 0.00000000000 0.00000000000 0.00000000000
 0.00000000000 0.00000000000 0.00000000000 0.00000000000
 0.00000000000 0.00000000000 0.00000000000 0.00000000000
 0.00000000000 0.00000000000 0.00000000000 0.00000000000
 0.00000000000 0.00000000000 0.00000000000 0.00000000000
 0.00000000000 0.00000000000 0.00000000000 0.00000000000
 0.00000000000 0.00000000000 0.00000000000 0.00000000000
 0.00000000000 0.00000000000 0.00000000000 0.00000000000
 0.00000000000 0.00000000000 0.00000000000 0.00000000000
 0.00000000000 0.00000000000 0.00000000000 0.00000000000
 0.00000000000 0.00000000000 0.00000000000 0.00000000000
 0.00000000000 0.00000000000 0.00000000000 0.00000000000
 0.00000000000 0.00000000000 0.00000000000 0.00000000000
 0.00000000000 0.00000000000 0.00000000000 0.00000000000
 0.00000000000 0.00000000000 0.00000000000 0.00000000000
 0.00000000000 0.00000000000 0.00000000000 0.00000000000
 0.00000000000 0.00000000000 0.00000000000 0.00000000000
 0.00000000000 0.00000000000 0.00000000000 0.00000000000
 0.00000000000 0.00000000000 0.00000000000 0.00000000000
 0.00000000000 0.00000000000 0.00000000000 0.00000000000
 0.00000000000 0.00000000000 0.00000000000 0.00000000000
 0.00000000000 0.00000000000 0.00000000000 0.00000000000
 0.00000000000 0.00000000000 0.00000000000 0.00000000000
 0.00000000000 0.00000000000 0.00000000000 0.00000000000
 0.00000000000 0.00000000000 0.00000000000 0.00000000000
 0.00000000000 0.00000000000 0.00000000000 0.00000000000
 0.00000000000 0.00000000000 0.00000000000 0.00000000000
 0.00000000000 0.00000000000 0.00000000000 0.00000000000
# log_sel_spl_fsh[3]:
 0.00000000000 0.00000000000 0.00000000000 0.00000000000
 0.00000000000 0.00000000000 0.00000000000 0.00000000000
 0.00000000000 0.00000000000 0.00000000000 0.00000000000
 0.00000000000 0.00000000000 0.00000000000 0.00000000000
 0.00000000000 0.00000000000 0.00000000000 0.00000000000
 0.00000000000 0.00000000000 0.00000000000 0.00000000000
 0.00000000000 0.00000000000 0.00000000000 0.00000000000
 0.00000000000 0.00000000000 0.00000000000 0.00000000000
 0.00000000000 0.00000000000 0.00000000000 0.00000000000
 0.00000000000 0.00000000000 0.00000000000 0.00000000000
 0.00000000000 0.00000000000 0.00000000000 0.00000000000
 0.00000000000 0.00000000000 0.00000000000 0.00000000000
 0.00000000000 0.00000000000 0.00000000000 0.00000000000
 0.00000000000 0.00000000000 0.00000000000 0.00000000000
 0.00000000000 0.00000000000 0.00000000000 0.00000000000
 0.00000000000 0.00000000000 0.00000000000 0.00000000000
 0.00000000000 0.00000000000 0.00000000000 0.00000000000
 0.00000000000 0.00000000000 0.00000000000 0.00000000000
 0.00000000000 0.00000000000 0.00000000000 0.00000000000
 0.00000000000 0.00000000000 0.00000000000 0.00000000000
 0.00000000000 0.00000000000 0.00000000000 0.00000000000
 0.00000000000 0.00000000000 0.00000000000 0.00000000000
 0.00000000000 0.00000000000 0.00000000000 0.00000000000
 0.00000000000 0.00000000000 0.00000000000 0.00000000000
 0.00000000000 0.00000000000 0.00000000000 0.00000000000
 0.00000000000 0.00000000000 0.00000000000 0.00000000000
 0.00000000000 0.00000000000 0.00000000000 0.00000000000
 0.00000000000 0.00000000000 0.00000000000 0.00000000000
 0.00000000000 0.00000000000 0.00000000000 0.00000000000
 0.00000000000 0.00000000000 0.00000000000 0.00000000000
 0.00000000000 0.00000000000 0.00000000000 0.00000000000
 0.00000000000 0.00000000000 0.00000000000 0.00000000000
 0.00000000000 0.00000000000 0.00000000000 0.00000000000
 0.00000000000 0.00000000000 0.00000000000 0.00000000000
 0.00000000000 0.00000000000 0.00000000000 0.00000000000
 0.00000000000 0.00000000000 0.00000000000 0.00000000000
 0.00000000000 0.00000000000 0.00000000000 0.00000000000
 0.00000000000 0.00000000000 0.00000000000 0.00000000000
 0.00000000000 0.00000000000 0.00000000000 0.00000000000
 0.00000000000 0.00000000000 0.00000000000 0.00000000000
 0.00000000000 0.00000000000 0.00000000000 0.00000000000
 0.00000000000 0.00000000000 0.00000000000 0.00000000000
 0.00000000000 0.00000000000 0.00000000000 0.00000000000
 0.00000000000 0.00000000000 0.00000000000 0.00000000000
 0.00000000000 0.00000000000 0.00000000000 0.00000000000
# log_sel_spl_fsh[4]:
 0.00000000000 0.00000000000 0.00000000000 0.00000000000
 0.00000000000 0.00000000000 0.00000000000 0.00000000000
 0.00000000000 0.00000000000 0.00000000000 0.00000000000
 0.00000000000 0.00000000000 0.00000000000 0.00000000000
 0.00000000000 0.00000000000 0.00000000000 0.00000000000
 0.00000000000 0.00000000000 0.00000000000 0.00000000000
 0.00000000000 0.00000000000 0.00000000000 0.00000000000
 0.00000000000 0.00000000000 0.00000000000 0.00000000000
 0.00000000000 0.00000000000 0.00000000000 0.00000000000
 0.00000000000 0.00000000000 0.00000000000 0.00000000000
 0.00000000000 0.00000000000 0.00000000000 0.00000000000
 0.00000000000 0.00000000000 0.00000000000 0.00000000000
 0.00000000000 0.00000000000 0.00000000000 0.00000000000
 0.00000000000 0.00000000000 0.00000000000 0.00000000000
 0.00000000000 0.00000000000 0.00000000000 0.00000000000
 0.00000000000 0.00000000000 0.00000000000 0.00000000000
 0.00000000000 0.00000000000 0.00000000000 0.00000000000
 0.00000000000 0.00000000000 0.00000000000 0.00000000000
 0.00000000000 0.00000000000 0.00000000000 0.00000000000
 0.00000000000 0.00000000000 0.00000000000 0.00000000000
 0.00000000000 0.00000000000 0.00000000000 0.00000000000
 0.00000000000 0.00000000000 0.00000000000 0.00000000000
 0.00000000000 0.00000000000 0.00000000000 0.00000000000
 0.00000000000 0.00000000000 0.00000000000 0.00000000000
 0.00000000000 0.00000000000 0.00000000000 0.00000000000
 0.00000000000 0.00000000000 0.00000000000 0.00000000000
 0.00000000000 0.00000000000 0.00000000000 0.00000000000
 0.00000000000 0.00000000000 0.00000000000 0.00000000000
 0.00000000000 0.00000000000 0.00000000000 0.00000000000
 0.00000000000 0.00000000000 0.00000000000 0.00000000000
 0.00000000000 0.00000000000 0.00000000000 0.00000000000
 0.00000000000 0.00000000000 0.00000000000 0.00000000000
 0.00000000000 0.00000000000 0.00000000000 0.00000000000
 0.00000000000 0.00000000000 0.00000000000 0.00000000000
 0.00000000000 0.00000000000 0.00000000000 0.00000000000
 0.00000000000 0.00000000000 0.00000000000 0.00000000000
# logsel_slope_fsh[1]:
 0.00000000000 0.00000000000 0.00000000000 0.00000000000 0.00000000000 0.00000000000 0.00000000000 0.00000000000 0.00000000000 0.00000000000 0.00000000000 0.00000000000 0.00000000000 0.00000000000 0.00000000000 0.00000000000 0.00000000000 0.00000000000 0.00000000000 0.00000000000 0.00000000000 0.00000000000 0.00000000000 0.00000000000 0.00000000000 0.00000000000 0.00000000000 0.00000000000 0.00000000000 0.00000000000 0.00000000000 0.00000000000 0.00000000000 0.00000000000 0.00000000000 0.00000000000 0.00000000000 0.00000000000 0.00000000000 0.00000000000 0.00000000000 0.00000000000
# logsel_slope_fsh[2]:
 0.00000000000 0.00000000000 0.00000000000 0.00000000000 0.00000000000 0.00000000000 0.00000000000 0.00000000000 0.00000000000 0.00000000000 0.00000000000 0.00000000000 0.00000000000 0.00000000000 0.00000000000 0.00000000000 0.00000000000 0.00000000000 0.00000000000 0.00000000000 0.00000000000 0.00000000000 0.00000000000 0.00000000000 0.00000000000 0.00000000000 0.00000000000 0.00000000000 0.00000000000 0.00000000000 0.00000000000 0.00000000000 0.00000000000 0.00000000000 0.00000000000 0.00000000000 0.00000000000 0.00000000000 0.00000000000 0.00000000000 0.00000000000 0.00000000000
# logsel_slope_fsh[3]:
 0.00000000000 0.00000000000 0.00000000000 0.00000000000 0.00000000000 0.00000000000 0.00000000000 0.00000000000 0.00000000000 0.00000000000 0.00000000000 0.00000000000 0.00000000000 0.00000000000 0.00000000000 0.00000000000 0.00000000000 0.00000000000 0.00000000000 0.00000000000 0.00000000000 0.00000000000 0.00000000000 0.00000000000 0.00000000000 0.00000000000 0.00000000000 0.00000000000 0.00000000000 0.00000000000 0.00000000000 0.00000000000 0.00000000000 0.00000000000 0.00000000000 0.00000000000 0.00000000000 0.00000000000 0.00000000000 0.00000000000 0.00000000000 0.00000000000 0.00000000000 0.00000000000 0.00000000000
# logsel_slope_fsh[4]:
 0.00000000000 0.00000000000 0.00000000000 0.00000000000 0.00000000000 0.00000000000 0.00000000000 0.00000000000 0.00000000000 0.00000000000 0.00000000000 0.00000000000 0.00000000000 0.00000000000 0.00000000000 0.00000000000 0.00000000000 0.00000000000 0.00000000000 0.00000000000 0.00000000000 0.00000000000 0.00000000000 0.00000000000 0.00000000000 0.00000000000 0.00000000000 0.00000000000 0.00000000000 0.00000000000 0.00000000000 0.00000000000 0.00000000000 0.00000000000 0.00000000000 0.00000000000
# sel50_fsh[1]:
 0.00000000000 0.00000000000 0.00000000000 0.00000000000 0.00000000000 0.00000000000 0.00000000000 0.00000000000 0.00000000000 0.00000000000 0.00000000000 0.00000000000 0.00000000000 0.00000000000 0.00000000000 0.00000000000 0.00000000000 0.00000000000 0.00000000000 0.00000000000 0.00000000000 0.00000000000 0.00000000000 0.00000000000 0.00000000000 0.00000000000 0.00000000000 0.00000000000 0.00000000000 0.00000000000 0.00000000000 0.00000000000 0.00000000000 0.00000000000 0.00000000000 0.00000000000 0.00000000000 0.00000000000 0.00000000000 0.00000000000 0.00000000000 0.00000000000
# sel50_fsh[2]:
 0.00000000000 0.00000000000 0.00000000000 0.00000000000 0.00000000000 0.00000000000 0.00000000000 0.00000000000 0.00000000000 0.00000000000 0.00000000000 0.00000000000 0.00000000000 0.00000000000 0.00000000000 0.00000000000 0.00000000000 0.00000000000 0.00000000000 0.00000000000 0.00000000000 0.00000000000 0.00000000000 0.00000000000 0.00000000000 0.00000000000 0.00000000000 0.00000000000 0.00000000000 0.00000000000 0.00000000000 0.00000000000 0.00000000000 0.00000000000 0.00000000000 0.00000000000 0.00000000000 0.00000000000 0.00000000000 0.00000000000 0.00000000000 0.00000000000
# sel50_fsh[3]:
 0.00000000000 0.00000000000 0.00000000000 0.00000000000 0.00000000000 0.00000000000 0.00000000000 0.00000000000 0.00000000000 0.00000000000 0.00000000000 0.00000000000 0.00000000000 0.00000000000 0.00000000000 0.00000000000 0.00000000000 0.00000000000 0.00000000000 0.00000000000 0.00000000000 0.00000000000 0.00000000000 0.00000000000 0.00000000000 0.00000000000 0.00000000000 0.00000000000 0.00000000000 0.00000000000 0.00000000000 0.00000000000 0.00000000000 0.00000000000 0.00000000000 0.00000000000 0.00000000000 0.00000000000 0.00000000000 0.00000000000 0.00000000000 0.00000000000 0.00000000000 0.00000000000 0.00000000000
# sel50_fsh[4]:
 0.00000000000 0.00000000000 0.00000000000 0.00000000000 0.00000000000 0.00000000000 0.00000000000 0.00000000000 0.00000000000 0.00000000000 0.00000000000 0.00000000000 0.00000000000 0.00000000000 0.00000000000 0.00000000000 0.00000000000 0.00000000000 0.00000000000 0.00000000000 0.00000000000 0.00000000000 0.00000000000 0.00000000000 0.00000000000 0.00000000000 0.00000000000 0.00000000000 0.00000000000 0.00000000000 0.00000000000 0.00000000000 0.00000000000 0.00000000000 0.00000000000 0.00000000000
# logsel_p1_fsh[1]:
 0.00000000000 0.00000000000 0.00000000000 0.00000000000 0.00000000000 0.00000000000 0.00000000000 0.00000000000 0.00000000000 0.00000000000 0.00000000000 0.00000000000 0.00000000000 0.00000000000 0.00000000000 0.00000000000 0.00000000000 0.00000000000 0.00000000000 0.00000000000 0.00000000000 0.00000000000 0.00000000000 0.00000000000 0.00000000000 0.00000000000 0.00000000000 0.00000000000 0.00000000000 0.00000000000 0.00000000000 0.00000000000 0.00000000000 0.00000000000 0.00000000000 0.00000000000 0.00000000000 0.00000000000 0.00000000000 0.00000000000 0.00000000000 0.00000000000
# logsel_p1_fsh[2]:
 0.00000000000 0.00000000000 0.00000000000 0.00000000000 0.00000000000 0.00000000000 0.00000000000 0.00000000000 0.00000000000 0.00000000000 0.00000000000 0.00000000000 0.00000000000 0.00000000000 0.00000000000 0.00000000000 0.00000000000 0.00000000000 0.00000000000 0.00000000000 0.00000000000 0.00000000000 0.00000000000 0.00000000000 0.00000000000 0.00000000000 0.00000000000 0.00000000000 0.00000000000 0.00000000000 0.00000000000 0.00000000000 0.00000000000 0.00000000000 0.00000000000 0.00000000000 0.00000000000 0.00000000000 0.00000000000 0.00000000000 0.00000000000 0.00000000000
# logsel_p1_fsh[3]:
 0.00000000000 0.00000000000 0.00000000000 0.00000000000 0.00000000000 0.00000000000 0.00000000000 0.00000000000 0.00000000000 0.00000000000 0.00000000000 0.00000000000 0.00000000000 0.00000000000 0.00000000000 0.00000000000 0.00000000000 0.00000000000 0.00000000000 0.00000000000 0.00000000000 0.00000000000 0.00000000000 0.00000000000 0.00000000000 0.00000000000 0.00000000000 0.00000000000 0.00000000000 0.00000000000 0.00000000000 0.00000000000 0.00000000000 0.00000000000 0.00000000000 0.00000000000 0.00000000000 0.00000000000 0.00000000000 0.00000000000 0.00000000000 0.00000000000 0.00000000000 0.00000000000 0.00000000000
# logsel_p1_fsh[4]:
 0.00000000000 0.00000000000 0.00000000000 0.00000000000 0.00000000000 0.00000000000 0.00000000000 0.00000000000 0.00000000000 0.00000000000 0.00000000000 0.00000000000 0.00000000000 0.00000000000 0.00000000000 0.00000000000 0.00000000000 0.00000000000 0.00000000000 0.00000000000 0.00000000000 0.00000000000 0.00000000000 0.00000000000 0.00000000000 0.00000000000 0.00000000000 0.00000000000 0.00000000000 0.00000000000 0.00000000000 0.00000000000 0.00000000000 0.00000000000 0.00000000000 0.00000000000
# logsel_p2_fsh[1]:
 0.00000000000 0.00000000000 0.00000000000 0.00000000000 0.00000000000 0.00000000000 0.00000000000 0.00000000000 0.00000000000 0.00000000000 0.00000000000 0.00000000000 0.00000000000 0.00000000000 0.00000000000 0.00000000000 0.00000000000 0.00000000000 0.00000000000 0.00000000000 0.00000000000 0.00000000000 0.00000000000 0.00000000000 0.00000000000 0.00000000000 0.00000000000 0.00000000000 0.00000000000 0.00000000000 0.00000000000 0.00000000000 0.00000000000 0.00000000000 0.00000000000 0.00000000000 0.00000000000 0.00000000000 0.00000000000 0.00000000000 0.00000000000 0.00000000000
# logsel_p2_fsh[2]:
 0.00000000000 0.00000000000 0.00000000000 0.00000000000 0.00000000000 0.00000000000 0.00000000000 0.00000000000 0.00000000000 0.00000000000 0.00000000000 0.00000000000 0.00000000000 0.00000000000 0.00000000000 0.00000000000 0.00000000000 0.00000000000 0.00000000000 0.00000000000 0.00000000000 0.00000000000 0.00000000000 0.00000000000 0.00000000000 0.00000000000 0.00000000000 0.00000000000 0.00000000000 0.00000000000 0.00000000000 0.00000000000 0.00000000000 0.00000000000 0.00000000000 0.00000000000 0.00000000000 0.00000000000 0.00000000000 0.00000000000 0.00000000000 0.00000000000
# logsel_p2_fsh[3]:
 0.00000000000 0.00000000000 0.00000000000 0.00000000000 0.00000000000 0.00000000000 0.00000000000 0.00000000000 0.00000000000 0.00000000000 0.00000000000 0.00000000000 0.00000000000 0.00000000000 0.00000000000 0.00000000000 0.00000000000 0.00000000000 0.00000000000 0.00000000000 0.00000000000 0.00000000000 0.00000000000 0.00000000000 0.00000000000 0.00000000000 0.00000000000 0.00000000000 0.00000000000 0.00000000000 0.00000000000 0.00000000000 0.00000000000 0.00000000000 0.00000000000 0.00000000000 0.00000000000 0.00000000000 0.00000000000 0.00000000000 0.00000000000 0.00000000000 0.00000000000 0.00000000000 0.00000000000
# logsel_p2_fsh[4]:
 0.00000000000 0.00000000000 0.00000000000 0.00000000000 0.00000000000 0.00000000000 0.00000000000 0.00000000000 0.00000000000 0.00000000000 0.00000000000 0.00000000000 0.00000000000 0.00000000000 0.00000000000 0.00000000000 0.00000000000 0.00000000000 0.00000000000 0.00000000000 0.00000000000 0.00000000000 0.00000000000 0.00000000000 0.00000000000 0.00000000000 0.00000000000 0.00000000000 0.00000000000 0.00000000000 0.00000000000 0.00000000000 0.00000000000 0.00000000000 0.00000000000 0.00000000000
# logsel_p3_fsh[1]:
 0.00000000000 0.00000000000 0.00000000000 0.00000000000 0.00000000000 0.00000000000 0.00000000000 0.00000000000 0.00000000000 0.00000000000 0.00000000000 0.00000000000 0.00000000000 0.00000000000 0.00000000000 0.00000000000 0.00000000000 0.00000000000 0.00000000000 0.00000000000 0.00000000000 0.00000000000 0.00000000000 0.00000000000 0.00000000000 0.00000000000 0.00000000000 0.00000000000 0.00000000000 0.00000000000 0.00000000000 0.00000000000 0.00000000000 0.00000000000 0.00000000000 0.00000000000 0.00000000000 0.00000000000 0.00000000000 0.00000000000 0.00000000000 0.00000000000
# logsel_p3_fsh[2]:
 0.00000000000 0.00000000000 0.00000000000 0.00000000000 0.00000000000 0.00000000000 0.00000000000 0.00000000000 0.00000000000 0.00000000000 0.00000000000 0.00000000000 0.00000000000 0.00000000000 0.00000000000 0.00000000000 0.00000000000 0.00000000000 0.00000000000 0.00000000000 0.00000000000 0.00000000000 0.00000000000 0.00000000000 0.00000000000 0.00000000000 0.00000000000 0.00000000000 0.00000000000 0.00000000000 0.00000000000 0.00000000000 0.00000000000 0.00000000000 0.00000000000 0.00000000000 0.00000000000 0.00000000000 0.00000000000 0.00000000000 0.00000000000 0.00000000000
# logsel_p3_fsh[3]:
 0.00000000000 0.00000000000 0.00000000000 0.00000000000 0.00000000000 0.00000000000 0.00000000000 0.00000000000 0.00000000000 0.00000000000 0.00000000000 0.00000000000 0.00000000000 0.00000000000 0.00000000000 0.00000000000 0.00000000000 0.00000000000 0.00000000000 0.00000000000 0.00000000000 0.00000000000 0.00000000000 0.00000000000 0.00000000000 0.00000000000 0.00000000000 0.00000000000 0.00000000000 0.00000000000 0.00000000000 0.00000000000 0.00000000000 0.00000000000 0.00000000000 0.00000000000 0.00000000000 0.00000000000 0.00000000000 0.00000000000 0.00000000000 0.00000000000 0.00000000000 0.00000000000 0.00000000000
# logsel_p3_fsh[4]:
 0.00000000000 0.00000000000 0.00000000000 0.00000000000 0.00000000000 0.00000000000 0.00000000000 0.00000000000 0.00000000000 0.00000000000 0.00000000000 0.00000000000 0.00000000000 0.00000000000 0.00000000000 0.00000000000 0.00000000000 0.00000000000 0.00000000000 0.00000000000 0.00000000000 0.00000000000 0.00000000000 0.00000000000 0.00000000000 0.00000000000 0.00000000000 0.00000000000 0.00000000000 0.00000000000 0.00000000000 0.00000000000 0.00000000000 0.00000000000 0.00000000000 0.00000000000
# rec_dev_future:
 0.00000000000 0.00000000000 0.00000000000 0.00000000000 0.00000000000 0.00000000000 0.00000000000 0.00000000000 0.00000000000 0.00000000000 0.00000000000 0.00000000000 0.00000000000 0.00000000000 0.00000000000 0.00000000000 0.00000000000 0.00000000000 0.00000000000 0.00000000000
# log_q_ind[1]:
1.54784434854
# log_q_ind[2]:
-1.03005484810
# log_q_ind[3]:
-2.06610322871
# log_q_ind[4]:
1.65401687097
# log_q_ind[5]:
-3.68355820911
# log_q_ind[6]:
1.22315354650
# log_q_ind[7]:
-3.40851648464
# log_q_ind[8]:
-2.27339975206
# log_q_power_ind[1]:
0.00000000000
# log_q_power_ind[2]:
0.00000000000
# log_q_power_ind[3]:
0.00000000000
# log_q_power_ind[4]:
0.00000000000
# log_q_power_ind[5]:
0.00000000000
# log_q_power_ind[6]:
0.00000000000
# log_q_power_ind[7]:
0.00000000000
# log_q_power_ind[8]:
0.00000000000
# log_rw_q_ind[1]:
 -0.568979223763
# log_rw_q_ind[3]:
 0.413128610202
# log_rw_q_ind[6]:
 -0.817652688098
# log_selcoffs_ind[1]:
 -3.64455873307 -2.77646197819 -2.10552779045 -1.56019168642 -1.06650682105 -0.538170138531 0.0307084430271 0.569107250812 0.965938309222 1.17142317552
 -4.32569506396 -3.46327829409 -2.63585197365 -1.88108186517 -1.21294698255 -0.580389228970 0.0203789138112 0.580726791432 1.00033225504 1.20814079373
# log_selcoffs_ind[2]:
 -1.07602984324 -0.659836236246 -0.653067566993 -0.829511687992 -0.886083194179 -0.674006580636 -0.230671742360 0.325055954621 0.804876177390 1.04695081996
 -0.0702447311554 -0.336511546271 -0.457603171730 -0.485867914300 -0.450576281176 -0.311912466206 -0.0658040609990 0.231836104565 0.495297364828 0.640850822231
 0.481478656004 0.161215718523 0.0437287999674 -0.0164263245650 -0.136549713629 -0.254632204634 -0.301670896707 -0.234016729780 -0.0793635278759 0.0732414537846
# log_selcoffs_ind[3]:
 -0.202940821038 0.0202027052767 0.0202027052767 0.0202027052767 0.0202027052767 0.0202027052767 0.0202027052767 0.0202027052767 0.0202027052767 0.0202027052767
# log_selcoffs_ind[4]:
 -4.77865961459 -3.84341041408 -2.91981513490 -2.02862998945 -1.18814382471 -0.425069252788 0.212592906623 0.676209383862 0.960006141776 1.10233834219
 -4.90024114743 -4.06032759022 -3.22371583521 -2.39996755962 -1.60095582885 -0.837220868895 -0.102613465076 0.553067632944 1.05184589338 1.31000270159
# log_selcoffs_ind[5]:
 -3.04452005677 -0.669616569639 0.101782682789 0.174353368097 0.174353368097 0.174353368097 0.174353368097 0.174353368097 0.174353368097 0.174353368097
# log_selcoffs_ind[6]:
 -3.04452005677 -0.669616569639 0.101782682789 0.174353368097 0.174353368097 0.174353368097 0.174353368097 0.174353368097 0.174353368097 0.174353368097
# log_selcoffs_ind[7]:
 -0.159493505810 -0.0417104840422 -0.00892066480343 0.0636500205045 0.0636500205045 0.0636500205045
# log_selcoffs_ind[8]:
 -0.171850237190 -0.0540672154223 0.0512932891244 0.0512932891244 0.0512932891244 0.0512932891244
# logsel_slope_ind[1]:
 0.00000000000 0.00000000000
# logsel_slope_ind[2]:
 0.00000000000 0.00000000000 0.00000000000
# logsel_slope_ind[3]:
 0.00000000000
# logsel_slope_ind[4]:
 0.00000000000 0.00000000000
# logsel_slope_ind[5]:
 0.00000000000
# logsel_slope_ind[6]:
 0.00000000000
# logsel_slope_ind[7]:
 0.00000000000
# logsel_slope_ind[8]:
 0.00000000000
# sel50_ind[1]:
 0.00000000000 0.00000000000
# sel50_ind[2]:
 0.00000000000 0.00000000000 0.00000000000
# sel50_ind[3]:
 0.00000000000
# sel50_ind[4]:
 0.00000000000 0.00000000000
# sel50_ind[5]:
 0.00000000000
# sel50_ind[6]:
 0.00000000000
# sel50_ind[7]:
 0.00000000000
# sel50_ind[8]:
 0.00000000000
# logsel_p1_ind[1]:
 0.00000000000 0.00000000000
# logsel_p1_ind[2]:
 0.00000000000 0.00000000000 0.00000000000
# logsel_p1_ind[3]:
 0.00000000000
# logsel_p1_ind[4]:
 0.00000000000 0.00000000000
# logsel_p1_ind[5]:
 0.00000000000
# logsel_p1_ind[6]:
 0.00000000000
# logsel_p1_ind[7]:
 0.00000000000
# logsel_p1_ind[8]:
 0.00000000000
# sel_p2_ind[1]:
 0.00000000000 0.00000000000
# sel_p2_ind[2]:
 0.00000000000 0.00000000000 0.00000000000
# sel_p2_ind[3]:
 0.00000000000
# sel_p2_ind[4]:
 0.00000000000 0.00000000000
# sel_p2_ind[5]:
 0.00000000000
# sel_p2_ind[6]:
 0.00000000000
# sel_p2_ind[7]:
 0.00000000000
# sel_p2_ind[8]:
 0.00000000000
# logsel_p3_ind[1]:
 0.00000000000 0.00000000000
# logsel_p3_ind[2]:
 0.00000000000 0.00000000000 0.00000000000
# logsel_p3_ind[3]:
 0.00000000000
# logsel_p3_ind[4]:
 0.00000000000 0.00000000000
# logsel_p3_ind[5]:
 0.00000000000
# logsel_p3_ind[6]:
 0.00000000000
# logsel_p3_ind[7]:
 0.00000000000
# logsel_p3_ind[8]:
 0.00000000000
