# Number of parameters = 1666 Objective function value = 3962.84507557717  Maximum gradient component = 0.000267456078683707
# Mest[1]:
0.280000000000
# log_Linf[1]:
4.29810139974
# log_k[1]:
-1.83258146375
# log_Lo[1]:
2.60712428251
# log_sdage[1]:
-2.40794560865
# mean_log_rec[1]:
9.29966003140
# steepness[1]:
0.650000000000
# log_Rzero[1]:
9.54831598441
# rec_dev:
 -0.0169339344898 -0.0222395088132 -0.0290605252171 -0.0386812925344 -0.0519509337398 -0.0726188763988 -0.103082395189 -0.145614172695 -0.199580932837 -0.260719035043 -0.511877758710 -0.962649686296 -0.575531216049 -0.175880093235 -0.664564977988 -1.18344471206 -0.337384954130 0.108517484052 0.0212449932469 0.320111785162 0.402740212825 0.490666879938 0.672298756549 0.775722113370 0.836093745421 0.560826191106 0.759280339560 1.68543388064 1.59622759501 0.849522796617 0.622235271185 0.476219830068 0.618596069378 0.932618248439 0.471398397490 0.444466485310 0.633353581601 -0.0376333545495 0.0310194282315 0.300224672223 0.656255468143 0.759980371182 0.518085489367 0.626385216876 -0.216730057626 -0.149880226072 0.192126039225 -0.301251999618 -1.44159737201 -0.695129244741 -0.315407060668 -1.10059053784 -1.54722740547 -1.38817304040 -1.43955226477 -0.949282345706 -0.895531191793 -0.500372909602 -0.0809428271650 -0.0330417994366 -0.558943807392 -0.884221351102
# log_sigmar[1]:
-0.510825623766
# fmort:
 -4.86668620536 -4.45298697712 -5.16755754330 -4.79726633699 -3.96573638789 -3.64780648483 -3.43064421797 -3.49355901802 -2.74777502375 -2.83705498923 -3.18822934564 -2.79750367048 -2.08011231069 -3.10017118060 -2.37215022786 -2.96397626114 -5.30822355981 -3.91624841733 -4.27281551301 -4.37586536913 -4.43919270045 -4.09471195329 -3.98586422282 -3.81944888618 -4.30608174663 -4.06627890509 -3.64125172119 -4.30621095428 -5.22644807954 -4.69079344710 -4.53434103822 -3.88712187655 -4.76095576471 -4.29813540419 -4.06935107039 -3.73505357856 -3.76450704749 -3.27813510965 -2.57644483544 -2.76902984328 -2.37536496565 -3.74417457003 -4.57416997289 -3.97362143989 -3.77568098551 -3.33860715727 -3.64819439275 -3.32283019775 -4.46499690783 -4.83598850355 -3.64075028168
 -7.23533075543 -6.75962835949 -6.22868633774 -5.60870681685 -5.87393748950 -5.21163814667 -4.67387411902 -4.32788056726 -3.89371147924 -3.71328928262 -3.57751576274 -2.84680267306 -2.67518220133 -3.01276257473 -2.67647514363 -2.37972231165 -2.26529336605 -1.99448442417 -1.97662880209 -1.91122777946 -1.84334240039 -1.38747534415 -0.907430725823 -0.749614609551 -0.315742458168 0.250665625932 0.517648385446 0.811705704672 0.535146719250 0.195442506608 -0.0593984454297 0.175773096437 0.283510321080 0.145959083246 0.0990151193770 0.0425219763804 -0.122522379880 -0.0360484021699 -0.256754663740 -0.101751361795 -0.798565630861 -0.974484990713 -0.911580216821 -0.954438632504 -0.854533355634 -0.554515983319 -0.529264615119 -0.573771192534 -0.488479921668 -0.607223464498 -0.439715169940
 -8.47728875865 -7.66129146992 -6.54267806554 -5.74818245959 -4.83550298762 -5.89954741659 -5.27681691003 -3.06846779371 -3.66419005048 -3.89689532435 -3.81238146068 -3.85521952536 -5.01650397723 -5.31897794955 -4.96897952282 -5.50110825257 -6.27593991508 -6.58370728834 -5.48916794599 -5.41753700131 -4.85049573184 -5.01186794960 -5.54296253473 -5.42175344414 -5.03463061047 -3.69079886882 -3.53183822916 -2.90577793967 -2.60424745179 -3.56261203657 -3.72717627144 -2.88113035464 -4.66781938171 -4.23158383851 -4.31963549330 -4.82151800433 -3.51921027498 -3.33344523763 -3.11402023727 -2.86459784857 -3.81701069933 -2.10769947262 -2.36041555525 -2.96311819462 -2.81998686118 -3.24982663045 -3.56221541016 -4.54917375387 -2.48906211557 -1.59934688465 -1.63324432642
 -9.69761271772 -9.60326215809 -7.81984689994 -9.45774098166 -9.39554784731 -9.35114174659 -9.30052753653 -8.52379341409 -5.46607137353 -3.57760320858 -3.77008800042 -3.60445765070 -3.15727355510 -3.10918972222 -2.97315245669 -3.25669681084 -3.33241794983 -3.85244373776 -3.98509142991 -3.89075065040 -3.38749102317 -3.46645472275 -6.09584596823 -9.83221847452 -9.77907197814 -9.45166979788 -9.26243463872 -8.85321273284 -8.36648128918 -8.67325626591 -8.24222157519 -5.84739644671 -3.88575793185 -2.24590182993 -1.24050421387 -1.55354541466 -1.16150496422 -0.364729158174 0.603960643982 1.35115794638 1.13155147562 -0.755471662848 -1.29009220887 -1.38335330467 -0.115973254333 0.839545820150 0.198539338818 -0.603349959492 -0.984956832196 -1.55328724456 -3.72471226085
# log_selcoffs_fsh[1]:
 -3.68913737401 -2.11192792052 -1.05570534955 0.0304422382258 0.869095740408 1.01555864426 0.345751445458 -0.519959690530 -1.13354549468
 -3.18509180137 -1.48568441821 -0.803894616575 -0.0107075773465 0.763539100576 0.945155015195 0.394888849457 -0.366929489365 -0.918295391687
 -2.85588819357 -1.29531060590 -0.452956671113 0.256279514087 0.735518076283 0.741989957318 0.300153566439 -0.305727865370 -0.760363378869
 -2.50512011300 -1.12165201059 -0.395507132316 0.209124304117 0.768654253096 0.703158553193 0.229285100175 -0.303252041922 -0.666392828028
 -1.93517856008 -0.346358602370 0.0592629608263 0.338421300052 0.499775910160 0.432674625029 0.128251530803 -0.254458231433 -0.540159403316
 -1.86519903206 -0.604777799788 0.443165065256 0.715246931650 0.357657630415 0.116356380671 -0.119628164905 -0.373873531889 -0.565754528856
 -1.61063687450 -0.502200593638 0.484576550501 0.786220310532 0.361153482007 -0.0112877720033 -0.266281523554 -0.459840846330 -0.588600008057
 -1.16097192606 -0.355813018758 0.505682362729 0.825133915449 0.286480081032 -0.113179549289 -0.371909361027 -0.528719500015 -0.611725801821
 -0.840184684898 0.162033943972 0.369206287660 0.608564070966 0.375484472334 -0.107837025058 -0.423035348043 -0.571355850179 -0.625848396652
 -0.674586923454 0.337595877334 0.540518761982 0.550184871763 0.201711018320 -0.239290485172 -0.527771976695 -0.641530826319 -0.670399725806
 -0.178776457848 0.828132600969 0.468019362745 0.223490742651 -0.138066171583 -0.441151222704 -0.633989517649 -0.706338508414 -0.715087735768
 0.0648239886813 0.756425888140 0.606910828272 0.220275868585 -0.298229289712 -0.583964169222 -0.721153014342 -0.763845268513 -0.756451605003
 -0.174536973116 1.06808239264 0.634028895339 -0.0126707255171 -0.511443141198 -0.744706586668 -0.832685586633 -0.844128331083 -0.824520341131
 0.380681401029 1.00794247623 0.539130761529 -0.126106215928 -0.644745071618 -0.844846556574 -0.899055723451 -0.884720898811 -0.852093208298
 0.233879649841 1.24895258039 0.398201525444 -0.292076521624 -0.771112906534 -0.952808668487 -0.984328946079 -0.948500472565 -0.904368265654
 -0.444535910675 1.27598944110 0.720423132584 -0.207922670757 -0.815726538666 -1.01905111559 -1.05031367498 -1.00056291939 -0.945961362679
 -0.410590728941 1.22891257731 0.751476243240 -0.108768158782 -0.786628841273 -1.02840982088 -1.06994210006 -1.01803841944 -0.954822179503
 0.251079188585 1.00620278524 0.750952424934 -0.0787942432162 -0.753888508754 -1.01243283086 -1.06291288762 -1.00805785842 -0.936740219953
 0.716949674322 1.00285923966 0.431870309599 -0.232175260254 -0.798803262570 -1.03495855457 -1.08331673759 -1.02215504692 -0.943100933346
 0.396703471311 1.17270281926 0.532203940062 -0.282230152971 -0.870655384984 -1.08653627472 -1.11520580652 -1.03744058412 -0.948496861812
 0.574718348843 1.21572931237 0.378614391971 -0.434402870027 -0.975541061136 -1.15759336028 -1.15665883852 -1.05163543799 -0.947845734835
 0.331713599952 1.32013763493 0.474817209753 -0.514363096187 -1.09153086507 -1.24559565099 -1.20553989702 -1.06621148278 -0.942131859158
 0.470896073492 1.22705568795 0.527731140174 -0.457547476903 -1.09679201934 -1.27694184056 -1.22537540347 -1.05588895048 -0.903560527565
 0.316082647553 1.31204853726 0.473039044556 -0.471503872485 -1.08779671690 -1.27314730378 -1.22583278487 -1.03899206369 -0.864352692804
 0.639841464445 1.20526497970 0.325903008326 -0.495954793867 -1.05656613275 -1.23672024463 -1.18044413740 -0.983152455116 -0.792632557409
 0.682096501296 1.17005415809 0.272967006473 -0.489708302923 -1.05449910419 -1.21555746878 -1.11997057116 -0.895676367335 -0.705992759052
 0.0222358106753 1.28950482885 0.488108010685 -0.366898374316 -1.02521698934 -1.16182513545 -1.03323757638 -0.793269660113 -0.607764618778
 0.381687902837 1.06147654647 0.495335834018 -0.353453326979 -0.929237768254 -1.06154771858 -0.902233687497 -0.649217332055 -0.458218007871
 1.08346866261 0.650631781799 -0.0231529282167 -0.547232442920 -0.869719862798 -0.925884105452 -0.776956822540 -0.528301749890 -0.345287650385
 0.523619524743 0.962505027462 0.0531121419248 -0.584189614134 -0.764887141541 -0.711242993007 -0.553031555773 -0.341754381301 -0.175098177643
 0.282901151562 0.845928299343 -0.0684471718207 -0.541992006030 -0.586624312739 -0.458547925752 -0.281481802297 -0.126569757707 0.00326946071040
 0.0625454024280 0.426245267125 -0.190335912359 -0.448609989863 -0.361020933672 -0.159748321995 0.0255965325719 0.137689395637 0.195481023840
 -0.920802569996 0.0263205239860 -0.208984194946 -0.300410733861 -0.0980163680309 0.106778497298 0.279002973243 0.302172341319 0.284638361447
 -1.43861919245 -0.665715821250 -0.543690072159 -0.230206180878 0.123363352159 0.298831908638 0.472453419469 0.373500981439 0.290841794916
 -0.972598407847 -0.400929001438 -0.760876835546 -0.590084996044 -0.124646977369 0.268217435659 0.487208016904 0.477910158837 0.405305609831
 -0.150617417674 -1.16152670211 -1.22073872251 -0.767752766040 -0.174380710732 0.300134257136 0.530246524258 0.509860835967 0.414306429522
 -1.07230844420 -1.30770177008 -1.27407194727 -0.683467665303 -0.0147414053877 0.435281468456 0.635595635456 0.540054490194 0.383748778034
 -1.62594596420 -1.13286261331 -1.04752346500 -0.638449681600 -0.0315183454957 0.475752973561 0.616885209202 0.524650195260 0.392741583087
# log_selcoffs_fsh[2]:
 -2.20770533815 -0.359631187597 0.492003279244 0.939695525408 0.692265804247 0.167509434661 -0.304006720629 -0.740831959628 -1.09266893174 -1.32112743533
 -1.98083385140 -0.0597540885998 -0.192724795446 0.378479461231 0.824446606051 0.669199694635 0.0817208268786 -0.516889290968 -0.921549765906 -1.13147166941
 -2.46826626622 -0.556442715338 -0.107547990241 0.309736267705 0.778553886408 0.752178896486 0.215844044317 -0.375784911557 -0.761096745409 -0.951465512666
 -2.86714357850 -1.18780037205 -0.204315554472 0.307838420296 0.748386597240 0.803099664387 0.265770901524 -0.249856297911 -0.581147944330 -0.746717824725
 -2.47930479109 -0.877030889034 -0.671954025117 -0.121017110700 0.612164614399 0.829505103124 0.436870240539 0.0159360896270 -0.277812594060 -0.437741726405
 -2.07145688298 -0.848812685381 -0.496311720025 -0.329694545593 0.190433889061 0.576575749835 0.552597344946 0.327490491654 0.0814207195447 -0.0851411649570
 -2.80752948569 -1.39596164083 -0.371540212060 -0.102222124879 0.0119284311499 0.302718377018 0.511867410690 0.473792062688 0.285853316594 0.121016550862
 -3.37855965883 -2.31679057888 -1.35096878067 -0.479242721383 0.124653391790 0.460801409498 0.649463683853 0.549156608789 0.355064212565 0.180983136726
 -3.69590669646 -2.60490028602 -1.92301600338 -1.09783602855 -0.235884650048 0.305168637988 0.650971076925 0.767659656919 0.599626128878 0.322970170599
 -3.90641671247 -2.56549141813 -1.79660783024 -1.29961841677 -0.783803699633 -0.139167831936 0.427608296157 0.901524522980 0.901216230905 0.517736578574
 -3.91575602873 -2.30670908598 -1.42591363859 -0.951369427047 -0.650801220557 -0.355350349174 0.159035287132 0.751546664788 0.955272890370 0.760522614953
 -3.99188738483 -2.45166020176 -1.46221042927 -0.893197816715 -0.547036214080 -0.283659241347 0.260665180585 0.662865829963 0.844719991496 0.857460526129
 -3.80282023222 -1.99324969330 -1.27763098360 -0.700230601185 -0.406171195484 -0.354435996331 0.00256712049566 0.415972368229 0.810299618759 1.07551830481
 -3.31322959872 -1.84680826304 -1.13514197677 -0.747186419176 -0.599029747346 -0.446976782744 -0.154532151408 0.270165815846 0.813784351102 1.22332125709
 -2.99008480829 -0.751542923029 -1.04954851629 -1.03616191573 -1.11461474784 -0.920480660247 -0.412809582097 0.177943794852 0.856050240141 1.34453655725
 -2.99547973204 -0.655328048490 -0.519200298751 -1.04465674580 -1.37096845266 -1.23248932934 -0.717655469592 0.0326980767510 0.833854448299 1.41468049420
 -2.78350189715 -0.995999540692 -0.614105442578 -0.818111318039 -1.28613071541 -1.32914132278 -0.903878249725 -0.152081794483 0.781686889408 1.52525678210
 -3.12547170345 -1.31085660245 -0.778087576635 -0.683721100824 -1.05161907194 -1.24747248230 -0.973339589080 -0.292590412390 0.685488641038 1.60482448423
 -3.32077830676 -1.60828704080 -1.05325223798 -0.881365126721 -0.959414329059 -1.02169411375 -0.849904130340 -0.292878411405 0.642494082131 1.64533368627
 -3.43936716922 -1.79219989848 -1.45100945632 -1.09480869816 -1.02394533836 -0.880727816948 -0.623541481837 -0.159009368026 0.697537662202 1.62154370348
 -3.38486385254 -1.84795944553 -1.28761674293 -1.08484404115 -1.12718543633 -1.01098235264 -0.580641200880 0.00820950336665 0.750998036356 1.57276885321
 -3.61380634985 -1.70942825601 -1.21598211493 -0.886187992846 -1.06469854556 -1.07603232879 -0.692651132495 0.0222974643738 0.852740409684 1.51045664028
 -3.86118770986 -2.22891773669 -1.13792507364 -0.670982402287 -0.659853988057 -0.910058086703 -0.742591694217 -0.180089582269 0.758325922614 1.54210530891
 -3.89095293499 -2.54862642291 -1.39001239414 -0.621215231025 -0.227442508360 -0.353142366424 -0.423974509761 -0.0651454527023 0.701226619232 1.38838720810
 -3.80194776999 -2.33375275608 -1.53417487796 -0.943739104765 -0.380548156630 -0.0141138046240 0.0816861908665 0.188847651928 0.720547954954 1.18109341894
 -3.84265469489 -2.48025758854 -1.74564487894 -0.960923343494 -0.305831280595 0.0948241510377 0.359708096964 0.698831866018 0.753219105003 0.659411821453
 -3.91967280069 -1.94348163425 -1.26030998544 -0.603223181900 -0.324347583206 0.324839292690 0.571941408531 0.792751145166 0.473668305058 0.271922293806
 -3.84839119738 -1.54779718919 -0.621520375208 -0.127138470781 -0.104851033042 -0.115517570486 0.517994710889 0.645590235347 0.427705103866 0.362810375586
 -3.80904617894 -2.06434855352 -1.10293123348 0.220699792972 0.320627659945 -0.151897191346 -0.0143609418332 0.238487386692 0.517660037137 0.742817532695
 -4.03326287290 -2.14248287003 -0.790356923216 0.0753327149741 0.693140040522 0.192676693304 -0.414224432120 -0.317212710940 0.327138919045 0.852070383595
 -4.01912039650 -1.89225987966 -0.516099837504 0.237646240116 0.450918094420 0.219081645293 -0.115443409218 -0.328238546512 0.164348907180 0.859391453102
 -4.13588026214 -2.18090998560 -1.12019802056 -0.340536465149 0.282245013065 0.538727280003 0.371827913658 0.175352023709 0.263775776650 0.614999654478
 -3.85586076685 -1.79449233533 -1.51819816704 -1.08344646845 -0.337785889246 0.398019963349 0.923414614743 0.570598170433 0.314488550879 0.333697344735
 -4.41109382243 -2.19098300215 -1.33770504180 -0.815010835896 -0.334377999651 0.231551711410 0.750267553330 0.777945855612 0.452428330890 0.283632180350
 -4.62879498470 -2.54607212493 -1.61374685764 -0.891423232381 -0.230665125152 0.282671988743 0.617001668201 0.787175101608 0.561734676866 0.320416997462
 -4.88694779849 -3.01636502905 -1.84684524129 -1.00729492050 -0.223204736295 0.200965498626 0.578849886132 0.832579097595 0.638308626521 0.351713464260
 -5.04446292964 -3.48996447892 -2.45123487578 -1.37971542539 -0.253687170215 0.502451046069 0.687313326004 0.797992235164 0.547064216948 0.230237224007
 -5.08492798633 -3.62890325242 -3.02972146342 -2.19982616840 -0.915491558695 0.366391060590 1.05063086989 0.921065210796 0.433846906252 0.0494309810194
# log_selcoffs_fsh[3]:
 -3.54664766158 -1.31082616839 1.37836998856 0.634806408135 -0.582970285706 -1.69496882742 -2.25709079789
 -3.36566374251 -0.887479323001 1.39258961020 0.570854809887 -0.725258501077 -1.74879485250 -2.29713655083
 -2.99066784801 -0.705687920222 1.48594526777 0.310957648476 -0.886961513172 -1.81044578781 -2.33698347450
 -2.92671663350 -0.148929963374 1.45354940462 0.170665536070 -0.990696454013 -1.85664584200 -2.37604519841
 -2.65140020486 -0.681647544552 1.43008091215 0.401696771344 -0.738954021403 -1.73321493852 -2.34402562930
 -1.92487946732 -0.341189921072 1.11651951432 0.746583354250 -0.399361588068 -1.57052521089 -2.29746022968
 -0.930829748837 0.302529063106 0.717638793653 0.789908956059 -0.360268548022 -1.58030259740 -2.34017460911
 -1.26093578989 0.491112667763 0.990067213981 0.447383601537 -0.599128624023 -1.68375157641 -2.38724882891
 -1.91016792101 0.580117562127 1.15292168997 0.191607125246 -0.823681754194 -1.81756919126 -2.45533246384
 -2.30884086872 -0.248441643139 1.41298442336 0.339816611339 -0.947991795515 -1.95996744741 -2.53402473529
 -2.63153562115 -0.591188672879 1.43114000098 0.498656608850 -1.05707232166 -2.09036662552 -2.61351890239
 -2.68384582364 -0.402981711694 1.41716221402 0.473494624577 -1.06887680148 -2.13171908115 -2.65418252549
 -2.52414775926 -0.188510894611 1.28978026596 0.633832084237 -0.963320823211 -2.09975408728 -2.64840232315
 -2.16795323079 0.653638357017 1.18307482794 0.168319471654 -1.12913142988 -2.12312487592 -2.62577316111
 -2.00583939659 -0.0586069330673 1.45454452398 0.153113673221 -1.26268928813 -2.16280791871 -2.57057428662
 -1.63528173838 0.0713576835351 1.52487004291 -0.301294953170 -1.57520885102 -2.23864318965 -2.48694050895
 -1.52433193451 0.677808768234 1.35028271441 -0.543853395584 -1.75524197781 -2.24749295745 -2.35257467272
 -2.38790463572 0.603742774738 1.43440229486 -0.705002041258 -1.82716459408 -2.18645997854 -2.16455453018
 -2.55108969601 1.07301659340 1.08115790822 -0.565567234378 -1.64842035986 -1.98264978799 -1.88631341432
 -2.84144474574 0.826752047946 1.18698305289 -0.259811519600 -1.43020145415 -1.76737592641 -1.62273085171
 -2.74252779131 0.833488240696 1.15012906443 -0.298121114297 -1.28985265534 -1.55807933362 -1.39595352652
 -2.59782272857 0.508934263129 1.27833215461 -0.268845496646 -1.19295350212 -1.32357509348 -1.08579371257
 -2.70618313753 -0.379464777679 1.48791248811 -0.408512290851 -1.15967191694 -1.06956601400 -0.693639886976
 -2.22771262031 0.377893715858 1.18884863921 -0.202517398519 -1.00929254962 -0.966928903301 -0.530483311266
 -2.14167661031 0.162351453377 1.11850091906 0.211711223844 -0.842026218105 -0.970735337519 -0.509870312209
 -2.22967422187 1.24133597761 0.0133404326440 0.192752492797 -0.858324926468 -1.17800382991 -0.745648231619
 -1.83643801852 1.32303645554 0.292203755478 -0.505625804477 -1.11678314635 -1.13284544501 -0.705502983371
 -1.61116558208 0.512032567877 1.06139929063 -0.283383915094 -1.06449202714 -0.924993060345 -0.292245818775
 -1.92580066831 0.118788424335 1.14765119612 -0.353557156592 -1.09584016518 -0.769990447449 0.0749809600072
 -1.91014220959 0.393607390714 0.633858390972 -0.308376658701 -0.980793656857 -0.560134439285 0.589989239880
 -2.23062459450 0.550826899225 0.109577180327 -0.446374643371 -1.13988170714 -0.785936042542 0.965671878381
 -2.83628558623 -0.403557284517 1.37949480487 -0.272933326806 -1.16931315602 -1.03288774203 -0.136023746556
 -2.72697651891 -0.581342028691 0.908132782235 0.670071808228 -0.541125516948 -0.677368671245 -0.160960757616
 -2.50480994550 0.236882762785 0.666768606581 0.371920922158 -0.313339872060 -0.458698696183 -0.117142528894
 -2.39381455213 -0.148068027919 0.687285653906 0.0618636152171 -0.379766419408 -0.144882502441 0.368159894867
 -2.54267445371 -0.537312612197 -0.00530133162455 -0.472261011431 -0.548670716993 0.119894648867 1.10314498297
 -3.07505838362 -0.958287420022 -0.0489391124480 -0.647414249887 -0.819348383608 0.0333534892779 1.28647201693
 -3.59200966019 -0.639212377558 0.312138169030 -0.852343816992 -1.11909381054 -0.136332060597 1.23920374079
 -3.89797814595 -1.25941217797 -0.217338060622 -1.22955063662 -1.40119542585 -0.274691189856 1.52446926342
 -4.08288572037 -2.39992172035 -0.679318580575 -1.06224916975 -1.43179898022 -0.369662803099 1.63118578866
 -4.27087487484 -2.89881765518 -1.36108079128 -0.723270450179 -1.53954059623 -0.561742197958 1.68726919670
# log_selcoffs_fsh[4]:
 -0.442237577752 0.0458972230158 0.415362406776 0.541183514125 0.333110557813 -0.0215934708015 -0.369505900761 -0.620438471342 -0.744959389611
 -0.461541791742 0.0732070470581 0.453456528582 0.535031062349 0.326449210636 -0.0459139095736 -0.397243674858 -0.638532571307 -0.752700149953
 -0.518667266267 0.112314657254 0.526705773830 0.562445289341 0.283859510366 -0.105529085711 -0.451669432490 -0.673946802088 -0.769669441524
 -0.618441265058 0.187582684180 0.648306262556 0.576907560047 0.209596012021 -0.211130072997 -0.537906407825 -0.726057317388 -0.795329189462
 -0.801292947250 0.364873897305 0.809810750674 0.547305786419 0.0543715555306 -0.379066706687 -0.668129150223 -0.802506811007 -0.835633803798
 -0.751847299538 0.293338638457 0.786651659930 0.585832765879 0.0696875558188 -0.399260772585 -0.670161756364 -0.757858028465 -0.751185023241
 -0.798731151535 0.374581979344 0.808878195344 0.555607084289 -0.00530261265032 -0.473986699831 -0.703351658796 -0.726886683884 -0.669882824408
 -1.03296235608 0.637089344881 0.864470945934 0.430195770308 -0.188643613834 -0.635278254379 -0.789816765339 -0.725010251690 -0.605769020331
 -1.56844424545 1.05715976256 0.836556720603 0.178474859681 -0.513703752812 -0.901720300552 -0.948847851264 -0.774968000226 -0.584119100086
 -1.24174920861 0.565772143694 1.14188567345 0.272025948084 -0.618911474878 -1.02798615267 -0.970499226890 -0.648697614353 -0.346517467684
 -1.24704540472 0.260228473217 1.35143508092 0.0910893934348 -0.882366061848 -1.24046372457 -1.05817668473 -0.581012354507 -0.165327311454
 -1.07579840722 0.741614514811 1.14823614424 -0.109107808139 -1.12453064212 -1.44876792120 -1.14997813332 -0.506120543192 0.0307754101853
 -0.873329088752 0.732200814296 1.06563344178 -0.488907158371 -1.41770049267 -1.60661537945 -1.17592558353 -0.307879178265 0.405759825064
 -0.545476203538 0.924845347099 0.540277749479 -0.711175245693 -1.59791232144 -1.68665221068 -1.06002667857 -0.0677415822052 0.704581675779
 -0.257100060227 0.665980503516 0.0983154794498 -1.09242010668 -1.85835001968 -1.79265966749 -0.969571969608 0.201322675402 1.07051637808
 -0.194571378968 0.0781466177804 -0.672286207937 -1.67171133534 -2.21728271485 -1.95602004056 -0.946252522127 0.432395448081 1.43926714487
 -0.759380235158 -0.444952448125 -1.70467243699 -2.44914397753 -2.74856385549 -2.25685197571 -1.07629752319 0.535434434019 1.68736973561
 -0.392539628926 -0.877563911553 -1.93034332567 -2.78962788503 -2.97888721490 -2.33651233602 -0.987991702322 0.582892731979 1.68478166521
 -0.431117797309 -1.36439393556 -2.38029276585 -3.19750905113 -3.31696315094 -2.53361665590 -1.04546148333 0.648634614598 1.71940450162
 -1.07726174165 -2.09561323187 -3.03443880938 -3.68979979632 -3.69598337259 -2.88050199684 -1.40676840644 0.442827128874 1.88410065885
 -1.92939316439 -2.88370022607 -3.53395982499 -4.13762834113 -4.14309408929 -3.18741024647 -1.54500637094 0.583133251293 1.90085008814
 -1.64478804855 -2.86878747353 -3.49079747365 -3.91845869116 -3.77062466010 -2.74338094174 -0.948051897611 0.696842519994 1.82737449549
 -2.64518482142 -3.12903293654 -3.29454692625 -3.78299865149 -3.48398945682 -2.02744726387 0.135533169232 1.01712181120 1.55870878181
 -3.01229201660 -3.36269995381 -3.62753719856 -3.74996753028 -3.23018785533 -1.86368772011 -0.144282766367 1.05253945739 1.59754133903
 -3.27509859057 -3.65091784761 -3.92567289756 -3.90147663101 -3.25472966125 -1.89758480330 -0.167301981169 1.28250125807 1.44836865953
 -3.25858909811 -3.74136706174 -4.04022051904 -3.96103871421 -3.27275772327 -1.92208985042 -0.264246959548 1.08585540564 1.60688259059
 -3.48485524081 -3.97026188625 -4.28993936862 -4.17565517253 -3.51274337437 -2.28293775849 -0.516093700399 1.07850859064 1.65869744898
 -3.84368163798 -3.90855181255 -4.04064469857 -3.73718468853 -3.22436077023 -2.24186726263 -0.689470794447 0.926168093313 1.74822724354
 -3.37135635444 -3.36095230129 -3.18248296123 -2.77569799011 -2.18842839603 -1.24323216328 -0.191556790614 0.883911608310 1.64492118271
 -3.65822380257 -3.33498876157 -3.04982212536 -2.53130305220 -1.83351607286 -0.975214055622 -0.0497634965940 0.903813614231 1.57985801869
 -3.47723651156 -2.91927133504 -2.59834436482 -2.26735318864 -1.73232718996 -0.871162822175 0.0372490746763 0.929051033488 1.51989780485
 -3.21806556466 -2.59415158461 -2.78717873506 -2.81465521103 -2.24526936400 -1.21430871926 -0.0599337910194 0.942317412554 1.57963337010
# log_sel_spl_fsh[1]:
 0.00000000000 0.00000000000 0.00000000000 0.00000000000
 0.00000000000 0.00000000000 0.00000000000 0.00000000000
 0.00000000000 0.00000000000 0.00000000000 0.00000000000
 0.00000000000 0.00000000000 0.00000000000 0.00000000000
 0.00000000000 0.00000000000 0.00000000000 0.00000000000
 0.00000000000 0.00000000000 0.00000000000 0.00000000000
 0.00000000000 0.00000000000 0.00000000000 0.00000000000
 0.00000000000 0.00000000000 0.00000000000 0.00000000000
 0.00000000000 0.00000000000 0.00000000000 0.00000000000
 0.00000000000 0.00000000000 0.00000000000 0.00000000000
 0.00000000000 0.00000000000 0.00000000000 0.00000000000
 0.00000000000 0.00000000000 0.00000000000 0.00000000000
 0.00000000000 0.00000000000 0.00000000000 0.00000000000
 0.00000000000 0.00000000000 0.00000000000 0.00000000000
 0.00000000000 0.00000000000 0.00000000000 0.00000000000
 0.00000000000 0.00000000000 0.00000000000 0.00000000000
 0.00000000000 0.00000000000 0.00000000000 0.00000000000
 0.00000000000 0.00000000000 0.00000000000 0.00000000000
 0.00000000000 0.00000000000 0.00000000000 0.00000000000
 0.00000000000 0.00000000000 0.00000000000 0.00000000000
 0.00000000000 0.00000000000 0.00000000000 0.00000000000
 0.00000000000 0.00000000000 0.00000000000 0.00000000000
 0.00000000000 0.00000000000 0.00000000000 0.00000000000
 0.00000000000 0.00000000000 0.00000000000 0.00000000000
 0.00000000000 0.00000000000 0.00000000000 0.00000000000
 0.00000000000 0.00000000000 0.00000000000 0.00000000000
 0.00000000000 0.00000000000 0.00000000000 0.00000000000
 0.00000000000 0.00000000000 0.00000000000 0.00000000000
 0.00000000000 0.00000000000 0.00000000000 0.00000000000
 0.00000000000 0.00000000000 0.00000000000 0.00000000000
 0.00000000000 0.00000000000 0.00000000000 0.00000000000
 0.00000000000 0.00000000000 0.00000000000 0.00000000000
 0.00000000000 0.00000000000 0.00000000000 0.00000000000
 0.00000000000 0.00000000000 0.00000000000 0.00000000000
 0.00000000000 0.00000000000 0.00000000000 0.00000000000
 0.00000000000 0.00000000000 0.00000000000 0.00000000000
 0.00000000000 0.00000000000 0.00000000000 0.00000000000
 0.00000000000 0.00000000000 0.00000000000 0.00000000000
# log_sel_spl_fsh[2]:
 0.00000000000 0.00000000000 0.00000000000 0.00000000000
 0.00000000000 0.00000000000 0.00000000000 0.00000000000
 0.00000000000 0.00000000000 0.00000000000 0.00000000000
 0.00000000000 0.00000000000 0.00000000000 0.00000000000
 0.00000000000 0.00000000000 0.00000000000 0.00000000000
 0.00000000000 0.00000000000 0.00000000000 0.00000000000
 0.00000000000 0.00000000000 0.00000000000 0.00000000000
 0.00000000000 0.00000000000 0.00000000000 0.00000000000
 0.00000000000 0.00000000000 0.00000000000 0.00000000000
 0.00000000000 0.00000000000 0.00000000000 0.00000000000
 0.00000000000 0.00000000000 0.00000000000 0.00000000000
 0.00000000000 0.00000000000 0.00000000000 0.00000000000
 0.00000000000 0.00000000000 0.00000000000 0.00000000000
 0.00000000000 0.00000000000 0.00000000000 0.00000000000
 0.00000000000 0.00000000000 0.00000000000 0.00000000000
 0.00000000000 0.00000000000 0.00000000000 0.00000000000
 0.00000000000 0.00000000000 0.00000000000 0.00000000000
 0.00000000000 0.00000000000 0.00000000000 0.00000000000
 0.00000000000 0.00000000000 0.00000000000 0.00000000000
 0.00000000000 0.00000000000 0.00000000000 0.00000000000
 0.00000000000 0.00000000000 0.00000000000 0.00000000000
 0.00000000000 0.00000000000 0.00000000000 0.00000000000
 0.00000000000 0.00000000000 0.00000000000 0.00000000000
 0.00000000000 0.00000000000 0.00000000000 0.00000000000
 0.00000000000 0.00000000000 0.00000000000 0.00000000000
 0.00000000000 0.00000000000 0.00000000000 0.00000000000
 0.00000000000 0.00000000000 0.00000000000 0.00000000000
 0.00000000000 0.00000000000 0.00000000000 0.00000000000
 0.00000000000 0.00000000000 0.00000000000 0.00000000000
 0.00000000000 0.00000000000 0.00000000000 0.00000000000
 0.00000000000 0.00000000000 0.00000000000 0.00000000000
 0.00000000000 0.00000000000 0.00000000000 0.00000000000
 0.00000000000 0.00000000000 0.00000000000 0.00000000000
 0.00000000000 0.00000000000 0.00000000000 0.00000000000
 0.00000000000 0.00000000000 0.00000000000 0.00000000000
 0.00000000000 0.00000000000 0.00000000000 0.00000000000
 0.00000000000 0.00000000000 0.00000000000 0.00000000000
 0.00000000000 0.00000000000 0.00000000000 0.00000000000
# log_sel_spl_fsh[3]:
 0.00000000000 0.00000000000 0.00000000000 0.00000000000
 0.00000000000 0.00000000000 0.00000000000 0.00000000000
 0.00000000000 0.00000000000 0.00000000000 0.00000000000
 0.00000000000 0.00000000000 0.00000000000 0.00000000000
 0.00000000000 0.00000000000 0.00000000000 0.00000000000
 0.00000000000 0.00000000000 0.00000000000 0.00000000000
 0.00000000000 0.00000000000 0.00000000000 0.00000000000
 0.00000000000 0.00000000000 0.00000000000 0.00000000000
 0.00000000000 0.00000000000 0.00000000000 0.00000000000
 0.00000000000 0.00000000000 0.00000000000 0.00000000000
 0.00000000000 0.00000000000 0.00000000000 0.00000000000
 0.00000000000 0.00000000000 0.00000000000 0.00000000000
 0.00000000000 0.00000000000 0.00000000000 0.00000000000
 0.00000000000 0.00000000000 0.00000000000 0.00000000000
 0.00000000000 0.00000000000 0.00000000000 0.00000000000
 0.00000000000 0.00000000000 0.00000000000 0.00000000000
 0.00000000000 0.00000000000 0.00000000000 0.00000000000
 0.00000000000 0.00000000000 0.00000000000 0.00000000000
 0.00000000000 0.00000000000 0.00000000000 0.00000000000
 0.00000000000 0.00000000000 0.00000000000 0.00000000000
 0.00000000000 0.00000000000 0.00000000000 0.00000000000
 0.00000000000 0.00000000000 0.00000000000 0.00000000000
 0.00000000000 0.00000000000 0.00000000000 0.00000000000
 0.00000000000 0.00000000000 0.00000000000 0.00000000000
 0.00000000000 0.00000000000 0.00000000000 0.00000000000
 0.00000000000 0.00000000000 0.00000000000 0.00000000000
 0.00000000000 0.00000000000 0.00000000000 0.00000000000
 0.00000000000 0.00000000000 0.00000000000 0.00000000000
 0.00000000000 0.00000000000 0.00000000000 0.00000000000
 0.00000000000 0.00000000000 0.00000000000 0.00000000000
 0.00000000000 0.00000000000 0.00000000000 0.00000000000
 0.00000000000 0.00000000000 0.00000000000 0.00000000000
 0.00000000000 0.00000000000 0.00000000000 0.00000000000
 0.00000000000 0.00000000000 0.00000000000 0.00000000000
 0.00000000000 0.00000000000 0.00000000000 0.00000000000
 0.00000000000 0.00000000000 0.00000000000 0.00000000000
 0.00000000000 0.00000000000 0.00000000000 0.00000000000
 0.00000000000 0.00000000000 0.00000000000 0.00000000000
 0.00000000000 0.00000000000 0.00000000000 0.00000000000
 0.00000000000 0.00000000000 0.00000000000 0.00000000000
 0.00000000000 0.00000000000 0.00000000000 0.00000000000
# log_sel_spl_fsh[4]:
 0.00000000000 0.00000000000 0.00000000000 0.00000000000
 0.00000000000 0.00000000000 0.00000000000 0.00000000000
 0.00000000000 0.00000000000 0.00000000000 0.00000000000
 0.00000000000 0.00000000000 0.00000000000 0.00000000000
 0.00000000000 0.00000000000 0.00000000000 0.00000000000
 0.00000000000 0.00000000000 0.00000000000 0.00000000000
 0.00000000000 0.00000000000 0.00000000000 0.00000000000
 0.00000000000 0.00000000000 0.00000000000 0.00000000000
 0.00000000000 0.00000000000 0.00000000000 0.00000000000
 0.00000000000 0.00000000000 0.00000000000 0.00000000000
 0.00000000000 0.00000000000 0.00000000000 0.00000000000
 0.00000000000 0.00000000000 0.00000000000 0.00000000000
 0.00000000000 0.00000000000 0.00000000000 0.00000000000
 0.00000000000 0.00000000000 0.00000000000 0.00000000000
 0.00000000000 0.00000000000 0.00000000000 0.00000000000
 0.00000000000 0.00000000000 0.00000000000 0.00000000000
 0.00000000000 0.00000000000 0.00000000000 0.00000000000
 0.00000000000 0.00000000000 0.00000000000 0.00000000000
 0.00000000000 0.00000000000 0.00000000000 0.00000000000
 0.00000000000 0.00000000000 0.00000000000 0.00000000000
 0.00000000000 0.00000000000 0.00000000000 0.00000000000
 0.00000000000 0.00000000000 0.00000000000 0.00000000000
 0.00000000000 0.00000000000 0.00000000000 0.00000000000
 0.00000000000 0.00000000000 0.00000000000 0.00000000000
 0.00000000000 0.00000000000 0.00000000000 0.00000000000
 0.00000000000 0.00000000000 0.00000000000 0.00000000000
 0.00000000000 0.00000000000 0.00000000000 0.00000000000
 0.00000000000 0.00000000000 0.00000000000 0.00000000000
 0.00000000000 0.00000000000 0.00000000000 0.00000000000
 0.00000000000 0.00000000000 0.00000000000 0.00000000000
 0.00000000000 0.00000000000 0.00000000000 0.00000000000
 0.00000000000 0.00000000000 0.00000000000 0.00000000000
# logsel_slope_fsh[1]:
 0.00000000000 0.00000000000 0.00000000000 0.00000000000 0.00000000000 0.00000000000 0.00000000000 0.00000000000 0.00000000000 0.00000000000 0.00000000000 0.00000000000 0.00000000000 0.00000000000 0.00000000000 0.00000000000 0.00000000000 0.00000000000 0.00000000000 0.00000000000 0.00000000000 0.00000000000 0.00000000000 0.00000000000 0.00000000000 0.00000000000 0.00000000000 0.00000000000 0.00000000000 0.00000000000 0.00000000000 0.00000000000 0.00000000000 0.00000000000 0.00000000000 0.00000000000 0.00000000000 0.00000000000
# logsel_slope_fsh[2]:
 0.00000000000 0.00000000000 0.00000000000 0.00000000000 0.00000000000 0.00000000000 0.00000000000 0.00000000000 0.00000000000 0.00000000000 0.00000000000 0.00000000000 0.00000000000 0.00000000000 0.00000000000 0.00000000000 0.00000000000 0.00000000000 0.00000000000 0.00000000000 0.00000000000 0.00000000000 0.00000000000 0.00000000000 0.00000000000 0.00000000000 0.00000000000 0.00000000000 0.00000000000 0.00000000000 0.00000000000 0.00000000000 0.00000000000 0.00000000000 0.00000000000 0.00000000000 0.00000000000 0.00000000000
# logsel_slope_fsh[3]:
 0.00000000000 0.00000000000 0.00000000000 0.00000000000 0.00000000000 0.00000000000 0.00000000000 0.00000000000 0.00000000000 0.00000000000 0.00000000000 0.00000000000 0.00000000000 0.00000000000 0.00000000000 0.00000000000 0.00000000000 0.00000000000 0.00000000000 0.00000000000 0.00000000000 0.00000000000 0.00000000000 0.00000000000 0.00000000000 0.00000000000 0.00000000000 0.00000000000 0.00000000000 0.00000000000 0.00000000000 0.00000000000 0.00000000000 0.00000000000 0.00000000000 0.00000000000 0.00000000000 0.00000000000 0.00000000000 0.00000000000 0.00000000000
# logsel_slope_fsh[4]:
 0.00000000000 0.00000000000 0.00000000000 0.00000000000 0.00000000000 0.00000000000 0.00000000000 0.00000000000 0.00000000000 0.00000000000 0.00000000000 0.00000000000 0.00000000000 0.00000000000 0.00000000000 0.00000000000 0.00000000000 0.00000000000 0.00000000000 0.00000000000 0.00000000000 0.00000000000 0.00000000000 0.00000000000 0.00000000000 0.00000000000 0.00000000000 0.00000000000 0.00000000000 0.00000000000 0.00000000000 0.00000000000
# sel50_fsh[1]:
 0.00000000000 0.00000000000 0.00000000000 0.00000000000 0.00000000000 0.00000000000 0.00000000000 0.00000000000 0.00000000000 0.00000000000 0.00000000000 0.00000000000 0.00000000000 0.00000000000 0.00000000000 0.00000000000 0.00000000000 0.00000000000 0.00000000000 0.00000000000 0.00000000000 0.00000000000 0.00000000000 0.00000000000 0.00000000000 0.00000000000 0.00000000000 0.00000000000 0.00000000000 0.00000000000 0.00000000000 0.00000000000 0.00000000000 0.00000000000 0.00000000000 0.00000000000 0.00000000000 0.00000000000
# sel50_fsh[2]:
 0.00000000000 0.00000000000 0.00000000000 0.00000000000 0.00000000000 0.00000000000 0.00000000000 0.00000000000 0.00000000000 0.00000000000 0.00000000000 0.00000000000 0.00000000000 0.00000000000 0.00000000000 0.00000000000 0.00000000000 0.00000000000 0.00000000000 0.00000000000 0.00000000000 0.00000000000 0.00000000000 0.00000000000 0.00000000000 0.00000000000 0.00000000000 0.00000000000 0.00000000000 0.00000000000 0.00000000000 0.00000000000 0.00000000000 0.00000000000 0.00000000000 0.00000000000 0.00000000000 0.00000000000
# sel50_fsh[3]:
 0.00000000000 0.00000000000 0.00000000000 0.00000000000 0.00000000000 0.00000000000 0.00000000000 0.00000000000 0.00000000000 0.00000000000 0.00000000000 0.00000000000 0.00000000000 0.00000000000 0.00000000000 0.00000000000 0.00000000000 0.00000000000 0.00000000000 0.00000000000 0.00000000000 0.00000000000 0.00000000000 0.00000000000 0.00000000000 0.00000000000 0.00000000000 0.00000000000 0.00000000000 0.00000000000 0.00000000000 0.00000000000 0.00000000000 0.00000000000 0.00000000000 0.00000000000 0.00000000000 0.00000000000 0.00000000000 0.00000000000 0.00000000000
# sel50_fsh[4]:
 0.00000000000 0.00000000000 0.00000000000 0.00000000000 0.00000000000 0.00000000000 0.00000000000 0.00000000000 0.00000000000 0.00000000000 0.00000000000 0.00000000000 0.00000000000 0.00000000000 0.00000000000 0.00000000000 0.00000000000 0.00000000000 0.00000000000 0.00000000000 0.00000000000 0.00000000000 0.00000000000 0.00000000000 0.00000000000 0.00000000000 0.00000000000 0.00000000000 0.00000000000 0.00000000000 0.00000000000 0.00000000000
# logsel_p1_fsh[1]:
 0.00000000000 0.00000000000 0.00000000000 0.00000000000 0.00000000000 0.00000000000 0.00000000000 0.00000000000 0.00000000000 0.00000000000 0.00000000000 0.00000000000 0.00000000000 0.00000000000 0.00000000000 0.00000000000 0.00000000000 0.00000000000 0.00000000000 0.00000000000 0.00000000000 0.00000000000 0.00000000000 0.00000000000 0.00000000000 0.00000000000 0.00000000000 0.00000000000 0.00000000000 0.00000000000 0.00000000000 0.00000000000 0.00000000000 0.00000000000 0.00000000000 0.00000000000 0.00000000000 0.00000000000
# logsel_p1_fsh[2]:
 0.00000000000 0.00000000000 0.00000000000 0.00000000000 0.00000000000 0.00000000000 0.00000000000 0.00000000000 0.00000000000 0.00000000000 0.00000000000 0.00000000000 0.00000000000 0.00000000000 0.00000000000 0.00000000000 0.00000000000 0.00000000000 0.00000000000 0.00000000000 0.00000000000 0.00000000000 0.00000000000 0.00000000000 0.00000000000 0.00000000000 0.00000000000 0.00000000000 0.00000000000 0.00000000000 0.00000000000 0.00000000000 0.00000000000 0.00000000000 0.00000000000 0.00000000000 0.00000000000 0.00000000000
# logsel_p1_fsh[3]:
 0.00000000000 0.00000000000 0.00000000000 0.00000000000 0.00000000000 0.00000000000 0.00000000000 0.00000000000 0.00000000000 0.00000000000 0.00000000000 0.00000000000 0.00000000000 0.00000000000 0.00000000000 0.00000000000 0.00000000000 0.00000000000 0.00000000000 0.00000000000 0.00000000000 0.00000000000 0.00000000000 0.00000000000 0.00000000000 0.00000000000 0.00000000000 0.00000000000 0.00000000000 0.00000000000 0.00000000000 0.00000000000 0.00000000000 0.00000000000 0.00000000000 0.00000000000 0.00000000000 0.00000000000 0.00000000000 0.00000000000 0.00000000000
# logsel_p1_fsh[4]:
 0.00000000000 0.00000000000 0.00000000000 0.00000000000 0.00000000000 0.00000000000 0.00000000000 0.00000000000 0.00000000000 0.00000000000 0.00000000000 0.00000000000 0.00000000000 0.00000000000 0.00000000000 0.00000000000 0.00000000000 0.00000000000 0.00000000000 0.00000000000 0.00000000000 0.00000000000 0.00000000000 0.00000000000 0.00000000000 0.00000000000 0.00000000000 0.00000000000 0.00000000000 0.00000000000 0.00000000000 0.00000000000
# logsel_p2_fsh[1]:
 0.00000000000 0.00000000000 0.00000000000 0.00000000000 0.00000000000 0.00000000000 0.00000000000 0.00000000000 0.00000000000 0.00000000000 0.00000000000 0.00000000000 0.00000000000 0.00000000000 0.00000000000 0.00000000000 0.00000000000 0.00000000000 0.00000000000 0.00000000000 0.00000000000 0.00000000000 0.00000000000 0.00000000000 0.00000000000 0.00000000000 0.00000000000 0.00000000000 0.00000000000 0.00000000000 0.00000000000 0.00000000000 0.00000000000 0.00000000000 0.00000000000 0.00000000000 0.00000000000 0.00000000000
# logsel_p2_fsh[2]:
 0.00000000000 0.00000000000 0.00000000000 0.00000000000 0.00000000000 0.00000000000 0.00000000000 0.00000000000 0.00000000000 0.00000000000 0.00000000000 0.00000000000 0.00000000000 0.00000000000 0.00000000000 0.00000000000 0.00000000000 0.00000000000 0.00000000000 0.00000000000 0.00000000000 0.00000000000 0.00000000000 0.00000000000 0.00000000000 0.00000000000 0.00000000000 0.00000000000 0.00000000000 0.00000000000 0.00000000000 0.00000000000 0.00000000000 0.00000000000 0.00000000000 0.00000000000 0.00000000000 0.00000000000
# logsel_p2_fsh[3]:
 0.00000000000 0.00000000000 0.00000000000 0.00000000000 0.00000000000 0.00000000000 0.00000000000 0.00000000000 0.00000000000 0.00000000000 0.00000000000 0.00000000000 0.00000000000 0.00000000000 0.00000000000 0.00000000000 0.00000000000 0.00000000000 0.00000000000 0.00000000000 0.00000000000 0.00000000000 0.00000000000 0.00000000000 0.00000000000 0.00000000000 0.00000000000 0.00000000000 0.00000000000 0.00000000000 0.00000000000 0.00000000000 0.00000000000 0.00000000000 0.00000000000 0.00000000000 0.00000000000 0.00000000000 0.00000000000 0.00000000000 0.00000000000
# logsel_p2_fsh[4]:
 0.00000000000 0.00000000000 0.00000000000 0.00000000000 0.00000000000 0.00000000000 0.00000000000 0.00000000000 0.00000000000 0.00000000000 0.00000000000 0.00000000000 0.00000000000 0.00000000000 0.00000000000 0.00000000000 0.00000000000 0.00000000000 0.00000000000 0.00000000000 0.00000000000 0.00000000000 0.00000000000 0.00000000000 0.00000000000 0.00000000000 0.00000000000 0.00000000000 0.00000000000 0.00000000000 0.00000000000 0.00000000000
# logsel_p3_fsh[1]:
 0.00000000000 0.00000000000 0.00000000000 0.00000000000 0.00000000000 0.00000000000 0.00000000000 0.00000000000 0.00000000000 0.00000000000 0.00000000000 0.00000000000 0.00000000000 0.00000000000 0.00000000000 0.00000000000 0.00000000000 0.00000000000 0.00000000000 0.00000000000 0.00000000000 0.00000000000 0.00000000000 0.00000000000 0.00000000000 0.00000000000 0.00000000000 0.00000000000 0.00000000000 0.00000000000 0.00000000000 0.00000000000 0.00000000000 0.00000000000 0.00000000000 0.00000000000 0.00000000000 0.00000000000
# logsel_p3_fsh[2]:
 0.00000000000 0.00000000000 0.00000000000 0.00000000000 0.00000000000 0.00000000000 0.00000000000 0.00000000000 0.00000000000 0.00000000000 0.00000000000 0.00000000000 0.00000000000 0.00000000000 0.00000000000 0.00000000000 0.00000000000 0.00000000000 0.00000000000 0.00000000000 0.00000000000 0.00000000000 0.00000000000 0.00000000000 0.00000000000 0.00000000000 0.00000000000 0.00000000000 0.00000000000 0.00000000000 0.00000000000 0.00000000000 0.00000000000 0.00000000000 0.00000000000 0.00000000000 0.00000000000 0.00000000000
# logsel_p3_fsh[3]:
 0.00000000000 0.00000000000 0.00000000000 0.00000000000 0.00000000000 0.00000000000 0.00000000000 0.00000000000 0.00000000000 0.00000000000 0.00000000000 0.00000000000 0.00000000000 0.00000000000 0.00000000000 0.00000000000 0.00000000000 0.00000000000 0.00000000000 0.00000000000 0.00000000000 0.00000000000 0.00000000000 0.00000000000 0.00000000000 0.00000000000 0.00000000000 0.00000000000 0.00000000000 0.00000000000 0.00000000000 0.00000000000 0.00000000000 0.00000000000 0.00000000000 0.00000000000 0.00000000000 0.00000000000 0.00000000000 0.00000000000 0.00000000000
# logsel_p3_fsh[4]:
 0.00000000000 0.00000000000 0.00000000000 0.00000000000 0.00000000000 0.00000000000 0.00000000000 0.00000000000 0.00000000000 0.00000000000 0.00000000000 0.00000000000 0.00000000000 0.00000000000 0.00000000000 0.00000000000 0.00000000000 0.00000000000 0.00000000000 0.00000000000 0.00000000000 0.00000000000 0.00000000000 0.00000000000 0.00000000000 0.00000000000 0.00000000000 0.00000000000 0.00000000000 0.00000000000 0.00000000000 0.00000000000
# rec_dev_future:
 0.00000000000 0.00000000000 0.00000000000 0.00000000000 0.00000000000 0.00000000000 0.00000000000 0.00000000000 0.00000000000 0.00000000000 0.00000000000 0.00000000000 0.00000000000 0.00000000000 0.00000000000 0.00000000000 0.00000000000 0.00000000000 0.00000000000 0.00000000000
# log_q_ind[1]:
1.37911676158
# log_q_ind[2]:
-2.43947208116
# log_q_ind[3]:
-2.36421381335
# log_q_ind[4]:
1.26193223659
# log_q_ind[5]:
-3.65583953227
# log_q_ind[6]:
1.80701337573
# log_q_ind[7]:
-3.27420143814
# log_q_ind[8]:
-1.91532725462
# log_q_power_ind[1]:
0.00000000000
# log_q_power_ind[2]:
0.00000000000
# log_q_power_ind[3]:
0.00000000000
# log_q_power_ind[4]:
0.00000000000
# log_q_power_ind[5]:
0.00000000000
# log_q_power_ind[6]:
0.00000000000
# log_q_power_ind[7]:
0.00000000000
# log_q_power_ind[8]:
0.00000000000
# log_rw_q_ind[1]:
 -0.689875454583
# log_rw_q_ind[3]:
 0.233010481808
# log_rw_q_ind[6]:
 1.32641563947
# log_selcoffs_ind[1]:
 -3.33329804975 -2.52298303596 -1.90679673973 -1.41199567649 -0.963029717345 -0.473499161815 0.0585792761688 0.563604645745 0.939017295362 1.13544188836
 -3.95813097910 -3.20037797227 -2.47264714151 -1.79819689889 -1.17574891604 -0.555431920843 0.0367919001479 0.583403590269 0.987854017701 1.19171202255
# log_selcoffs_ind[2]:
 0.507810683023 0.843729978327 0.692649772252 0.251020465360 -0.202904505739 -0.554656693979 -0.838128258820 -1.06223411118 -1.22638458778 -1.32122938240
 1.22401571211 0.782406194522 0.382358753961 -0.0357439178107 -0.475144115854 -0.875646112407 -1.19557881947 -1.42673210669 -1.57332131069 -1.64265588284
 1.48874676482 0.816690830718 0.186973958507 -0.384683153904 -0.861870280768 -1.24126305201 -1.52609815049 -1.72163582612 -1.83610746164 -1.88244131722
# log_selcoffs_ind[3]:
 -0.202940821038 0.0202027052767 0.0202027052767 0.0202027052767 0.0202027052767 0.0202027052767 0.0202027052767 0.0202027052767 0.0202027052767 0.0202027052767
# log_selcoffs_ind[4]:
 -3.99028781930 -3.17993389757 -2.38356827375 -1.62155595436 -0.906532182824 -0.260030926294 0.276253551781 0.662608037958 0.897415041176 1.01663358421
 -4.18477039224 -3.46540710192 -2.74678751600 -2.03626303508 -1.34709132789 -0.685850997021 -0.0390343120295 0.553050463435 1.01728188019 1.26109251384
# log_selcoffs_ind[5]:
 -3.04452005677 -0.669616569639 0.101782682789 0.174353368097 0.174353368097 0.174353368097 0.174353368097 0.174353368097 0.174353368097 0.174353368097
# log_selcoffs_ind[6]:
 -3.04452005677 -0.669616569639 0.101782682789 0.174353368097 0.174353368097 0.174353368097 0.174353368097 0.174353368097 0.174353368097 0.174353368097
# log_selcoffs_ind[7]:
 -0.159493505810 -0.0417104840422 -0.00892066480343 0.0636500205045 0.0636500205045 0.0636500205045
# log_selcoffs_ind[8]:
 -0.171850237190 -0.0540672154223 0.0512932891244 0.0512932891244 0.0512932891244 0.0512932891244
# logsel_slope_ind[1]:
 0.00000000000 0.00000000000
# logsel_slope_ind[2]:
 0.00000000000 0.00000000000 0.00000000000
# logsel_slope_ind[3]:
 0.00000000000
# logsel_slope_ind[4]:
 0.00000000000 0.00000000000
# logsel_slope_ind[5]:
 0.00000000000
# logsel_slope_ind[6]:
 0.00000000000
# logsel_slope_ind[7]:
 0.00000000000
# logsel_slope_ind[8]:
 0.00000000000
# sel50_ind[1]:
 0.00000000000 0.00000000000
# sel50_ind[2]:
 0.00000000000 0.00000000000 0.00000000000
# sel50_ind[3]:
 0.00000000000
# sel50_ind[4]:
 0.00000000000 0.00000000000
# sel50_ind[5]:
 0.00000000000
# sel50_ind[6]:
 0.00000000000
# sel50_ind[7]:
 0.00000000000
# sel50_ind[8]:
 0.00000000000
# logsel_p1_ind[1]:
 0.00000000000 0.00000000000
# logsel_p1_ind[2]:
 0.00000000000 0.00000000000 0.00000000000
# logsel_p1_ind[3]:
 0.00000000000
# logsel_p1_ind[4]:
 0.00000000000 0.00000000000
# logsel_p1_ind[5]:
 0.00000000000
# logsel_p1_ind[6]:
 0.00000000000
# logsel_p1_ind[7]:
 0.00000000000
# logsel_p1_ind[8]:
 0.00000000000
# sel_p2_ind[1]:
 0.00000000000 0.00000000000
# sel_p2_ind[2]:
 0.00000000000 0.00000000000 0.00000000000
# sel_p2_ind[3]:
 0.00000000000
# sel_p2_ind[4]:
 0.00000000000 0.00000000000
# sel_p2_ind[5]:
 0.00000000000
# sel_p2_ind[6]:
 0.00000000000
# sel_p2_ind[7]:
 0.00000000000
# sel_p2_ind[8]:
 0.00000000000
# logsel_p3_ind[1]:
 0.00000000000 0.00000000000
# logsel_p3_ind[2]:
 0.00000000000 0.00000000000 0.00000000000
# logsel_p3_ind[3]:
 0.00000000000
# logsel_p3_ind[4]:
 0.00000000000 0.00000000000
# logsel_p3_ind[5]:
 0.00000000000
# logsel_p3_ind[6]:
 0.00000000000
# logsel_p3_ind[7]:
 0.00000000000
# logsel_p3_ind[8]:
 0.00000000000
