# Number of parameters = 1766 Objective function value = 4070.56494079159  Maximum gradient component = 0.000171378000553921
# Mest[1]:
0.280000000000
# log_Linf[1]:
4.29810139974
# log_k[1]:
-1.83258146375
# log_Lo[1]:
2.60712428251
# log_sdage[1]:
-2.40794560865
# mean_log_rec[1]:
9.68960456964
# steepness[1]:
0.650000000000
# log_Rzero[1]:
9.31717081238
# rec_dev:
 0.0320044238304 0.0427844443086 0.0573950982339 0.0757643636596 0.0993114846523 0.127085648394 0.155499888670 0.178907954673 0.185572071047 0.180871660292 -0.166328427977 -0.589934597883 0.288218466480 0.567992442682 0.243583379249 -0.559583809609 0.317256291201 0.885764117644 0.905782023817 1.12418493154 1.16616928864 1.23971029482 1.58072402222 1.67007961899 1.46535121621 1.11581354647 1.37498434964 2.41165441786 1.84438353762 0.879290649990 0.306031241086 0.140673972455 0.206511115603 0.462307777359 -0.218870399548 -0.181654740241 -0.0791800644718 -0.249802425585 -0.279938414886 -0.255624314374 0.0992716709669 0.185599240243 0.0492591554339 0.0936245551045 -0.466722649928 -0.693045877629 -0.450100228052 -0.898600575108 -1.92367021453 -0.971159711362 -0.735526470305 -1.42026556890 -1.90214242434 -1.88635156315 -1.79457423114 -1.40828197875 -1.25339276451 -0.871777316885 -0.583240388731 -0.491717137693 -0.788426916281 -1.17967296569 -0.684466476524 -1.15567731374 -0.924395814102
# log_sigmar[1]:
-0.510825623766
# fmort:
 -5.48816830138 -5.12616079610 -5.87975039503 -5.55557348637 -4.84284163838 -4.70962830074 -4.60637687472 -4.72965972088 -4.11031935474 -4.36973426803 -4.86432343371 -4.58262768494 -4.01994159038 -5.12154985048 -4.44224752091 -5.03479795881 -7.31317718526 -5.75298999397 -5.94083172730 -5.81826217642 -5.56947637210 -4.97534605308 -4.67657909751 -4.27998247083 -4.64222541492 -4.30064905021 -3.90153249184 -4.74626591956 -5.76662988949 -5.08062643000 -4.70214908728 -4.00558918975 -4.85370475232 -4.42761085807 -4.26833531001 -3.83986403339 -3.76038294726 -3.27022533889 -2.67782030570 -2.99029833030 -2.58231213954 -3.89368692194 -4.63178143808 -4.00522289271 -3.79383691760 -3.28710691708 -3.51640281240 -3.04767659571 -4.03859265535 -4.26616081150 -3.00263616853 -2.99833060725 -3.11521951477 -3.21128472411
 -7.91452902654 -7.44726878944 -6.96832132374 -6.51567217351 -6.95209717228 -6.34636884463 -5.82762164541 -5.57572336193 -5.30618493014 -5.24342508061 -5.17873431464 -4.50022863439 -4.43512556640 -4.83269123216 -4.60480923965 -4.39623484360 -4.30857070514 -4.07571896764 -4.02183456268 -3.89412350518 -3.82241265024 -3.44741110048 -3.10734589259 -2.79893898157 -2.14140166428 -1.47723290064 -1.20558182183 -0.985151721319 -1.30370341591 -1.46871454391 -1.45210597536 -0.980292078645 -0.799414255904 -0.894438305218 -0.902107056671 -0.989724278754 -1.20424020563 -0.993474888460 -1.09005050168 -0.779938918546 -1.38197383429 -1.60398274327 -1.65838459941 -1.70412433855 -1.65081080552 -1.46371015670 -1.34680065279 -1.22996343797 -1.17113852570 -1.29986080842 -1.17055075266 -1.10866803938 -1.09832599488 -0.951513484046
 -9.23447475270 -8.43521744544 -7.36115523837 -6.76698636609 -5.92712606536 -7.10068772069 -6.49344996085 -4.23488563090 -4.90083728272 -5.26635720118 -5.19609143207 -5.26178231674 -6.46413548008 -6.84205084597 -6.55359450973 -7.04691861711 -7.69007336242 -7.88579731073 -6.68383308531 -6.38562123941 -5.63240175567 -5.55038965432 -5.91690416378 -5.62824267219 -5.09622121858 -3.67140913612 -3.41535408027 -2.77901222423 -3.00863103198 -3.89810796822 -3.80970288457 -2.95858286593 -4.82937927586 -4.56549205084 -4.67682841639 -5.10930340638 -3.66097019998 -3.54697398241 -3.51322354806 -3.75598407527 -5.18255120224 -2.62573892766 -2.97232777104 -3.48759517830 -3.56583451031 -4.88218853715 -5.32872556608 -6.08064070416 -4.07362959321 -3.14532602086 -3.17354762949 -3.29407413245 -3.08567373934 -2.86406632396
 -10.2022230011 -10.2145389611 -8.52355361965 -10.2332742369 -10.2209001494 -10.2245860585 -10.2137446023 -9.46436774554 -6.38854068992 -4.47160621111 -4.64313193370 -4.50122227356 -4.10358231378 -4.01680993824 -3.93914766446 -4.30770820002 -4.40189643496 -4.47129769342 -4.53542841900 -4.55300850875 -4.56791102169 -5.00394730325 -7.61566421992 -11.1782743777 -11.0701695059 -10.8874155990 -10.6734717690 -10.4553102576 -10.2094656943 -9.96368278657 -8.93762810062 -6.57777375631 -5.05007827749 -4.11802915772 -3.24890474359 -3.21949175259 -2.56804245399 -1.97913271075 -1.66940753746 -1.48128539161 -1.60373836025 -2.68250689266 -2.95347094879 -2.91962694193 -2.48319292370 -2.27590857440 -2.82309474607 -2.91942111048 -2.95374846664 -3.07809622262 -5.53939021202 -3.17741509488 -3.06283621398 -2.81468685985
# log_selcoffs_fsh[1]:
 -2.83133666732 -1.40261712034 -0.518440734582 0.333076332412 0.927742129010 0.860886495514 0.0882691723233 -0.785134936731 -1.33932891552
 -2.23074790901 -0.640730502828 -0.198830324212 0.316822526901 0.820847670415 0.741120559416 0.0450377782809 -0.745953590044 -1.26536279832
 -1.88381372982 -0.412308687895 0.229010811744 0.573477244269 0.699366118659 0.444314594048 -0.155860173313 -0.813442757092 -1.26166171968
 -1.55848599076 -0.292364381192 0.276665461613 0.584400945382 0.725232641355 0.368888245312 -0.289802472171 -0.916468720471 -1.30663251238
 -0.923252295360 0.351731750121 0.598732311300 0.615125373797 0.344365919892 -0.0669900316969 -0.575367170756 -1.05256905831 -1.37155876460
 -0.832210574400 0.147331363288 0.801636246664 0.864063106511 0.168939675451 -0.383450274256 -0.854092524906 -1.24275377328 -1.49434384889
 -0.599653863212 0.275204427761 0.929938222762 0.773876252024 0.0693337397401 -0.562110788033 -1.05233035767 -1.41124740440 -1.62490152487
 -0.258817091510 0.373485563580 0.928921565496 0.821753598681 -0.160774161111 -0.788385110735 -1.25161902494 -1.57969139203 -1.76702055806
 -0.0817835850280 0.786427987443 0.774236497169 0.605995380471 -0.0904834091190 -0.912816051671 -1.42466311621 -1.73535174619 -1.90268353711
 -0.0668030608754 0.835395114970 0.863238675425 0.563213826103 -0.232301132509 -1.03391377920 -1.60442801182 -1.89040474777 -2.02930885237
 0.295235068899 1.16527993868 0.671202711312 0.173792258896 -0.564532547997 -1.20206547861 -1.70228006275 -2.00977212987 -2.13830422748
 0.401612205162 1.07936191861 0.783124349630 0.173787292883 -0.693666544082 -1.29535114897 -1.74348790170 -2.05747259034 -2.21973233138
 0.0240747293088 1.29105778598 0.826359824900 -0.0236783710501 -0.846805417942 -1.38259757913 -1.77754970290 -2.07740322636 -2.26914200950
 0.360964061238 1.23281069417 0.772975107701 -0.0738218674658 -0.918155422463 -1.41897618536 -1.78086191705 -2.06804122892 -2.27062100438
 0.345030098837 1.32278675336 0.669867232851 -0.160530474561 -0.956602350035 -1.43296882005 -1.77154003048 -2.04397425169 -2.24383950435
 -0.171870147917 1.38514144673 0.805821993870 -0.124543317724 -0.965276286114 -1.43178694314 -1.75017532381 -2.00126344076 -2.18553951870
 -0.190702569907 1.39425125641 0.782224994151 -0.126503885037 -0.960279413310 -1.41393876229 -1.71050193935 -1.93568981288 -2.09479303170
 0.410724719433 1.14803628744 0.836990204990 -0.101779353961 -0.942254964330 -1.38140582368 -1.65441114804 -1.84991636149 -1.98028339304
 0.794884105786 1.13317494921 0.541820376116 -0.223277066967 -0.963098304615 -1.36684800459 -1.60923414948 -1.76980433818 -1.86909224274
 0.476896872637 1.25817975258 0.645532441208 -0.252410999331 -1.00010229578 -1.36973605306 -1.57086241771 -1.69158841625 -1.76091997546
 0.595760238098 1.31270334093 0.469939215926 -0.398337026832 -1.07032684360 -1.38573804693 -1.53874043658 -1.61541920450 -1.65256932976
 0.490365409363 1.33607987966 0.553291130693 -0.483089025732 -1.15542628778 -1.41508106198 -1.51112934188 -1.53879075470 -1.54171653112
 0.653736136683 1.26614568253 0.503263688590 -0.480322427711 -1.16828666677 -1.41764116069 -1.47676002425 -1.45449167371 -1.41733023730
 0.391877858400 1.38329473904 0.464921502794 -0.499133209875 -1.15376708903 -1.39359608603 -1.43257177820 -1.36617971871 -1.28780214492
 0.608367932993 1.26198745275 0.422729541429 -0.456507370299 -1.08735258946 -1.32964900399 -1.35373480229 -1.24690818842 -1.12955407949
 0.591956712345 1.18527036327 0.440860372892 -0.331594475938 -1.02032502726 -1.26187912652 -1.24942514163 -1.10041172903 -0.951705210595
 0.108175185932 1.24074534537 0.552290021658 -0.227737424222 -0.940225380336 -1.16334836973 -1.11355728495 -0.927297918487 -0.761385494372
 0.439731632573 1.10057620783 0.433412021400 -0.363380738573 -0.904547801971 -1.04990779987 -0.944891241433 -0.729376988896 -0.547571390792
 1.17219344940 0.614175951082 -0.122641106932 -0.644922381183 -0.927479181658 -0.948055299086 -0.783927483988 -0.545609174031 -0.364745075837
 0.623355343234 0.966296603775 -0.0522678870191 -0.735036793749 -0.901196167346 -0.791688973327 -0.556772139767 -0.292858509334 -0.105668921481
 0.276255428559 0.883432201668 -0.129702265258 -0.698602698465 -0.778335380599 -0.603630169739 -0.311972909381 -0.0276382626613 0.162336492528
 0.0538684593892 0.394998685066 -0.230610800558 -0.570849107511 -0.561747545031 -0.352058213231 -0.0370277307062 0.260213351983 0.449080727911
 -0.999152852930 -0.0165806536663 -0.270853133744 -0.415774938671 -0.296182576298 -0.114468948400 0.181172896254 0.440345990924 0.608861462389
 -1.55151929555 -0.808717787653 -0.691344046620 -0.417809939394 -0.100707743788 0.0807073026410 0.408892654556 0.549753296128 0.671427602087
 -1.11388550516 -0.609799450491 -1.03627265016 -0.912512080268 -0.473128076112 -0.0266746536186 0.396531403032 0.678090497894 0.840907844797
 -0.478293614886 -1.49377223550 -1.59790762683 -1.19253153201 -0.618511733979 -0.0599815473446 0.428129775172 0.758239016533 0.916465670673
 -1.67999174715 -1.83801084066 -1.76386267160 -1.18595318917 -0.535468558794 0.00471594985952 0.520746149454 0.835784414977 0.954598153625
 -2.39679828819 -1.97157785260 -1.74170814875 -1.21308002245 -0.577589684903 0.0200238619864 0.507371908389 0.852780681940 0.996467301309
 -2.61729686305 -2.56277022670 -2.25249916608 -1.54718464716 -0.679402670885 0.0809239865593 0.647337574151 0.917801219406 0.926831691526
 -2.97278883859 -2.91453550070 -2.48230948050 -1.64739040123 -0.721120108951 0.101134104248 0.707856045399 0.931801626326 0.899006770293
 -2.95614079457 -2.93145106328 -2.48483053140 -1.65459037783 -0.775798492263 -0.0262604600515 0.611510604202 1.00014615705 0.964639174417
# log_selcoffs_fsh[2]:
 -1.61368553481 0.110245305560 0.827258196100 1.05112234046 0.572155763990 -0.186490166711 -0.860502723037 -1.44699217842 -1.87401309507 -2.09790256624
 -1.10474877168 0.722951451865 0.267338692270 0.549808552809 0.744144116291 0.284809274950 -0.551757785872 -1.31840412257 -1.81562410366 -2.05250045749
 -1.48403170112 0.373267658230 0.586191614926 0.586100647650 0.714501567966 0.370574172525 -0.443616827162 -1.24150356388 -1.76488843296 -2.01661304298
 -1.82969253315 -0.250635136437 0.596481537209 0.799485899605 0.769097267071 0.444040976117 -0.394545900158 -1.17230566913 -1.70362448859 -1.97585874187
 -1.15105924365 0.0607958658519 0.172861836320 0.570781645847 0.898938928957 0.548947465488 -0.272842567719 -1.02315508035 -1.58545374553 -1.90572785607
 -0.530369555452 0.374573091449 0.249188840001 0.335516103963 0.653062684121 0.498823591824 -0.137353427103 -0.826461571465 -1.43489635607 -1.83258583217
 -1.11602585437 -0.00373671266999 0.610141647687 0.374023672406 0.448635571369 0.495227969705 0.132083953475 -0.540519559095 -1.26332021188 -1.78095365209
 -1.57838093879 -0.724612535245 -0.102442922839 0.296562484356 0.409885079536 0.741839718902 0.678796465965 -0.0568289690121 -1.01062925527 -1.74506242110
 -1.81710630988 -0.851761280686 -0.379177493608 0.0577459803742 0.422174133079 0.447041033772 0.784470639684 0.498365607825 -0.582131279665 -1.70354112231
 -1.98466993758 -0.681228408864 -0.0244618308584 0.244684436772 0.359788524425 0.431624491379 0.366246945267 0.580522629494 -0.319912375870 -1.74156151898
 -2.07733459094 -0.489148569497 0.303746618429 0.607526234011 0.633810339339 0.450301685478 0.210548681178 -0.164077941865 -0.903418960318 -2.04793280236
 -2.28703605707 -0.722635864570 0.144328951734 0.559642273447 0.694057134459 0.606905011575 0.466319371108 -0.283249413030 -1.44702378282 -2.42622816752
 -2.31446600396 -0.415430363080 0.274569618147 0.675875246112 0.776122388307 0.526415515544 0.256494942959 -0.555015194521 -1.79792681674 -2.78990074859
 -2.12381124219 -0.410287517184 0.403874644828 0.736620067419 0.692388404226 0.523310952429 0.192480882037 -0.624091619743 -1.90386826770 -3.04903446797
 -1.91517246134 0.201498622775 0.482830672349 0.656554817304 0.519652031946 0.380829749850 0.176279202788 -0.589805811830 -1.91428509066 -3.19268596763
 -1.82871339715 0.332199079875 0.441571333948 0.460342358155 0.427884310750 0.454747415403 0.300631582964 -0.438877690388 -1.83475926858 -3.20209094037
 -1.77605922164 0.0290102219924 0.276725054629 0.335608346922 0.366675749803 0.554197859777 0.579967484568 -0.137790389323 -1.62454147875 -3.08067768085
 -2.42115347004 -0.611744896903 -0.0791931003000 0.104314397006 0.226053308388 0.614009803784 0.923607090377 0.328918745050 -1.29955446584 -2.93705421458
 -2.89098150599 -1.15717665985 -0.602433797886 -0.303399657320 -0.0485002238973 0.527313961284 1.11988986823 0.767965132713 -0.893519688964 -2.68550739137
 -3.14142061158 -1.52232510913 -1.11213781462 -0.706630505424 -0.371760470061 0.295906268463 1.14307454317 1.11096613962 -0.487624275504 -2.35618687512
 -3.19268464877 -1.63660067152 -1.09053517686 -0.802106888368 -0.659582899628 -0.0724233990618 0.958376275781 1.34793330235 -0.0744308080640 -1.91405155147
 -3.36865398745 -1.66729346648 -1.12642905991 -0.785275968421 -0.788004921297 -0.402100198179 0.652942038116 1.45794656281 0.349397389553 -1.44207995980
 -3.51551955918 -2.02955369379 -1.05884532851 -0.567502722657 -0.526809030695 -0.459426116129 0.294296338259 1.36133286017 0.730833495915 -0.960861153183
 -3.43556546208 -2.06454386563 -1.02372384566 -0.297276481194 0.0534565005728 0.0594993349388 0.426529966937 0.927392228120 0.655666889714 -0.452023142849
 -3.35168806166 -1.77325395349 -0.916882665093 -0.478814574858 -0.0331834281818 0.250494993773 0.507453742350 0.800693532836 0.586718267652 -0.177127450183
 -3.37127502131 -1.96736789331 -1.07710129743 -0.193275230152 0.195558606484 0.364138091498 0.515133489586 0.680093697989 0.421877509671 -0.182740705967
 -3.44193729320 -1.61545172338 -0.811758434980 0.185025700720 0.519937903574 0.500607567322 0.477145337090 0.449207807933 0.0149403201884 -0.516451543762
 -3.38038185287 -1.11706916909 -0.357828967591 0.175883949635 0.504767371892 0.456244193376 0.598577508058 0.325209447264 -0.215524864354 -0.688094786912
 -3.38310012757 -1.77886615463 -0.929749668813 0.268864478719 0.590968939515 0.593792119050 0.700225142494 0.185700220585 -0.296593726781 -0.661832002167
 -3.55517249775 -1.73110438883 -0.536498034664 0.132088098872 0.775055795218 0.678517640459 0.437534166605 0.0623566025881 -0.299326456392 -0.558399706803
 -3.51508296774 -1.36039502356 -0.0579596917700 0.445475043698 0.455836735330 0.408516336245 0.376310072336 0.136003651572 -0.165382038623 -0.390757225679
 -3.52615869578 -1.57097730304 -0.442930770653 0.229670263231 0.515270436426 0.513367998200 0.411468076725 0.245380669500 -0.0364073954704 -0.266551864601
 -3.13103804045 -0.992434410819 -0.682310479484 -0.233112115703 0.299434923454 0.507712219286 0.530193695284 0.413798785601 0.143428537030 -0.0926402244442
 -3.65106133033 -1.46084774555 -0.612224506518 -0.115284778229 0.241625093829 0.467183409426 0.509835064138 0.459256409530 0.211393439982 -0.0443501653378
 -3.88427022648 -1.82751266974 -0.999327648931 -0.406185046558 0.118410720136 0.426862226494 0.598482861377 0.592551262600 0.370088602548 0.0491199712836
 -4.21542158954 -2.16524137849 -1.05079143830 -0.453401666470 0.0558173668435 0.299414449882 0.563572504550 0.672164184072 0.460536883872 0.164311257574
 -4.54517558751 -2.67928819410 -1.48531727775 -0.550424122061 0.150873895540 0.420086480658 0.596551528862 0.659310460682 0.424797702971 0.143325388038
 -4.77000290367 -3.02183841597 -2.07658566322 -1.16697951922 -0.163186259024 0.430114775369 0.705364497121 0.762882914367 0.525713270655 0.229983056900
 -5.00720932057 -3.37090968294 -2.09244762599 -1.36776328760 -0.488580587369 0.190653174104 0.613258535694 0.828437583206 0.707875776584 0.464678995308
 -5.16997025976 -3.78862025647 -2.42923828192 -1.43600240351 -0.812841163806 -0.141554066212 0.489220400694 0.883733742742 0.864891797734 0.646261071000
 -5.24485296051 -3.80851192467 -2.44184036300 -1.24156651193 -0.696886505244 -0.328008470664 0.261572800748 0.843344313913 0.960331599226 0.761955104928
# log_selcoffs_fsh[3]:
 -3.44608719524 -1.07387583907 1.24941552728 0.720788498454 -0.425275616910 -1.33558786857 -1.79879777917
 -3.12906503232 -0.695813793144 1.26600760546 0.649100159936 -0.501185620829 -1.41855166393 -1.90237330869
 -2.80938589499 -0.575773084992 1.30651293216 0.566809889816 -0.574375317310 -1.49708634948 -2.00438808124
 -2.63128178801 -0.570827803520 1.30705050727 0.585943081640 -0.613021949619 -1.57220178506 -2.10607929793
 -2.37141946527 -0.365283740607 1.27721140171 0.567558414697 -0.595082257114 -1.61165129125 -2.19824190696
 -2.14471974425 -0.236726307282 1.20941010216 0.634495072782 -0.571040283309 -1.65992707335 -2.29238689289
 -1.83061147031 0.320861103839 0.969497036025 0.693776559287 -0.588716107417 -1.73380131013 -2.38768541534
 -1.21601483918 0.515499177963 1.03297947547 0.410665697328 -0.752750610589 -1.84451313555 -2.49253246148
 -1.19213875949 0.625013328404 1.06642020722 0.267315684395 -0.904972971080 -1.97659609427 -2.60842409336
 -1.38190291914 0.243664445501 1.31846939318 0.198704721136 -1.09686988909 -2.14818685432 -2.73559164677
 -1.60728545996 0.0810192978314 1.35024499019 0.347107114624 -1.24891593797 -2.32506208339 -2.86041023675
 -1.80008976792 -0.0144474834179 1.38447689071 0.371178680267 -1.30607179440 -2.46577809130 -2.97483032745
 -1.85009520881 0.00174426937946 1.31018605754 0.526626508475 -1.17659201978 -2.45840121041 -3.05635867839
 -1.66123460038 0.551253387942 1.21330228887 0.246158864067 -1.20603962251 -2.44184461509 -3.10983900064
 -1.67209692349 0.177709435027 1.35492873346 0.272603439957 -1.21151294337 -2.44452607569 -3.13980178290
 -1.61617443629 0.212423585872 1.39556400435 0.123366585922 -1.30602455124 -2.48109649173 -3.18025853427
 -1.63637732819 0.470747632193 1.30498072289 0.117221929827 -1.31612710657 -2.48849010147 -3.19586301502
 -1.85084117321 0.299139176676 1.38094561179 0.110686179017 -1.30086024733 -2.46744506434 -3.18465329561
 -1.77496057778 0.886761519629 1.06728591811 0.0664648650988 -1.23153408039 -2.39478393075 -3.12321001109
 -1.83376659566 0.838282154093 1.08832026846 0.0972072935732 -1.17208074197 -2.31748542296 -3.03272009292
 -1.86207525355 0.688105873428 1.16223426324 0.157116696900 -1.11456897665 -2.24166713867 -2.93428077443
 -1.88475279590 0.417387526033 1.27175023113 0.220770097707 -1.06886259789 -2.17228102764 -2.83532915278
 -1.90597911826 0.0465918009342 1.38812858641 0.230758499948 -1.04772912840 -2.10913615676 -2.73870450035
 -1.67075866437 0.384197401617 1.23174365920 0.290877828342 -0.977376370757 -2.03316475339 -2.63887831863
 -1.51146973957 0.205155730828 1.24584830308 0.385704509397 -0.943695552961 -1.98172174664 -2.54916031917
 -1.23681652901 1.05909630654 0.700332577469 0.179213304867 -0.955218757431 -1.93134868403 -2.45865109897
 -1.14581564031 1.17364404410 0.706587909498 -0.155648687076 -1.11814531211 -1.92656642191 -2.37704232162
 -1.29974530599 0.581849805960 1.21306538477 0.00114415026630 -1.13211591538 -1.90056157077 -2.28973467794
 -1.69139737320 0.262264976176 1.34720127341 0.0608984457472 -1.09024958366 -1.83624865216 -2.19926468687
 -1.66190199324 0.736835816131 1.02459209658 0.195938271197 -0.894808968548 -1.68881334911 -2.07885475916
 -1.57827481694 0.838763355652 0.883822681163 0.213643808304 -0.759196011251 -1.54807012309 -1.95793637884
 -1.75899287789 0.119972780212 1.24492438523 0.289765498957 -0.691406887424 -1.45479946311 -1.85016521312
 -1.90525093248 -0.102978293237 1.03265175658 0.744220635134 -0.513782562145 -1.34991259996 -1.72443926786
 -1.87426066299 0.544703674319 0.918978309202 0.419236513352 -0.510263480632 -1.24272215935 -1.58001796738
 -2.08281665106 0.408652194111 1.10804733344 0.243503978081 -0.632630424535 -1.20127223461 -1.45039208675
 -2.28550702916 0.427460719373 1.11255575843 0.193106676235 -0.668223989888 -1.12417697102 -1.30105285231
 -2.51729362228 -0.123477951430 1.02926293276 0.396505814604 -0.364315468535 -0.657613621490 -0.621571162614
 -2.78218488380 -0.109442018767 1.05576595500 0.260884127882 -0.438979251869 -0.578431235728 -0.409415671226
 -2.86839945697 -0.458978987792 0.716901245019 0.137966115853 -0.280645601208 -0.116863998816 0.385443387958
 -3.15713981428 -1.33273584347 0.396350096260 0.198229017020 -0.229321961317 0.0371620507520 0.767852522888
 -3.42983493751 -1.88319386199 -0.306308824860 0.411979373081 -0.100342035771 0.117227067791 0.932415594346
 -3.63843356266 -2.22687497344 -0.885687019930 0.197479671019 0.0958989285684 0.227587099874 1.05739712390
 -3.77862187246 -2.40417261608 -0.915634513069 0.0721143580755 0.0616974116116 0.253327633903 1.11835580884
 -3.91374446754 -2.47462836846 -0.951666927501 0.0596127200669 0.159506563551 0.343504069339 1.05274518220
# log_selcoffs_fsh[4]:
 -1.24043538262 -0.909617646758 -0.586658463158 -0.286560177558 -0.0267999287245 0.193685598130 0.368442634240 0.489531003184 0.552007480755
 -1.24122635373 -0.909082820910 -0.584862842071 -0.285330818053 -0.0231835921161 0.194353710749 0.367005467673 0.488109501687 0.550938961693
 -1.24264214634 -0.909057025612 -0.582710654431 -0.281318604163 -0.0207817433936 0.195994271514 0.366110634381 0.485938048242 0.549010152107
 -1.24300731870 -0.906471645805 -0.578532341348 -0.279421535254 -0.0191870105148 0.196059598050 0.365159172268 0.484364889496 0.547608964765
 -1.24104088288 -0.897334904472 -0.568942422639 -0.276010987930 -0.0243671613851 0.190925031996 0.362899525980 0.484442389150 0.548859156452
 -1.22893200945 -0.897051395478 -0.566220635945 -0.274932738839 -0.0273178353413 0.185138598368 0.359723286355 0.485600787027 0.552627861852
 -1.20680668630 -0.886415040035 -0.572120701890 -0.282421124417 -0.0346388503719 0.179376295127 0.357171886616 0.488056813290 0.559376248017
 -1.17922114283 -0.871743128446 -0.572541193626 -0.293907687351 -0.0452223969442 0.170066648760 0.352529583136 0.491309920621 0.569021781059
 -1.14657824698 -0.849706136339 -0.564557557432 -0.305002708356 -0.0649372682531 0.154377783962 0.345562813073 0.495580703354 0.582612433320
 -1.10500071277 -0.827842043044 -0.539594263496 -0.304623124370 -0.0894603011860 0.125203571696 0.330134975990 0.499654047088 0.601197141536
 -1.05565898302 -0.802793462906 -0.543165314248 -0.293561006327 -0.101950891140 0.0939237067848 0.307411936437 0.501609632032 0.623058904520
 -1.00162180562 -0.777356843073 -0.545622860383 -0.315780901098 -0.108774863508 0.0731160381627 0.284965628728 0.501225862316 0.647705085692
 -0.942687728441 -0.748825830056 -0.551884384828 -0.351719680037 -0.152475030011 0.0530421855361 0.274605484911 0.508232298904 0.676378472546
 -0.877677704962 -0.717372060714 -0.555397505026 -0.388009619411 -0.206189359841 0.00607336115239 0.257917192737 0.523251635610 0.714155603389
 -0.809403969452 -0.682743346834 -0.555155169909 -0.420259447205 -0.259505025820 -0.0478794859032 0.227155307626 0.531893975102 0.759369372328
 -0.736412953113 -0.642343882561 -0.549167622451 -0.448461911020 -0.313402193280 -0.110876460956 0.180130444086 0.530863409439 0.813280875422
 -0.651586387195 -0.587676845782 -0.533392659764 -0.471109093052 -0.367419998944 -0.182749188657 0.112067462674 0.511009933320 0.875962960816
 -0.561991104637 -0.514987308414 -0.475116626229 -0.469804411702 -0.387008641390 -0.225040340068 0.0661252639645 0.475180049243 0.888404843459
 -0.477042338147 -0.478306881515 -0.443157114646 -0.489376943768 -0.447261609069 -0.245081693027 0.0475744617021 0.470031561887 0.889433781593
 -0.484684873572 -0.457246408698 -0.464408563510 -0.483434361292 -0.485757069781 -0.303182970176 0.0620349787016 0.492894610632 0.896566709009
 -0.471100354404 -0.479165880957 -0.535765003143 -0.504567871228 -0.450263288677 -0.292608812720 0.0595169250022 0.530423156057 0.884861203333
 -0.477163787166 -0.566986513126 -0.606310850963 -0.568965615362 -0.429389397818 -0.232051657455 0.120268322094 0.536254442067 0.883583531333
 -0.773007829200 -0.741649362138 -0.663966746918 -0.547772410119 -0.350742347941 -0.0878448309462 0.229705084252 0.579502861480 0.835323850379
 -1.14716894946 -0.968884197299 -0.785793360493 -0.536531839907 -0.244303911087 0.0552221572547 0.337012497747 0.603186652763 0.785595408838
 -1.48548254356 -1.17472684844 -0.856165596742 -0.499698087916 -0.105787904849 0.201072505924 0.414455490916 0.586796397543 0.692701319370
 -1.81680018862 -1.39675785917 -0.982503788948 -0.532765276957 -0.0734603549364 0.310782883427 0.506286426913 0.587178835427 0.629682468155
 -2.04147493522 -1.49650367508 -1.09239640448 -0.580956304904 -0.0398314467399 0.343297746138 0.564719539751 0.604167312813 0.583474128327
 -2.15615777628 -1.68279924290 -1.17174851619 -0.555309603506 -0.0491306515609 0.255134501715 0.489306738014 0.641260100665 0.713885428045
 -1.61131919319 -1.60023178464 -1.22290296371 -0.753508446105 -0.258978431874 0.159541852142 0.479573489491 0.698241879842 0.816702849348
 -1.89781772009 -1.59109236807 -1.35226484815 -0.906881424265 -0.347458237077 0.131808531743 0.491317074711 0.743973424011 0.874571413815
 -1.78522582063 -1.40921042959 -1.37994642926 -1.12520435505 -0.654372349309 -0.0940264092516 0.432581198728 0.823085744353 1.01629970562
 -1.66560061164 -1.03580641460 -1.12723256826 -1.17670898991 -0.851137660867 -0.290379608228 0.309937437724 0.810392529866 1.11077931115
 -1.82828151283 -0.749590502664 -0.365274513043 -0.676393544748 -0.690816216068 -0.418878183037 0.0801594057057 0.660759444552 1.09380870934
 -1.82319503072 -0.478182342901 -0.352361091081 -0.474719622432 -0.554589749425 -0.410036784663 0.0359912419726 0.602637245439 1.02675289671
 -1.94108983565 -0.792119789732 -0.263579870593 -0.107311571523 -0.461934109608 -0.458946246612 -0.0219266634650 0.573315271305 1.00157361645
# log_sel_spl_fsh[1]:
 0.00000000000 0.00000000000 0.00000000000 0.00000000000
 0.00000000000 0.00000000000 0.00000000000 0.00000000000
 0.00000000000 0.00000000000 0.00000000000 0.00000000000
 0.00000000000 0.00000000000 0.00000000000 0.00000000000
 0.00000000000 0.00000000000 0.00000000000 0.00000000000
 0.00000000000 0.00000000000 0.00000000000 0.00000000000
 0.00000000000 0.00000000000 0.00000000000 0.00000000000
 0.00000000000 0.00000000000 0.00000000000 0.00000000000
 0.00000000000 0.00000000000 0.00000000000 0.00000000000
 0.00000000000 0.00000000000 0.00000000000 0.00000000000
 0.00000000000 0.00000000000 0.00000000000 0.00000000000
 0.00000000000 0.00000000000 0.00000000000 0.00000000000
 0.00000000000 0.00000000000 0.00000000000 0.00000000000
 0.00000000000 0.00000000000 0.00000000000 0.00000000000
 0.00000000000 0.00000000000 0.00000000000 0.00000000000
 0.00000000000 0.00000000000 0.00000000000 0.00000000000
 0.00000000000 0.00000000000 0.00000000000 0.00000000000
 0.00000000000 0.00000000000 0.00000000000 0.00000000000
 0.00000000000 0.00000000000 0.00000000000 0.00000000000
 0.00000000000 0.00000000000 0.00000000000 0.00000000000
 0.00000000000 0.00000000000 0.00000000000 0.00000000000
 0.00000000000 0.00000000000 0.00000000000 0.00000000000
 0.00000000000 0.00000000000 0.00000000000 0.00000000000
 0.00000000000 0.00000000000 0.00000000000 0.00000000000
 0.00000000000 0.00000000000 0.00000000000 0.00000000000
 0.00000000000 0.00000000000 0.00000000000 0.00000000000
 0.00000000000 0.00000000000 0.00000000000 0.00000000000
 0.00000000000 0.00000000000 0.00000000000 0.00000000000
 0.00000000000 0.00000000000 0.00000000000 0.00000000000
 0.00000000000 0.00000000000 0.00000000000 0.00000000000
 0.00000000000 0.00000000000 0.00000000000 0.00000000000
 0.00000000000 0.00000000000 0.00000000000 0.00000000000
 0.00000000000 0.00000000000 0.00000000000 0.00000000000
 0.00000000000 0.00000000000 0.00000000000 0.00000000000
 0.00000000000 0.00000000000 0.00000000000 0.00000000000
 0.00000000000 0.00000000000 0.00000000000 0.00000000000
 0.00000000000 0.00000000000 0.00000000000 0.00000000000
 0.00000000000 0.00000000000 0.00000000000 0.00000000000
 0.00000000000 0.00000000000 0.00000000000 0.00000000000
 0.00000000000 0.00000000000 0.00000000000 0.00000000000
 0.00000000000 0.00000000000 0.00000000000 0.00000000000
# log_sel_spl_fsh[2]:
 0.00000000000 0.00000000000 0.00000000000 0.00000000000
 0.00000000000 0.00000000000 0.00000000000 0.00000000000
 0.00000000000 0.00000000000 0.00000000000 0.00000000000
 0.00000000000 0.00000000000 0.00000000000 0.00000000000
 0.00000000000 0.00000000000 0.00000000000 0.00000000000
 0.00000000000 0.00000000000 0.00000000000 0.00000000000
 0.00000000000 0.00000000000 0.00000000000 0.00000000000
 0.00000000000 0.00000000000 0.00000000000 0.00000000000
 0.00000000000 0.00000000000 0.00000000000 0.00000000000
 0.00000000000 0.00000000000 0.00000000000 0.00000000000
 0.00000000000 0.00000000000 0.00000000000 0.00000000000
 0.00000000000 0.00000000000 0.00000000000 0.00000000000
 0.00000000000 0.00000000000 0.00000000000 0.00000000000
 0.00000000000 0.00000000000 0.00000000000 0.00000000000
 0.00000000000 0.00000000000 0.00000000000 0.00000000000
 0.00000000000 0.00000000000 0.00000000000 0.00000000000
 0.00000000000 0.00000000000 0.00000000000 0.00000000000
 0.00000000000 0.00000000000 0.00000000000 0.00000000000
 0.00000000000 0.00000000000 0.00000000000 0.00000000000
 0.00000000000 0.00000000000 0.00000000000 0.00000000000
 0.00000000000 0.00000000000 0.00000000000 0.00000000000
 0.00000000000 0.00000000000 0.00000000000 0.00000000000
 0.00000000000 0.00000000000 0.00000000000 0.00000000000
 0.00000000000 0.00000000000 0.00000000000 0.00000000000
 0.00000000000 0.00000000000 0.00000000000 0.00000000000
 0.00000000000 0.00000000000 0.00000000000 0.00000000000
 0.00000000000 0.00000000000 0.00000000000 0.00000000000
 0.00000000000 0.00000000000 0.00000000000 0.00000000000
 0.00000000000 0.00000000000 0.00000000000 0.00000000000
 0.00000000000 0.00000000000 0.00000000000 0.00000000000
 0.00000000000 0.00000000000 0.00000000000 0.00000000000
 0.00000000000 0.00000000000 0.00000000000 0.00000000000
 0.00000000000 0.00000000000 0.00000000000 0.00000000000
 0.00000000000 0.00000000000 0.00000000000 0.00000000000
 0.00000000000 0.00000000000 0.00000000000 0.00000000000
 0.00000000000 0.00000000000 0.00000000000 0.00000000000
 0.00000000000 0.00000000000 0.00000000000 0.00000000000
 0.00000000000 0.00000000000 0.00000000000 0.00000000000
 0.00000000000 0.00000000000 0.00000000000 0.00000000000
 0.00000000000 0.00000000000 0.00000000000 0.00000000000
 0.00000000000 0.00000000000 0.00000000000 0.00000000000
# log_sel_spl_fsh[3]:
 0.00000000000 0.00000000000 0.00000000000 0.00000000000
 0.00000000000 0.00000000000 0.00000000000 0.00000000000
 0.00000000000 0.00000000000 0.00000000000 0.00000000000
 0.00000000000 0.00000000000 0.00000000000 0.00000000000
 0.00000000000 0.00000000000 0.00000000000 0.00000000000
 0.00000000000 0.00000000000 0.00000000000 0.00000000000
 0.00000000000 0.00000000000 0.00000000000 0.00000000000
 0.00000000000 0.00000000000 0.00000000000 0.00000000000
 0.00000000000 0.00000000000 0.00000000000 0.00000000000
 0.00000000000 0.00000000000 0.00000000000 0.00000000000
 0.00000000000 0.00000000000 0.00000000000 0.00000000000
 0.00000000000 0.00000000000 0.00000000000 0.00000000000
 0.00000000000 0.00000000000 0.00000000000 0.00000000000
 0.00000000000 0.00000000000 0.00000000000 0.00000000000
 0.00000000000 0.00000000000 0.00000000000 0.00000000000
 0.00000000000 0.00000000000 0.00000000000 0.00000000000
 0.00000000000 0.00000000000 0.00000000000 0.00000000000
 0.00000000000 0.00000000000 0.00000000000 0.00000000000
 0.00000000000 0.00000000000 0.00000000000 0.00000000000
 0.00000000000 0.00000000000 0.00000000000 0.00000000000
 0.00000000000 0.00000000000 0.00000000000 0.00000000000
 0.00000000000 0.00000000000 0.00000000000 0.00000000000
 0.00000000000 0.00000000000 0.00000000000 0.00000000000
 0.00000000000 0.00000000000 0.00000000000 0.00000000000
 0.00000000000 0.00000000000 0.00000000000 0.00000000000
 0.00000000000 0.00000000000 0.00000000000 0.00000000000
 0.00000000000 0.00000000000 0.00000000000 0.00000000000
 0.00000000000 0.00000000000 0.00000000000 0.00000000000
 0.00000000000 0.00000000000 0.00000000000 0.00000000000
 0.00000000000 0.00000000000 0.00000000000 0.00000000000
 0.00000000000 0.00000000000 0.00000000000 0.00000000000
 0.00000000000 0.00000000000 0.00000000000 0.00000000000
 0.00000000000 0.00000000000 0.00000000000 0.00000000000
 0.00000000000 0.00000000000 0.00000000000 0.00000000000
 0.00000000000 0.00000000000 0.00000000000 0.00000000000
 0.00000000000 0.00000000000 0.00000000000 0.00000000000
 0.00000000000 0.00000000000 0.00000000000 0.00000000000
 0.00000000000 0.00000000000 0.00000000000 0.00000000000
 0.00000000000 0.00000000000 0.00000000000 0.00000000000
 0.00000000000 0.00000000000 0.00000000000 0.00000000000
 0.00000000000 0.00000000000 0.00000000000 0.00000000000
 0.00000000000 0.00000000000 0.00000000000 0.00000000000
 0.00000000000 0.00000000000 0.00000000000 0.00000000000
 0.00000000000 0.00000000000 0.00000000000 0.00000000000
# log_sel_spl_fsh[4]:
 0.00000000000 0.00000000000 0.00000000000 0.00000000000
 0.00000000000 0.00000000000 0.00000000000 0.00000000000
 0.00000000000 0.00000000000 0.00000000000 0.00000000000
 0.00000000000 0.00000000000 0.00000000000 0.00000000000
 0.00000000000 0.00000000000 0.00000000000 0.00000000000
 0.00000000000 0.00000000000 0.00000000000 0.00000000000
 0.00000000000 0.00000000000 0.00000000000 0.00000000000
 0.00000000000 0.00000000000 0.00000000000 0.00000000000
 0.00000000000 0.00000000000 0.00000000000 0.00000000000
 0.00000000000 0.00000000000 0.00000000000 0.00000000000
 0.00000000000 0.00000000000 0.00000000000 0.00000000000
 0.00000000000 0.00000000000 0.00000000000 0.00000000000
 0.00000000000 0.00000000000 0.00000000000 0.00000000000
 0.00000000000 0.00000000000 0.00000000000 0.00000000000
 0.00000000000 0.00000000000 0.00000000000 0.00000000000
 0.00000000000 0.00000000000 0.00000000000 0.00000000000
 0.00000000000 0.00000000000 0.00000000000 0.00000000000
 0.00000000000 0.00000000000 0.00000000000 0.00000000000
 0.00000000000 0.00000000000 0.00000000000 0.00000000000
 0.00000000000 0.00000000000 0.00000000000 0.00000000000
 0.00000000000 0.00000000000 0.00000000000 0.00000000000
 0.00000000000 0.00000000000 0.00000000000 0.00000000000
 0.00000000000 0.00000000000 0.00000000000 0.00000000000
 0.00000000000 0.00000000000 0.00000000000 0.00000000000
 0.00000000000 0.00000000000 0.00000000000 0.00000000000
 0.00000000000 0.00000000000 0.00000000000 0.00000000000
 0.00000000000 0.00000000000 0.00000000000 0.00000000000
 0.00000000000 0.00000000000 0.00000000000 0.00000000000
 0.00000000000 0.00000000000 0.00000000000 0.00000000000
 0.00000000000 0.00000000000 0.00000000000 0.00000000000
 0.00000000000 0.00000000000 0.00000000000 0.00000000000
 0.00000000000 0.00000000000 0.00000000000 0.00000000000
 0.00000000000 0.00000000000 0.00000000000 0.00000000000
 0.00000000000 0.00000000000 0.00000000000 0.00000000000
 0.00000000000 0.00000000000 0.00000000000 0.00000000000
# logsel_slope_fsh[1]:
 0.00000000000 0.00000000000 0.00000000000 0.00000000000 0.00000000000 0.00000000000 0.00000000000 0.00000000000 0.00000000000 0.00000000000 0.00000000000 0.00000000000 0.00000000000 0.00000000000 0.00000000000 0.00000000000 0.00000000000 0.00000000000 0.00000000000 0.00000000000 0.00000000000 0.00000000000 0.00000000000 0.00000000000 0.00000000000 0.00000000000 0.00000000000 0.00000000000 0.00000000000 0.00000000000 0.00000000000 0.00000000000 0.00000000000 0.00000000000 0.00000000000 0.00000000000 0.00000000000 0.00000000000 0.00000000000 0.00000000000 0.00000000000
# logsel_slope_fsh[2]:
 0.00000000000 0.00000000000 0.00000000000 0.00000000000 0.00000000000 0.00000000000 0.00000000000 0.00000000000 0.00000000000 0.00000000000 0.00000000000 0.00000000000 0.00000000000 0.00000000000 0.00000000000 0.00000000000 0.00000000000 0.00000000000 0.00000000000 0.00000000000 0.00000000000 0.00000000000 0.00000000000 0.00000000000 0.00000000000 0.00000000000 0.00000000000 0.00000000000 0.00000000000 0.00000000000 0.00000000000 0.00000000000 0.00000000000 0.00000000000 0.00000000000 0.00000000000 0.00000000000 0.00000000000 0.00000000000 0.00000000000 0.00000000000
# logsel_slope_fsh[3]:
 0.00000000000 0.00000000000 0.00000000000 0.00000000000 0.00000000000 0.00000000000 0.00000000000 0.00000000000 0.00000000000 0.00000000000 0.00000000000 0.00000000000 0.00000000000 0.00000000000 0.00000000000 0.00000000000 0.00000000000 0.00000000000 0.00000000000 0.00000000000 0.00000000000 0.00000000000 0.00000000000 0.00000000000 0.00000000000 0.00000000000 0.00000000000 0.00000000000 0.00000000000 0.00000000000 0.00000000000 0.00000000000 0.00000000000 0.00000000000 0.00000000000 0.00000000000 0.00000000000 0.00000000000 0.00000000000 0.00000000000 0.00000000000 0.00000000000 0.00000000000 0.00000000000
# logsel_slope_fsh[4]:
 0.00000000000 0.00000000000 0.00000000000 0.00000000000 0.00000000000 0.00000000000 0.00000000000 0.00000000000 0.00000000000 0.00000000000 0.00000000000 0.00000000000 0.00000000000 0.00000000000 0.00000000000 0.00000000000 0.00000000000 0.00000000000 0.00000000000 0.00000000000 0.00000000000 0.00000000000 0.00000000000 0.00000000000 0.00000000000 0.00000000000 0.00000000000 0.00000000000 0.00000000000 0.00000000000 0.00000000000 0.00000000000 0.00000000000 0.00000000000 0.00000000000
# sel50_fsh[1]:
 0.00000000000 0.00000000000 0.00000000000 0.00000000000 0.00000000000 0.00000000000 0.00000000000 0.00000000000 0.00000000000 0.00000000000 0.00000000000 0.00000000000 0.00000000000 0.00000000000 0.00000000000 0.00000000000 0.00000000000 0.00000000000 0.00000000000 0.00000000000 0.00000000000 0.00000000000 0.00000000000 0.00000000000 0.00000000000 0.00000000000 0.00000000000 0.00000000000 0.00000000000 0.00000000000 0.00000000000 0.00000000000 0.00000000000 0.00000000000 0.00000000000 0.00000000000 0.00000000000 0.00000000000 0.00000000000 0.00000000000 0.00000000000
# sel50_fsh[2]:
 0.00000000000 0.00000000000 0.00000000000 0.00000000000 0.00000000000 0.00000000000 0.00000000000 0.00000000000 0.00000000000 0.00000000000 0.00000000000 0.00000000000 0.00000000000 0.00000000000 0.00000000000 0.00000000000 0.00000000000 0.00000000000 0.00000000000 0.00000000000 0.00000000000 0.00000000000 0.00000000000 0.00000000000 0.00000000000 0.00000000000 0.00000000000 0.00000000000 0.00000000000 0.00000000000 0.00000000000 0.00000000000 0.00000000000 0.00000000000 0.00000000000 0.00000000000 0.00000000000 0.00000000000 0.00000000000 0.00000000000 0.00000000000
# sel50_fsh[3]:
 0.00000000000 0.00000000000 0.00000000000 0.00000000000 0.00000000000 0.00000000000 0.00000000000 0.00000000000 0.00000000000 0.00000000000 0.00000000000 0.00000000000 0.00000000000 0.00000000000 0.00000000000 0.00000000000 0.00000000000 0.00000000000 0.00000000000 0.00000000000 0.00000000000 0.00000000000 0.00000000000 0.00000000000 0.00000000000 0.00000000000 0.00000000000 0.00000000000 0.00000000000 0.00000000000 0.00000000000 0.00000000000 0.00000000000 0.00000000000 0.00000000000 0.00000000000 0.00000000000 0.00000000000 0.00000000000 0.00000000000 0.00000000000 0.00000000000 0.00000000000 0.00000000000
# sel50_fsh[4]:
 0.00000000000 0.00000000000 0.00000000000 0.00000000000 0.00000000000 0.00000000000 0.00000000000 0.00000000000 0.00000000000 0.00000000000 0.00000000000 0.00000000000 0.00000000000 0.00000000000 0.00000000000 0.00000000000 0.00000000000 0.00000000000 0.00000000000 0.00000000000 0.00000000000 0.00000000000 0.00000000000 0.00000000000 0.00000000000 0.00000000000 0.00000000000 0.00000000000 0.00000000000 0.00000000000 0.00000000000 0.00000000000 0.00000000000 0.00000000000 0.00000000000
# logsel_p1_fsh[1]:
 0.00000000000 0.00000000000 0.00000000000 0.00000000000 0.00000000000 0.00000000000 0.00000000000 0.00000000000 0.00000000000 0.00000000000 0.00000000000 0.00000000000 0.00000000000 0.00000000000 0.00000000000 0.00000000000 0.00000000000 0.00000000000 0.00000000000 0.00000000000 0.00000000000 0.00000000000 0.00000000000 0.00000000000 0.00000000000 0.00000000000 0.00000000000 0.00000000000 0.00000000000 0.00000000000 0.00000000000 0.00000000000 0.00000000000 0.00000000000 0.00000000000 0.00000000000 0.00000000000 0.00000000000 0.00000000000 0.00000000000 0.00000000000
# logsel_p1_fsh[2]:
 0.00000000000 0.00000000000 0.00000000000 0.00000000000 0.00000000000 0.00000000000 0.00000000000 0.00000000000 0.00000000000 0.00000000000 0.00000000000 0.00000000000 0.00000000000 0.00000000000 0.00000000000 0.00000000000 0.00000000000 0.00000000000 0.00000000000 0.00000000000 0.00000000000 0.00000000000 0.00000000000 0.00000000000 0.00000000000 0.00000000000 0.00000000000 0.00000000000 0.00000000000 0.00000000000 0.00000000000 0.00000000000 0.00000000000 0.00000000000 0.00000000000 0.00000000000 0.00000000000 0.00000000000 0.00000000000 0.00000000000 0.00000000000
# logsel_p1_fsh[3]:
 0.00000000000 0.00000000000 0.00000000000 0.00000000000 0.00000000000 0.00000000000 0.00000000000 0.00000000000 0.00000000000 0.00000000000 0.00000000000 0.00000000000 0.00000000000 0.00000000000 0.00000000000 0.00000000000 0.00000000000 0.00000000000 0.00000000000 0.00000000000 0.00000000000 0.00000000000 0.00000000000 0.00000000000 0.00000000000 0.00000000000 0.00000000000 0.00000000000 0.00000000000 0.00000000000 0.00000000000 0.00000000000 0.00000000000 0.00000000000 0.00000000000 0.00000000000 0.00000000000 0.00000000000 0.00000000000 0.00000000000 0.00000000000 0.00000000000 0.00000000000 0.00000000000
# logsel_p1_fsh[4]:
 0.00000000000 0.00000000000 0.00000000000 0.00000000000 0.00000000000 0.00000000000 0.00000000000 0.00000000000 0.00000000000 0.00000000000 0.00000000000 0.00000000000 0.00000000000 0.00000000000 0.00000000000 0.00000000000 0.00000000000 0.00000000000 0.00000000000 0.00000000000 0.00000000000 0.00000000000 0.00000000000 0.00000000000 0.00000000000 0.00000000000 0.00000000000 0.00000000000 0.00000000000 0.00000000000 0.00000000000 0.00000000000 0.00000000000 0.00000000000 0.00000000000
# logsel_p2_fsh[1]:
 0.00000000000 0.00000000000 0.00000000000 0.00000000000 0.00000000000 0.00000000000 0.00000000000 0.00000000000 0.00000000000 0.00000000000 0.00000000000 0.00000000000 0.00000000000 0.00000000000 0.00000000000 0.00000000000 0.00000000000 0.00000000000 0.00000000000 0.00000000000 0.00000000000 0.00000000000 0.00000000000 0.00000000000 0.00000000000 0.00000000000 0.00000000000 0.00000000000 0.00000000000 0.00000000000 0.00000000000 0.00000000000 0.00000000000 0.00000000000 0.00000000000 0.00000000000 0.00000000000 0.00000000000 0.00000000000 0.00000000000 0.00000000000
# logsel_p2_fsh[2]:
 0.00000000000 0.00000000000 0.00000000000 0.00000000000 0.00000000000 0.00000000000 0.00000000000 0.00000000000 0.00000000000 0.00000000000 0.00000000000 0.00000000000 0.00000000000 0.00000000000 0.00000000000 0.00000000000 0.00000000000 0.00000000000 0.00000000000 0.00000000000 0.00000000000 0.00000000000 0.00000000000 0.00000000000 0.00000000000 0.00000000000 0.00000000000 0.00000000000 0.00000000000 0.00000000000 0.00000000000 0.00000000000 0.00000000000 0.00000000000 0.00000000000 0.00000000000 0.00000000000 0.00000000000 0.00000000000 0.00000000000 0.00000000000
# logsel_p2_fsh[3]:
 0.00000000000 0.00000000000 0.00000000000 0.00000000000 0.00000000000 0.00000000000 0.00000000000 0.00000000000 0.00000000000 0.00000000000 0.00000000000 0.00000000000 0.00000000000 0.00000000000 0.00000000000 0.00000000000 0.00000000000 0.00000000000 0.00000000000 0.00000000000 0.00000000000 0.00000000000 0.00000000000 0.00000000000 0.00000000000 0.00000000000 0.00000000000 0.00000000000 0.00000000000 0.00000000000 0.00000000000 0.00000000000 0.00000000000 0.00000000000 0.00000000000 0.00000000000 0.00000000000 0.00000000000 0.00000000000 0.00000000000 0.00000000000 0.00000000000 0.00000000000 0.00000000000
# logsel_p2_fsh[4]:
 0.00000000000 0.00000000000 0.00000000000 0.00000000000 0.00000000000 0.00000000000 0.00000000000 0.00000000000 0.00000000000 0.00000000000 0.00000000000 0.00000000000 0.00000000000 0.00000000000 0.00000000000 0.00000000000 0.00000000000 0.00000000000 0.00000000000 0.00000000000 0.00000000000 0.00000000000 0.00000000000 0.00000000000 0.00000000000 0.00000000000 0.00000000000 0.00000000000 0.00000000000 0.00000000000 0.00000000000 0.00000000000 0.00000000000 0.00000000000 0.00000000000
# logsel_p3_fsh[1]:
 0.00000000000 0.00000000000 0.00000000000 0.00000000000 0.00000000000 0.00000000000 0.00000000000 0.00000000000 0.00000000000 0.00000000000 0.00000000000 0.00000000000 0.00000000000 0.00000000000 0.00000000000 0.00000000000 0.00000000000 0.00000000000 0.00000000000 0.00000000000 0.00000000000 0.00000000000 0.00000000000 0.00000000000 0.00000000000 0.00000000000 0.00000000000 0.00000000000 0.00000000000 0.00000000000 0.00000000000 0.00000000000 0.00000000000 0.00000000000 0.00000000000 0.00000000000 0.00000000000 0.00000000000 0.00000000000 0.00000000000 0.00000000000
# logsel_p3_fsh[2]:
 0.00000000000 0.00000000000 0.00000000000 0.00000000000 0.00000000000 0.00000000000 0.00000000000 0.00000000000 0.00000000000 0.00000000000 0.00000000000 0.00000000000 0.00000000000 0.00000000000 0.00000000000 0.00000000000 0.00000000000 0.00000000000 0.00000000000 0.00000000000 0.00000000000 0.00000000000 0.00000000000 0.00000000000 0.00000000000 0.00000000000 0.00000000000 0.00000000000 0.00000000000 0.00000000000 0.00000000000 0.00000000000 0.00000000000 0.00000000000 0.00000000000 0.00000000000 0.00000000000 0.00000000000 0.00000000000 0.00000000000 0.00000000000
# logsel_p3_fsh[3]:
 0.00000000000 0.00000000000 0.00000000000 0.00000000000 0.00000000000 0.00000000000 0.00000000000 0.00000000000 0.00000000000 0.00000000000 0.00000000000 0.00000000000 0.00000000000 0.00000000000 0.00000000000 0.00000000000 0.00000000000 0.00000000000 0.00000000000 0.00000000000 0.00000000000 0.00000000000 0.00000000000 0.00000000000 0.00000000000 0.00000000000 0.00000000000 0.00000000000 0.00000000000 0.00000000000 0.00000000000 0.00000000000 0.00000000000 0.00000000000 0.00000000000 0.00000000000 0.00000000000 0.00000000000 0.00000000000 0.00000000000 0.00000000000 0.00000000000 0.00000000000 0.00000000000
# logsel_p3_fsh[4]:
 0.00000000000 0.00000000000 0.00000000000 0.00000000000 0.00000000000 0.00000000000 0.00000000000 0.00000000000 0.00000000000 0.00000000000 0.00000000000 0.00000000000 0.00000000000 0.00000000000 0.00000000000 0.00000000000 0.00000000000 0.00000000000 0.00000000000 0.00000000000 0.00000000000 0.00000000000 0.00000000000 0.00000000000 0.00000000000 0.00000000000 0.00000000000 0.00000000000 0.00000000000 0.00000000000 0.00000000000 0.00000000000 0.00000000000 0.00000000000 0.00000000000
# rec_dev_future:
 0.00000000000 0.00000000000 0.00000000000 0.00000000000 0.00000000000 0.00000000000 0.00000000000 0.00000000000 0.00000000000 0.00000000000 0.00000000000 0.00000000000 0.00000000000 0.00000000000 0.00000000000 0.00000000000 0.00000000000 0.00000000000 0.00000000000 0.00000000000
# log_q_ind[1]:
-0.868829054282
# log_q_ind[2]:
-2.04033315796
# log_q_ind[3]:
-4.11166644825
# log_q_ind[4]:
-0.678470673385
# log_q_ind[5]:
-5.17141557843
# log_q_ind[6]:
-0.511955182667
# log_q_ind[7]:
-4.11911818465
# log_q_ind[8]:
-4.28520972512
# log_q_power_ind[1]:
0.00000000000
# log_q_power_ind[2]:
0.00000000000
# log_q_power_ind[3]:
0.00000000000
# log_q_power_ind[4]:
0.00000000000
# log_q_power_ind[5]:
0.00000000000
# log_q_power_ind[6]:
0.00000000000
# log_q_power_ind[7]:
0.00000000000
# log_q_power_ind[8]:
0.00000000000
# log_rw_q_ind[1]:
 0.229399541843
# log_rw_q_ind[2]:
 0.00000000000
# log_rw_q_ind[3]:
 1.13938098745
# log_rw_q_ind[6]:
 0.218766499685
# log_selcoffs_ind[1]:
 -1.95687022016 -1.08026978914 -0.414803659179 0.0648168340038 0.363605626804 0.499610421733 0.461114732743 0.269005831483 0.00285756423774 -0.213426634938
 -2.61892171779 -1.76934847918 -0.968942445793 -0.298036070567 0.173829818057 0.440493861516 0.513102035590 0.453707127875 0.330981847297 0.226858350001
# log_selcoffs_ind[2]:
 0.0997985310283 0.504177261825 0.506004078322 0.256171999364 -0.00967214985401 -0.186491258349 -0.301618942238 -0.415460690766 -0.560438612732 -0.697257788379
 0.817084053516 0.552571550927 0.365397792659 0.160743933973 -0.0917426087391 -0.352389020043 -0.587532869247 -0.784304763084 -0.932233974589 -1.01674571303
 1.06161062866 0.652063636771 0.404591594478 0.134081600438 -0.235631148732 -0.623639048424 -0.958323455813 -1.19128798645 -1.30792577088 -1.33372339151
# log_selcoffs_ind[3]:
 -0.202940821038 0.0202027052767 0.0202027052767 0.0202027052767 0.0202027052767 0.0202027052767 0.0202027052767 0.0202027052767 0.0202027052767 0.0202027052767
# log_selcoffs_ind[4]:
 -1.79162120889 -1.24190214133 -0.720220857880 -0.269852318475 0.0750851403635 0.301563262276 0.410260894518 0.421194146718 0.374044912127 0.321937787317
 -1.93990284635 -1.36758921511 -0.809554850430 -0.299842969873 0.109820285063 0.374888858511 0.482691136507 0.448357027060 0.335504546322 0.230993525626
# log_selcoffs_ind[5]:
 -3.04452005677 -0.669616569639 0.101782682789 0.174353368097 0.174353368097 0.174353368097 0.174353368097 0.174353368097 0.174353368097 0.174353368097
# log_selcoffs_ind[6]:
 -3.04452005677 -0.669616569639 0.101782682789 0.174353368097 0.174353368097 0.174353368097 0.174353368097 0.174353368097 0.174353368097 0.174353368097
# log_selcoffs_ind[7]:
 -0.159493505810 -0.0417104840422 -0.00892066480343 0.0636500205045 0.0636500205045 0.0636500205045
# log_selcoffs_ind[8]:
 -0.171850237190 -0.0540672154223 0.0512932891244 0.0512932891244 0.0512932891244 0.0512932891244
# logsel_slope_ind[1]:
 0.00000000000 0.00000000000
# logsel_slope_ind[2]:
 0.00000000000 0.00000000000 0.00000000000
# logsel_slope_ind[3]:
 0.00000000000
# logsel_slope_ind[4]:
 0.00000000000 0.00000000000
# logsel_slope_ind[5]:
 0.00000000000
# logsel_slope_ind[6]:
 0.00000000000
# logsel_slope_ind[7]:
 0.00000000000
# logsel_slope_ind[8]:
 0.00000000000
# sel50_ind[1]:
 0.00000000000 0.00000000000
# sel50_ind[2]:
 0.00000000000 0.00000000000 0.00000000000
# sel50_ind[3]:
 0.00000000000
# sel50_ind[4]:
 0.00000000000 0.00000000000
# sel50_ind[5]:
 0.00000000000
# sel50_ind[6]:
 0.00000000000
# sel50_ind[7]:
 0.00000000000
# sel50_ind[8]:
 0.00000000000
# logsel_p1_ind[1]:
 0.00000000000 0.00000000000
# logsel_p1_ind[2]:
 0.00000000000 0.00000000000 0.00000000000
# logsel_p1_ind[3]:
 0.00000000000
# logsel_p1_ind[4]:
 0.00000000000 0.00000000000
# logsel_p1_ind[5]:
 0.00000000000
# logsel_p1_ind[6]:
 0.00000000000
# logsel_p1_ind[7]:
 0.00000000000
# logsel_p1_ind[8]:
 0.00000000000
# sel_p2_ind[1]:
 0.00000000000 0.00000000000
# sel_p2_ind[2]:
 0.00000000000 0.00000000000 0.00000000000
# sel_p2_ind[3]:
 0.00000000000
# sel_p2_ind[4]:
 0.00000000000 0.00000000000
# sel_p2_ind[5]:
 0.00000000000
# sel_p2_ind[6]:
 0.00000000000
# sel_p2_ind[7]:
 0.00000000000
# sel_p2_ind[8]:
 0.00000000000
# logsel_p3_ind[1]:
 0.00000000000 0.00000000000
# logsel_p3_ind[2]:
 0.00000000000 0.00000000000 0.00000000000
# logsel_p3_ind[3]:
 0.00000000000
# logsel_p3_ind[4]:
 0.00000000000 0.00000000000
# logsel_p3_ind[5]:
 0.00000000000
# logsel_p3_ind[6]:
 0.00000000000
# logsel_p3_ind[7]:
 0.00000000000
# logsel_p3_ind[8]:
 0.00000000000
