# Number of parameters = 1655 Objective function value = 1434.70514214585  Maximum gradient component = 0.0310069734223860
# Mest[1]:
0.230000000000
# log_Linf[1]:
4.30945594184
# log_k[1]:
-1.83258146375
# log_Lo[1]:
2.89037175790
# log_sdage[1]:
-2.40794560865
# mean_log_rec[1]:
9.58389995110
# steepness[1]:
0.650000000000
# log_Rzero[1]:
9.34821384412
# rec_dev:
 -0.439882419245 -0.512957461201 -0.592456711247 -0.679168753037 -0.770654468513 -0.863228352189 -0.831430206871 -0.836613653631 -0.684616087988 -0.626117055358 -0.541156800344 -0.373918610231 -0.407639728818 -0.358550512965 -0.311252324463 -0.109252087950 0.231532542574 0.404431585765 0.371649958493 0.410881959493 0.414843898486 0.456938963683 0.654676406792 0.806667346209 0.611472060980 1.09765502733 1.28742612862 0.691265850554 0.625009486602 0.800877167527 0.660272759220 0.744138964139 0.376418510199 0.407178626850 0.0583111543605 -0.00596684994647 0.265059845073 0.371981696742 0.675157011764 0.622678316709 0.788835192504 0.822027388697 0.410440960686 0.0281154949007 -0.544563411058 -0.521919726338 -0.772939820115 -0.750632562742 -1.13561509086 -1.24866717214 -0.663976421802 -0.442141925057 -1.03553117778 -0.511892440180 -0.686903956807 -0.408224779317 -0.428298136154 0.0294709759185 0.917562822464 0.535911407746 -0.272239093372 -0.150994974183
# log_sigmar[1]:
-0.510825623766
# fmort:
 0.0103870272915 0.0153620586580 0.00701195405028 0.00892963841899 0.0173370054736 0.0214934974838 0.0262190057524 0.0227995845519 0.0449566400885 0.0377027680380 0.0258748550820 0.0381095096408 0.0734988260361 0.0284094787227 0.0662421424157 0.0446039125962 0.00439892324687 0.0208150201141 0.0175779527301 0.0158288396271 0.0142896146291 0.0173173733649 0.0175985554323 0.0205634486236 0.0141272374167 0.0194350385671 0.0353044247892 0.0144363736631 0.00416066072238 0.00654164936084 0.00991693971012 0.0197067658376 0.00838640952462 0.0116863455595 0.0127686572164 0.0202390485109 0.0249440460845 0.0344465262864 0.0473051541994 0.0481964989118 0.0681009220941 0.0111288088498 0.00431946000799 0.00533287084604 0.00582683520412 0.00719202329120 0.00561767859439 0.00814560969659 0.00254679097733 0.00173857869012 0.00502094682692
 0.00133077958734 0.00204825836172 0.00313883736510 0.00522237556324 0.00377116463412 0.00684244542207 0.00888700710072 0.0130788321714 0.0212695353621 0.0264903030150 0.0242273510416 0.0486393804000 0.0674449276539 0.0547886889235 0.0730000250199 0.102839840725 0.115149873022 0.154484749456 0.212463429345 0.222855091928 0.226759718444 0.293668699519 0.397244914671 0.380579127648 0.481589885953 0.594101112349 0.543456856237 0.570223869464 0.353083823582 0.236520379456 0.176017266956 0.202283994232 0.195650944552 0.178882459388 0.175345258754 0.176404059668 0.188787351585 0.229367719493 0.195530321695 0.252266134682 0.136950206771 0.0969208625008 0.0927042882218 0.0715726403504 0.0630883007659 0.0642640252364 0.0711681369795 0.0674809323854 0.0752362783383 0.0711822044650 0.0573671337199
 0.000202734095059 0.000378350290786 0.000838780257195 0.00179917976574 0.00542269276143 0.00157737407011 0.00187739275397 0.0162615522776 0.0106850794249 0.00861667501554 0.0105448232945 0.0105709341567 0.00341163684199 0.00253054888654 0.00346271298242 0.00189643646289 0.000737054634947 0.000674852264665 0.00378419953208 0.00490865467933 0.00584568805766 0.00350039215642 0.00189574508456 0.00285355342364 0.00535612004148 0.0182957905380 0.0206784756613 0.0285622974008 0.0162253806495 0.00646899749993 0.00811726138076 0.0218583990357 0.00396743023681 0.00717718428574 0.00696981174259 0.00373594311029 0.0157293881863 0.0183217367974 0.0141963355708 0.00784795603441 0.00262034343259 0.0274565621671 0.0121362296521 0.00519552243455 0.00450836242264 0.00150894156596 0.000894945812593 0.000433167050535 0.00162484562857 0.00235940867700 0.00261723446163
 1.84019466332e-13 1.96787031115e-13 0.000509197168178 2.13995487996e-13 2.18991491607e-13 2.23432383706e-13 3.28154835083e-06 0.000224589849339 0.00470871848343 0.0293055079274 0.0262596645180 0.0334549124655 0.0757878452383 0.0889958105989 0.117532182078 0.0949871850985 0.0900256281871 0.0931357218113 0.0955196286120 0.0810508588816 0.0684095707508 0.0433063322261 0.00370258166933 2.18158824339e-13 2.19269047363e-13 2.86159984597e-13 3.40838468560e-13 5.05429031961e-13 6.25888230132e-13 3.05517003085e-06 0.000610703366133 0.00441391733694 0.0135838924259 0.0259623298261 0.0452226786771 0.0377099750785 0.0562418554270 0.0848695670783 0.105006344623 0.136782204173 0.120387233342 0.0304802303379 0.0199053882764 0.0198639333988 0.0211269822606 0.0268132094984 0.0162880215077 0.0124553834825 0.00885688920417 0.00814314343813 0.000361213400087
# log_selcoffs_fsh[1]:
 -4.85544956170 -3.70029315982 -2.44592406290 -1.20705733468 -0.263121665298 0.521698719503 1.09171448521 0.881583569734 -0.309053283393
 -4.53731082021 -3.28886238302 -1.97031176854 -0.807574656495 -0.154669331783 0.469191694917 0.954688959250 0.794611814816 0.0951340014902
 -4.20322736456 -2.92530983625 -1.70162543369 -0.693754175919 -0.00122027780159 0.543166359206 0.830349537196 0.662712850354 0.258451129968
 -3.82484531552 -2.43433925848 -1.28399118915 -0.512727662168 -0.0663410980857 0.392784924316 0.769701590425 0.685626756841 0.374101152969
 -3.63182937019 -2.16240575726 -0.744095504050 0.0228937324571 0.209331442352 0.322461808539 0.485677103014 0.494222117355 0.393587790813
 -3.47559716909 -2.12874129174 -0.837242667247 0.105097217236 0.510017809718 0.471793371526 0.354033137553 0.289334232468 0.245156126362
 -3.29485392503 -2.06380475113 -1.00944588861 -0.131085207813 0.582101306649 0.718133925468 0.406471768003 0.163136644137 0.0725868818210
 -3.09327039105 -1.83329683619 -0.917806021275 -0.154727747480 0.557972421744 0.780178334570 0.423849392875 0.110216075949 -0.0352339396475
 -2.92686339658 -1.62549105737 -0.491217576478 0.0750647470703 0.421794467903 0.620454378893 0.482095093032 0.131312590652 -0.0882526629828
 -2.75361159361 -1.30726074800 -0.130665159453 0.212321303035 0.434655797801 0.539755801047 0.342479775515 0.0311317763322 -0.160627752857
 -2.59239906090 -0.944667053582 0.527797068978 0.475306702885 0.284775439682 0.204441459717 0.0371907440595 -0.148057930212 -0.253506849490
 -2.42744582228 -0.677812114857 0.480948239517 0.529616874283 0.432733986406 0.180996575247 -0.115781847326 -0.286716775281 -0.346934872216
 -2.35043595043 -0.611577770811 0.540292601491 0.713279306593 0.399959395983 0.0403600841288 -0.257548489753 -0.414041554773 -0.449214597620
 -2.31139951959 -0.713580548029 0.541488226234 0.882472217744 0.377836211257 -0.0658099037806 -0.362755802684 -0.505935113546 -0.542264351215
 -2.48465673603 -0.886911000676 0.630262598918 0.933560150042 0.357092138093 -0.110811625080 -0.411856129011 -0.574007149137 -0.629028897470
 -2.46432527899 -0.905641167250 0.666760547249 0.838151990107 0.432232040998 -0.0326034223741 -0.391215142623 -0.589324397850 -0.671204797175
 -2.26285526948 -0.690652517465 0.753763444516 0.763162080653 0.356036534318 -0.0430007101693 -0.378083436842 -0.591102777389 -0.692732291204
 -1.90671462124 -0.383384280178 0.538839482757 0.798550253029 0.429418419266 -0.0338248732364 -0.379617768034 -0.594735009834 -0.703981932052
 -1.75914835259 -0.338302828217 0.827079080428 0.744361655471 0.222777027487 -0.162460785670 -0.454776443678 -0.652810653017 -0.758560207623
 -1.51805190420 -0.206885396577 0.803217801333 0.727081428886 0.255022319553 -0.187547653915 -0.504567329401 -0.703813338193 -0.802828334354
 -1.44945023029 -0.103670880937 0.874634435605 0.730390440875 0.182719523650 -0.271125769789 -0.593893447323 -0.785036832358 -0.870804041665
 -1.41552351999 -0.180347396023 0.671510736171 0.967630923794 0.297229516765 -0.357973072021 -0.716736835052 -0.886257690399 -0.947852596525
 -1.35550086766 0.0548331692820 0.913489665851 0.799007009440 0.136515537550 -0.451132798638 -0.810787421473 -0.970085824150 -1.01406630912
 -1.44728927606 -0.158951325114 0.870654582082 1.02591035463 0.0697641266224 -0.558121338992 -0.905742170498 -1.05656843922 -1.08701826851
 -1.50675738655 -0.144978519760 0.905783346098 0.986898922011 0.109767848877 -0.542958753334 -0.923057610736 -1.09147325416 -1.11935153214
 -1.46657460517 0.191326246885 0.744768372748 0.857368003505 0.232237695149 -0.352202687174 -0.825499948369 -1.04370942711 -1.07643189368
 -1.57920388887 -0.189262512266 0.614236769693 0.955004173938 0.346341110426 -0.188196489910 -0.675818364063 -0.927149824233 -0.987227407654
 -1.48578358672 1.22463891478e-05 0.413124081825 0.807715776151 0.443990065955 -0.0505617096749 -0.501631933329 -0.757152511162 -0.831951402602
 -1.20521002135 0.205340660485 0.543138404687 0.590062420613 0.269948610318 -0.0878157260004 -0.405055685070 -0.602557010922 -0.679739315009
 -1.18368919704 0.00390540653222 0.390646984495 0.785560052524 0.235538704475 -0.145199206210 -0.362473218667 -0.488230783998 -0.547725927143
 -1.03153883170 0.483372757727 0.526338527233 0.227065288554 0.00753577163864 -0.131597508984 -0.244389199484 -0.329004120788 -0.374995820325
 -1.03953953882 0.561766303859 0.186248918145 0.140215882014 0.0352376877936 -0.0472369310213 -0.112676517829 -0.170251368778 -0.209793999053
 -1.32082046222 -0.540997481344 -0.0403551202034 0.495222403490 0.378064238479 0.151803828982 0.0319669658224 -0.0311055979452 -0.0786538396213
 -1.68607604813 -0.904313548240 -0.253131529925 0.280219064272 0.321681579646 0.365844893952 0.254363952278 0.136736291362 0.0514589040624
 -1.64650724190 -0.741969360165 -0.251985839814 0.328884702964 0.304766919126 0.234840677813 0.200268275811 0.156754067149 0.141477907625
 -0.864461828804 -0.351324208780 -0.553036270848 -0.210320145153 0.0655629714981 0.256980211613 0.323899711239 0.322712597494 0.311362612469
 -0.465252469424 -0.889252300864 -0.998852813630 -0.416131855159 -0.0153227225685 0.351240746288 0.461651649660 0.401763275431 0.369072269188
# log_selcoffs_fsh[2]:
 -6.50691512756 -5.04665792535 -3.57873457599 -1.94890131726 -0.559766285323 0.342934713502 0.997958451210 1.13212387801 0.496730359758 -0.959721655648
 -6.41957783537 -4.96302094528 -3.46119067788 -2.03106356562 -0.853638182857 0.203484570442 0.982918325240 1.17331880566 0.514750655286 -0.512337909648
 -6.30057321725 -4.89068914915 -3.48189777678 -2.12996936717 -1.00112061256 0.0653224940435 0.935974352501 1.15275206108 0.603298439642 -0.149247159188
 -6.14898888150 -4.75551051792 -3.43762805525 -2.20678659762 -1.15030088841 -0.163634884259 0.787612412875 1.14942440522 0.751767577161 0.187482694165
 -5.99928150315 -4.54104248200 -3.21668649063 -2.15849807669 -1.29103416521 -0.394899964823 0.604913711284 1.09290164164 0.881314902862 0.503471307170
 -5.85402526173 -4.49434455220 -3.15519869368 -1.91242353030 -1.08082693342 -0.489325711300 0.286167625141 0.906156211055 1.00401426080 0.836351266572
 -5.71595482680 -4.45245687615 -3.22898475483 -2.08055635319 -1.07936355387 -0.327059419437 0.215197073177 0.688245417421 0.972673956326 1.05932095100
 -5.60369701549 -4.38707866464 -3.25026365454 -2.21679293317 -1.25547995724 -0.462336037898 0.207833797492 0.632757500837 0.941084796308 1.17706712413
 -5.52961064254 -4.29441852956 -3.14101870541 -2.19204358815 -1.39647601437 -0.624429357076 0.138595605851 0.692341152845 0.954554207697 1.19388186621
 -5.43812057639 -4.15201111679 -2.95522735671 -1.96222930494 -1.21421856593 -0.621242252447 -0.0600202763471 0.582261308299 0.980763168197 1.26829088661
 -5.36022673868 -3.96515309881 -2.62582445805 -1.54086480581 -0.874428359569 -0.434100143477 -0.0202327185166 0.404620864681 0.880522400075 1.31746592161
 -5.34272641828 -3.81304713815 -2.37208000152 -1.17614197658 -0.614167112034 -0.254954915458 0.000936274784048 0.367792512149 0.878901864288 1.22424823741
 -5.35438575713 -3.65284720965 -2.02357990703 -0.735784850858 -0.249588764030 0.0362177978123 0.161029301788 0.334279899877 0.715863075428 1.07310189167
 -5.38137604576 -3.48821803487 -1.67848677191 -0.481091708586 0.108333779819 0.238306901319 0.231800583507 0.325495965267 0.573316098450 0.857319424335
 -5.38324397817 -3.30890308371 -1.36467749548 -0.0933579798232 0.345286318704 0.310091268609 0.165818886809 0.222466496200 0.468028574237 0.688245317395
 -5.34987951958 -3.12744330148 -1.05125409190 0.0712141249285 0.329342648130 0.285030931487 0.171710516533 0.214481789953 0.420530200822 0.620001977078
 -5.33283723942 -3.07107040447 -0.932767772454 0.0734384301196 0.350315562642 0.325884853937 0.191740023776 0.194328354323 0.377254292613 0.582347202319
 -5.32390421815 -3.23819514996 -1.25433091710 0.0731302777379 0.483546438064 0.427703542353 0.216420532633 0.163367995537 0.316584460897 0.499368680808
 -5.28783641121 -3.35908944054 -1.52765337762 -0.165495887806 0.550122872799 0.512755438742 0.255848626697 0.170125789321 0.309678014463 0.502176208296
 -5.21988620990 -3.40347959725 -1.66271535428 -0.331861833505 0.340176208723 0.466719108471 0.296368017896 0.242793688972 0.419016918526 0.649163711138
 -5.18341395426 -3.49039871256 -1.88787842544 -0.562881045377 0.218154842034 0.476687743573 0.366529091981 0.279842782137 0.457687151909 0.714115457861
 -5.18096129813 -3.57324262944 -2.07079903398 -0.864491269631 0.0178902996174 0.501201839917 0.477814819380 0.365611291317 0.498025451290 0.718228038697
 -5.19551431446 -3.63819895429 -2.22741866535 -1.07341103380 -0.221460230267 0.483495055596 0.529397418064 0.450336302278 0.560817041662 0.730722129950
 -5.26107284182 -3.68615450837 -2.24021183620 -1.08047591606 -0.346216554988 0.240580791715 0.576180548752 0.548788627096 0.650008661643 0.750747625108
 -5.33314525646 -3.71324381215 -2.13949009313 -0.805521525477 -0.194088446860 0.0684615980948 0.356148719735 0.573651236047 0.697036647712 0.833521751933
 -5.43879060365 -3.76004615792 -2.22103371076 -0.900266553130 -0.149253516150 0.288632441838 0.374698348623 0.474829208577 0.648368875190 0.827132270167
 -5.64432952576 -3.92474890699 -2.23084565966 -0.823356307207 -0.0359665050585 0.440510339588 0.509293749282 0.466197122356 0.539237627048 0.662385649861
 -5.82982207676 -4.09980219812 -2.28095474718 -0.545810036162 0.153667060512 0.506166666957 0.489094727727 0.400036864318 0.515900676043 0.516433148970
 -5.98735417576 -4.28484647713 -2.54918472034 -0.859945426216 0.0901814917155 0.760115808886 0.617387546504 0.391110563188 0.470686103360 0.274364536283
 -6.12244470041 -4.38629502677 -2.69347176200 -1.03894762755 0.287051321643 0.878611746929 0.768749897997 0.393984411604 0.167306966900 0.00177581747555
 -6.20006146881 -4.37311605626 -2.54635807798 -0.878798427389 0.259632774764 0.855844280798 0.777481059973 0.405126165118 0.143462244233 0.0120839530597
 -6.23174103124 -4.29415546393 -2.35592675263 -0.678321064414 0.166354204907 0.508676273388 0.731456216862 0.577068755267 0.354050194103 0.226569954929
 -6.24518307862 -4.22037813095 -2.11570238228 -0.456462894123 0.0236207815472 0.136001089687 0.482415537942 0.710079393429 0.610607068464 0.447264783906
 -6.27775224261 -4.28804271010 -2.31544385918 -0.670179788591 0.0355104295035 0.383074528807 0.500027537731 0.617105088283 0.580887657475 0.458165185639
 -6.29150793295 -4.36404230277 -2.40413310258 -0.851122781605 -0.103819225860 0.312391974430 0.610090845220 0.636536060845 0.584409195033 0.516178048283
 -6.28894140907 -4.52241637019 -2.75302611564 -1.06379595355 -0.122995376503 0.359783074490 0.618083365368 0.691467505549 0.577298876403 0.487280731878
 -6.28882533198 -4.63794365227 -3.04009691972 -1.42353490235 -0.281892255751 0.343488308896 0.740647883316 0.732517057286 0.619745413292 0.405133883879
 -6.27357529088 -4.62484816581 -3.01431595079 -1.51676977373 -0.376941867376 0.334646361050 0.718620964381 0.773901054148 0.629777130940 0.431396685362
# log_selcoffs_fsh[3]:
 -0.920059397688 -0.102781097393 1.17280887785 0.428375624123 -0.679091471995 -1.41159098895 -1.70084348986
 -1.15947221069 -0.124889405618 1.19775742455 0.440052437874 -0.672748807702 -1.40612352028 -1.69887001168
 -0.592665273494 -0.167018793603 1.10792009514 0.453644451891 -0.608791622791 -1.33936475909 -1.64582921668
 -1.48503637192 -0.288596143350 1.23854137857 0.439672654558 -0.597995167206 -1.30176791831 -1.61218213561
 -1.88096409593 -0.206597372265 1.17925370083 0.493376397628 -0.470305487985 -1.19238192950 -1.53193215432
 -1.96937430466 -0.500614867515 0.972848706859 0.798199584089 -0.224006564496 -1.05426625687 -1.42906573258
 -1.68467711375 -0.428169965124 0.757683424834 0.930152986598 -0.133674299772 -1.00108864313 -1.37747112130
 -1.32176779559 0.564926429606 0.827600210389 0.334345395123 -0.370459831240 -1.05212738525 -1.38805637301
 -1.39022531517 0.637599046586 0.894372628941 0.218780461185 -0.483945559488 -1.12195564648 -1.48412863973
 -1.58998043449 0.313353042976 0.996309056579 0.477467493531 -0.482716849066 -1.22515095860 -1.62458215713
 -1.85163449680 -0.381358385275 0.900107359300 0.899906810037 -0.256776325771 -1.22625308776 -1.74919178167
 -1.81374560501 -0.341123543076 0.825071146779 0.934818412041 -0.177396701065 -1.22330646885 -1.79884779738
 -1.65950627484 -0.105865947435 1.01725981551 0.708015859292 -0.379500002959 -1.31606597669 -1.81852742919
 -1.42154659662 0.587432633736 0.995355595799 0.276816458689 -0.645590372683 -1.40401782511 -1.80347765274
 -1.47182874754 0.226505804058 1.17979302465 0.325347483205 -0.744054388865 -1.46485314836 -1.76155802057
 -1.47955529988 0.259346980702 1.25022540290 0.175754103718 -0.919742496674 -1.54389003857 -1.71073712520
 -1.27528203267 0.579175679227 1.11897596845 0.0779274780058 -0.977473530733 -1.51326643440 -1.62521462961
 -1.18936742586 0.631998578824 1.08728346966 0.00817920456236 -0.935648805957 -1.43876049101 -1.55946547578
 -0.698661716680 1.08115261414 0.645094680219 -0.210524975286 -0.959983333516 -1.40846137881 -1.55623223995
 -0.533304005564 1.19989980122 0.509323900062 -0.407801205587 -1.08694446666 -1.47709966114 -1.61580173593
 -0.321617776013 1.16418796666 0.570753551985 -0.473828418984 -1.21246906313 -1.59624671281 -1.71829132976
 -0.388318654141 1.14310640341 0.675639347399 -0.506225674059 -1.32204017633 -1.69886249131 -1.78516378345
 -0.207989835237 0.861158901077 0.978765877959 -0.537972803910 -1.43392456677 -1.76856244878 -1.78478373409
 -0.139501727568 1.07934581968 0.715382837855 -0.538447980717 -1.42638193998 -1.81076714424 -1.86351182482
 -0.329108405264 0.576595341643 1.09503432730 -0.101905015377 -1.21345446941 -1.77920947602 -1.95104148580
 -0.0775952959317 0.708597362931 0.639376668019 0.289204194206 -0.741834152329 -1.58770611208 -2.02325923600
 -0.874547167715 0.764827222172 0.865744713380 0.161301334539 -0.635758891122 -1.46608864412 -2.10249267693
 -1.38614307152 0.274327810424 1.15409451739 0.366792411163 -0.695663954445 -1.55981189441 -2.19688944610
 -1.52967290795 0.0302680392826 1.25061085831 0.419818397339 -0.770467903886 -1.73717071704 -2.30571334701
 -1.46533115220 0.246023096854 0.828581188581 0.880383609035 -0.631924894240 -1.80665260943 -2.38155341778
 -1.41233892506 1.05293166363 0.753507086588 0.124582343799 -0.926243719201 -1.88994569418 -2.45161264716
 -1.64876155324 0.577910661301 1.21854016228 0.0741788492695 -1.04761176856 -1.98506445758 -2.55092900291
 -1.90288076591 -0.105616229850 1.39843722092 0.294969421777 -1.02801501733 -2.05343380090 -2.61552951651
 -1.81647210940 -0.0597341509573 1.09146608282 0.827939427542 -0.847578412030 -2.05813435455 -2.63098207147
 -1.63834269130 0.0931452352273 1.34986537456 0.277112117849 -1.08417221271 -2.10525825951 -2.63302602936
 -1.17645032197 1.10785736771 0.850289118968 -0.166291398400 -1.24813121660 -2.14226382070 -2.62814395970
 -1.05669431484 1.03490136985 0.963422747007 -0.250440845024 -1.37024124428 -2.18485609699 -2.63219677108
 -0.822343349986 1.07749140650 0.881127521449 -0.258252068600 -1.36500655495 -2.20057060874 -2.64284715581
 -0.932682399788 1.01694777232 0.930263826470 -0.148546840720 -1.32777224129 -2.20803436117 -2.66443391840
 -1.11735286878 0.452801919987 1.30342823285 -0.0221674082783 -1.33050899639 -2.23116207509 -2.68205269796
 -1.24562271242 0.289772119828 1.38066207101 -0.0347211257096 -1.35316994185 -2.24347123906 -2.68535382822
# log_selcoffs_fsh[4]:
 -5.97112780055 -4.81703018620 -3.63774412578 -2.39899616758 -1.11411705028 0.0862066008690 0.945596674341 1.12210030487 0.592416834778
 -5.95820689835 -4.79700321133 -3.60487096866 -2.31509635173 -0.981770999078 0.180405464944 0.953218503431 1.05872967794 0.595595944594
 -5.92235201771 -4.75751724989 -3.57017875672 -2.31497212118 -1.00508090837 0.160272577381 0.937010324390 1.06480635918 0.625591791762
 -5.85574429825 -4.67910008768 -3.50039087082 -2.29370199743 -1.04553783807 0.0921893981905 0.893535669555 1.08036606903 0.702693376696
 -5.78410427781 -4.58104866000 -3.38933484861 -2.21504491169 -1.01372103382 0.0961417103963 0.857322373387 1.05464904758 0.766495198066
 -5.71068725080 -4.52111272037 -3.31998887686 -2.12044645695 -0.999717002002 0.0292333645912 0.810335046835 1.06893567517 0.820261455272
 -5.62005991835 -4.44372305768 -3.25202416776 -2.03678740575 -0.923081426353 0.0477546876318 0.781735178073 1.02976878434 0.868609931706
 -5.50586866994 -4.32064894110 -3.16725681485 -1.99721867069 -0.892742824748 0.0251490137426 0.736472782010 1.02670329756 0.912047067030
 -5.38941128306 -4.16016739477 -3.03449206447 -1.99228414563 -0.965155497450 -0.0137720147120 0.724146563860 1.01917573323 0.953286577357
 -5.27584672674 -4.05405567359 -2.87669740384 -1.80061236370 -0.879712783095 -0.0384944784930 0.640279485690 0.995112154348 1.02131307750
 -5.18591978395 -3.96412345734 -2.79140346415 -1.70291218678 -0.732184161261 0.0447335412170 0.614075921870 0.930093045328 1.03767027939
 -5.12405846537 -3.86298524574 -2.68313853854 -1.62859125485 -0.667319391099 0.135619750182 0.637922386337 0.890435595710 1.00115560044
 -5.07416113186 -3.72561162905 -2.47434151027 -1.46055882927 -0.635180966368 0.119181770890 0.668918465456 0.889037823011 0.960113738198
 -5.01615324799 -3.54404768039 -2.10791759167 -1.05202909686 -0.388368073574 0.126712199700 0.549994713355 0.833568095220 0.972951450783
 -4.93868203263 -3.38730405676 -1.85584081200 -0.713904735213 -0.141110645548 0.161126956192 0.435195371329 0.744907563209 0.962505319206
 -4.84178195388 -3.24251506232 -1.62800113147 -0.452176001536 -0.0601603653534 0.126267082458 0.368798602975 0.685431320237 0.960749585983
 -4.77317074467 -3.20332541216 -1.62827352557 -0.451867810632 -0.0458465598787 0.178052939878 0.393922116031 0.664018845307 0.933253070295
 -4.71962731392 -3.28207638462 -1.95686299133 -0.938218674725 -0.225109399242 0.355073610547 0.606342031997 0.694977737353 0.858159603688
 -4.63095389250 -3.30526500825 -2.09872639410 -1.15597485643 -0.421926976212 0.216644640650 0.618404792644 0.822651486489 0.910684762257
 -4.57790828071 -3.31561914122 -2.18215417165 -1.27679845394 -0.602251803349 0.0269981025070 0.624655989257 0.943260528874 0.936405656461
 -4.50937647643 -3.24942447939 -2.10971886169 -1.29502232165 -0.676578466511 -0.127805614342 0.474078184874 1.00057617849 1.04390106867
 -4.41648455095 -3.14241070068 -1.83152691328 -1.12443488741 -0.672417696833 -0.140676743587 0.372738550402 0.844718869913 1.19436743985
 -4.32359623327 -3.19587106964 -2.10829941481 -1.23236677093 -0.629140582481 -0.0665609028168 0.370109532174 0.799217637146 1.22154407998
 -4.19126538717 -3.11853494192 -2.14005347781 -1.30063432033 -0.641814194537 -0.107307088134 0.321107753053 0.771918415973 1.27633699097
 -4.15801285074 -3.07847078662 -2.00894693410 -1.09999187434 -0.460208155348 0.108488272310 0.490979395831 0.790862346792 1.06000002599
 -3.97709338583 -2.84183439523 -1.64133777952 -0.878798097517 -0.496217801270 -0.0138475270759 0.473745891942 0.822698335497 1.04247516972
 -3.70241846080 -2.65963470794 -1.59491349077 -0.830090827638 -0.396316177534 -0.0260130669766 0.407732884256 0.814569610458 1.05001754321
 -3.27871068154 -2.34564518422 -1.45787886166 -0.774877127672 -0.380873097985 -0.0769492309705 0.208589697960 0.689938026105 1.20546627257
 -2.73038054624 -1.92506762079 -1.31343800021 -0.827498260122 -0.537124335439 -0.312833116181 0.0811276329452 0.643519911272 1.32957273789
 -2.79051648422 -2.13438263459 -1.30733644435 -0.736526297823 -0.527750951721 -0.385895510894 -0.0270340958142 0.658503388024 1.35994535876
 -2.53674769122 -1.93452491673 -1.59480357857 -1.07970585314 -0.668755469206 -0.424860484986 0.00470515943385 0.665360955298 1.41527632892
 -2.53649126915 -2.00726632586 -1.57144775897 -1.12272656932 -0.738105808362 -0.409829296677 0.0627599103605 0.739288657272 1.37431466810
# log_sel_spl_fsh[1]:
 0.00000000000 0.00000000000 0.00000000000 0.00000000000
 0.00000000000 0.00000000000 0.00000000000 0.00000000000
 0.00000000000 0.00000000000 0.00000000000 0.00000000000
 0.00000000000 0.00000000000 0.00000000000 0.00000000000
 0.00000000000 0.00000000000 0.00000000000 0.00000000000
 0.00000000000 0.00000000000 0.00000000000 0.00000000000
 0.00000000000 0.00000000000 0.00000000000 0.00000000000
 0.00000000000 0.00000000000 0.00000000000 0.00000000000
 0.00000000000 0.00000000000 0.00000000000 0.00000000000
 0.00000000000 0.00000000000 0.00000000000 0.00000000000
 0.00000000000 0.00000000000 0.00000000000 0.00000000000
 0.00000000000 0.00000000000 0.00000000000 0.00000000000
 0.00000000000 0.00000000000 0.00000000000 0.00000000000
 0.00000000000 0.00000000000 0.00000000000 0.00000000000
 0.00000000000 0.00000000000 0.00000000000 0.00000000000
 0.00000000000 0.00000000000 0.00000000000 0.00000000000
 0.00000000000 0.00000000000 0.00000000000 0.00000000000
 0.00000000000 0.00000000000 0.00000000000 0.00000000000
 0.00000000000 0.00000000000 0.00000000000 0.00000000000
 0.00000000000 0.00000000000 0.00000000000 0.00000000000
 0.00000000000 0.00000000000 0.00000000000 0.00000000000
 0.00000000000 0.00000000000 0.00000000000 0.00000000000
 0.00000000000 0.00000000000 0.00000000000 0.00000000000
 0.00000000000 0.00000000000 0.00000000000 0.00000000000
 0.00000000000 0.00000000000 0.00000000000 0.00000000000
 0.00000000000 0.00000000000 0.00000000000 0.00000000000
 0.00000000000 0.00000000000 0.00000000000 0.00000000000
 0.00000000000 0.00000000000 0.00000000000 0.00000000000
 0.00000000000 0.00000000000 0.00000000000 0.00000000000
 0.00000000000 0.00000000000 0.00000000000 0.00000000000
 0.00000000000 0.00000000000 0.00000000000 0.00000000000
 0.00000000000 0.00000000000 0.00000000000 0.00000000000
 0.00000000000 0.00000000000 0.00000000000 0.00000000000
 0.00000000000 0.00000000000 0.00000000000 0.00000000000
 0.00000000000 0.00000000000 0.00000000000 0.00000000000
 0.00000000000 0.00000000000 0.00000000000 0.00000000000
 0.00000000000 0.00000000000 0.00000000000 0.00000000000
# log_sel_spl_fsh[2]:
 0.00000000000 0.00000000000 0.00000000000 0.00000000000
 0.00000000000 0.00000000000 0.00000000000 0.00000000000
 0.00000000000 0.00000000000 0.00000000000 0.00000000000
 0.00000000000 0.00000000000 0.00000000000 0.00000000000
 0.00000000000 0.00000000000 0.00000000000 0.00000000000
 0.00000000000 0.00000000000 0.00000000000 0.00000000000
 0.00000000000 0.00000000000 0.00000000000 0.00000000000
 0.00000000000 0.00000000000 0.00000000000 0.00000000000
 0.00000000000 0.00000000000 0.00000000000 0.00000000000
 0.00000000000 0.00000000000 0.00000000000 0.00000000000
 0.00000000000 0.00000000000 0.00000000000 0.00000000000
 0.00000000000 0.00000000000 0.00000000000 0.00000000000
 0.00000000000 0.00000000000 0.00000000000 0.00000000000
 0.00000000000 0.00000000000 0.00000000000 0.00000000000
 0.00000000000 0.00000000000 0.00000000000 0.00000000000
 0.00000000000 0.00000000000 0.00000000000 0.00000000000
 0.00000000000 0.00000000000 0.00000000000 0.00000000000
 0.00000000000 0.00000000000 0.00000000000 0.00000000000
 0.00000000000 0.00000000000 0.00000000000 0.00000000000
 0.00000000000 0.00000000000 0.00000000000 0.00000000000
 0.00000000000 0.00000000000 0.00000000000 0.00000000000
 0.00000000000 0.00000000000 0.00000000000 0.00000000000
 0.00000000000 0.00000000000 0.00000000000 0.00000000000
 0.00000000000 0.00000000000 0.00000000000 0.00000000000
 0.00000000000 0.00000000000 0.00000000000 0.00000000000
 0.00000000000 0.00000000000 0.00000000000 0.00000000000
 0.00000000000 0.00000000000 0.00000000000 0.00000000000
 0.00000000000 0.00000000000 0.00000000000 0.00000000000
 0.00000000000 0.00000000000 0.00000000000 0.00000000000
 0.00000000000 0.00000000000 0.00000000000 0.00000000000
 0.00000000000 0.00000000000 0.00000000000 0.00000000000
 0.00000000000 0.00000000000 0.00000000000 0.00000000000
 0.00000000000 0.00000000000 0.00000000000 0.00000000000
 0.00000000000 0.00000000000 0.00000000000 0.00000000000
 0.00000000000 0.00000000000 0.00000000000 0.00000000000
 0.00000000000 0.00000000000 0.00000000000 0.00000000000
 0.00000000000 0.00000000000 0.00000000000 0.00000000000
 0.00000000000 0.00000000000 0.00000000000 0.00000000000
# log_sel_spl_fsh[3]:
 0.00000000000 0.00000000000 0.00000000000 0.00000000000
 0.00000000000 0.00000000000 0.00000000000 0.00000000000
 0.00000000000 0.00000000000 0.00000000000 0.00000000000
 0.00000000000 0.00000000000 0.00000000000 0.00000000000
 0.00000000000 0.00000000000 0.00000000000 0.00000000000
 0.00000000000 0.00000000000 0.00000000000 0.00000000000
 0.00000000000 0.00000000000 0.00000000000 0.00000000000
 0.00000000000 0.00000000000 0.00000000000 0.00000000000
 0.00000000000 0.00000000000 0.00000000000 0.00000000000
 0.00000000000 0.00000000000 0.00000000000 0.00000000000
 0.00000000000 0.00000000000 0.00000000000 0.00000000000
 0.00000000000 0.00000000000 0.00000000000 0.00000000000
 0.00000000000 0.00000000000 0.00000000000 0.00000000000
 0.00000000000 0.00000000000 0.00000000000 0.00000000000
 0.00000000000 0.00000000000 0.00000000000 0.00000000000
 0.00000000000 0.00000000000 0.00000000000 0.00000000000
 0.00000000000 0.00000000000 0.00000000000 0.00000000000
 0.00000000000 0.00000000000 0.00000000000 0.00000000000
 0.00000000000 0.00000000000 0.00000000000 0.00000000000
 0.00000000000 0.00000000000 0.00000000000 0.00000000000
 0.00000000000 0.00000000000 0.00000000000 0.00000000000
 0.00000000000 0.00000000000 0.00000000000 0.00000000000
 0.00000000000 0.00000000000 0.00000000000 0.00000000000
 0.00000000000 0.00000000000 0.00000000000 0.00000000000
 0.00000000000 0.00000000000 0.00000000000 0.00000000000
 0.00000000000 0.00000000000 0.00000000000 0.00000000000
 0.00000000000 0.00000000000 0.00000000000 0.00000000000
 0.00000000000 0.00000000000 0.00000000000 0.00000000000
 0.00000000000 0.00000000000 0.00000000000 0.00000000000
 0.00000000000 0.00000000000 0.00000000000 0.00000000000
 0.00000000000 0.00000000000 0.00000000000 0.00000000000
 0.00000000000 0.00000000000 0.00000000000 0.00000000000
 0.00000000000 0.00000000000 0.00000000000 0.00000000000
 0.00000000000 0.00000000000 0.00000000000 0.00000000000
 0.00000000000 0.00000000000 0.00000000000 0.00000000000
 0.00000000000 0.00000000000 0.00000000000 0.00000000000
 0.00000000000 0.00000000000 0.00000000000 0.00000000000
 0.00000000000 0.00000000000 0.00000000000 0.00000000000
 0.00000000000 0.00000000000 0.00000000000 0.00000000000
 0.00000000000 0.00000000000 0.00000000000 0.00000000000
 0.00000000000 0.00000000000 0.00000000000 0.00000000000
# log_sel_spl_fsh[4]:
 0.00000000000 0.00000000000 0.00000000000 0.00000000000
 0.00000000000 0.00000000000 0.00000000000 0.00000000000
 0.00000000000 0.00000000000 0.00000000000 0.00000000000
 0.00000000000 0.00000000000 0.00000000000 0.00000000000
 0.00000000000 0.00000000000 0.00000000000 0.00000000000
 0.00000000000 0.00000000000 0.00000000000 0.00000000000
 0.00000000000 0.00000000000 0.00000000000 0.00000000000
 0.00000000000 0.00000000000 0.00000000000 0.00000000000
 0.00000000000 0.00000000000 0.00000000000 0.00000000000
 0.00000000000 0.00000000000 0.00000000000 0.00000000000
 0.00000000000 0.00000000000 0.00000000000 0.00000000000
 0.00000000000 0.00000000000 0.00000000000 0.00000000000
 0.00000000000 0.00000000000 0.00000000000 0.00000000000
 0.00000000000 0.00000000000 0.00000000000 0.00000000000
 0.00000000000 0.00000000000 0.00000000000 0.00000000000
 0.00000000000 0.00000000000 0.00000000000 0.00000000000
 0.00000000000 0.00000000000 0.00000000000 0.00000000000
 0.00000000000 0.00000000000 0.00000000000 0.00000000000
 0.00000000000 0.00000000000 0.00000000000 0.00000000000
 0.00000000000 0.00000000000 0.00000000000 0.00000000000
 0.00000000000 0.00000000000 0.00000000000 0.00000000000
 0.00000000000 0.00000000000 0.00000000000 0.00000000000
 0.00000000000 0.00000000000 0.00000000000 0.00000000000
 0.00000000000 0.00000000000 0.00000000000 0.00000000000
 0.00000000000 0.00000000000 0.00000000000 0.00000000000
 0.00000000000 0.00000000000 0.00000000000 0.00000000000
 0.00000000000 0.00000000000 0.00000000000 0.00000000000
 0.00000000000 0.00000000000 0.00000000000 0.00000000000
 0.00000000000 0.00000000000 0.00000000000 0.00000000000
 0.00000000000 0.00000000000 0.00000000000 0.00000000000
 0.00000000000 0.00000000000 0.00000000000 0.00000000000
 0.00000000000 0.00000000000 0.00000000000 0.00000000000
# logsel_slope_fsh[1]:
 0.00000000000 0.00000000000 0.00000000000 0.00000000000 0.00000000000 0.00000000000 0.00000000000 0.00000000000 0.00000000000 0.00000000000 0.00000000000 0.00000000000 0.00000000000 0.00000000000 0.00000000000 0.00000000000 0.00000000000 0.00000000000 0.00000000000 0.00000000000 0.00000000000 0.00000000000 0.00000000000 0.00000000000 0.00000000000 0.00000000000 0.00000000000 0.00000000000 0.00000000000 0.00000000000 0.00000000000 0.00000000000 0.00000000000 0.00000000000 0.00000000000 0.00000000000 0.00000000000
# logsel_slope_fsh[2]:
 0.00000000000 0.00000000000 0.00000000000 0.00000000000 0.00000000000 0.00000000000 0.00000000000 0.00000000000 0.00000000000 0.00000000000 0.00000000000 0.00000000000 0.00000000000 0.00000000000 0.00000000000 0.00000000000 0.00000000000 0.00000000000 0.00000000000 0.00000000000 0.00000000000 0.00000000000 0.00000000000 0.00000000000 0.00000000000 0.00000000000 0.00000000000 0.00000000000 0.00000000000 0.00000000000 0.00000000000 0.00000000000 0.00000000000 0.00000000000 0.00000000000 0.00000000000 0.00000000000 0.00000000000
# logsel_slope_fsh[3]:
 0.00000000000 0.00000000000 0.00000000000 0.00000000000 0.00000000000 0.00000000000 0.00000000000 0.00000000000 0.00000000000 0.00000000000 0.00000000000 0.00000000000 0.00000000000 0.00000000000 0.00000000000 0.00000000000 0.00000000000 0.00000000000 0.00000000000 0.00000000000 0.00000000000 0.00000000000 0.00000000000 0.00000000000 0.00000000000 0.00000000000 0.00000000000 0.00000000000 0.00000000000 0.00000000000 0.00000000000 0.00000000000 0.00000000000 0.00000000000 0.00000000000 0.00000000000 0.00000000000 0.00000000000 0.00000000000 0.00000000000 0.00000000000
# logsel_slope_fsh[4]:
 0.00000000000 0.00000000000 0.00000000000 0.00000000000 0.00000000000 0.00000000000 0.00000000000 0.00000000000 0.00000000000 0.00000000000 0.00000000000 0.00000000000 0.00000000000 0.00000000000 0.00000000000 0.00000000000 0.00000000000 0.00000000000 0.00000000000 0.00000000000 0.00000000000 0.00000000000 0.00000000000 0.00000000000 0.00000000000 0.00000000000 0.00000000000 0.00000000000 0.00000000000 0.00000000000 0.00000000000 0.00000000000
# sel50_fsh[1]:
 0.00000000000 0.00000000000 0.00000000000 0.00000000000 0.00000000000 0.00000000000 0.00000000000 0.00000000000 0.00000000000 0.00000000000 0.00000000000 0.00000000000 0.00000000000 0.00000000000 0.00000000000 0.00000000000 0.00000000000 0.00000000000 0.00000000000 0.00000000000 0.00000000000 0.00000000000 0.00000000000 0.00000000000 0.00000000000 0.00000000000 0.00000000000 0.00000000000 0.00000000000 0.00000000000 0.00000000000 0.00000000000 0.00000000000 0.00000000000 0.00000000000 0.00000000000 0.00000000000
# sel50_fsh[2]:
 0.00000000000 0.00000000000 0.00000000000 0.00000000000 0.00000000000 0.00000000000 0.00000000000 0.00000000000 0.00000000000 0.00000000000 0.00000000000 0.00000000000 0.00000000000 0.00000000000 0.00000000000 0.00000000000 0.00000000000 0.00000000000 0.00000000000 0.00000000000 0.00000000000 0.00000000000 0.00000000000 0.00000000000 0.00000000000 0.00000000000 0.00000000000 0.00000000000 0.00000000000 0.00000000000 0.00000000000 0.00000000000 0.00000000000 0.00000000000 0.00000000000 0.00000000000 0.00000000000 0.00000000000
# sel50_fsh[3]:
 0.00000000000 0.00000000000 0.00000000000 0.00000000000 0.00000000000 0.00000000000 0.00000000000 0.00000000000 0.00000000000 0.00000000000 0.00000000000 0.00000000000 0.00000000000 0.00000000000 0.00000000000 0.00000000000 0.00000000000 0.00000000000 0.00000000000 0.00000000000 0.00000000000 0.00000000000 0.00000000000 0.00000000000 0.00000000000 0.00000000000 0.00000000000 0.00000000000 0.00000000000 0.00000000000 0.00000000000 0.00000000000 0.00000000000 0.00000000000 0.00000000000 0.00000000000 0.00000000000 0.00000000000 0.00000000000 0.00000000000 0.00000000000
# sel50_fsh[4]:
 0.00000000000 0.00000000000 0.00000000000 0.00000000000 0.00000000000 0.00000000000 0.00000000000 0.00000000000 0.00000000000 0.00000000000 0.00000000000 0.00000000000 0.00000000000 0.00000000000 0.00000000000 0.00000000000 0.00000000000 0.00000000000 0.00000000000 0.00000000000 0.00000000000 0.00000000000 0.00000000000 0.00000000000 0.00000000000 0.00000000000 0.00000000000 0.00000000000 0.00000000000 0.00000000000 0.00000000000 0.00000000000
# logsel_p1_fsh[1]:
 0.00000000000 0.00000000000 0.00000000000 0.00000000000 0.00000000000 0.00000000000 0.00000000000 0.00000000000 0.00000000000 0.00000000000 0.00000000000 0.00000000000 0.00000000000 0.00000000000 0.00000000000 0.00000000000 0.00000000000 0.00000000000 0.00000000000 0.00000000000 0.00000000000 0.00000000000 0.00000000000 0.00000000000 0.00000000000 0.00000000000 0.00000000000 0.00000000000 0.00000000000 0.00000000000 0.00000000000 0.00000000000 0.00000000000 0.00000000000 0.00000000000 0.00000000000 0.00000000000
# logsel_p1_fsh[2]:
 0.00000000000 0.00000000000 0.00000000000 0.00000000000 0.00000000000 0.00000000000 0.00000000000 0.00000000000 0.00000000000 0.00000000000 0.00000000000 0.00000000000 0.00000000000 0.00000000000 0.00000000000 0.00000000000 0.00000000000 0.00000000000 0.00000000000 0.00000000000 0.00000000000 0.00000000000 0.00000000000 0.00000000000 0.00000000000 0.00000000000 0.00000000000 0.00000000000 0.00000000000 0.00000000000 0.00000000000 0.00000000000 0.00000000000 0.00000000000 0.00000000000 0.00000000000 0.00000000000 0.00000000000
# logsel_p1_fsh[3]:
 0.00000000000 0.00000000000 0.00000000000 0.00000000000 0.00000000000 0.00000000000 0.00000000000 0.00000000000 0.00000000000 0.00000000000 0.00000000000 0.00000000000 0.00000000000 0.00000000000 0.00000000000 0.00000000000 0.00000000000 0.00000000000 0.00000000000 0.00000000000 0.00000000000 0.00000000000 0.00000000000 0.00000000000 0.00000000000 0.00000000000 0.00000000000 0.00000000000 0.00000000000 0.00000000000 0.00000000000 0.00000000000 0.00000000000 0.00000000000 0.00000000000 0.00000000000 0.00000000000 0.00000000000 0.00000000000 0.00000000000 0.00000000000
# logsel_p1_fsh[4]:
 0.00000000000 0.00000000000 0.00000000000 0.00000000000 0.00000000000 0.00000000000 0.00000000000 0.00000000000 0.00000000000 0.00000000000 0.00000000000 0.00000000000 0.00000000000 0.00000000000 0.00000000000 0.00000000000 0.00000000000 0.00000000000 0.00000000000 0.00000000000 0.00000000000 0.00000000000 0.00000000000 0.00000000000 0.00000000000 0.00000000000 0.00000000000 0.00000000000 0.00000000000 0.00000000000 0.00000000000 0.00000000000
# sel_p2_fsh[1]:
 0.00000000000 0.00000000000 0.00000000000 0.00000000000 0.00000000000 0.00000000000 0.00000000000 0.00000000000 0.00000000000 0.00000000000 0.00000000000 0.00000000000 0.00000000000 0.00000000000 0.00000000000 0.00000000000 0.00000000000 0.00000000000 0.00000000000 0.00000000000 0.00000000000 0.00000000000 0.00000000000 0.00000000000 0.00000000000 0.00000000000 0.00000000000 0.00000000000 0.00000000000 0.00000000000 0.00000000000 0.00000000000 0.00000000000 0.00000000000 0.00000000000 0.00000000000 0.00000000000
# sel_p2_fsh[2]:
 0.00000000000 0.00000000000 0.00000000000 0.00000000000 0.00000000000 0.00000000000 0.00000000000 0.00000000000 0.00000000000 0.00000000000 0.00000000000 0.00000000000 0.00000000000 0.00000000000 0.00000000000 0.00000000000 0.00000000000 0.00000000000 0.00000000000 0.00000000000 0.00000000000 0.00000000000 0.00000000000 0.00000000000 0.00000000000 0.00000000000 0.00000000000 0.00000000000 0.00000000000 0.00000000000 0.00000000000 0.00000000000 0.00000000000 0.00000000000 0.00000000000 0.00000000000 0.00000000000 0.00000000000
# sel_p2_fsh[3]:
 0.00000000000 0.00000000000 0.00000000000 0.00000000000 0.00000000000 0.00000000000 0.00000000000 0.00000000000 0.00000000000 0.00000000000 0.00000000000 0.00000000000 0.00000000000 0.00000000000 0.00000000000 0.00000000000 0.00000000000 0.00000000000 0.00000000000 0.00000000000 0.00000000000 0.00000000000 0.00000000000 0.00000000000 0.00000000000 0.00000000000 0.00000000000 0.00000000000 0.00000000000 0.00000000000 0.00000000000 0.00000000000 0.00000000000 0.00000000000 0.00000000000 0.00000000000 0.00000000000 0.00000000000 0.00000000000 0.00000000000 0.00000000000
# sel_p2_fsh[4]:
 0.00000000000 0.00000000000 0.00000000000 0.00000000000 0.00000000000 0.00000000000 0.00000000000 0.00000000000 0.00000000000 0.00000000000 0.00000000000 0.00000000000 0.00000000000 0.00000000000 0.00000000000 0.00000000000 0.00000000000 0.00000000000 0.00000000000 0.00000000000 0.00000000000 0.00000000000 0.00000000000 0.00000000000 0.00000000000 0.00000000000 0.00000000000 0.00000000000 0.00000000000 0.00000000000 0.00000000000 0.00000000000
# logsel_p3_fsh[1]:
 0.00000000000 0.00000000000 0.00000000000 0.00000000000 0.00000000000 0.00000000000 0.00000000000 0.00000000000 0.00000000000 0.00000000000 0.00000000000 0.00000000000 0.00000000000 0.00000000000 0.00000000000 0.00000000000 0.00000000000 0.00000000000 0.00000000000 0.00000000000 0.00000000000 0.00000000000 0.00000000000 0.00000000000 0.00000000000 0.00000000000 0.00000000000 0.00000000000 0.00000000000 0.00000000000 0.00000000000 0.00000000000 0.00000000000 0.00000000000 0.00000000000 0.00000000000 0.00000000000
# logsel_p3_fsh[2]:
 0.00000000000 0.00000000000 0.00000000000 0.00000000000 0.00000000000 0.00000000000 0.00000000000 0.00000000000 0.00000000000 0.00000000000 0.00000000000 0.00000000000 0.00000000000 0.00000000000 0.00000000000 0.00000000000 0.00000000000 0.00000000000 0.00000000000 0.00000000000 0.00000000000 0.00000000000 0.00000000000 0.00000000000 0.00000000000 0.00000000000 0.00000000000 0.00000000000 0.00000000000 0.00000000000 0.00000000000 0.00000000000 0.00000000000 0.00000000000 0.00000000000 0.00000000000 0.00000000000 0.00000000000
# logsel_p3_fsh[3]:
 0.00000000000 0.00000000000 0.00000000000 0.00000000000 0.00000000000 0.00000000000 0.00000000000 0.00000000000 0.00000000000 0.00000000000 0.00000000000 0.00000000000 0.00000000000 0.00000000000 0.00000000000 0.00000000000 0.00000000000 0.00000000000 0.00000000000 0.00000000000 0.00000000000 0.00000000000 0.00000000000 0.00000000000 0.00000000000 0.00000000000 0.00000000000 0.00000000000 0.00000000000 0.00000000000 0.00000000000 0.00000000000 0.00000000000 0.00000000000 0.00000000000 0.00000000000 0.00000000000 0.00000000000 0.00000000000 0.00000000000 0.00000000000
# logsel_p3_fsh[4]:
 0.00000000000 0.00000000000 0.00000000000 0.00000000000 0.00000000000 0.00000000000 0.00000000000 0.00000000000 0.00000000000 0.00000000000 0.00000000000 0.00000000000 0.00000000000 0.00000000000 0.00000000000 0.00000000000 0.00000000000 0.00000000000 0.00000000000 0.00000000000 0.00000000000 0.00000000000 0.00000000000 0.00000000000 0.00000000000 0.00000000000 0.00000000000 0.00000000000 0.00000000000 0.00000000000 0.00000000000 0.00000000000
# rec_dev_future:
 0.00000000000 0.00000000000 0.00000000000 0.00000000000 0.00000000000 0.00000000000 0.00000000000 0.00000000000 0.00000000000 0.00000000000 0.00000000000 0.00000000000 0.00000000000 0.00000000000 0.00000000000 0.00000000000 0.00000000000 0.00000000000 0.00000000000 0.00000000000
# log_q_ind[1]:
-0.103665526408
# log_q_ind[2]:
-3.06564439414
# log_q_ind[3]:
-9.57346905527
# log_q_ind[4]:
-0.756439236978
# log_q_ind[5]:
-6.19967553762
# log_q_ind[6]:
-8.43631655016
# log_q_ind[7]:
-1.22199362314
# log_q_power_ind[1]:
0.00000000000
# log_q_power_ind[2]:
0.00000000000
# log_q_power_ind[3]:
0.00000000000
# log_q_power_ind[4]:
0.00000000000
# log_q_power_ind[5]:
0.00000000000
# log_q_power_ind[6]:
0.00000000000
# log_q_power_ind[7]:
0.00000000000
# log_rw_q_ind[1]:
 -1.21115933096
# log_rw_q_ind[3]:
 -0.389756142252
# log_selcoffs_ind[1]:
 -3.22090617881 -2.06770164090 -0.965256414174 -0.115923759260 0.330706119112 0.479648726065 0.436714468858 0.340270420708 0.273428245411 0.252558007476
 -3.15504725170 -2.24618687177 -1.36994742443 -0.570561345322 0.0773899677084 0.480792124580 0.589453360828 0.514300711920 0.393681554405 0.319555249389
# log_selcoffs_ind[2]:
 -0.702848122374 -0.190097039954 0.122551298646 0.211080850367 0.0911311268424 -0.0174281694326 -0.0308110270892 0.0333983978728 0.0999684952609 0.118374986147
 -0.172550655092 -0.00826540193483 0.0653585854499 0.135738426637 0.138067932955 0.0767596142145 -0.00951048063863 -0.0753620706216 -0.101472673000 -0.100364581689
 0.126060153585 0.0605504927816 0.0968778614401 0.177147915999 0.166230228377 0.0585659274568 -0.0869452126729 -0.206522609899 -0.263279660095 -0.264130788861
# log_selcoffs_ind[3]:
 -0.202940821038 0.0202027052767 0.0202027052767 0.0202027052767 0.0202027052767 0.0202027052767 0.0202027052767 0.0202027052767 0.0202027052767 0.0202027052767
# log_selcoffs_ind[4]:
 -2.61852725219 -1.61449605841 -0.748612165287 -0.201447679210 0.0277867147711 0.167298705450 0.291452856683 0.408272530459 0.498661528234 0.552817170744
 -3.23701185525 -2.35664685558 -1.49567352174 -0.756103755882 -0.200406433615 0.196443362040 0.456668310453 0.608897371756 0.632595859084 0.608257956067
# log_selcoffs_ind[5]:
 -3.04452005677 -0.669616569639 0.101782682789 0.174353368097 0.174353368097 0.174353368097 0.174353368097 0.174353368097 0.174353368097 0.174353368097
# log_selcoffs_ind[6]:
 -3.04452005677 -0.669616569639 0.101782682789 0.174353368097 0.174353368097 0.174353368097 0.174353368097 0.174353368097 0.174353368097 0.174353368097
# log_selcoffs_ind[7]:
 -3.04452005677 -0.669616569639 0.101782682789 0.174353368097 0.174353368097 0.174353368097 0.174353368097 0.174353368097 0.174353368097 0.174353368097
# logsel_slope_ind[1]:
 0.00000000000 0.00000000000
# logsel_slope_ind[2]:
 0.00000000000 0.00000000000 0.00000000000
# logsel_slope_ind[3]:
 0.00000000000
# logsel_slope_ind[4]:
 0.00000000000 0.00000000000
# logsel_slope_ind[5]:
 0.00000000000
# logsel_slope_ind[6]:
 0.00000000000
# logsel_slope_ind[7]:
 0.00000000000
# sel50_ind[1]:
 0.00000000000 0.00000000000
# sel50_ind[2]:
 0.00000000000 0.00000000000 0.00000000000
# sel50_ind[3]:
 0.00000000000
# sel50_ind[4]:
 0.00000000000 0.00000000000
# sel50_ind[5]:
 0.00000000000
# sel50_ind[6]:
 0.00000000000
# sel50_ind[7]:
 0.00000000000
# logsel_p1_ind[1]:
 0.00000000000 0.00000000000
# logsel_p1_ind[2]:
 0.00000000000 0.00000000000 0.00000000000
# logsel_p1_ind[3]:
 0.00000000000
# logsel_p1_ind[4]:
 0.00000000000 0.00000000000
# logsel_p1_ind[5]:
 0.00000000000
# logsel_p1_ind[6]:
 0.00000000000
# logsel_p1_ind[7]:
 0.00000000000
# sel_p2_ind[1]:
 0.00000000000 0.00000000000
# sel_p2_ind[2]:
 0.00000000000 0.00000000000 0.00000000000
# sel_p2_ind[3]:
 0.00000000000
# sel_p2_ind[4]:
 0.00000000000 0.00000000000
# sel_p2_ind[5]:
 0.00000000000
# sel_p2_ind[6]:
 0.00000000000
# sel_p2_ind[7]:
 0.00000000000
# logsel_p3_ind[1]:
 0.00000000000 0.00000000000
# logsel_p3_ind[2]:
 0.00000000000 0.00000000000 0.00000000000
# logsel_p3_ind[3]:
 0.00000000000
# logsel_p3_ind[4]:
 0.00000000000 0.00000000000
# logsel_p3_ind[5]:
 0.00000000000
# logsel_p3_ind[6]:
 0.00000000000
# logsel_p3_ind[7]:
 0.00000000000
