# Number of parameters = 1535 Objective function value = 1344.16702596903  Maximum gradient component = 0.179246026550859
# Mest[1]:
0.230000000000
# log_Linf[1]:
4.30945594184
# log_k[1]:
-1.83258146375
# log_Lo[1]:
2.89037175790
# log_sdage[1]:
-2.40794560865
# mean_log_rec[1]:
9.54805895166
# steepness[1]:
0.650000000000
# log_Rzero[1]:
9.27733886971
# rec_dev:
 -0.419394194682 -0.490163835477 -0.567407176621 -0.651929487853 -0.741459193706 -0.832127125594 -0.799372073717 -0.803738834706 -0.567901776785 -0.432278607373 -0.355753429200 -0.247189971004 -0.366055235687 -0.404615127441 -0.440729315766 -0.337100168295 -0.00222098680820 0.289351411716 0.353214191523 0.451872024281 0.498455036607 0.460350497692 0.790528616081 0.947214374591 0.673929220139 1.28924571040 1.41172325695 0.720843333038 0.674454382980 0.855557367909 0.752622286034 0.750448708329 0.399146727543 0.426705903251 0.0578051150016 -0.0275285542202 0.278334708791 0.348767883126 0.612243522407 0.625179882088 0.810184503329 0.794371782333 0.423502216167 0.0271487097333 -0.492535680196 -0.469635730940 -0.761012750744 -0.684187977485 -1.05147216870 -1.01797108829 -0.592782476903 -0.180109893421 -0.700390315527 -0.222150414965 -0.660021945978 -0.266171766788 -0.613276430441 -0.105600982756 -0.257456005387
# log_sigmar[1]:
-0.510825623766
# fmort:
 0.0106702007343 0.0156551801121 0.00701381240684 0.00864401640803 0.0162715722604 0.0200511078895 0.0250267224587 0.0228269007437 0.0485112489740 0.0435479980697 0.0306711599601 0.0455095814240 0.0924410872853 0.0357297024647 0.0854728626242 0.0529474073908 0.00507397992760 0.0233126936630 0.0181352387903 0.0169797953668 0.0145200277292 0.0184872640760 0.0187460588768 0.0239547117213 0.0148716466251 0.0203380850588 0.0352713457078 0.0141199212723 0.00460569565343 0.00734658175972 0.0108153750061 0.0210352839810 0.00836320912990 0.0122776247372 0.0134465587918 0.0204508382588 0.0253522044997 0.0356486202648 0.0479144394808 0.0476262488482 0.0781010034198 0.0104796995188 0.00359717129617 0.00442566914614 0.00456024610047 0.00598385436719 0.00443101314349 0.00652102705978
 0.00133191152048 0.00198144823330 0.00291402191458 0.00467448572227 0.00329643226017 0.00601213471015 0.00811786232000 0.0124423042937 0.0217544392646 0.0273200974941 0.0310462847960 0.0634719955410 0.0861318759493 0.0622265405020 0.0782216999396 0.104626141268 0.119997026278 0.171827215617 0.204984859364 0.231280083524 0.230658103087 0.297872588179 0.390725357400 0.394693413914 0.487411916190 0.610848946134 0.558155389839 0.590775907616 0.379173257727 0.251885959877 0.189304960066 0.216361359363 0.219439122505 0.200942778783 0.198223187577 0.200895766667 0.215724748645 0.266515255236 0.225539507487 0.307661949770 0.177711991518 0.121354404533 0.102281049745 0.0851523012715 0.0733949724116 0.0775288391280 0.0763165556222 0.0715539414759
 0.000181164057082 0.000333978748666 0.000751283048771 0.00168537383581 0.00536514531154 0.00165480228126 0.00216794022732 0.0195571427471 0.0125573196555 0.00961073862286 0.0111708504215 0.0108582507509 0.00355531079909 0.00254365805650 0.00343617721901 0.00191977398222 0.000735554966206 0.000671127816662 0.00379960997098 0.00492932222247 0.00583828989271 0.00344869844023 0.00188410594765 0.00288031792122 0.00542867237760 0.0187277538519 0.0213123947773 0.0291380254950 0.0170601632553 0.00670729731388 0.00826541262178 0.0223231698131 0.00400919367648 0.00717560271287 0.00697696062035 0.00370620130144 0.0156998520545 0.0183727860462 0.0140202292211 0.00747391700919 0.00244730425357 0.0248654995782 0.0100547514773 0.00421212011637 0.00364179639942 0.00139311294615 0.000926418367559 0.000527535990686
 1.97897254139e-13 2.07611705605e-13 0.000536414734209 2.09554595898e-13 2.04836148043e-13 2.16771045558e-13 3.21094215133e-06 0.000221000375708 0.00483840560886 0.0309871635182 0.0292853540557 0.0385056800961 0.0924410508031 0.109994935262 0.149717041424 0.123782169630 0.114319019571 0.111550513759 0.104530524161 0.0829560321951 0.0685339467432 0.0434876605763 0.00368872378471 2.27318164292e-13 2.22599716437e-13 2.86159984597e-13 3.47499806708e-13 5.19584375525e-13 6.73072708679e-13 3.33855621149e-06 0.000684888973433 0.00505054816567 0.0156915922221 0.0302469043250 0.0525870078960 0.0436465234646 0.0655927687545 0.102165678357 0.132802276094 0.183202201227 0.180337634748 0.0475889841014 0.0304578482359 0.0278116390992 0.0285307319622 0.0341476398011 0.0186752110796 0.0125340451325
# log_selcoffs_fsh[1]:
 -5.23390304644 -4.01647231397 -2.69421982046 -1.38505863901 -0.366578270214 0.505965242563 1.12304826878 0.920768517749 -0.326245107199
 -4.95467274902 -3.66134788274 -2.29166220449 -1.07842104351 -0.279971013361 0.444737366418 1.00693675812 0.857540722024 0.109370587553
 -4.66701606124 -3.37168924381 -2.08982754101 -0.980015078849 -0.148131493062 0.539907174707 0.905715199922 0.735863824321 0.276194771337
 -4.35178666942 -2.99703388247 -1.80547389081 -0.830086055805 -0.209998233265 0.405405705340 0.898703111776 0.763120367209 0.354103446509
 -4.07924433459 -2.68362091448 -1.26238430926 -0.264402525105 0.169979128291 0.417081333880 0.612939495861 0.584386896810 0.419746657369
 -3.86148266534 -2.59438085125 -1.40976835579 -0.372212797171 0.538408807259 0.702571145192 0.462940887949 0.322749693455 0.238221114129
 -3.61630005389 -2.40868621237 -1.32997822290 -0.356141937985 0.554327844429 0.798629865094 0.484762097338 0.207974868742 0.0953948983794
 -3.35481523364 -2.06976746642 -1.11066656289 -0.272908559765 0.548313167905 0.818695414490 0.465146058026 0.148633633567 -0.00200044885960
 -3.12770601158 -1.77128671001 -0.615177690777 0.0150731156172 0.419697499619 0.652985443792 0.509643518340 0.158766439277 -0.0504474735556
 -2.91362873247 -1.40796943237 -0.185935655957 0.200790150635 0.454812894838 0.536615071897 0.355147990379 0.0520697738338 -0.125043142673
 -2.72747353981 -1.04068784721 0.468024632358 0.488775199163 0.324761376267 0.214349285898 0.0497925509798 -0.127514899198 -0.222942956455
 -2.55084212308 -0.779704990512 0.422990017344 0.559595876722 0.467973811067 0.190809568882 -0.110780510865 -0.272621640578 -0.323712991413
 -2.47328837682 -0.825810493579 0.472201041341 0.778901565885 0.461858978691 0.0390838759407 -0.266799072680 -0.416397843357 -0.441466721847
 -2.37010886334 -0.786829105222 0.492674814954 0.881902193188 0.418535533678 -0.0329442930569 -0.347565143506 -0.492435989751 -0.520545488842
 -2.52311424856 -0.878890688110 0.595193607092 0.915355926407 0.379327022439 -0.0789217864145 -0.384366892298 -0.547753462902 -0.599731652234
 -2.52327075442 -0.949006266819 0.599523148949 0.853199869128 0.460255636163 -0.0104278622575 -0.364305023325 -0.562158844243 -0.643367701190
 -2.35426158863 -0.772587415303 0.701866275152 0.751884868610 0.404214132350 0.00546246037804 -0.339074050837 -0.557820046382 -0.661215546113
 -2.03612497305 -0.494492420168 0.458466603761 0.805608191253 0.487375330004 0.0139653470546 -0.336758977286 -0.557947146911 -0.670766134525
 -1.93407621480 -0.456614926884 0.760663487122 0.753921654531 0.295004864329 -0.0916731634508 -0.399448643856 -0.608861693117 -0.719884117668
 -1.76467721732 -0.369752792801 0.685699645266 0.770841799391 0.377350480367 -0.0961543341337 -0.445317572075 -0.658791566480 -0.762988757525
 -1.66009760960 -0.244733279287 0.834711789089 0.759465507792 0.239456705947 -0.207148924295 -0.536551307122 -0.735155695361 -0.825460601144
 -1.57017847615 -0.249378111011 0.641025117485 0.964512859884 0.328569813105 -0.302844715696 -0.657050689270 -0.829819381644 -0.895088889077
 -1.49152558777 0.00211841129231 0.877126177448 0.810249363610 0.167739000061 -0.391440034877 -0.746568984682 -0.908786422208 -0.955324511740
 -1.58217033231 -0.202220557235 0.834481489168 1.02244149219 0.118428070800 -0.495557433178 -0.841577895930 -0.995174826692 -1.02633389198
 -1.60101106478 -0.251517636670 0.845811348743 1.01034557167 0.176507071842 -0.474457817517 -0.857234530999 -1.02974199067 -1.05678376579
 -1.52198756705 0.0718372053495 0.712715399596 0.877254600629 0.273971822451 -0.299344144056 -0.759792313484 -0.978575325307 -1.01242183953
 -1.75186748367 -0.321779082893 0.629548231081 0.941140062127 0.372875808593 -0.142367976888 -0.623269428221 -0.875499521673 -0.941662278143
 -1.81003326172 -0.449295934381 0.630131215299 0.832005219623 0.425690250330 -0.0417922067464 -0.481553811549 -0.741677363651 -0.824070737155
 -1.49774914617 0.124115960817 0.570644744105 0.608804277552 0.295319007962 -0.0663037758023 -0.375499583072 -0.581219019977 -0.671353678052
 -1.48252229636 0.0482051870409 0.490089789800 0.716384972809 0.237266757691 -0.122297701067 -0.344102391824 -0.487882563943 -0.564538708361
 -1.51437975558 0.0499537918176 0.873721676549 0.359156397281 0.00712570657428 -0.165792926030 -0.289677762566 -0.399857889792 -0.465838221695
 -1.52683664334 0.0935177722157 0.671279382461 0.407274111397 0.0473927177212 -0.113170039607 -0.197393050560 -0.282107996208 -0.344322286573
 -1.63022680124 -0.501390265057 0.252744551631 0.680440753279 0.311298063697 0.0313809622693 -0.0668093251884 -0.183158826597 -0.260014740465
 -1.88879067903 -0.623358158334 0.0695857705939 0.639837381343 0.283567299620 0.155493838658 0.0959363591938 -0.0903395635974 -0.181564347303
# log_selcoffs_fsh[2]:
 -5.97047465497 -4.04607667269 -2.34919702204 -0.950926802836 0.0977735229855 0.566255698029 0.914625979131 0.908719877866 0.239435325156 -0.951300667311
 -5.88599773468 -3.89768985491 -1.88792051087 -0.638251945901 -0.169707289743 0.381485638432 0.874128565297 0.920712849729 0.353450178081 -0.419882814033
 -5.76813690645 -3.95549564200 -2.22983015111 -0.860485166189 -0.152482049376 0.315563358430 0.780456613900 0.884048244307 0.490509574259 -0.0188564099375
 -5.62824185723 -3.89822933198 -2.37599409987 -1.21694997163 -0.399967578129 0.161295116155 0.680825079802 0.894288488588 0.649090658485 0.341316406816
 -5.53205670688 -3.73636161860 -2.06041454398 -1.04546714810 -0.602910136275 -0.150723642896 0.475414551604 0.819998621684 0.789089448970 0.695844542056
 -5.43637707310 -3.80333472157 -2.19647793822 -0.948533986096 -0.376186953921 -0.278399382834 0.112045709168 0.563867308870 0.861099282866 1.02589745857
 -5.37223201798 -3.93643598571 -2.55804693937 -1.32474846621 -0.362743248720 -0.148225807211 0.0172507889791 0.380254823527 0.830825852246 1.19369203597
 -5.34897260489 -4.04437665504 -2.84731324397 -1.82540958323 -0.982867260755 -0.378283470227 0.150686948623 0.515540524572 0.878695046464 1.23964004856
 -5.34647722829 -4.08179525170 -2.90990335353 -2.00192582220 -1.28135471756 -0.614719689336 0.0798623843007 0.600209086635 0.958677588620 1.24024653673
 -5.31550503266 -4.02439485922 -2.82666122431 -1.84260308300 -1.13443017854 -0.645259827948 -0.121427204487 0.485422596435 0.974758319494 1.32240132598
 -5.30512725997 -3.92363013820 -2.59096349674 -1.50880420604 -0.808009233114 -0.431535984876 -0.0768434074660 0.328186709634 0.863774783589 1.36028560515
 -5.35565456168 -3.85862981949 -2.46089804406 -1.29215511933 -0.595323274052 -0.261134317754 -0.00453358610248 0.334901273840 0.874065292503 1.25352574662
 -5.43173851309 -3.75568695826 -2.14590907829 -0.794169770702 -0.217484641299 0.0278062252464 0.161518362645 0.286547740906 0.712703393963 1.10657167302
 -5.51985016281 -3.63326318684 -1.80501487769 -0.490613927017 0.131714837551 0.224536553034 0.196384804771 0.283092364299 0.577701450853 0.905899155223
 -5.58782469541 -3.51763189154 -1.53768874766 -0.0975247978396 0.353301577447 0.295383787536 0.141944329039 0.206861500647 0.485531036576 0.727483472514
 -5.61297612261 -3.37644180805 -1.20007467638 0.0888814931210 0.343810328980 0.267930508981 0.139380448136 0.199837783964 0.443716356739 0.652968847494
 -5.61546293348 -3.34497501170 -1.10538720978 0.101801798101 0.385451170871 0.305259915686 0.149911623992 0.179280775350 0.395918582799 0.616136349867
 -5.60053232471 -3.46203243005 -1.36341372734 0.0915268227094 0.455606342286 0.357703701859 0.166590154520 0.170304384365 0.371122962725 0.582124936810
 -5.55106032379 -3.54175563586 -1.59047108761 -0.0841677710925 0.465448243959 0.374698458363 0.190129695198 0.197772855662 0.405280259101 0.625378432086
 -5.47626114410 -3.58626633209 -1.75317902489 -0.325994225732 0.248278354341 0.372231173861 0.239097188595 0.260934932872 0.498781845514 0.753930622954
 -5.42397688335 -3.64328892806 -1.94579171758 -0.577925678953 0.175410829151 0.397593194102 0.290039119274 0.268744508871 0.514504778407 0.818856184905
 -5.40744084631 -3.70907873673 -2.11786790539 -0.804287015472 0.0319593065232 0.396291905913 0.372153630160 0.353802184017 0.553496150085 0.819732056484
 -5.41351055025 -3.75607105577 -2.26657481856 -1.03062363691 -0.196272036791 0.366352845083 0.459787241247 0.450040885250 0.607483552584 0.815163536067
 -5.46252339994 -3.79987050839 -2.28852209024 -1.09234310569 -0.347167117816 0.179860158730 0.517451234042 0.545806187110 0.682564193738 0.810978594583
 -5.52116370921 -3.84616274206 -2.23425230937 -0.885691024755 -0.230558689924 0.0321635264663 0.338389444393 0.578624933352 0.712081790183 0.877075268983
 -5.61279337633 -3.90268254233 -2.35183162774 -1.00916528390 -0.222905219674 0.247994074963 0.377804456637 0.487095677124 0.671226596748 0.871922768506
 -5.79233127714 -4.07282981921 -2.37939850825 -0.953889121131 -0.104615201092 0.415258692575 0.485283880223 0.477990663236 0.571290932288 0.731705689444
 -5.94854117218 -4.28198587736 -2.52628763432 -0.787072660226 -0.0116477126995 0.454271877254 0.498301295058 0.432616783464 0.605147714095 0.623940424553
 -6.06224501473 -4.47568050748 -2.85729613650 -1.25818450066 -0.166562198615 0.600147420141 0.653954972117 0.501197049852 0.597982392177 0.459614884003
 -6.16095530471 -4.58332696687 -3.02701879031 -1.43464715784 -0.0987989355747 0.666789735367 0.913663970076 0.540622066652 0.327291923699 0.222654363797
 -6.15128005321 -4.51841645830 -2.88961900656 -1.33746892828 -0.110308028402 0.622580786297 0.756982033946 0.559177894880 0.428637161658 0.401012952406
 -6.08286837919 -4.33682482731 -2.66300681931 -1.23815443411 -0.503005494407 0.106411032960 0.577056329796 0.713778643110 0.689771102882 0.738242195640
 -6.00607432528 -4.12239897852 -2.16205448455 -0.728941455414 -0.417345891872 -0.321950140688 0.121603695415 0.549692963696 0.835175015725 1.04135417610
 -6.00960837149 -4.10832905688 -2.24621360998 -0.703581232027 -0.196713446700 0.0242954172014 0.110594498814 0.400976212127 0.754976692152 1.02843912832
 -6.00553822183 -4.10247827526 -2.24518966365 -0.734179930585 -0.140370783271 0.00127998344657 0.250674186300 0.357100411439 0.697131856210 1.03062810285
# log_selcoffs_fsh[3]:
 -0.977419642701 -0.163252978243 1.13681004226 0.443126428710 -0.579214765147 -1.21005150118 -1.42111552598
 -1.24136432008 -0.171277555193 1.16547855889 0.446229588797 -0.580820617632 -1.20910868481 -1.42440369746
 -0.687910225758 -0.240180117871 1.08430820322 0.459210222683 -0.519479066636 -1.13976305571 -1.36278404312
 -1.55241467973 -0.351446923858 1.19990736999 0.450741488247 -0.511150099169 -1.10642507794 -1.32891336391
 -1.94531469700 -0.256890827386 1.13826402396 0.484527860011 -0.388975059133 -0.993068128446 -1.23559549175
 -2.01242672750 -0.567433160607 0.927467705689 0.769981374665 -0.157646286900 -0.847514953141 -1.11199827309
 -1.69080693756 -0.464679927421 0.693413801062 0.898024465399 -0.0671468140160 -0.798863614784 -1.05810371297
 -1.31601215919 0.562518982483 0.782597701527 0.276886178583 -0.325821735266 -0.878800012787 -1.09861868759
 -1.39618208771 0.630447414571 0.876846841486 0.177041754691 -0.472154640508 -0.995162050486 -1.25984651474
 -1.60336658788 0.299965714000 0.986690032199 0.464025044765 -0.469135130464 -1.13938351924 -1.46704281991
 -1.85451029602 -0.395076311580 0.892383636872 0.893665406652 -0.246962457834 -1.16818053237 -1.64648060766
 -1.80945320581 -0.336040699751 0.819821866942 0.927888137233 -0.171802264324 -1.19010853418 -1.73687140851
 -1.65607966388 -0.104389172442 1.01537301220 0.705730574015 -0.379223689910 -1.30291659718 -1.79342178737
 -1.41930809283 0.584204384027 0.994224573385 0.283621205499 -0.643217352701 -1.40635769603 -1.81176889971
 -1.46850646922 0.226138416459 1.17979461225 0.332268310432 -0.741662452797 -1.48313535398 -1.80240358615
 -1.47939366550 0.261083858867 1.25397876958 0.181954910057 -0.926452468505 -1.57912036135 -1.78404356141
 -1.26793105639 0.577059372815 1.12906202382 0.0860671579657 -0.993408119824 -1.57181908778 -1.73059225909
 -1.17340982692 0.653240331075 1.09088354796 0.00797358323669 -0.965013463926 -1.51953499671 -1.69156138308
 -0.722510210225 1.10094271149 0.657804848931 -0.215947774100 -1.00111766542 -1.50589042781 -1.70455353152
 -0.569058802236 1.19530575398 0.553133360997 -0.383748998683 -1.11248706346 -1.56754703649 -1.75978022470
 -0.347487637346 1.15581764134 0.602777628756 -0.435082762404 -1.21714357935 -1.66800980199 -1.84627126590
 -0.443735491221 1.13069037048 0.710898908084 -0.460204293206 -1.30791256061 -1.75093382010 -1.89978467391
 -0.311454797997 0.815790546621 1.03572341087 -0.471176896689 -1.39259925053 -1.79617967809 -1.89122654254
 -0.245301635142 1.05588657388 0.761565747974 -0.450116083142 -1.35723339887 -1.81126958245 -1.94484001254
 -0.423245177630 0.522306868483 1.11395264891 -0.0188836578400 -1.12480474888 -1.75635961723 -2.00907777687
 -0.149610186475 0.662920972168 0.637180966114 0.365756109557 -0.642687533063 -1.54819622707 -2.06160211298
 -0.938417323849 0.722242109418 0.861437047218 0.219271474210 -0.548731858555 -1.42342904186 -2.12517333166
 -1.45130598853 0.229637379085 1.12873032724 0.433357322766 -0.612758987647 -1.51281588020 -2.19559033893
 -1.60501058147 -0.0263893355481 1.23539152422 0.466407119990 -0.694171144922 -1.67221050947 -2.26474426205
 -1.50773954650 0.170705210281 0.799545698649 0.921661813553 -0.551250397218 -1.72332677465 -2.30504148014
 -1.43096312943 1.07967140020 0.683791025016 0.141900815268 -0.859547666249 -1.80070120851 -2.35561788633
 -1.59841722776 0.647884587975 1.15864418074 0.0943009444370 -1.00038372989 -1.90968920572 -2.45429582145
 -1.77981999399 -0.0292433028859 1.38574934644 0.250654607502 -1.02359055952 -1.99023592811 -2.50716705375
 -1.59976658218 0.0540346946866 1.13689161741 0.698220112549 -0.913095838469 -2.01699765149 -2.51374368472
 -1.38447244918 0.248306385288 1.33025033126 0.162622737083 -1.18408616322 -2.09595115524 -2.52411140459
 -0.873033385094 1.15580374109 0.805979590946 -0.324812224916 -1.38627296190 -2.16433462599 -2.53377994735
 -0.679891210289 1.13688163372 0.844941942706 -0.436656112164 -1.53369367206 -2.22419638137 -2.54634495779
 -0.130977573549 1.11117450495 0.730681700431 -0.493515644608 -1.54596238553 -2.23773826701 -2.55028565627
# log_selcoffs_fsh[4]:
 -6.32700977016 -5.11057369571 -3.85649676706 -2.51805488328 -1.11734196418 0.163079239859 1.01507770201 1.10825032658 0.468447467433
 -6.31280496137 -5.09391294834 -3.83558343415 -2.46173006697 -1.02602093647 0.231794617993 1.02806484448 1.05455311088 0.469718191598
 -6.26631713080 -5.04985143184 -3.80738410355 -2.48683003782 -1.09537555510 0.164029154570 1.00510023164 1.08317615892 0.523201182765
 -6.18048570581 -4.95971399921 -3.73429407034 -2.47741820830 -1.16560780027 0.0558793585795 0.933219018310 1.12009000892 0.645033639432
 -6.08478792669 -4.84477677037 -3.61506482023 -2.39569262818 -1.14350764527 0.0386907321636 0.874746470818 1.09263664726 0.757664104409
 -5.99129719112 -4.76834543525 -3.53556625080 -2.29885119779 -1.12606881972 -0.0453637163121 0.804251198507 1.10270967750 0.846809423926
 -5.88369140695 -4.67693472202 -3.45341250029 -2.20476421883 -1.04508640481 -0.0173719436302 0.755302534939 1.05734300548 0.918123850856
 -5.76548342579 -4.54802745061 -3.36568358184 -2.15872466758 -1.00945647657 -0.0335249575451 0.729843740061 1.04149643347 0.954206445579
 -5.65162256610 -4.38198315023 -3.22222577167 -2.15065163295 -1.07579983353 -0.0717428433412 0.719209383082 1.04409164936 0.979187073319
 -5.53737085215 -4.26418858873 -3.04051125415 -1.92742799410 -0.969781895467 -0.0772275024166 0.636638897299 1.01224369587 1.04448565403
 -5.45209252038 -4.16791177107 -2.93777754244 -1.79938185548 -0.787917106175 0.0215884056057 0.618876474415 0.938325329950 1.05524902836
 -5.39771428264 -4.06505409405 -2.81942305419 -1.71028890639 -0.704900328869 0.128859493747 0.638120608073 0.898168760996 1.01455879214
 -5.35418715722 -3.92438975467 -2.60239183115 -1.53273114415 -0.671000559066 0.108829097680 0.669616214462 0.891162341507 0.981276204926
 -5.30445508411 -3.74299565173 -2.23085252789 -1.11746083020 -0.429780397799 0.0990773776521 0.540702546597 0.844233512431 1.00744335135
 -5.24666842721 -3.59536110113 -1.98568608126 -0.793145665805 -0.186870017979 0.126133235486 0.418008796961 0.761467258834 1.01277976235
 -5.17876872958 -3.47168996158 -1.76697159605 -0.543848071886 -0.121468208000 0.0869579692596 0.349413781669 0.705230024840 1.02708855521
 -5.14656144498 -3.46595276894 -1.79454754572 -0.552465988610 -0.117869317717 0.130562345136 0.374161920582 0.685598758332 1.01312425662
 -5.13471940695 -3.58625468787 -2.16367148693 -1.07343610516 -0.311445892617 0.300669964711 0.579883421284 0.716329443309 0.953119519763
 -5.08824817671 -3.65033000773 -2.34518000078 -1.32494120431 -0.538231226447 0.140691324172 0.572864035761 0.838612412012 1.02419644401
 -5.06930615948 -3.69166298649 -2.45728965989 -1.47590094826 -0.743852309764 -0.0733459142354 0.547207460605 0.928354055946 1.09568295343
 -5.06220158553 -3.68384605536 -2.44100996385 -1.54962634049 -0.865457325760 -0.261367448112 0.391124586297 0.988825353783 1.19742161050
 -5.04561857239 -3.64094907385 -2.22533579586 -1.43938979509 -0.919435155098 -0.302880988299 0.289118715239 0.851342435813 1.33677850517
 -5.03290775948 -3.76080316205 -2.55555508911 -1.60374998849 -0.932736567317 -0.288591253140 0.262855790221 0.824890756706 1.37784892953
 -4.98297100887 -3.74597691965 -2.64039409331 -1.72073046813 -1.01044942474 -0.395581913578 0.160717422769 0.791063199849 1.45904019772
 -5.02781246017 -3.73839966294 -2.52702146603 -1.55655122435 -0.870976472292 -0.237295971021 0.287704764780 0.827296173818 1.34836010530
 -4.98335472956 -3.55701921913 -2.15982013980 -1.32975344093 -0.933348998393 -0.406065329527 0.199009882099 0.831460726603 1.38838484547
 -4.92700568126 -3.49131672903 -2.13307487370 -1.26136473603 -0.814047445753 -0.449100822487 0.108163042066 0.819729065790 1.40980929148
 -4.83176958161 -3.39057569896 -2.06747685195 -1.15125200775 -0.721401839237 -0.393036724597 -0.0628932957368 0.654800960005 1.50201211482
 -4.82239233205 -3.40507139215 -2.14211915342 -1.24700934555 -0.748096921243 -0.403059110365 0.0315157902141 0.744709447271 1.45268884444
# log_sel_spl_fsh[1]:
 0.00000000000 0.00000000000 0.00000000000 0.00000000000
 0.00000000000 0.00000000000 0.00000000000 0.00000000000
 0.00000000000 0.00000000000 0.00000000000 0.00000000000
 0.00000000000 0.00000000000 0.00000000000 0.00000000000
 0.00000000000 0.00000000000 0.00000000000 0.00000000000
 0.00000000000 0.00000000000 0.00000000000 0.00000000000
 0.00000000000 0.00000000000 0.00000000000 0.00000000000
 0.00000000000 0.00000000000 0.00000000000 0.00000000000
 0.00000000000 0.00000000000 0.00000000000 0.00000000000
 0.00000000000 0.00000000000 0.00000000000 0.00000000000
 0.00000000000 0.00000000000 0.00000000000 0.00000000000
 0.00000000000 0.00000000000 0.00000000000 0.00000000000
 0.00000000000 0.00000000000 0.00000000000 0.00000000000
 0.00000000000 0.00000000000 0.00000000000 0.00000000000
 0.00000000000 0.00000000000 0.00000000000 0.00000000000
 0.00000000000 0.00000000000 0.00000000000 0.00000000000
 0.00000000000 0.00000000000 0.00000000000 0.00000000000
 0.00000000000 0.00000000000 0.00000000000 0.00000000000
 0.00000000000 0.00000000000 0.00000000000 0.00000000000
 0.00000000000 0.00000000000 0.00000000000 0.00000000000
 0.00000000000 0.00000000000 0.00000000000 0.00000000000
 0.00000000000 0.00000000000 0.00000000000 0.00000000000
 0.00000000000 0.00000000000 0.00000000000 0.00000000000
 0.00000000000 0.00000000000 0.00000000000 0.00000000000
 0.00000000000 0.00000000000 0.00000000000 0.00000000000
 0.00000000000 0.00000000000 0.00000000000 0.00000000000
 0.00000000000 0.00000000000 0.00000000000 0.00000000000
 0.00000000000 0.00000000000 0.00000000000 0.00000000000
 0.00000000000 0.00000000000 0.00000000000 0.00000000000
 0.00000000000 0.00000000000 0.00000000000 0.00000000000
 0.00000000000 0.00000000000 0.00000000000 0.00000000000
 0.00000000000 0.00000000000 0.00000000000 0.00000000000
 0.00000000000 0.00000000000 0.00000000000 0.00000000000
 0.00000000000 0.00000000000 0.00000000000 0.00000000000
# log_sel_spl_fsh[2]:
 0.00000000000 0.00000000000 0.00000000000 0.00000000000
 0.00000000000 0.00000000000 0.00000000000 0.00000000000
 0.00000000000 0.00000000000 0.00000000000 0.00000000000
 0.00000000000 0.00000000000 0.00000000000 0.00000000000
 0.00000000000 0.00000000000 0.00000000000 0.00000000000
 0.00000000000 0.00000000000 0.00000000000 0.00000000000
 0.00000000000 0.00000000000 0.00000000000 0.00000000000
 0.00000000000 0.00000000000 0.00000000000 0.00000000000
 0.00000000000 0.00000000000 0.00000000000 0.00000000000
 0.00000000000 0.00000000000 0.00000000000 0.00000000000
 0.00000000000 0.00000000000 0.00000000000 0.00000000000
 0.00000000000 0.00000000000 0.00000000000 0.00000000000
 0.00000000000 0.00000000000 0.00000000000 0.00000000000
 0.00000000000 0.00000000000 0.00000000000 0.00000000000
 0.00000000000 0.00000000000 0.00000000000 0.00000000000
 0.00000000000 0.00000000000 0.00000000000 0.00000000000
 0.00000000000 0.00000000000 0.00000000000 0.00000000000
 0.00000000000 0.00000000000 0.00000000000 0.00000000000
 0.00000000000 0.00000000000 0.00000000000 0.00000000000
 0.00000000000 0.00000000000 0.00000000000 0.00000000000
 0.00000000000 0.00000000000 0.00000000000 0.00000000000
 0.00000000000 0.00000000000 0.00000000000 0.00000000000
 0.00000000000 0.00000000000 0.00000000000 0.00000000000
 0.00000000000 0.00000000000 0.00000000000 0.00000000000
 0.00000000000 0.00000000000 0.00000000000 0.00000000000
 0.00000000000 0.00000000000 0.00000000000 0.00000000000
 0.00000000000 0.00000000000 0.00000000000 0.00000000000
 0.00000000000 0.00000000000 0.00000000000 0.00000000000
 0.00000000000 0.00000000000 0.00000000000 0.00000000000
 0.00000000000 0.00000000000 0.00000000000 0.00000000000
 0.00000000000 0.00000000000 0.00000000000 0.00000000000
 0.00000000000 0.00000000000 0.00000000000 0.00000000000
 0.00000000000 0.00000000000 0.00000000000 0.00000000000
 0.00000000000 0.00000000000 0.00000000000 0.00000000000
 0.00000000000 0.00000000000 0.00000000000 0.00000000000
# log_sel_spl_fsh[3]:
 0.00000000000 0.00000000000 0.00000000000 0.00000000000
 0.00000000000 0.00000000000 0.00000000000 0.00000000000
 0.00000000000 0.00000000000 0.00000000000 0.00000000000
 0.00000000000 0.00000000000 0.00000000000 0.00000000000
 0.00000000000 0.00000000000 0.00000000000 0.00000000000
 0.00000000000 0.00000000000 0.00000000000 0.00000000000
 0.00000000000 0.00000000000 0.00000000000 0.00000000000
 0.00000000000 0.00000000000 0.00000000000 0.00000000000
 0.00000000000 0.00000000000 0.00000000000 0.00000000000
 0.00000000000 0.00000000000 0.00000000000 0.00000000000
 0.00000000000 0.00000000000 0.00000000000 0.00000000000
 0.00000000000 0.00000000000 0.00000000000 0.00000000000
 0.00000000000 0.00000000000 0.00000000000 0.00000000000
 0.00000000000 0.00000000000 0.00000000000 0.00000000000
 0.00000000000 0.00000000000 0.00000000000 0.00000000000
 0.00000000000 0.00000000000 0.00000000000 0.00000000000
 0.00000000000 0.00000000000 0.00000000000 0.00000000000
 0.00000000000 0.00000000000 0.00000000000 0.00000000000
 0.00000000000 0.00000000000 0.00000000000 0.00000000000
 0.00000000000 0.00000000000 0.00000000000 0.00000000000
 0.00000000000 0.00000000000 0.00000000000 0.00000000000
 0.00000000000 0.00000000000 0.00000000000 0.00000000000
 0.00000000000 0.00000000000 0.00000000000 0.00000000000
 0.00000000000 0.00000000000 0.00000000000 0.00000000000
 0.00000000000 0.00000000000 0.00000000000 0.00000000000
 0.00000000000 0.00000000000 0.00000000000 0.00000000000
 0.00000000000 0.00000000000 0.00000000000 0.00000000000
 0.00000000000 0.00000000000 0.00000000000 0.00000000000
 0.00000000000 0.00000000000 0.00000000000 0.00000000000
 0.00000000000 0.00000000000 0.00000000000 0.00000000000
 0.00000000000 0.00000000000 0.00000000000 0.00000000000
 0.00000000000 0.00000000000 0.00000000000 0.00000000000
 0.00000000000 0.00000000000 0.00000000000 0.00000000000
 0.00000000000 0.00000000000 0.00000000000 0.00000000000
 0.00000000000 0.00000000000 0.00000000000 0.00000000000
 0.00000000000 0.00000000000 0.00000000000 0.00000000000
 0.00000000000 0.00000000000 0.00000000000 0.00000000000
 0.00000000000 0.00000000000 0.00000000000 0.00000000000
# log_sel_spl_fsh[4]:
 0.00000000000 0.00000000000 0.00000000000 0.00000000000
 0.00000000000 0.00000000000 0.00000000000 0.00000000000
 0.00000000000 0.00000000000 0.00000000000 0.00000000000
 0.00000000000 0.00000000000 0.00000000000 0.00000000000
 0.00000000000 0.00000000000 0.00000000000 0.00000000000
 0.00000000000 0.00000000000 0.00000000000 0.00000000000
 0.00000000000 0.00000000000 0.00000000000 0.00000000000
 0.00000000000 0.00000000000 0.00000000000 0.00000000000
 0.00000000000 0.00000000000 0.00000000000 0.00000000000
 0.00000000000 0.00000000000 0.00000000000 0.00000000000
 0.00000000000 0.00000000000 0.00000000000 0.00000000000
 0.00000000000 0.00000000000 0.00000000000 0.00000000000
 0.00000000000 0.00000000000 0.00000000000 0.00000000000
 0.00000000000 0.00000000000 0.00000000000 0.00000000000
 0.00000000000 0.00000000000 0.00000000000 0.00000000000
 0.00000000000 0.00000000000 0.00000000000 0.00000000000
 0.00000000000 0.00000000000 0.00000000000 0.00000000000
 0.00000000000 0.00000000000 0.00000000000 0.00000000000
 0.00000000000 0.00000000000 0.00000000000 0.00000000000
 0.00000000000 0.00000000000 0.00000000000 0.00000000000
 0.00000000000 0.00000000000 0.00000000000 0.00000000000
 0.00000000000 0.00000000000 0.00000000000 0.00000000000
 0.00000000000 0.00000000000 0.00000000000 0.00000000000
 0.00000000000 0.00000000000 0.00000000000 0.00000000000
 0.00000000000 0.00000000000 0.00000000000 0.00000000000
 0.00000000000 0.00000000000 0.00000000000 0.00000000000
 0.00000000000 0.00000000000 0.00000000000 0.00000000000
 0.00000000000 0.00000000000 0.00000000000 0.00000000000
 0.00000000000 0.00000000000 0.00000000000 0.00000000000
# logsel_slope_fsh[1]:
 0.00000000000 0.00000000000 0.00000000000 0.00000000000 0.00000000000 0.00000000000 0.00000000000 0.00000000000 0.00000000000 0.00000000000 0.00000000000 0.00000000000 0.00000000000 0.00000000000 0.00000000000 0.00000000000 0.00000000000 0.00000000000 0.00000000000 0.00000000000 0.00000000000 0.00000000000 0.00000000000 0.00000000000 0.00000000000 0.00000000000 0.00000000000 0.00000000000 0.00000000000 0.00000000000 0.00000000000 0.00000000000 0.00000000000 0.00000000000
# logsel_slope_fsh[2]:
 0.00000000000 0.00000000000 0.00000000000 0.00000000000 0.00000000000 0.00000000000 0.00000000000 0.00000000000 0.00000000000 0.00000000000 0.00000000000 0.00000000000 0.00000000000 0.00000000000 0.00000000000 0.00000000000 0.00000000000 0.00000000000 0.00000000000 0.00000000000 0.00000000000 0.00000000000 0.00000000000 0.00000000000 0.00000000000 0.00000000000 0.00000000000 0.00000000000 0.00000000000 0.00000000000 0.00000000000 0.00000000000 0.00000000000 0.00000000000 0.00000000000
# logsel_slope_fsh[3]:
 0.00000000000 0.00000000000 0.00000000000 0.00000000000 0.00000000000 0.00000000000 0.00000000000 0.00000000000 0.00000000000 0.00000000000 0.00000000000 0.00000000000 0.00000000000 0.00000000000 0.00000000000 0.00000000000 0.00000000000 0.00000000000 0.00000000000 0.00000000000 0.00000000000 0.00000000000 0.00000000000 0.00000000000 0.00000000000 0.00000000000 0.00000000000 0.00000000000 0.00000000000 0.00000000000 0.00000000000 0.00000000000 0.00000000000 0.00000000000 0.00000000000 0.00000000000 0.00000000000 0.00000000000
# logsel_slope_fsh[4]:
 0.00000000000 0.00000000000 0.00000000000 0.00000000000 0.00000000000 0.00000000000 0.00000000000 0.00000000000 0.00000000000 0.00000000000 0.00000000000 0.00000000000 0.00000000000 0.00000000000 0.00000000000 0.00000000000 0.00000000000 0.00000000000 0.00000000000 0.00000000000 0.00000000000 0.00000000000 0.00000000000 0.00000000000 0.00000000000 0.00000000000 0.00000000000 0.00000000000 0.00000000000
# sel50_fsh[1]:
 0.00000000000 0.00000000000 0.00000000000 0.00000000000 0.00000000000 0.00000000000 0.00000000000 0.00000000000 0.00000000000 0.00000000000 0.00000000000 0.00000000000 0.00000000000 0.00000000000 0.00000000000 0.00000000000 0.00000000000 0.00000000000 0.00000000000 0.00000000000 0.00000000000 0.00000000000 0.00000000000 0.00000000000 0.00000000000 0.00000000000 0.00000000000 0.00000000000 0.00000000000 0.00000000000 0.00000000000 0.00000000000 0.00000000000 0.00000000000
# sel50_fsh[2]:
 0.00000000000 0.00000000000 0.00000000000 0.00000000000 0.00000000000 0.00000000000 0.00000000000 0.00000000000 0.00000000000 0.00000000000 0.00000000000 0.00000000000 0.00000000000 0.00000000000 0.00000000000 0.00000000000 0.00000000000 0.00000000000 0.00000000000 0.00000000000 0.00000000000 0.00000000000 0.00000000000 0.00000000000 0.00000000000 0.00000000000 0.00000000000 0.00000000000 0.00000000000 0.00000000000 0.00000000000 0.00000000000 0.00000000000 0.00000000000 0.00000000000
# sel50_fsh[3]:
 0.00000000000 0.00000000000 0.00000000000 0.00000000000 0.00000000000 0.00000000000 0.00000000000 0.00000000000 0.00000000000 0.00000000000 0.00000000000 0.00000000000 0.00000000000 0.00000000000 0.00000000000 0.00000000000 0.00000000000 0.00000000000 0.00000000000 0.00000000000 0.00000000000 0.00000000000 0.00000000000 0.00000000000 0.00000000000 0.00000000000 0.00000000000 0.00000000000 0.00000000000 0.00000000000 0.00000000000 0.00000000000 0.00000000000 0.00000000000 0.00000000000 0.00000000000 0.00000000000 0.00000000000
# sel50_fsh[4]:
 0.00000000000 0.00000000000 0.00000000000 0.00000000000 0.00000000000 0.00000000000 0.00000000000 0.00000000000 0.00000000000 0.00000000000 0.00000000000 0.00000000000 0.00000000000 0.00000000000 0.00000000000 0.00000000000 0.00000000000 0.00000000000 0.00000000000 0.00000000000 0.00000000000 0.00000000000 0.00000000000 0.00000000000 0.00000000000 0.00000000000 0.00000000000 0.00000000000 0.00000000000
# logsel_p1_fsh[1]:
 0.00000000000 0.00000000000 0.00000000000 0.00000000000 0.00000000000 0.00000000000 0.00000000000 0.00000000000 0.00000000000 0.00000000000 0.00000000000 0.00000000000 0.00000000000 0.00000000000 0.00000000000 0.00000000000 0.00000000000 0.00000000000 0.00000000000 0.00000000000 0.00000000000 0.00000000000 0.00000000000 0.00000000000 0.00000000000 0.00000000000 0.00000000000 0.00000000000 0.00000000000 0.00000000000 0.00000000000 0.00000000000 0.00000000000 0.00000000000
# logsel_p1_fsh[2]:
 0.00000000000 0.00000000000 0.00000000000 0.00000000000 0.00000000000 0.00000000000 0.00000000000 0.00000000000 0.00000000000 0.00000000000 0.00000000000 0.00000000000 0.00000000000 0.00000000000 0.00000000000 0.00000000000 0.00000000000 0.00000000000 0.00000000000 0.00000000000 0.00000000000 0.00000000000 0.00000000000 0.00000000000 0.00000000000 0.00000000000 0.00000000000 0.00000000000 0.00000000000 0.00000000000 0.00000000000 0.00000000000 0.00000000000 0.00000000000 0.00000000000
# logsel_p1_fsh[3]:
 0.00000000000 0.00000000000 0.00000000000 0.00000000000 0.00000000000 0.00000000000 0.00000000000 0.00000000000 0.00000000000 0.00000000000 0.00000000000 0.00000000000 0.00000000000 0.00000000000 0.00000000000 0.00000000000 0.00000000000 0.00000000000 0.00000000000 0.00000000000 0.00000000000 0.00000000000 0.00000000000 0.00000000000 0.00000000000 0.00000000000 0.00000000000 0.00000000000 0.00000000000 0.00000000000 0.00000000000 0.00000000000 0.00000000000 0.00000000000 0.00000000000 0.00000000000 0.00000000000 0.00000000000
# logsel_p1_fsh[4]:
 0.00000000000 0.00000000000 0.00000000000 0.00000000000 0.00000000000 0.00000000000 0.00000000000 0.00000000000 0.00000000000 0.00000000000 0.00000000000 0.00000000000 0.00000000000 0.00000000000 0.00000000000 0.00000000000 0.00000000000 0.00000000000 0.00000000000 0.00000000000 0.00000000000 0.00000000000 0.00000000000 0.00000000000 0.00000000000 0.00000000000 0.00000000000 0.00000000000 0.00000000000
# sel_p2_fsh[1]:
 0.00000000000 0.00000000000 0.00000000000 0.00000000000 0.00000000000 0.00000000000 0.00000000000 0.00000000000 0.00000000000 0.00000000000 0.00000000000 0.00000000000 0.00000000000 0.00000000000 0.00000000000 0.00000000000 0.00000000000 0.00000000000 0.00000000000 0.00000000000 0.00000000000 0.00000000000 0.00000000000 0.00000000000 0.00000000000 0.00000000000 0.00000000000 0.00000000000 0.00000000000 0.00000000000 0.00000000000 0.00000000000 0.00000000000 0.00000000000
# sel_p2_fsh[2]:
 0.00000000000 0.00000000000 0.00000000000 0.00000000000 0.00000000000 0.00000000000 0.00000000000 0.00000000000 0.00000000000 0.00000000000 0.00000000000 0.00000000000 0.00000000000 0.00000000000 0.00000000000 0.00000000000 0.00000000000 0.00000000000 0.00000000000 0.00000000000 0.00000000000 0.00000000000 0.00000000000 0.00000000000 0.00000000000 0.00000000000 0.00000000000 0.00000000000 0.00000000000 0.00000000000 0.00000000000 0.00000000000 0.00000000000 0.00000000000 0.00000000000
# sel_p2_fsh[3]:
 0.00000000000 0.00000000000 0.00000000000 0.00000000000 0.00000000000 0.00000000000 0.00000000000 0.00000000000 0.00000000000 0.00000000000 0.00000000000 0.00000000000 0.00000000000 0.00000000000 0.00000000000 0.00000000000 0.00000000000 0.00000000000 0.00000000000 0.00000000000 0.00000000000 0.00000000000 0.00000000000 0.00000000000 0.00000000000 0.00000000000 0.00000000000 0.00000000000 0.00000000000 0.00000000000 0.00000000000 0.00000000000 0.00000000000 0.00000000000 0.00000000000 0.00000000000 0.00000000000 0.00000000000
# sel_p2_fsh[4]:
 0.00000000000 0.00000000000 0.00000000000 0.00000000000 0.00000000000 0.00000000000 0.00000000000 0.00000000000 0.00000000000 0.00000000000 0.00000000000 0.00000000000 0.00000000000 0.00000000000 0.00000000000 0.00000000000 0.00000000000 0.00000000000 0.00000000000 0.00000000000 0.00000000000 0.00000000000 0.00000000000 0.00000000000 0.00000000000 0.00000000000 0.00000000000 0.00000000000 0.00000000000
# logsel_p3_fsh[1]:
 0.00000000000 0.00000000000 0.00000000000 0.00000000000 0.00000000000 0.00000000000 0.00000000000 0.00000000000 0.00000000000 0.00000000000 0.00000000000 0.00000000000 0.00000000000 0.00000000000 0.00000000000 0.00000000000 0.00000000000 0.00000000000 0.00000000000 0.00000000000 0.00000000000 0.00000000000 0.00000000000 0.00000000000 0.00000000000 0.00000000000 0.00000000000 0.00000000000 0.00000000000 0.00000000000 0.00000000000 0.00000000000 0.00000000000 0.00000000000
# logsel_p3_fsh[2]:
 0.00000000000 0.00000000000 0.00000000000 0.00000000000 0.00000000000 0.00000000000 0.00000000000 0.00000000000 0.00000000000 0.00000000000 0.00000000000 0.00000000000 0.00000000000 0.00000000000 0.00000000000 0.00000000000 0.00000000000 0.00000000000 0.00000000000 0.00000000000 0.00000000000 0.00000000000 0.00000000000 0.00000000000 0.00000000000 0.00000000000 0.00000000000 0.00000000000 0.00000000000 0.00000000000 0.00000000000 0.00000000000 0.00000000000 0.00000000000 0.00000000000
# logsel_p3_fsh[3]:
 0.00000000000 0.00000000000 0.00000000000 0.00000000000 0.00000000000 0.00000000000 0.00000000000 0.00000000000 0.00000000000 0.00000000000 0.00000000000 0.00000000000 0.00000000000 0.00000000000 0.00000000000 0.00000000000 0.00000000000 0.00000000000 0.00000000000 0.00000000000 0.00000000000 0.00000000000 0.00000000000 0.00000000000 0.00000000000 0.00000000000 0.00000000000 0.00000000000 0.00000000000 0.00000000000 0.00000000000 0.00000000000 0.00000000000 0.00000000000 0.00000000000 0.00000000000 0.00000000000 0.00000000000
# logsel_p3_fsh[4]:
 0.00000000000 0.00000000000 0.00000000000 0.00000000000 0.00000000000 0.00000000000 0.00000000000 0.00000000000 0.00000000000 0.00000000000 0.00000000000 0.00000000000 0.00000000000 0.00000000000 0.00000000000 0.00000000000 0.00000000000 0.00000000000 0.00000000000 0.00000000000 0.00000000000 0.00000000000 0.00000000000 0.00000000000 0.00000000000 0.00000000000 0.00000000000 0.00000000000 0.00000000000
# rec_dev_future:
 0.00000000000 0.00000000000 0.00000000000 0.00000000000 0.00000000000 0.00000000000 0.00000000000 0.00000000000 0.00000000000 0.00000000000 0.00000000000 0.00000000000 0.00000000000 0.00000000000 0.00000000000 0.00000000000 0.00000000000 0.00000000000 0.00000000000 0.00000000000
# log_q_ind[1]:
-0.0424481375073
# log_q_ind[2]:
-3.18723546853
# log_q_ind[3]:
-9.52927922168
# log_q_ind[4]:
-0.613639445084
# log_q_ind[5]:
-6.21527560534
# log_q_ind[6]:
-8.51568315827
# log_q_ind[7]:
-0.660349294119
# log_q_power_ind[1]:
0.00000000000
# log_q_power_ind[2]:
0.00000000000
# log_q_power_ind[3]:
0.00000000000
# log_q_power_ind[4]:
0.00000000000
# log_q_power_ind[5]:
0.00000000000
# log_q_power_ind[6]:
0.00000000000
# log_q_power_ind[7]:
0.00000000000
# log_rw_q_ind[1]:
 -1.04740833130
# log_rw_q_ind[3]:
 -0.289543590816
# log_selcoffs_ind[1]:
 -3.26813492521 -2.08498430410 -0.955575666702 -0.0940882923071 0.348376586183 0.473944589837 0.420710361833 0.324882808354 0.268700255169 0.265867419833
 -3.26502234832 -2.39293921046 -1.55041197038 -0.773014675234 -0.113202800298 0.350172614218 0.564929846569 0.585544013460 0.534089633169 0.484396162374
# log_selcoffs_ind[2]:
 -1.14756552272 -0.469483917483 0.000252422509110 0.185251975985 0.120373877334 0.0422079020385 0.0458582851187 0.123607158135 0.206601506474 0.242532193682
 -0.884843715667 -0.350630321031 -0.0566661515723 0.136584651735 0.199596245175 0.174418438960 0.118682427290 0.0806643392043 0.0752579507671 0.0880755543823
 -0.738978803638 -0.303925033656 -0.00658457921506 0.162448111276 0.201580222679 0.162651477005 0.106175329653 0.0557616801280 0.0253238932016 0.0194959576926
# log_selcoffs_ind[3]:
 -0.202940821038 0.0202027052767 0.0202027052767 0.0202027052767 0.0202027052767 0.0202027052767 0.0202027052767 0.0202027052767 0.0202027052767 0.0202027052767
# log_selcoffs_ind[4]:
 -2.78171693142 -1.76142324469 -0.880228844535 -0.310787111974 -0.0526234629555 0.119220592860 0.281630032195 0.439999958352 0.566903603034 0.643199073621
 -3.41506921419 -2.51336916938 -1.63165921344 -0.870347061242 -0.296180898739 0.120832193503 0.412575877349 0.611953514760 0.694489937552 0.714032379629
# log_selcoffs_ind[5]:
 -3.04452005677 -0.669616569639 0.101782682789 0.174353368097 0.174353368097 0.174353368097 0.174353368097 0.174353368097 0.174353368097 0.174353368097
# log_selcoffs_ind[6]:
 -3.04452005677 -0.669616569639 0.101782682789 0.174353368097 0.174353368097 0.174353368097 0.174353368097 0.174353368097 0.174353368097 0.174353368097
# log_selcoffs_ind[7]:
 -3.04452005677 -0.669616569639 0.101782682789 0.174353368097 0.174353368097 0.174353368097 0.174353368097 0.174353368097 0.174353368097 0.174353368097
# logsel_slope_ind[1]:
 0.00000000000 0.00000000000
# logsel_slope_ind[2]:
 0.00000000000 0.00000000000 0.00000000000
# logsel_slope_ind[3]:
 0.00000000000
# logsel_slope_ind[4]:
 0.00000000000 0.00000000000
# logsel_slope_ind[5]:
 0.00000000000
# logsel_slope_ind[6]:
 0.00000000000
# logsel_slope_ind[7]:
 0.00000000000
# sel50_ind[1]:
 0.00000000000 0.00000000000
# sel50_ind[2]:
 0.00000000000 0.00000000000 0.00000000000
# sel50_ind[3]:
 0.00000000000
# sel50_ind[4]:
 0.00000000000 0.00000000000
# sel50_ind[5]:
 0.00000000000
# sel50_ind[6]:
 0.00000000000
# sel50_ind[7]:
 0.00000000000
# logsel_p1_ind[1]:
 0.00000000000 0.00000000000
# logsel_p1_ind[2]:
 0.00000000000 0.00000000000 0.00000000000
# logsel_p1_ind[3]:
 0.00000000000
# logsel_p1_ind[4]:
 0.00000000000 0.00000000000
# logsel_p1_ind[5]:
 0.00000000000
# logsel_p1_ind[6]:
 0.00000000000
# logsel_p1_ind[7]:
 0.00000000000
# sel_p2_ind[1]:
 0.00000000000 0.00000000000
# sel_p2_ind[2]:
 0.00000000000 0.00000000000 0.00000000000
# sel_p2_ind[3]:
 0.00000000000
# sel_p2_ind[4]:
 0.00000000000 0.00000000000
# sel_p2_ind[5]:
 0.00000000000
# sel_p2_ind[6]:
 0.00000000000
# sel_p2_ind[7]:
 0.00000000000
# logsel_p3_ind[1]:
 0.00000000000 0.00000000000
# logsel_p3_ind[2]:
 0.00000000000 0.00000000000 0.00000000000
# logsel_p3_ind[3]:
 0.00000000000
# logsel_p3_ind[4]:
 0.00000000000 0.00000000000
# logsel_p3_ind[5]:
 0.00000000000
# logsel_p3_ind[6]:
 0.00000000000
# logsel_p3_ind[7]:
 0.00000000000
