# Number of parameters = 1575 Objective function value = 1166.47433117830  Maximum gradient component = 0.000115606575091106
# Mest[1]:
0.280000000000
# log_Linf[1]:
4.29810139974
# log_k[1]:
-1.83258146375
# log_Lo[1]:
2.60712428251
# log_sdage[1]:
-2.40794560865
# mean_log_rec[1]:
9.38078308597
# steepness[1]:
0.650000000000
# log_Rzero[1]:
9.30465132463
# rec_dev:
 -0.0768727616214 -0.0992574529009 -0.127106814116 -0.161452316602 -0.203321294234 -0.253337743118 -0.310605722984 -0.374126002341 -0.445805618695 -0.524488627206 -0.603315499727 -0.671699977945 -0.742353386164 -0.822365885652 -0.932995951463 -0.914954582741 -0.649694407328 -0.438816830336 -0.0588710526203 0.158918190066 0.192239889495 0.229331314177 0.382192044130 0.527369528498 0.855269028684 0.574544320287 0.740374273599 1.53498171410 1.46895094169 0.771274764146 0.256613131451 0.379685846184 0.648421572705 0.755658737992 0.199644235841 0.286143954007 0.231273743588 0.251299241857 0.422947889556 0.410825971977 0.647096554269 0.570367485073 0.555361288624 0.449840207347 -0.0454224146549 -0.145103276123 -0.0807652185694 -0.657147222274 -1.73898116930 -0.715226444255 -0.211383301998 -0.673648172196 -0.819959919675 -0.942817517055 -0.942704363576 -0.394683237113 -0.530321735595 0.0732523844345 -0.0561846388376 0.602735213588
# log_sigmar[1]:
-0.510825623766
# fmort:
 -4.76551823589 -4.34874980729 -5.07582405717 -4.74850501365 -3.97639325135 -3.64170911120 -3.31382484288 -3.32210908877 -2.61373264363 -2.68151829661 -2.94868231131 -2.57092025545 -1.84720982636 -2.82816570542 -2.00518083243 -2.62389166972 -5.05526330740 -3.74517422738 -4.15951594046 -4.27945675236 -4.36209319920 -4.04336594714 -3.97234334353 -3.79144174196 -4.23883717516 -3.96904602351 -3.57346146167 -4.61005660879 -5.81051373909 -5.20364804022 -4.78941291636 -4.05783067839 -4.90096558792 -4.44765490073 -4.34665907078 -3.96936424288 -3.88255495032 -3.36998415110 -2.83325100268 -3.25194092138 -3.09617041308 -4.76398549195 -5.71792515152 -5.22452922144 -5.25163503752 -5.05074755146 -5.51963602352 -5.13289238761 -6.38649123009
 -7.14854626134 -6.70533844648 -6.22806395807 -5.62564289675 -5.83026061394 -5.11229252530 -4.59162668436 -4.24561570293 -3.75862916224 -3.54538592957 -3.42920547735 -2.68319976392 -2.46527797957 -2.77816209806 -2.38761407957 -2.01381900974 -1.83406134586 -1.51593576195 -1.32608834986 -1.19643107436 -1.18341953972 -0.945808769704 -0.647697810935 -0.616554280495 -0.420999640361 -0.141262795103 -0.175558665324 -0.181769857175 -0.712268978562 -1.21767108921 -1.67764217725 -1.54030005673 -1.48423859785 -1.58177271601 -1.57608699839 -1.54378637322 -1.43227011491 -1.21331519709 -1.35220346455 -1.05541443483 -1.66307387524 -2.06868867574 -2.42056673004 -2.61477557353 -2.62926422066 -2.44430138580 -2.43909926002 -2.44556504853 -2.39811293606
 -8.52024582994 -7.78110959747 -6.88386810754 -5.98758040417 -4.77399608307 -5.88968744904 -5.44574663610 -3.06904621362 -3.34838005450 -3.57543807757 -3.51447434484 -3.57828735439 -4.61840121785 -4.80573034445 -4.48080901099 -5.13360112006 -6.13889921417 -6.23367440437 -4.90156735992 -4.98181212934 -4.90247449055 -5.15399409582 -5.52469576571 -5.32287984985 -4.79949091452 -3.57678932458 -3.21798900726 -2.56465714783 -2.94421411995 -4.05399723313 -3.96280658824 -3.05849112253 -4.77401826958 -4.48346581254 -4.62199822004 -5.29423820120 -3.91922936921 -3.82724888562 -3.87538416181 -4.13522431987 -5.35719785496 -3.25200138825 -3.89837659122 -4.76427221390 -4.80060490488 -5.90470292682 -6.52540883725 -7.22291932046 -5.72411827921
 -9.64961582945 -9.60646126168 -7.85059665300 -9.49893211945 -9.43005507290 -9.34724012050 -9.21212639096 -8.31384875146 -5.04590974644 -2.86386972038 -2.73475131607 -2.27861277725 -1.48386139046 -1.03110889335 -0.741612997557 -1.06401626137 -1.29914196284 -1.61821562371 -1.94043784043 -2.24954956203 -2.53416611807 -3.13778632436 -5.69298570325 -9.18556298478 -8.99969164120 -8.70754173143 -8.33118170362 -7.96055528602 -7.77843496904 -7.88309886655 -7.38052985337 -5.51323311201 -4.39696016892 -3.85950345051 -3.26744183086 -3.41971321197 -2.95458370803 -2.56447674528 -2.37799962090 -2.10162843867 -2.26949504114 -3.57118086412 -3.98052587474 -4.02282410930 -3.67482215567 -3.54978626066 -4.08170119550 -4.25637007421 -4.40045872669
# log_selcoffs_fsh[1]:
 -3.80937592026 -2.22446329894 -1.23246986692 -0.208626612691 0.749075274765 1.02177999755 0.480008282519 -0.240246439353 -0.753444661403
 -3.32808277395 -1.69953621325 -1.04766383232 -0.264465244651 0.602934890778 0.938162463899 0.555242546814 -0.0611751125170 -0.515470835305
 -2.98214854229 -1.52045697370 -0.739463621377 -0.00751788226286 0.580050931615 0.764774087910 0.483056480904 0.00851605145377 -0.361526937452
 -2.57565584460 -1.30128272673 -0.664044233176 -0.0768666880616 0.626662485346 0.738090709796 0.409185679396 -0.00502319683040 -0.291606468632
 -1.94597575195 -0.424879765078 -0.142320140120 0.0913014793112 0.334179892836 0.453387922108 0.313052650547 0.0515055976979 -0.163126728920
 -1.84047740797 -0.619622722205 0.350883446732 0.563195579873 0.249115063456 0.125098332050 0.0294546192192 -0.113103504039 -0.239002581010
 -1.55073795800 -0.487914437896 0.434265552301 0.681880659690 0.276295570366 -0.0165203645874 -0.162675895927 -0.255217944068 -0.320048205990
 -1.11631036405 -0.295572867793 0.480467177557 0.739923278500 0.217152188170 -0.129363690591 -0.305245404717 -0.376138739231 -0.398736425302
 -0.818079687797 0.188546938161 0.391239650964 0.536758996441 0.306276852659 -0.136378209923 -0.389376401747 -0.467072965825 -0.467165365940
 -0.579207782272 0.341403424333 0.534434190495 0.524306521407 0.141370149312 -0.278138461048 -0.519679346053 -0.577647084065 -0.558622709223
 -0.0556944509679 0.880601069530 0.423802409093 0.150221187597 -0.212967554119 -0.502901039248 -0.660693727105 -0.687901105548 -0.654132589627
 0.132736363806 0.841270877107 0.593728476349 0.128365520976 -0.392525466062 -0.658440953825 -0.770993055101 -0.780925874117 -0.739189731696
 -0.128138918019 1.10321284088 0.654668565973 -0.0653420009592 -0.595354273254 -0.821215353786 -0.891642907443 -0.883252975773 -0.842802022503
 0.191580755272 1.10712832981 0.592837136752 -0.130385652494 -0.694517911339 -0.909953778806 -0.963289030005 -0.945020978921 -0.905982739927
 0.190807347862 1.18842277032 0.549422138406 -0.196321438201 -0.749469946252 -0.970035308003 -1.02631164156 -1.00782651524 -0.970618291146
 -0.199252473532 1.25917604278 0.671681835549 -0.163380782367 -0.785561001322 -1.02211960679 -1.08554801994 -1.07066220956 -1.03521174740
 -0.120212896375 1.31701001280 0.591816520792 -0.215680059906 -0.826527946444 -1.06585148813 -1.13230318039 -1.12082510439 -1.08630695942
 0.506172080738 1.08341860927 0.631597267844 -0.236256396279 -0.859526005875 -1.09611717558 -1.16155033806 -1.14883051178 -1.11297281859
 0.790235290157 1.10246763294 0.378953361059 -0.357952711753 -0.925376256901 -1.15304153180 -1.21508693557 -1.19766456155 -1.15837719375
 0.512890074359 1.20945812809 0.546454014147 -0.349930006257 -0.980174767184 -1.21358657146 -1.26733035733 -1.23957700249 -1.19434758955
 0.576548847397 1.29825607753 0.388673015045 -0.470696072822 -1.06259915085 -1.28112393500 -1.32499348159 -1.28480665027 -1.23157763504
 0.457117223065 1.31986280148 0.533729804183 -0.522789472453 -1.14968405956 -1.34963707656 -1.37585528790 -1.32147163793 -1.25879575236
 0.729412642345 1.21322407263 0.470505429759 -0.498330838532 -1.16019718410 -1.37781962445 -1.40429138200 -1.34112497039 -1.26999691508
 0.512903957578 1.37419054302 0.379682049999 -0.546105333840 -1.16212527555 -1.38664876820 -1.42317201705 -1.36110155296 -1.28406480062
 0.706104271310 1.28541726639 0.334140362385 -0.521852776515 -1.11388084488 -1.35697492119 -1.41021068605 -1.35411140765 -1.27442347197
 0.651217418362 1.23153944928 0.419262582208 -0.364434751034 -1.03493627216 -1.30413734270 -1.36229868978 -1.31544820671 -1.24092891304
 0.0578807643094 1.29223442742 0.630472661906 -0.168991449430 -0.913611134262 -1.20012307968 -1.26982783421 -1.24218955976 -1.18868135366
 0.347768752858 1.16861699997 0.599019079364 -0.209963451786 -0.830199342808 -1.08124028581 -1.15125926193 -1.14698604688 -1.11889170316
 1.20258784820 0.756204114360 0.0785455577253 -0.461350419684 -0.849369466635 -1.00875246696 -1.06106949127 -1.06759702428 -1.05934363632
 0.871019928108 1.08927292666 0.110868885402 -0.581042138033 -0.851474405294 -0.923822189173 -0.953575677726 -0.971902059119 -0.982242803033
 0.699216376628 1.15192427559 0.0639140542046 -0.547215401653 -0.759837006550 -0.805999050547 -0.828716209114 -0.865660035975 -0.898396689434
 0.661227829602 0.950257379817 0.165326600090 -0.339344471701 -0.536258722104 -0.606779763622 -0.656643268534 -0.727978769271 -0.792016232416
 -0.00153167332378 0.780404050152 0.398602195426 0.0359219651638 -0.149668273182 -0.313706090711 -0.441451012554 -0.583792568832 -0.692643694478
 -0.274929868911 0.319968880770 0.210156271687 0.286937651478 0.249871457169 -0.00278914999537 -0.164355471461 -0.454452377761 -0.629671576411
 0.715241850290 0.474727258338 -0.105659900005 -0.177732485465 -0.113109253761 -0.169882272210 -0.302531424449 -0.496739172699 -0.641367174083
# log_selcoffs_fsh[2]:
 -2.27810610049 -0.379273060441 0.398859689731 0.753413988606 0.604872286051 0.170898266826 -0.171545632518 -0.412350360170 -0.565176689384 -0.675903403671
 -2.16794093866 -0.289746042000 -0.363420099364 0.201174424832 0.685526635877 0.614487801312 0.195973297515 -0.182633826750 -0.369395633116 -0.438884333906
 -2.70333803094 -0.865170139330 -0.447270093629 0.0254347289842 0.585955803478 0.697042464114 0.347831798143 -0.0183225691128 -0.179304213585 -0.212323156785
 -3.10660653610 -1.54052937086 -0.635533418675 -0.146179194843 0.452031299115 0.721057121587 0.403616078001 0.124262805734 0.0379883604547 0.0496994374610
 -2.71566898135 -1.16541850536 -1.10481147873 -0.593646673681 0.191350140591 0.590578263187 0.432368074411 0.300577717712 0.316232352126 0.377791766461
 -2.33909147525 -1.20408109748 -0.985906661699 -0.885799508535 -0.373324293201 0.0889108441989 0.322574700390 0.478755749790 0.641253823643 0.762255164471
 -3.00400195687 -1.74166847416 -0.859780998639 -0.686494507977 -0.569833253275 -0.231798205052 0.148169530261 0.489880476167 0.765666373812 0.935155049476
 -3.54346563365 -2.55898904325 -1.75593096535 -1.00653792639 -0.401146735857 -0.0144638609770 0.294587741404 0.491305165679 0.761768176315 0.948255395738
 -3.81768133806 -2.79735903138 -2.17912874934 -1.45450668945 -0.585313665909 -0.00528091600946 0.392192678282 0.658755933270 0.805748896820 0.861939612677
 -3.90134864298 -2.68298763556 -1.96823337446 -1.49263540082 -0.987605763736 -0.302466097073 0.289393089395 0.808011202807 0.967393963760 0.799912202217
 -3.73329301419 -2.24022724082 -1.50648441019 -1.05934912302 -0.732866741355 -0.461824229320 0.0759065208333 0.704968064398 0.976924644520 0.888591117776
 -3.65839297325 -2.14314460910 -1.32625055534 -0.877643562537 -0.528913565798 -0.233612996198 0.284452759518 0.670178832967 0.821179030500 0.805580709798
 -3.34917119739 -1.50696316868 -0.854673560299 -0.499174922202 -0.235816112941 -0.166005523203 0.199303937243 0.510725077732 0.702261245897 0.774045123326
 -2.91924550789 -1.19483117428 -0.547367085743 -0.259101794151 -0.148275898495 -0.0461228664396 0.188551220372 0.419459894270 0.588362685791 0.665910399280
 -2.52865614948 -0.538310264208 -0.290562515438 -0.273661470795 -0.292909324698 -0.153678812993 0.142806635001 0.382628272728 0.552679259551 0.624272742180
 -2.17058384174 -0.227628685210 -0.255379993297 -0.316114887357 -0.379813537042 -0.221981070745 0.0809360421415 0.341097778743 0.536811750317 0.641651133658
 -1.74068788012 -0.175243322476 -0.211463009418 -0.254211548759 -0.380491641234 -0.306893112201 -0.0173181949350 0.281954755463 0.530035748687 0.679871063941
 -1.83696418449 -0.148876681072 0.0939852848396 -0.0663037890948 -0.303445107420 -0.298537193992 -0.0622312965872 0.224514320353 0.432308101883 0.549433368857
 -2.03918012939 -0.238303663090 0.0970388268893 0.0220562429682 -0.224822729788 -0.227640265099 -0.0107339697083 0.239910972376 0.407079936664 0.469844097821
 -2.12749363907 -0.523189474328 -0.144006984717 0.0127968110580 -0.127643559042 -0.140730349167 0.0741113974193 0.318822990547 0.456023925312 0.488802828551
 -2.22667148321 -0.612815177028 -0.160614137630 0.0646665384716 -0.0912984621352 -0.151540157010 0.0480268860565 0.316509359496 0.463584730284 0.499833433119
 -2.52678986400 -0.738658612519 -0.140344289545 0.108718725265 0.00837201644122 -0.0621601118905 0.0994008334603 0.294668348776 0.409669809234 0.442615092636
 -2.83638869105 -1.37381869911 -0.320410509794 0.243479014988 0.221115560974 0.0903376466402 0.172221521379 0.296949469587 0.343989849314 0.336779294969
 -2.98058935734 -1.72659592930 -0.791630639444 -0.0196149449851 0.343000484665 0.279534167124 0.366458295622 0.418468315619 0.344790121699 0.208672559611
 -3.07077087145 -1.54179242943 -0.786979556572 -0.339978018616 0.135090945105 0.371668780687 0.473668688196 0.539481023423 0.381227451682 0.176259992527
 -3.25168323778 -1.87142613285 -1.01267739322 -0.186601322825 0.256280729061 0.423061636211 0.457485849704 0.489833347148 0.357105117173 0.143491274396
 -3.55394018529 -1.72282001329 -0.907695731893 0.00795686522947 0.367216305233 0.493046282653 0.491952831606 0.412989690629 0.178338027408 -0.0425810635548
 -3.67824989124 -1.65352588650 -0.772895538834 0.0565536689947 0.379143398912 0.381365277641 0.655391046740 0.461969833857 0.0346890708858 -0.235981105984
 -3.64046453194 -2.13501401894 -1.27052953361 0.118702179081 0.617619113653 0.536337065115 0.640809231941 0.248506728129 -0.0571724165774 -0.274433410952
 -3.56845819433 -1.83638539313 -0.607737888378 0.0846002363023 0.791159110553 0.565849654239 0.310058022472 0.0558069880244 -0.0809929780777 -0.139777519901
 -3.26892571011 -1.20508445201 -0.121840756991 0.336534807013 0.241766202928 0.158554552085 0.185469374935 0.178104111593 0.211639224212 0.260178563997
 -3.11887834298 -1.20937167719 -0.315187499461 0.0308442959846 0.160911404016 0.0139534811170 0.0390487112958 0.265783177402 0.459035708202 0.577163108235
 -2.58883669519 -0.661572891206 -0.448786234147 -0.286246678312 -0.103940928367 -0.112553850942 -0.140197221525 0.195889244557 0.609559908481 0.832624474746
 -3.14632147212 -1.01580662614 -0.404037732943 0.0417173775462 0.142442359072 0.0509000839990 -0.0452273603898 0.0945597531375 0.437815736643 0.730000825365
 -3.28779559683 -1.45727011894 -0.678283674446 -0.252948487167 0.232424657601 0.280128939469 0.164319806934 0.182423810970 0.399396261891 0.688739347557
 -3.52600241863 -1.55623391347 -0.800653718777 -0.188906969387 0.0677699418707 0.268590705468 0.212172315169 0.182446346909 0.389120437228 0.784959630230
# log_selcoffs_fsh[3]:
 -1.93698344476 -1.16539743062 0.227041339944 1.04660410291 0.354627822211 -0.459237744375 -0.957625383002
 -2.30029641891 -1.20991556606 0.409256221066 1.00795446408 0.298479493772 -0.478363856780 -0.946090409344
 -2.11839501469 -0.993984348765 0.266029902722 0.986391877889 0.358105180838 -0.397760258506 -0.865308406223
 -2.94467491341 -1.49756881528 0.308854812449 1.07962878196 0.311784321586 -0.440780331367 -0.894377022476
 -3.34823610170 -1.70520842123 0.343382939260 0.997637499211 0.421563261157 -0.337970768172 -0.858058397872
 -3.52887693311 -1.87199608081 -0.152720046037 1.01773749328 0.665771847816 -0.209347664441 -0.833689702271
 -3.56472183325 -1.82198483496 -0.214255737185 1.02441249250 0.656817015507 -0.181166051444 -0.788667850227
 -3.44697565270 -1.49428048702 0.505181679361 0.795099189659 0.429494924007 -0.177139648946 -0.697844419882
 -3.18691449609 -1.29858697597 0.334815912766 0.726804623470 0.558088543938 -0.0622144758171 -0.629929290505
 -2.93925656654 -0.844562925253 0.225854969958 0.797333205908 0.500038985864 -0.135715087233 -0.649196839552
 -2.95628862232 -1.21268626425 0.103660188818 1.03773748869 0.451775289203 -0.337227129524 -0.835404686210
 -2.99827790972 -1.18880339079 0.214824048767 1.03574933954 0.440908531774 -0.428284571713 -0.959885072616
 -3.01690773246 -1.16686715188 0.348504560481 1.08755613954 0.292043343030 -0.580067693458 -1.03079253087
 -2.91685631300 -0.725625569800 0.790100125000 0.800727602557 0.107599200307 -0.610342802446 -0.982614809534
 -2.90540766699 -0.906054583803 0.683610544894 0.881305401417 0.156804333701 -0.560279935165 -0.903187358883
 -2.91654401569 -0.885087242276 0.794230724717 0.886749684302 -0.0445580179860 -0.662024953315 -0.865098840931
 -2.91843365559 -0.641887597511 0.968995911605 0.737434493776 -0.210902389754 -0.763670204133 -0.872237459870
 -2.95389841655 -0.715987045294 1.10790707554 0.637906395841 -0.305140654345 -0.857769686046 -0.974187633937
 -2.80521567828 -0.234510410521 1.12006253628 0.488176932425 -0.364007002572 -0.892093899017 -1.05132018721
 -2.70379387328 -0.300098362366 1.20357570167 0.404627103985 -0.445060943758 -0.942211225331 -1.10563745576
 -2.57556673942 -0.0612613843923 1.19878899796 0.311610524473 -0.514574329560 -0.973042303646 -1.12115247311
 -2.50259933987 -0.323556449742 1.25625273965 0.309900225077 -0.525437003991 -0.954585656955 -1.07071378785
 -2.30739510390 -0.527521474200 1.15081487650 0.475704077348 -0.376067085884 -0.812814470950 -0.890779279877
 -2.03194422478 -0.183813146082 0.898628068855 0.585486418305 -0.193431322197 -0.680345192606 -0.789296039978
 -1.82974664331 -0.342951239016 0.653245249306 0.847853009971 -0.0481843051874 -0.684179540641 -0.877035109672
 -1.64314930772 0.427398736550 0.569897813030 0.505479594480 0.0140980794775 -0.715016665965 -1.06677223080
 -1.90269142317 0.123902133992 1.05399377323 0.421733924353 -0.342317277776 -1.00690072571 -1.38722897207
 -2.16522330169 -0.314563098138 1.09163658998 0.686160499702 -0.380764721189 -1.17743135431 -1.61676862729
 -2.40321272276 -0.461184231575 1.07129025285 0.765889605655 -0.305889148240 -1.22239828240 -1.72600029942
 -2.50563532771 -0.495118803600 0.668819777536 1.04844308527 0.0294758972829 -1.17458578083 -1.80254555313
 -2.41075035595 0.318191130719 0.740440430305 0.765056021986 -0.165905435795 -1.23754549184 -1.88113031932
 -2.67327460383 -0.587571859748 1.31872369660 0.507563812745 -0.504686243249 -1.43096863209 -2.02010828568
 -2.80275274483 -0.881860046927 1.04632210012 0.962645110592 -0.355339925855 -1.46102311493 -2.06643204441
 -2.78154501528 -0.880752237047 0.761352453276 1.13957789405 -0.130588841297 -1.38895464970 -2.03981412439
 -2.70707794279 -0.717604637420 0.996467451590 0.978665703317 -0.346730377086 -1.44391630787 -2.01927708325
 -2.44912920102 0.0225002993434 1.19246694883 0.495038062021 -0.537196974879 -1.45877510220 -1.97898123006
 -2.31222516910 0.0493957610975 1.18098705131 0.513674126918 -0.595512486205 -1.47949721845 -1.94994249777
 -2.14006073197 0.319315102100 1.17736131468 0.328112702501 -0.677957012675 -1.50232568236 -1.95362711631
 -2.22947728583 0.152090274644 1.27892714173 0.281552869134 -0.767550881441 -1.56033074008 -1.99535066499
# log_selcoffs_fsh[4]:
 -3.17100758139 -2.63344653063 -2.06562633903 -1.44300139773 -0.775267167343 -0.108552052534 0.477510543522 0.904478030158 1.12585140890
 -3.15983386037 -2.62913819255 -2.06661714982 -1.44584321332 -0.777925542598 -0.111057452962 0.476653168697 0.905179091416 1.12686643191
 -3.13855148764 -2.62079646590 -2.06999689929 -1.45101569618 -0.778832013712 -0.110122868294 0.479416917413 0.905435093543 1.12511968748
 -3.10452463341 -2.60303471319 -2.07396570637 -1.46789896018 -0.786540416928 -0.103173086708 0.487752788833 0.907973360259 1.11830926369
 -3.05310581029 -2.55975355721 -2.05022673469 -1.47248623563 -0.810030348338 -0.111972529013 0.502531497642 0.915144991788 1.10805190248
 -2.98716987000 -2.48795663238 -2.00308217933 -1.45510117029 -0.789609642827 -0.0994628603825 0.513622307886 0.917174664424 1.08697963331
 -2.91675925277 -2.41123045495 -1.89782276466 -1.37520589806 -0.756371872992 -0.0601868877520 0.540305440210 0.908441596421 1.04576145004
 -2.83189840446 -2.32919322919 -1.80882500406 -1.25388491155 -0.658152988362 -0.0180669530077 0.544917765424 0.888061132040 1.00784946325
 -2.70177307722 -2.19707446254 -1.69254397076 -1.16058115797 -0.560107433728 0.0446781632181 0.551634734953 0.853887668516 0.964220743864
 -2.54178509354 -2.00137907021 -1.47454783232 -0.997391331650 -0.499907633046 0.0564203125505 0.531117730897 0.822861568156 0.934498044073
 -2.38341841115 -1.79950949456 -1.23258174872 -0.731928534036 -0.357302270866 0.0332861587785 0.461636193956 0.771064232407 0.911368403511
 -2.24635749529 -1.64602547703 -1.04826901279 -0.516075247708 -0.136666610648 0.0882961390045 0.372624802360 0.678346404898 0.861737544309
 -2.13454122262 -1.52742517720 -0.944139982596 -0.415226625972 -0.0211952495284 0.199872644306 0.370591524740 0.591579594745 0.769967537038
 -2.03092934658 -1.41745147606 -0.837827668151 -0.342374867935 0.0168289161587 0.238534968106 0.398332342544 0.555988496873 0.675167609268
 -1.93346393968 -1.30971297527 -0.731040450604 -0.256965408849 0.0735304401175 0.272122524193 0.400278254754 0.506768416285 0.581906072474
 -1.84578040241 -1.20490271696 -0.621409168935 -0.163970612657 0.137209408584 0.300009663323 0.385361057954 0.446098874477 0.486818787168
 -1.76840075416 -1.09729334237 -0.502412945547 -0.0667929266805 0.200495113836 0.315337178362 0.356030014597 0.377562833089 0.389375476561
 -1.71110878582 -0.990147391319 -0.347870200460 0.0700984913777 0.275644247068 0.308865151751 0.289965169536 0.279855384306 0.285503046760
 -1.67976890672 -0.921409036043 -0.199584567491 0.228343587361 0.329261530377 0.299334228998 0.212355783428 0.171304290538 0.163559813685
 -1.67912201217 -0.913423432533 -0.174515933909 0.366995554987 0.435925647230 0.279711168777 0.146988727350 0.0612478172085 0.0376945417846
 -1.66648287496 -0.932285675164 -0.276287283283 0.285086731178 0.516471577935 0.357407641945 0.151289513556 0.0468440866182 0.0118797051229
 -1.64515962735 -0.956582197089 -0.349361040523 0.0932343772892 0.430256744100 0.425158820736 0.275329588017 0.141193595178 0.0805278285764
 -1.64060246565 -1.02761321547 -0.450909794703 -0.0345148452435 0.254561692610 0.382978297834 0.362663592830 0.301691060401 0.261838246515
 -1.65453422194 -1.12557889229 -0.638583490011 -0.218113297468 0.115906045629 0.329203971383 0.412859671158 0.440792588835 0.453910516700
 -1.66369705937 -1.18328316314 -0.735122941874 -0.329096522688 0.0167836754607 0.261080622232 0.411845556338 0.518768417870 0.588039257505
 -1.67411865013 -1.22472586163 -0.817227397954 -0.422744931423 -0.0704969892102 0.195047281501 0.392595890049 0.570698471990 0.705158124472
 -1.67182220305 -1.22572661866 -0.892489785475 -0.489790139495 -0.100834975270 0.151591977178 0.346630339452 0.586154344322 0.796171225842
 -1.74661148216 -1.35452900240 -0.975309802937 -0.430059904466 -0.0618006129231 0.0683825817913 0.239390097498 0.541473303035 0.932229261099
 -1.12038609290 -1.33548390317 -1.07861843991 -0.667243552939 -0.211053835646 0.0757158919870 0.282567067341 0.576561706480 0.941101904159
 -1.58057145694 -1.32030230364 -1.15791868712 -0.651907626715 -0.117984626419 0.234036982993 0.387128265591 0.576900180718 0.826908937798
# log_sel_spl_fsh[1]:
 0.00000000000 0.00000000000 0.00000000000 0.00000000000
 0.00000000000 0.00000000000 0.00000000000 0.00000000000
 0.00000000000 0.00000000000 0.00000000000 0.00000000000
 0.00000000000 0.00000000000 0.00000000000 0.00000000000
 0.00000000000 0.00000000000 0.00000000000 0.00000000000
 0.00000000000 0.00000000000 0.00000000000 0.00000000000
 0.00000000000 0.00000000000 0.00000000000 0.00000000000
 0.00000000000 0.00000000000 0.00000000000 0.00000000000
 0.00000000000 0.00000000000 0.00000000000 0.00000000000
 0.00000000000 0.00000000000 0.00000000000 0.00000000000
 0.00000000000 0.00000000000 0.00000000000 0.00000000000
 0.00000000000 0.00000000000 0.00000000000 0.00000000000
 0.00000000000 0.00000000000 0.00000000000 0.00000000000
 0.00000000000 0.00000000000 0.00000000000 0.00000000000
 0.00000000000 0.00000000000 0.00000000000 0.00000000000
 0.00000000000 0.00000000000 0.00000000000 0.00000000000
 0.00000000000 0.00000000000 0.00000000000 0.00000000000
 0.00000000000 0.00000000000 0.00000000000 0.00000000000
 0.00000000000 0.00000000000 0.00000000000 0.00000000000
 0.00000000000 0.00000000000 0.00000000000 0.00000000000
 0.00000000000 0.00000000000 0.00000000000 0.00000000000
 0.00000000000 0.00000000000 0.00000000000 0.00000000000
 0.00000000000 0.00000000000 0.00000000000 0.00000000000
 0.00000000000 0.00000000000 0.00000000000 0.00000000000
 0.00000000000 0.00000000000 0.00000000000 0.00000000000
 0.00000000000 0.00000000000 0.00000000000 0.00000000000
 0.00000000000 0.00000000000 0.00000000000 0.00000000000
 0.00000000000 0.00000000000 0.00000000000 0.00000000000
 0.00000000000 0.00000000000 0.00000000000 0.00000000000
 0.00000000000 0.00000000000 0.00000000000 0.00000000000
 0.00000000000 0.00000000000 0.00000000000 0.00000000000
 0.00000000000 0.00000000000 0.00000000000 0.00000000000
 0.00000000000 0.00000000000 0.00000000000 0.00000000000
 0.00000000000 0.00000000000 0.00000000000 0.00000000000
 0.00000000000 0.00000000000 0.00000000000 0.00000000000
# log_sel_spl_fsh[2]:
 0.00000000000 0.00000000000 0.00000000000 0.00000000000
 0.00000000000 0.00000000000 0.00000000000 0.00000000000
 0.00000000000 0.00000000000 0.00000000000 0.00000000000
 0.00000000000 0.00000000000 0.00000000000 0.00000000000
 0.00000000000 0.00000000000 0.00000000000 0.00000000000
 0.00000000000 0.00000000000 0.00000000000 0.00000000000
 0.00000000000 0.00000000000 0.00000000000 0.00000000000
 0.00000000000 0.00000000000 0.00000000000 0.00000000000
 0.00000000000 0.00000000000 0.00000000000 0.00000000000
 0.00000000000 0.00000000000 0.00000000000 0.00000000000
 0.00000000000 0.00000000000 0.00000000000 0.00000000000
 0.00000000000 0.00000000000 0.00000000000 0.00000000000
 0.00000000000 0.00000000000 0.00000000000 0.00000000000
 0.00000000000 0.00000000000 0.00000000000 0.00000000000
 0.00000000000 0.00000000000 0.00000000000 0.00000000000
 0.00000000000 0.00000000000 0.00000000000 0.00000000000
 0.00000000000 0.00000000000 0.00000000000 0.00000000000
 0.00000000000 0.00000000000 0.00000000000 0.00000000000
 0.00000000000 0.00000000000 0.00000000000 0.00000000000
 0.00000000000 0.00000000000 0.00000000000 0.00000000000
 0.00000000000 0.00000000000 0.00000000000 0.00000000000
 0.00000000000 0.00000000000 0.00000000000 0.00000000000
 0.00000000000 0.00000000000 0.00000000000 0.00000000000
 0.00000000000 0.00000000000 0.00000000000 0.00000000000
 0.00000000000 0.00000000000 0.00000000000 0.00000000000
 0.00000000000 0.00000000000 0.00000000000 0.00000000000
 0.00000000000 0.00000000000 0.00000000000 0.00000000000
 0.00000000000 0.00000000000 0.00000000000 0.00000000000
 0.00000000000 0.00000000000 0.00000000000 0.00000000000
 0.00000000000 0.00000000000 0.00000000000 0.00000000000
 0.00000000000 0.00000000000 0.00000000000 0.00000000000
 0.00000000000 0.00000000000 0.00000000000 0.00000000000
 0.00000000000 0.00000000000 0.00000000000 0.00000000000
 0.00000000000 0.00000000000 0.00000000000 0.00000000000
 0.00000000000 0.00000000000 0.00000000000 0.00000000000
 0.00000000000 0.00000000000 0.00000000000 0.00000000000
# log_sel_spl_fsh[3]:
 0.00000000000 0.00000000000 0.00000000000 0.00000000000
 0.00000000000 0.00000000000 0.00000000000 0.00000000000
 0.00000000000 0.00000000000 0.00000000000 0.00000000000
 0.00000000000 0.00000000000 0.00000000000 0.00000000000
 0.00000000000 0.00000000000 0.00000000000 0.00000000000
 0.00000000000 0.00000000000 0.00000000000 0.00000000000
 0.00000000000 0.00000000000 0.00000000000 0.00000000000
 0.00000000000 0.00000000000 0.00000000000 0.00000000000
 0.00000000000 0.00000000000 0.00000000000 0.00000000000
 0.00000000000 0.00000000000 0.00000000000 0.00000000000
 0.00000000000 0.00000000000 0.00000000000 0.00000000000
 0.00000000000 0.00000000000 0.00000000000 0.00000000000
 0.00000000000 0.00000000000 0.00000000000 0.00000000000
 0.00000000000 0.00000000000 0.00000000000 0.00000000000
 0.00000000000 0.00000000000 0.00000000000 0.00000000000
 0.00000000000 0.00000000000 0.00000000000 0.00000000000
 0.00000000000 0.00000000000 0.00000000000 0.00000000000
 0.00000000000 0.00000000000 0.00000000000 0.00000000000
 0.00000000000 0.00000000000 0.00000000000 0.00000000000
 0.00000000000 0.00000000000 0.00000000000 0.00000000000
 0.00000000000 0.00000000000 0.00000000000 0.00000000000
 0.00000000000 0.00000000000 0.00000000000 0.00000000000
 0.00000000000 0.00000000000 0.00000000000 0.00000000000
 0.00000000000 0.00000000000 0.00000000000 0.00000000000
 0.00000000000 0.00000000000 0.00000000000 0.00000000000
 0.00000000000 0.00000000000 0.00000000000 0.00000000000
 0.00000000000 0.00000000000 0.00000000000 0.00000000000
 0.00000000000 0.00000000000 0.00000000000 0.00000000000
 0.00000000000 0.00000000000 0.00000000000 0.00000000000
 0.00000000000 0.00000000000 0.00000000000 0.00000000000
 0.00000000000 0.00000000000 0.00000000000 0.00000000000
 0.00000000000 0.00000000000 0.00000000000 0.00000000000
 0.00000000000 0.00000000000 0.00000000000 0.00000000000
 0.00000000000 0.00000000000 0.00000000000 0.00000000000
 0.00000000000 0.00000000000 0.00000000000 0.00000000000
 0.00000000000 0.00000000000 0.00000000000 0.00000000000
 0.00000000000 0.00000000000 0.00000000000 0.00000000000
 0.00000000000 0.00000000000 0.00000000000 0.00000000000
 0.00000000000 0.00000000000 0.00000000000 0.00000000000
# log_sel_spl_fsh[4]:
 0.00000000000 0.00000000000 0.00000000000 0.00000000000
 0.00000000000 0.00000000000 0.00000000000 0.00000000000
 0.00000000000 0.00000000000 0.00000000000 0.00000000000
 0.00000000000 0.00000000000 0.00000000000 0.00000000000
 0.00000000000 0.00000000000 0.00000000000 0.00000000000
 0.00000000000 0.00000000000 0.00000000000 0.00000000000
 0.00000000000 0.00000000000 0.00000000000 0.00000000000
 0.00000000000 0.00000000000 0.00000000000 0.00000000000
 0.00000000000 0.00000000000 0.00000000000 0.00000000000
 0.00000000000 0.00000000000 0.00000000000 0.00000000000
 0.00000000000 0.00000000000 0.00000000000 0.00000000000
 0.00000000000 0.00000000000 0.00000000000 0.00000000000
 0.00000000000 0.00000000000 0.00000000000 0.00000000000
 0.00000000000 0.00000000000 0.00000000000 0.00000000000
 0.00000000000 0.00000000000 0.00000000000 0.00000000000
 0.00000000000 0.00000000000 0.00000000000 0.00000000000
 0.00000000000 0.00000000000 0.00000000000 0.00000000000
 0.00000000000 0.00000000000 0.00000000000 0.00000000000
 0.00000000000 0.00000000000 0.00000000000 0.00000000000
 0.00000000000 0.00000000000 0.00000000000 0.00000000000
 0.00000000000 0.00000000000 0.00000000000 0.00000000000
 0.00000000000 0.00000000000 0.00000000000 0.00000000000
 0.00000000000 0.00000000000 0.00000000000 0.00000000000
 0.00000000000 0.00000000000 0.00000000000 0.00000000000
 0.00000000000 0.00000000000 0.00000000000 0.00000000000
 0.00000000000 0.00000000000 0.00000000000 0.00000000000
 0.00000000000 0.00000000000 0.00000000000 0.00000000000
 0.00000000000 0.00000000000 0.00000000000 0.00000000000
 0.00000000000 0.00000000000 0.00000000000 0.00000000000
 0.00000000000 0.00000000000 0.00000000000 0.00000000000
# logsel_slope_fsh[1]:
 0.00000000000 0.00000000000 0.00000000000 0.00000000000 0.00000000000 0.00000000000 0.00000000000 0.00000000000 0.00000000000 0.00000000000 0.00000000000 0.00000000000 0.00000000000 0.00000000000 0.00000000000 0.00000000000 0.00000000000 0.00000000000 0.00000000000 0.00000000000 0.00000000000 0.00000000000 0.00000000000 0.00000000000 0.00000000000 0.00000000000 0.00000000000 0.00000000000 0.00000000000 0.00000000000 0.00000000000 0.00000000000 0.00000000000 0.00000000000 0.00000000000
# logsel_slope_fsh[2]:
 0.00000000000 0.00000000000 0.00000000000 0.00000000000 0.00000000000 0.00000000000 0.00000000000 0.00000000000 0.00000000000 0.00000000000 0.00000000000 0.00000000000 0.00000000000 0.00000000000 0.00000000000 0.00000000000 0.00000000000 0.00000000000 0.00000000000 0.00000000000 0.00000000000 0.00000000000 0.00000000000 0.00000000000 0.00000000000 0.00000000000 0.00000000000 0.00000000000 0.00000000000 0.00000000000 0.00000000000 0.00000000000 0.00000000000 0.00000000000 0.00000000000 0.00000000000
# logsel_slope_fsh[3]:
 0.00000000000 0.00000000000 0.00000000000 0.00000000000 0.00000000000 0.00000000000 0.00000000000 0.00000000000 0.00000000000 0.00000000000 0.00000000000 0.00000000000 0.00000000000 0.00000000000 0.00000000000 0.00000000000 0.00000000000 0.00000000000 0.00000000000 0.00000000000 0.00000000000 0.00000000000 0.00000000000 0.00000000000 0.00000000000 0.00000000000 0.00000000000 0.00000000000 0.00000000000 0.00000000000 0.00000000000 0.00000000000 0.00000000000 0.00000000000 0.00000000000 0.00000000000 0.00000000000 0.00000000000 0.00000000000
# logsel_slope_fsh[4]:
 0.00000000000 0.00000000000 0.00000000000 0.00000000000 0.00000000000 0.00000000000 0.00000000000 0.00000000000 0.00000000000 0.00000000000 0.00000000000 0.00000000000 0.00000000000 0.00000000000 0.00000000000 0.00000000000 0.00000000000 0.00000000000 0.00000000000 0.00000000000 0.00000000000 0.00000000000 0.00000000000 0.00000000000 0.00000000000 0.00000000000 0.00000000000 0.00000000000 0.00000000000 0.00000000000
# sel50_fsh[1]:
 0.00000000000 0.00000000000 0.00000000000 0.00000000000 0.00000000000 0.00000000000 0.00000000000 0.00000000000 0.00000000000 0.00000000000 0.00000000000 0.00000000000 0.00000000000 0.00000000000 0.00000000000 0.00000000000 0.00000000000 0.00000000000 0.00000000000 0.00000000000 0.00000000000 0.00000000000 0.00000000000 0.00000000000 0.00000000000 0.00000000000 0.00000000000 0.00000000000 0.00000000000 0.00000000000 0.00000000000 0.00000000000 0.00000000000 0.00000000000 0.00000000000
# sel50_fsh[2]:
 0.00000000000 0.00000000000 0.00000000000 0.00000000000 0.00000000000 0.00000000000 0.00000000000 0.00000000000 0.00000000000 0.00000000000 0.00000000000 0.00000000000 0.00000000000 0.00000000000 0.00000000000 0.00000000000 0.00000000000 0.00000000000 0.00000000000 0.00000000000 0.00000000000 0.00000000000 0.00000000000 0.00000000000 0.00000000000 0.00000000000 0.00000000000 0.00000000000 0.00000000000 0.00000000000 0.00000000000 0.00000000000 0.00000000000 0.00000000000 0.00000000000 0.00000000000
# sel50_fsh[3]:
 0.00000000000 0.00000000000 0.00000000000 0.00000000000 0.00000000000 0.00000000000 0.00000000000 0.00000000000 0.00000000000 0.00000000000 0.00000000000 0.00000000000 0.00000000000 0.00000000000 0.00000000000 0.00000000000 0.00000000000 0.00000000000 0.00000000000 0.00000000000 0.00000000000 0.00000000000 0.00000000000 0.00000000000 0.00000000000 0.00000000000 0.00000000000 0.00000000000 0.00000000000 0.00000000000 0.00000000000 0.00000000000 0.00000000000 0.00000000000 0.00000000000 0.00000000000 0.00000000000 0.00000000000 0.00000000000
# sel50_fsh[4]:
 0.00000000000 0.00000000000 0.00000000000 0.00000000000 0.00000000000 0.00000000000 0.00000000000 0.00000000000 0.00000000000 0.00000000000 0.00000000000 0.00000000000 0.00000000000 0.00000000000 0.00000000000 0.00000000000 0.00000000000 0.00000000000 0.00000000000 0.00000000000 0.00000000000 0.00000000000 0.00000000000 0.00000000000 0.00000000000 0.00000000000 0.00000000000 0.00000000000 0.00000000000 0.00000000000
# logsel_p1_fsh[1]:
 0.00000000000 0.00000000000 0.00000000000 0.00000000000 0.00000000000 0.00000000000 0.00000000000 0.00000000000 0.00000000000 0.00000000000 0.00000000000 0.00000000000 0.00000000000 0.00000000000 0.00000000000 0.00000000000 0.00000000000 0.00000000000 0.00000000000 0.00000000000 0.00000000000 0.00000000000 0.00000000000 0.00000000000 0.00000000000 0.00000000000 0.00000000000 0.00000000000 0.00000000000 0.00000000000 0.00000000000 0.00000000000 0.00000000000 0.00000000000 0.00000000000
# logsel_p1_fsh[2]:
 0.00000000000 0.00000000000 0.00000000000 0.00000000000 0.00000000000 0.00000000000 0.00000000000 0.00000000000 0.00000000000 0.00000000000 0.00000000000 0.00000000000 0.00000000000 0.00000000000 0.00000000000 0.00000000000 0.00000000000 0.00000000000 0.00000000000 0.00000000000 0.00000000000 0.00000000000 0.00000000000 0.00000000000 0.00000000000 0.00000000000 0.00000000000 0.00000000000 0.00000000000 0.00000000000 0.00000000000 0.00000000000 0.00000000000 0.00000000000 0.00000000000 0.00000000000
# logsel_p1_fsh[3]:
 0.00000000000 0.00000000000 0.00000000000 0.00000000000 0.00000000000 0.00000000000 0.00000000000 0.00000000000 0.00000000000 0.00000000000 0.00000000000 0.00000000000 0.00000000000 0.00000000000 0.00000000000 0.00000000000 0.00000000000 0.00000000000 0.00000000000 0.00000000000 0.00000000000 0.00000000000 0.00000000000 0.00000000000 0.00000000000 0.00000000000 0.00000000000 0.00000000000 0.00000000000 0.00000000000 0.00000000000 0.00000000000 0.00000000000 0.00000000000 0.00000000000 0.00000000000 0.00000000000 0.00000000000 0.00000000000
# logsel_p1_fsh[4]:
 0.00000000000 0.00000000000 0.00000000000 0.00000000000 0.00000000000 0.00000000000 0.00000000000 0.00000000000 0.00000000000 0.00000000000 0.00000000000 0.00000000000 0.00000000000 0.00000000000 0.00000000000 0.00000000000 0.00000000000 0.00000000000 0.00000000000 0.00000000000 0.00000000000 0.00000000000 0.00000000000 0.00000000000 0.00000000000 0.00000000000 0.00000000000 0.00000000000 0.00000000000 0.00000000000
# logsel_p2_fsh[1]:
 0.00000000000 0.00000000000 0.00000000000 0.00000000000 0.00000000000 0.00000000000 0.00000000000 0.00000000000 0.00000000000 0.00000000000 0.00000000000 0.00000000000 0.00000000000 0.00000000000 0.00000000000 0.00000000000 0.00000000000 0.00000000000 0.00000000000 0.00000000000 0.00000000000 0.00000000000 0.00000000000 0.00000000000 0.00000000000 0.00000000000 0.00000000000 0.00000000000 0.00000000000 0.00000000000 0.00000000000 0.00000000000 0.00000000000 0.00000000000 0.00000000000
# logsel_p2_fsh[2]:
 0.00000000000 0.00000000000 0.00000000000 0.00000000000 0.00000000000 0.00000000000 0.00000000000 0.00000000000 0.00000000000 0.00000000000 0.00000000000 0.00000000000 0.00000000000 0.00000000000 0.00000000000 0.00000000000 0.00000000000 0.00000000000 0.00000000000 0.00000000000 0.00000000000 0.00000000000 0.00000000000 0.00000000000 0.00000000000 0.00000000000 0.00000000000 0.00000000000 0.00000000000 0.00000000000 0.00000000000 0.00000000000 0.00000000000 0.00000000000 0.00000000000 0.00000000000
# logsel_p2_fsh[3]:
 0.00000000000 0.00000000000 0.00000000000 0.00000000000 0.00000000000 0.00000000000 0.00000000000 0.00000000000 0.00000000000 0.00000000000 0.00000000000 0.00000000000 0.00000000000 0.00000000000 0.00000000000 0.00000000000 0.00000000000 0.00000000000 0.00000000000 0.00000000000 0.00000000000 0.00000000000 0.00000000000 0.00000000000 0.00000000000 0.00000000000 0.00000000000 0.00000000000 0.00000000000 0.00000000000 0.00000000000 0.00000000000 0.00000000000 0.00000000000 0.00000000000 0.00000000000 0.00000000000 0.00000000000 0.00000000000
# logsel_p2_fsh[4]:
 0.00000000000 0.00000000000 0.00000000000 0.00000000000 0.00000000000 0.00000000000 0.00000000000 0.00000000000 0.00000000000 0.00000000000 0.00000000000 0.00000000000 0.00000000000 0.00000000000 0.00000000000 0.00000000000 0.00000000000 0.00000000000 0.00000000000 0.00000000000 0.00000000000 0.00000000000 0.00000000000 0.00000000000 0.00000000000 0.00000000000 0.00000000000 0.00000000000 0.00000000000 0.00000000000
# logsel_p3_fsh[1]:
 0.00000000000 0.00000000000 0.00000000000 0.00000000000 0.00000000000 0.00000000000 0.00000000000 0.00000000000 0.00000000000 0.00000000000 0.00000000000 0.00000000000 0.00000000000 0.00000000000 0.00000000000 0.00000000000 0.00000000000 0.00000000000 0.00000000000 0.00000000000 0.00000000000 0.00000000000 0.00000000000 0.00000000000 0.00000000000 0.00000000000 0.00000000000 0.00000000000 0.00000000000 0.00000000000 0.00000000000 0.00000000000 0.00000000000 0.00000000000 0.00000000000
# logsel_p3_fsh[2]:
 0.00000000000 0.00000000000 0.00000000000 0.00000000000 0.00000000000 0.00000000000 0.00000000000 0.00000000000 0.00000000000 0.00000000000 0.00000000000 0.00000000000 0.00000000000 0.00000000000 0.00000000000 0.00000000000 0.00000000000 0.00000000000 0.00000000000 0.00000000000 0.00000000000 0.00000000000 0.00000000000 0.00000000000 0.00000000000 0.00000000000 0.00000000000 0.00000000000 0.00000000000 0.00000000000 0.00000000000 0.00000000000 0.00000000000 0.00000000000 0.00000000000 0.00000000000
# logsel_p3_fsh[3]:
 0.00000000000 0.00000000000 0.00000000000 0.00000000000 0.00000000000 0.00000000000 0.00000000000 0.00000000000 0.00000000000 0.00000000000 0.00000000000 0.00000000000 0.00000000000 0.00000000000 0.00000000000 0.00000000000 0.00000000000 0.00000000000 0.00000000000 0.00000000000 0.00000000000 0.00000000000 0.00000000000 0.00000000000 0.00000000000 0.00000000000 0.00000000000 0.00000000000 0.00000000000 0.00000000000 0.00000000000 0.00000000000 0.00000000000 0.00000000000 0.00000000000 0.00000000000 0.00000000000 0.00000000000 0.00000000000
# logsel_p3_fsh[4]:
 0.00000000000 0.00000000000 0.00000000000 0.00000000000 0.00000000000 0.00000000000 0.00000000000 0.00000000000 0.00000000000 0.00000000000 0.00000000000 0.00000000000 0.00000000000 0.00000000000 0.00000000000 0.00000000000 0.00000000000 0.00000000000 0.00000000000 0.00000000000 0.00000000000 0.00000000000 0.00000000000 0.00000000000 0.00000000000 0.00000000000 0.00000000000 0.00000000000 0.00000000000 0.00000000000
# rec_dev_future:
 0.00000000000 0.00000000000 0.00000000000 0.00000000000 0.00000000000 0.00000000000 0.00000000000 0.00000000000 0.00000000000 0.00000000000 0.00000000000 0.00000000000 0.00000000000 0.00000000000 0.00000000000 0.00000000000 0.00000000000 0.00000000000 0.00000000000 0.00000000000
# log_q_ind[1]:
0.303004404444
# log_q_ind[2]:
-2.58414969665
# log_q_ind[3]:
-9.37743770020
# log_q_ind[4]:
-0.444693302629
# log_q_ind[5]:
-5.68133056573
# log_q_ind[6]:
-8.14760390718
# log_q_ind[7]:
-1.18063470841
# log_q_power_ind[1]:
0.00000000000
# log_q_power_ind[2]:
0.00000000000
# log_q_power_ind[3]:
0.00000000000
# log_q_power_ind[4]:
0.00000000000
# log_q_power_ind[5]:
0.00000000000
# log_q_power_ind[6]:
0.00000000000
# log_q_power_ind[7]:
0.00000000000
# log_rw_q_ind[1]:
 -0.979450785452
# log_rw_q_ind[3]:
 -0.694945751478
# log_selcoffs_ind[1]:
 -2.00827709814 -1.20879634110 -0.620869294665 -0.208698531971 0.0554655408980 0.228455820838 0.333992127461 0.390115055824 0.412470758678 0.418834045816
 -2.63499233385 -1.84212454636 -1.09572264588 -0.462994298651 0.00519332335000 0.318064126476 0.474675865706 0.512566360301 0.479887263173 0.427539016697
# log_selcoffs_ind[2]:
 -0.737017934108 -0.868884336671 -1.17966283550 -1.40392529087 -1.38373457107 -1.06397658607 -0.494275526621 0.202419503585 0.873601034796 1.31464025113
 0.353918310377 -0.227228031180 -0.664953513018 -0.928889476507 -0.976824376809 -0.775486846445 -0.365292125226 0.132719107704 0.587957033373 0.873850127391
 0.804902983534 0.161035852868 -0.391432181680 -0.758094675994 -0.877315380360 -0.758104138392 -0.459637445307 -0.0775087604897 0.281825924918 0.517135208052
# log_selcoffs_ind[3]:
 -0.202940821038 0.0202027052767 0.0202027052767 0.0202027052767 0.0202027052767 0.0202027052767 0.0202027052767 0.0202027052767 0.0202027052767 0.0202027052767
# log_selcoffs_ind[4]:
 -0.489481791642 -0.346991947147 -0.218426972069 -0.120704055509 -0.0430180979992 0.0325429902432 0.111940085425 0.192196579752 0.263637566807 0.312752651931
 -1.23190916128 -0.969683478176 -0.701500847026 -0.421854656857 -0.150117533575 0.0903899686165 0.286142309881 0.427130824717 0.505615191848 0.530654014678
# log_selcoffs_ind[5]:
 -3.04452005677 -0.669616569639 0.101782682789 0.174353368097 0.174353368097 0.174353368097 0.174353368097 0.174353368097 0.174353368097 0.174353368097
# log_selcoffs_ind[6]:
 -3.04452005677 -0.669616569639 0.101782682789 0.174353368097 0.174353368097 0.174353368097 0.174353368097 0.174353368097 0.174353368097 0.174353368097
# log_selcoffs_ind[7]:
 -3.04452005677 -0.669616569639 0.101782682789 0.174353368097 0.174353368097 0.174353368097 0.174353368097 0.174353368097 0.174353368097 0.174353368097
# logsel_slope_ind[1]:
 0.00000000000 0.00000000000
# logsel_slope_ind[2]:
 0.00000000000 0.00000000000 0.00000000000
# logsel_slope_ind[3]:
 0.00000000000
# logsel_slope_ind[4]:
 0.00000000000 0.00000000000
# logsel_slope_ind[5]:
 0.00000000000
# logsel_slope_ind[6]:
 0.00000000000
# logsel_slope_ind[7]:
 0.00000000000
# sel50_ind[1]:
 0.00000000000 0.00000000000
# sel50_ind[2]:
 0.00000000000 0.00000000000 0.00000000000
# sel50_ind[3]:
 0.00000000000
# sel50_ind[4]:
 0.00000000000 0.00000000000
# sel50_ind[5]:
 0.00000000000
# sel50_ind[6]:
 0.00000000000
# sel50_ind[7]:
 0.00000000000
# logsel_p1_ind[1]:
 0.00000000000 0.00000000000
# logsel_p1_ind[2]:
 0.00000000000 0.00000000000 0.00000000000
# logsel_p1_ind[3]:
 0.00000000000
# logsel_p1_ind[4]:
 0.00000000000 0.00000000000
# logsel_p1_ind[5]:
 0.00000000000
# logsel_p1_ind[6]:
 0.00000000000
# logsel_p1_ind[7]:
 0.00000000000
# sel_p2_ind[1]:
 0.00000000000 0.00000000000
# sel_p2_ind[2]:
 0.00000000000 0.00000000000 0.00000000000
# sel_p2_ind[3]:
 0.00000000000
# sel_p2_ind[4]:
 0.00000000000 0.00000000000
# sel_p2_ind[5]:
 0.00000000000
# sel_p2_ind[6]:
 0.00000000000
# sel_p2_ind[7]:
 0.00000000000
# logsel_p3_ind[1]:
 0.00000000000 0.00000000000
# logsel_p3_ind[2]:
 0.00000000000 0.00000000000 0.00000000000
# logsel_p3_ind[3]:
 0.00000000000
# logsel_p3_ind[4]:
 0.00000000000 0.00000000000
# logsel_p3_ind[5]:
 0.00000000000
# logsel_p3_ind[6]:
 0.00000000000
# logsel_p3_ind[7]:
 0.00000000000
