# Number of parameters = 1695 Objective function value = 1314.08434188700  Maximum gradient component = 0.000237680553397288
# Mest[1]:
0.280000000000
# log_Linf[1]:
4.38701417618
# log_k[1]:
-1.83258146375
# log_Lo[1]:
2.75684036527
# log_sdage[1]:
-2.40794560865
# mean_log_rec[1]:
9.34478101001
# steepness[1]:
0.650000000000
# log_Rzero[1]:
9.75464011911
# rec_dev:
 -0.121949121141 -0.151555099620 -0.186548692834 -0.226710166571 -0.272592285947 -0.324117511079 -0.379396285479 -0.438091794835 -0.503767923106 -0.576093159269 -0.644639183188 -0.390153248092 -0.452758258064 -0.520891611975 -0.621779019802 -0.657393901534 -0.461938359331 -0.297829443489 -0.0582073611421 0.233311815911 0.244451897803 0.208418569047 0.344247962657 0.527280800881 0.885493717898 0.636642372183 0.717221119461 1.53303955910 1.51597503886 0.899393320549 0.296307686887 0.533615810958 0.615915095900 0.818623955702 0.317745882876 0.283732713068 0.286753440167 0.266765174947 0.452012524849 0.449938774621 0.617990184647 0.717993666576 0.509900362482 0.563304909927 -0.0219375359291 -0.220880539554 0.0222581401957 -0.440300095018 -1.64709677278 -0.738612877495 -0.348081119539 -0.493082989149 -0.926021902088 -0.844169803092 -0.983149837667 -0.368529853949 -0.390098034784 0.0623073282790 0.678335114512 1.07430619852 0.398166087976 -0.283598472233 -0.182816316554
# log_sigmar[1]:
-0.510825623766
# fmort:
 -4.71944975359 -4.29384051269 -5.02334421127 -4.72094688115 -4.01426140312 -3.75817545955 -3.47281862764 -3.50672990951 -2.81275281660 -2.86474838336 -3.09094120079 -2.67506397656 -1.93074927000 -2.88600708456 -2.03167611961 -2.62284723935 -5.03688535294 -3.73197158961 -4.14102124867 -4.26834939874 -4.37125453507 -4.05821527703 -3.98511085163 -3.80256668364 -4.24977659126 -3.96526433171 -3.55430669071 -4.55872574016 -5.74182728732 -5.12858531543 -4.72998145178 -4.00487627733 -4.84477459853 -4.42383259492 -4.29440893068 -3.90561839274 -3.87434902972 -3.40455470005 -2.82281534985 -3.12588560113 -2.91271888838 -4.58247376403 -5.53271756576 -5.03473746194 -5.03064784564 -4.78439633820 -5.16347833925 -4.84453901697 -6.13083304445 -6.48539035199 -5.37012836468 -5.18600909263
 -7.10956687602 -6.67383226151 -6.23347784352 -5.68875094086 -5.93943417073 -5.24689281499 -4.74004369036 -4.39261703794 -3.87453024791 -3.63144452171 -3.49785504773 -2.73711612621 -2.49061431419 -2.78932202334 -2.40579758881 -2.00981928682 -1.79478464578 -1.50397006329 -1.29364752479 -1.14829855023 -1.09740926720 -0.888453547968 -0.620185033972 -0.573203839215 -0.387847697172 -0.134089652855 -0.196709561910 -0.197224985536 -0.691315832266 -1.13966612373 -1.57915231976 -1.45097494809 -1.36485654089 -1.43694715061 -1.42998838720 -1.40767311668 -1.33626462884 -1.11761696387 -1.25164552967 -0.947181381754 -1.49927076275 -1.85387689977 -2.23840250424 -2.39211137622 -2.32830256776 -2.13767664213 -2.21256316627 -2.26352816488 -2.23592308223 -2.31288388372 -2.37881915326 -2.30522224144
 -8.30909044966 -7.57595559954 -6.74361621091 -5.94292758564 -4.76456374432 -5.88546810680 -5.50662903704 -3.15819372261 -3.45665001830 -3.72381083437 -3.66183596548 -3.68463808142 -4.71670004553 -4.96027546329 -4.66381085185 -5.35608474357 -6.28894345689 -6.40233467524 -5.12985007239 -5.12070012684 -4.86522943191 -5.06362827815 -5.55254014191 -5.38117968578 -4.87100778280 -3.57418824146 -3.28340022825 -2.66829841306 -3.09623868801 -4.11048000167 -3.99761542401 -3.05510596457 -4.85416009552 -4.54115735305 -4.66999249624 -5.23805801829 -3.82681359605 -3.77882245550 -3.81320432058 -4.05320388940 -5.37250307090 -3.09617118911 -3.81176912923 -4.62372593814 -4.67969268673 -5.89339395441 -6.55811789453 -7.32133169551 -5.90725169915 -5.54793686659 -5.86630870239 -5.92893346272
 -9.74123116271 -9.66176955274 -7.87854757406 -9.50778366878 -9.43085910554 -9.35288821031 -9.23674756783 -8.37442374884 -5.15471081935 -3.01704443511 -2.91956528671 -2.47218542040 -1.65887370230 -1.11823786298 -0.686857640096 -0.922593741929 -1.13214236212 -1.47200542956 -1.82825219984 -2.16162000854 -2.46281895549 -3.08275179709 -5.64914283916 -9.15920562355 -8.99304344079 -8.71261117695 -8.34802568990 -7.98964297049 -7.80471129282 -7.88588426984 -7.38293198044 -5.50372033303 -4.39058203291 -3.85462759557 -3.24872410716 -3.38465590109 -2.92510989407 -2.54349559320 -2.35615057226 -2.05222397222 -2.21716924101 -3.52769399058 -3.95876296658 -3.98525184893 -3.62737664515 -3.48439691183 -4.00784535092 -4.16696845148 -4.27846141365 -4.52473483506 -7.03697163774 -4.78197335815
# log_selcoffs_fsh[1]:
 -3.75072730779 -2.13706967262 -1.11122278753 -0.0767693855135 0.816262682616 1.00748095109 0.393045986538 -0.356452363146 -0.865422191906
 -3.30166395316 -1.66398442868 -0.975378837878 -0.163125818640 0.666483035281 0.939293650817 0.497766083751 -0.153328531257 -0.618371194619
 -2.96747005197 -1.51513112310 -0.715918175864 0.0494384993919 0.634960229278 0.776056105862 0.444213606527 -0.0667590930055 -0.454372350528
 -2.57382917478 -1.29141980368 -0.663201065493 -0.0594263310859 0.662968233400 0.758840291285 0.391448770507 -0.0586150322039 -0.366957953381
 -1.96892514547 -0.417669715856 -0.127270768342 0.104618496290 0.359774334043 0.475476974590 0.307605730763 0.0117597098908 -0.226586881064
 -1.88246869042 -0.636894860125 0.365360116715 0.581235607567 0.264381193943 0.137248591437 0.0241393826457 -0.143510802768 -0.288893898119
 -1.58892098483 -0.525794863619 0.428252189102 0.704452346798 0.297726441776 -0.00507532096872 -0.165422510208 -0.276707533357 -0.356796548560
 -1.14728468207 -0.322345490785 0.457879135879 0.754772708845 0.245602574951 -0.109776002851 -0.300699825343 -0.386671281945 -0.421338633062
 -0.811402422257 0.157069925394 0.384477860734 0.536786880454 0.324267348603 -0.115598557878 -0.377988693309 -0.467609885304 -0.476822392170
 -0.587133287592 0.357420892903 0.514636143938 0.523803526485 0.143260180751 -0.269065101284 -0.510152892130 -0.573469837503 -0.560571860797
 -0.0771729651126 0.876291000089 0.437970096028 0.149365937672 -0.213719000526 -0.500751916207 -0.654592270833 -0.681286329540 -0.649379247825
 0.144280639447 0.819488279765 0.597826194945 0.142103250649 -0.392877312937 -0.657630466995 -0.765996765605 -0.770657504022 -0.726026608881
 -0.138245257921 1.11228516039 0.641457412090 -0.0689116745225 -0.597731600846 -0.824929699296 -0.889483424415 -0.872466537482 -0.825428008214
 0.177800292681 1.09919403491 0.605531837205 -0.128614376417 -0.698580025977 -0.911792748740 -0.958598203378 -0.928710151095 -0.880583412283
 0.152139780998 1.19062308624 0.555884775109 -0.190515001539 -0.750752599902 -0.970285161897 -1.01839951220 -0.986289890893 -0.937988676576
 -0.250490869112 1.24955433079 0.686985817769 -0.152316691048 -0.779724746375 -1.01564775048 -1.07144089755 -1.04140076311 -0.993744772369
 -0.160008912251 1.29750503979 0.612492307224 -0.195448879699 -0.811294526408 -1.04908040170 -1.10764259009 -1.08060242398 -1.03296192063
 0.416825848584 1.09202393401 0.648538295210 -0.215620738989 -0.837992282994 -1.07077527580 -1.12694053029 -1.09750062725 -1.04773879674
 0.783376933103 1.06716690086 0.392673724152 -0.335021215743 -0.896509850800 -1.11765471806 -1.16884301201 -1.13308723245 -1.07893327712
 0.444576579413 1.21063269795 0.546877001287 -0.330862998690 -0.948512855305 -1.17187709325 -1.21267726884 -1.16451734427 -1.10311346207
 0.565685197696 1.26207538028 0.406228835033 -0.442930168214 -1.02296143310 -1.23023968928 -1.25890202157 -1.19537667642 -1.12394388591
 0.460779909448 1.29936271299 0.502848478097 -0.506272612417 -1.10958985997 -1.29403007312 -1.30234290666 -1.22067674995 -1.13697918768
 0.644566791881 1.22370438200 0.471674572689 -0.484679196394 -1.11908482433 -1.31778413348 -1.32258651403 -1.22721265986 -1.13118844445
 0.414914531283 1.35609236917 0.421102824747 -0.504390932177 -1.11110713063 -1.31863492877 -1.33105295747 -1.23164677354 -1.12534258463
 0.682700560090 1.22565481841 0.369716914045 -0.462485043974 -1.04829384360 -1.27712484237 -1.30344460488 -1.20398792930 -1.08950347844
 0.677423480442 1.17494401023 0.365109341340 -0.332879564583 -0.971366487871 -1.21875264298 -1.24560795103 -1.14762821516 -1.03172077074
 0.0519654728274 1.25119913202 0.582854183441 -0.167191040329 -0.853423961375 -1.10556612450 -1.13617525395 -1.04984590588 -0.949499279498
 0.191319444484 1.15850888468 0.562402131024 -0.210117669372 -0.766999246942 -0.974453314109 -0.995031951020 -0.922769542376 -0.844737636101
 1.15533164628 0.647478265312 0.0582979675111 -0.445623753864 -0.780467196885 -0.887708088163 -0.874630281973 -0.801713054701 -0.737337130203
 0.740683276438 1.04180669655 0.0548322072551 -0.574418966455 -0.782794658120 -0.792117593816 -0.735648892160 -0.662071980976 -0.608960200479
 0.601885462319 1.02922877596 0.00189157797004 -0.568686379932 -0.698832460378 -0.660833573095 -0.574507390870 -0.505278782819 -0.466061807948
 0.475422398196 0.812105690384 0.0433108426443 -0.391594398890 -0.496843158557 -0.453153255675 -0.366933037020 -0.310544167334 -0.289755868555
 -0.345605517900 0.550493617723 0.229374864987 -0.0702522276274 -0.129705652560 -0.165775972067 -0.130108345556 -0.122424457676 -0.128101023348
 -0.834674838865 -0.0686882279394 -0.0499079805080 0.123589946186 0.222160881746 0.137968931836 0.147483976529 0.0255709350881 -0.0325539469003
 -0.473494391773 0.189419447523 -0.229588923572 -0.216299435341 0.0237667162812 0.138466790943 0.170838214348 0.120527621050 0.0781846301786
 0.247721226253 -0.612350700632 -0.657493730930 -0.319246410149 0.0311407600556 0.216813798589 0.250945078007 0.199783587687 0.141374624787
 -0.608237938170 -0.878449784356 -0.758659272412 -0.185239455601 0.258446294364 0.368621514998 0.382916216826 0.285508225643 0.185163849166
 -1.03198273369 -0.662777694728 -0.617815176825 -0.135030909617 0.300613539574 0.419898644140 0.326882777605 0.240221355707 0.169580904477
# log_selcoffs_fsh[2]:
 -2.23595195465 -0.325028282597 0.470130974333 0.838720201706 0.626453542201 0.123090364843 -0.288945344974 -0.565474142477 -0.713948295725 -0.802529519946
 -2.15945227300 -0.273858472193 -0.304518938782 0.298519883190 0.749486179122 0.613851417492 0.126012622337 -0.292810535471 -0.485987554344 -0.545009473788
 -2.69225763718 -0.882178778738 -0.437734581402 0.0810552857549 0.650531439043 0.725926668456 0.319630435279 -0.0880867934358 -0.263484439194 -0.294921896417
 -3.11562277011 -1.54623453147 -0.676379942795 -0.162752112900 0.478999112908 0.765375317687 0.419083113719 0.100378897548 -0.00675744631243 0.000663357773841
 -2.74597219333 -1.14624063223 -1.09267830455 -0.585270798933 0.226163454255 0.630519602011 0.446125688729 0.280670688184 0.275551464380 0.329176576921
 -2.41594265940 -1.23472017004 -0.976465981109 -0.884722659918 -0.373617279432 0.103858299669 0.339823723325 0.483850198802 0.635085584029 0.750687662428
 -3.07806821170 -1.81745734446 -0.884292361351 -0.684876442882 -0.580169470889 -0.247563277226 0.141516600705 0.492411768059 0.774839664126 0.945977274521
 -3.61806571799 -2.62954916978 -1.83189427053 -1.05583584268 -0.436359343604 -0.0496202395555 0.257689445726 0.482831293375 0.786376313712 0.987698259761
 -3.86564661992 -2.86482738116 -2.22866056562 -1.49661693543 -0.607351587672 -0.0143466276108 0.377917669010 0.647221209677 0.816342447520 0.887180119485
 -3.94701361129 -2.70698778784 -2.01428483597 -1.51779680272 -1.00530241881 -0.290808979861 0.306868831764 0.807377025419 0.962775784732 0.800929014161
 -3.77958187556 -2.27357968858 -1.51284633511 -1.10536200408 -0.772737676775 -0.497362990095 0.0681818297857 0.712906773333 0.985488871310 0.901533836689
 -3.67652922851 -2.18182367927 -1.33942915350 -0.889670200381 -0.582309405884 -0.275652529339 0.246780368136 0.664657788876 0.844352959374 0.842079402679
 -3.34940819376 -1.48879213785 -0.872870173231 -0.487326845414 -0.257690759811 -0.210424924115 0.164399977311 0.492333198500 0.717046259432 0.815793840454
 -2.91109333843 -1.17114792505 -0.491773995895 -0.238951778002 -0.168026792223 -0.0744617544120 0.154901834909 0.397206181415 0.590025486470 0.695027892191
 -2.52965392455 -0.473451531252 -0.259409955672 -0.245575605653 -0.313466490872 -0.188070561858 0.106300152870 0.355110758919 0.548863351146 0.649435780481
 -2.20255708026 -0.203485737893 -0.211071229067 -0.320213898848 -0.413715253135 -0.276567870680 0.0235194261407 0.306538072734 0.545900900393 0.697956736147
 -1.78628893482 -0.216494030848 -0.201908287538 -0.272455316752 -0.422233319967 -0.363207492824 -0.0828860005929 0.239048616799 0.554516699012 0.772783160304
 -1.95872639259 -0.165277037243 0.0681312729206 -0.0974778377509 -0.344430097540 -0.350083175708 -0.113011597599 0.198327950055 0.465289715495 0.649949137074
 -2.11040990308 -0.322442256412 0.102857016891 -0.0110975173012 -0.265455307387 -0.272334952020 -0.0493126267981 0.228933373512 0.446809419486 0.563165655231
 -2.24914348996 -0.560751601450 -0.202740336318 -0.0363096748791 -0.182130186802 -0.185824046147 0.0435589746829 0.319518144176 0.506584798244 0.586889994815
 -2.34392542167 -0.769801019744 -0.218233961770 -0.0122956240677 -0.158514458549 -0.205782756158 0.0230053505767 0.333771151779 0.534802842431 0.617992293964
 -2.61729250826 -0.852855175200 -0.290239482098 0.0555874409942 -0.0529193903100 -0.108765567505 0.0827305588695 0.323522264798 0.488824826396 0.560486993949
 -2.95522850979 -1.43568071457 -0.406229771723 0.132894307890 0.166677479734 0.0488731659301 0.162888257745 0.333010009262 0.426351705467 0.448848468168
 -3.12920679074 -1.81030538594 -0.793545086271 -0.0490338102490 0.307288795488 0.256832548556 0.360162944428 0.435280462696 0.384743840266 0.252699187118
 -3.19577686986 -1.66925784262 -0.804719464801 -0.332969825423 0.119068186105 0.352229296172 0.462393752378 0.554879540070 0.408755741814 0.201671489825
 -3.32434962663 -1.96607425606 -1.10993845219 -0.170450374695 0.278964853996 0.415529685504 0.437169136419 0.496806253454 0.374866774014 0.154968070326
 -3.59668768455 -1.75475908971 -0.972891432956 -0.0391742032219 0.426593010118 0.521881365331 0.483998308902 0.394171394688 0.171696964090 -0.0514838672630
 -3.80820692364 -1.64694421719 -0.792609473412 -0.000289822766490 0.370772452757 0.414430806750 0.687234973177 0.462341051371 0.0170456795110 -0.251992330889
 -3.80622042997 -2.31982084377 -1.29881084557 0.0593755198456 0.580402463126 0.492626378382 0.678955532557 0.326717514881 -0.0136111157082 -0.251835190338
 -3.76840860756 -1.95697333496 -0.691863217139 0.179791802318 0.819055970198 0.504021977070 0.278908111449 0.0685439761352 -0.0655334920607 -0.122064884376
 -3.50145324279 -1.40224858902 -0.192944567163 0.229228773998 0.264624349564 0.151903026857 0.175763015161 0.211246563626 0.283622738657 0.350201173094
 -3.39102930926 -1.44139867916 -0.571190084379 -0.110601261100 -0.0205211476600 -0.0203932718471 0.0557563556462 0.341281473204 0.574532503468 0.727399148652
 -2.93775631143 -0.938914153348 -0.682825447989 -0.524267087737 -0.257709118861 -0.241262076340 -0.122987603618 0.283757905393 0.732867538056 0.958163894028
 -3.54143855798 -1.31447077670 -0.602073630037 -0.122801206897 0.00483803428034 0.0171407880151 -0.00382263050176 0.233969654223 0.566225878559 0.800548805840
 -3.91655283323 -1.78042080835 -0.941198140354 -0.428492265335 0.112316639327 0.226660045028 0.254737334889 0.338072543836 0.534434275388 0.692023823018
 -4.27665999901 -2.34077825943 -1.13832214673 -0.468126190898 -0.0309042725812 0.233016908656 0.333728868422 0.434353221496 0.529658848215 0.728936546304
 -4.40390269695 -2.97205224019 -1.82697944336 -0.801799628157 0.00214560589872 0.240999882436 0.504165952122 0.566144456214 0.559718036396 0.634054183649
 -4.31136879021 -3.00964216147 -2.39002079460 -1.44514116479 -0.367575028470 0.298104148076 0.542408796629 0.732817390077 0.643549331768 0.623752639617
 -4.19983591124 -3.12354552363 -2.33464916457 -1.52907342450 -0.641785375210 0.0697738283646 0.495753229914 0.715054186466 0.777211228080 0.773516229903
# log_selcoffs_fsh[3]:
 -1.19602586672 -0.408294430535 1.09288915808 0.577800084060 -0.359776202578 -1.08402337660 -1.46202845859
 -1.55847229611 -0.425922578633 1.14697493493 0.554854710493 -0.392421787590 -1.09007010802 -1.45063212016
 -1.19104572737 -0.374828423594 1.06592437447 0.571698630039 -0.322673856764 -1.01952655013 -1.39062833166
 -2.17020933393 -0.646210990910 1.19553595617 0.549449458244 -0.338848419647 -1.01534904299 -1.38899966231
 -2.54392668244 -0.718002441965 1.10217321724 0.654170852239 -0.177055623963 -0.914998484536 -1.34240021133
 -2.70309356019 -0.921386317057 0.757887404409 0.957236717030 0.0711081302228 -0.801519446244 -1.29303107138
 -2.70594548310 -0.881089163295 0.677227856118 0.995423984837 0.0900767720370 -0.764388439406 -1.25632065256
 -2.43372684062 -0.348044655312 0.870276363343 0.707015125881 0.00479523572415 -0.723050573180 -1.20181781015
 -2.12722755489 -0.121886744164 0.680552582052 0.729269872354 0.115160370902 -0.664272101107 -1.17006096945
 -1.97230161834 0.175224383929 0.818513346037 0.542341745104 -0.0721475854461 -0.776235178489 -1.23215008640
 -2.13244161387 -0.354492754232 0.928618550927 0.791699044996 -0.208569229567 -0.970916877020 -1.38115061666
 -2.23166711809 -0.413622245766 0.925952790341 0.840570600108 -0.204359258879 -1.05643825866 -1.48466908758
 -2.22902546548 -0.352318285158 1.07642811200 0.700820875897 -0.347293348285 -1.14873630276 -1.53206745022
 -2.00253052065 0.300716039984 1.04389619341 0.418255921085 -0.468685389454 -1.17667178180 -1.51193832548
 -2.01023874572 -0.0538761969949 1.15676067323 0.476201894999 -0.511357252597 -1.19604037949 -1.48342731336
 -2.02720752854 -0.0365807663585 1.26967864838 0.293657300473 -0.703803275171 -1.27708241807 -1.47126716790
 -1.95509988216 0.278655277630 1.19746444658 0.240023633843 -0.786224791409 -1.31917270023 -1.46450783440
 -1.94664974221 0.309950515876 1.21131945971 0.183136156641 -0.794460161482 -1.34237800583 -1.50529463840
 -1.66582646694 0.839117990641 0.907547163585 0.0847524449026 -0.785762338824 -1.34065807522 -1.54876029859
 -1.51097333594 0.857753125416 0.912591175183 0.0282940478254 -0.817920287801 -1.36233335761 -1.58684293246
 -1.43916835712 0.900243013822 0.909394250589 -0.0416627079261 -0.876536352963 -1.40045740501 -1.61970634064
 -1.43277869241 0.768969023017 1.01369688854 -0.00950583654373 -0.887638598382 -1.40532972277 -1.60647919693
 -1.43530557505 0.214395224674 1.27008468182 0.0691355001378 -0.863283182486 -1.36877217724 -1.54217485211
 -1.20636783581 0.588013400373 1.05363357353 0.102222083852 -0.798204481619 -1.34624450920 -1.54049713565
 -1.11298298989 0.264289404874 1.14927824493 0.269247046808 -0.765674041133 -1.40340505927 -1.64379232475
 -0.963151344424 0.775481083942 0.741910820793 0.377518224178 -0.699698626112 -1.48086023149 -1.80853562772
 -1.31308743597 0.744485690307 1.01431747257 0.105944702272 -0.858656333279 -1.61637376472 -2.00944104888
 -1.62048808572 0.324091681079 1.27762071969 0.140923675856 -0.947129806080 -1.73150107346 -2.16175008183
 -1.97271944035 -0.000178421856381 1.34248753368 0.299570926325 -0.891435675882 -1.78690201048 -2.24695739523
 -2.15979457277 -0.153808478102 0.960913481533 0.967954730060 -0.664125900878 -1.79362875965 -2.30761429140
 -2.00467657813 0.748475280579 0.842973129590 0.518960912372 -0.715741265476 -1.80149167779 -2.36345657382
 -2.15937695872 0.111517072411 1.36152372197 0.225623712210 -0.972861804287 -1.91732202434 -2.44886286211
 -2.29921351443 -0.327996157403 1.41906193759 0.359551931171 -0.950944836865 -1.94916934542 -2.46982404603
 -2.23642812637 -0.237552750930 1.15750147962 0.800419446355 -0.780782941919 -1.89844830508 -2.42690733446
 -2.13478129720 -0.132369739667 1.38409132032 0.320429683071 -0.936415768912 -1.88299431986 -2.37913033173
 -1.72732868664 0.849624964991 1.00881369711 0.0959124467675 -0.966712785749 -1.83103140740 -2.30374631087
 -1.59143143040 0.777484009508 1.06943114330 0.0595796172267 -0.986892012069 -1.79349076979 -2.24288197593
 -1.43409117494 0.918157622702 0.956043825640 -0.0119538458857 -0.954207950355 -1.75347342515 -2.21451910141
 -1.62102042266 0.825669998614 1.00106707620 0.104664213280 -0.905794234914 -1.74120346845 -2.22709375592
 -1.76641831264 -0.00631683860700 1.33138590592 0.285570938691 -0.834768454832 -1.72576096662 -2.23931433607
 -1.75552575689 -0.136232155309 1.25305032418 0.498820836156 -0.671032957446 -1.66943525037 -2.23282097344
 -1.73105710348 -0.207994572529 0.974993666613 0.897121691081 -0.499247721582 -1.64243532521 -2.23949921134
# log_selcoffs_fsh[4]:
 -3.25406219697 -2.73545354638 -2.18628579038 -1.57800468903 -0.906922089407 -0.208502846483 0.435067705678 0.926595695033 1.19127411798
 -3.24197209998 -2.72988875958 -2.18628667383 -1.58252909511 -0.914436161155 -0.216438188987 0.431320441339 0.927729028484 1.19505083235
 -3.21881284607 -2.71855176377 -2.18706854065 -1.58965789359 -0.926032404851 -0.226754698934 0.427077240698 0.928820916476 1.20004131236
 -3.18296972293 -2.69911497708 -2.18537866060 -1.60630145109 -0.944776407664 -0.237314190045 0.425219545269 0.931861903230 1.20343480857
 -3.13018663693 -2.65604992806 -2.16532039001 -1.61015936948 -0.974569557049 -0.256588273598 0.428201166728 0.937507297869 1.20367838883
 -3.05335091104 -2.58369227373 -2.11341060914 -1.58828673857 -0.959305237689 -0.250531035850 0.437250446383 0.939853287536 1.18863825251
 -2.96054469463 -2.48543210817 -1.99435999487 -1.49536376057 -0.905151551183 -0.196164111969 0.475504133082 0.936679782635 1.13718314161
 -2.84569212762 -2.37322317323 -1.88212502306 -1.35489602835 -0.784454641516 -0.138018142284 0.486830466436 0.915808896070 1.09362923642
 -2.67859762527 -2.20463395126 -1.74032263389 -1.23720403406 -0.660295141939 -0.0550293204764 0.500379591252 0.877586695208 1.04302897759
 -2.48407409265 -1.97285963750 -1.48621868253 -1.06075571602 -0.582789016708 -0.0243588557470 0.486110364349 0.840422871499 1.00339190972
 -2.29464211614 -1.73753823200 -1.20579096048 -0.765080340022 -0.433373506824 -0.0395742671401 0.419675694465 0.782909610829 0.970659322591
 -2.13193499405 -1.55720762480 -0.989966924907 -0.512682153755 -0.197940050256 0.0136992388791 0.330576050326 0.685269881869 0.912243989485
 -1.99974683612 -1.41905970597 -0.867962473178 -0.387666776536 -0.0572711422176 0.131617408178 0.323999299450 0.592137377140 0.810370120891
 -1.87977184419 -1.29323037306 -0.750449912839 -0.308113567642 -0.00681565262109 0.182867093092 0.353061779798 0.548416420888 0.702213059882
 -1.76792353724 -1.16848410089 -0.627973484112 -0.211171949382 0.0585427035484 0.220718749804 0.351846392396 0.489588313989 0.595849005081
 -1.66921069623 -1.04503426287 -0.497972694069 -0.103903466089 0.127997644859 0.245857249293 0.328446834641 0.417340545576 0.487877036487
 -1.58524994189 -0.917286692552 -0.355582615528 0.0126959185078 0.191639223207 0.251537528938 0.284677904908 0.334440345999 0.377225333146
 -1.53731690853 -0.784864402403 -0.161165329371 0.159783366308 0.266132680540 0.219244824562 0.196774478258 0.216854209132 0.258338241227
 -1.52755495980 -0.711329097550 0.0448370079135 0.322590396761 0.290522104925 0.193921816381 0.0913224088243 0.0880073721803 0.119240464562
 -1.55903366285 -0.723056854939 0.0483780238959 0.522816433945 0.377326958965 0.147731678963 0.0127665216663 -0.0418974614842 -0.0215752294187
 -1.58575955828 -0.779621214263 -0.0797737180340 0.463246235101 0.534079598777 0.230638879575 0.00593653134697 -0.0740148887632 -0.0788435632942
 -1.58662967084 -0.824055778254 -0.175251036851 0.261875402292 0.522064451712 0.357106021054 0.135161865065 0.00207238355166 -0.0443301308097
 -1.60283939388 -0.900665122895 -0.261715446045 0.145668427004 0.359224803341 0.368141051029 0.257159153032 0.160595667108 0.114317589546
 -1.64453756803 -1.01427190551 -0.449636920107 -0.00858800460210 0.252284460040 0.350334054059 0.341726041566 0.309729968338 0.291166792267
 -1.68887848554 -1.11387067756 -0.584181046482 -0.144850729405 0.160917943142 0.319462919744 0.379952873419 0.412486911996 0.432114506346
 -1.73792515380 -1.20043438861 -0.720788834122 -0.285928881196 0.0629438071080 0.279056804419 0.404100999869 0.497301117420 0.563200736961
 -1.77893808072 -1.24756862205 -0.851962968181 -0.422039481552 -0.0115685420866 0.232269509769 0.401778064158 0.561561599984 0.674906629530
 -1.87962839705 -1.41474277005 -0.969200644869 -0.408622983713 -0.0382435713043 0.130688182352 0.309649557616 0.581385960274 0.835887473448
 -1.43836082483 -1.41615240578 -1.10587829831 -0.700711245878 -0.262953988141 0.0666794261410 0.351504819483 0.647739352281 0.925343747955
 -1.77720284588 -1.48574390094 -1.27038460743 -0.846587863497 -0.338520331383 0.0953269613726 0.416650105210 0.705487136162 0.932325061324
 -1.49599271270 -1.33481084363 -1.33726041668 -1.06116895993 -0.597442035913 -0.0969592245086 0.400635164521 0.777021506478 1.02194123906
 -1.19258958773 -0.884180174652 -1.15815902426 -1.15936401814 -0.766373322187 -0.222973672908 0.314227410137 0.770382380137 1.05121981744
 -1.13869666025 -1.02176540514 -1.11736286285 -1.08667110866 -0.753849083843 -0.233711399686 0.312910228581 0.773403335150 1.05035157384
# log_sel_spl_fsh[1]:
 0.00000000000 0.00000000000 0.00000000000 0.00000000000
 0.00000000000 0.00000000000 0.00000000000 0.00000000000
 0.00000000000 0.00000000000 0.00000000000 0.00000000000
 0.00000000000 0.00000000000 0.00000000000 0.00000000000
 0.00000000000 0.00000000000 0.00000000000 0.00000000000
 0.00000000000 0.00000000000 0.00000000000 0.00000000000
 0.00000000000 0.00000000000 0.00000000000 0.00000000000
 0.00000000000 0.00000000000 0.00000000000 0.00000000000
 0.00000000000 0.00000000000 0.00000000000 0.00000000000
 0.00000000000 0.00000000000 0.00000000000 0.00000000000
 0.00000000000 0.00000000000 0.00000000000 0.00000000000
 0.00000000000 0.00000000000 0.00000000000 0.00000000000
 0.00000000000 0.00000000000 0.00000000000 0.00000000000
 0.00000000000 0.00000000000 0.00000000000 0.00000000000
 0.00000000000 0.00000000000 0.00000000000 0.00000000000
 0.00000000000 0.00000000000 0.00000000000 0.00000000000
 0.00000000000 0.00000000000 0.00000000000 0.00000000000
 0.00000000000 0.00000000000 0.00000000000 0.00000000000
 0.00000000000 0.00000000000 0.00000000000 0.00000000000
 0.00000000000 0.00000000000 0.00000000000 0.00000000000
 0.00000000000 0.00000000000 0.00000000000 0.00000000000
 0.00000000000 0.00000000000 0.00000000000 0.00000000000
 0.00000000000 0.00000000000 0.00000000000 0.00000000000
 0.00000000000 0.00000000000 0.00000000000 0.00000000000
 0.00000000000 0.00000000000 0.00000000000 0.00000000000
 0.00000000000 0.00000000000 0.00000000000 0.00000000000
 0.00000000000 0.00000000000 0.00000000000 0.00000000000
 0.00000000000 0.00000000000 0.00000000000 0.00000000000
 0.00000000000 0.00000000000 0.00000000000 0.00000000000
 0.00000000000 0.00000000000 0.00000000000 0.00000000000
 0.00000000000 0.00000000000 0.00000000000 0.00000000000
 0.00000000000 0.00000000000 0.00000000000 0.00000000000
 0.00000000000 0.00000000000 0.00000000000 0.00000000000
 0.00000000000 0.00000000000 0.00000000000 0.00000000000
 0.00000000000 0.00000000000 0.00000000000 0.00000000000
 0.00000000000 0.00000000000 0.00000000000 0.00000000000
 0.00000000000 0.00000000000 0.00000000000 0.00000000000
 0.00000000000 0.00000000000 0.00000000000 0.00000000000
# log_sel_spl_fsh[2]:
 0.00000000000 0.00000000000 0.00000000000 0.00000000000
 0.00000000000 0.00000000000 0.00000000000 0.00000000000
 0.00000000000 0.00000000000 0.00000000000 0.00000000000
 0.00000000000 0.00000000000 0.00000000000 0.00000000000
 0.00000000000 0.00000000000 0.00000000000 0.00000000000
 0.00000000000 0.00000000000 0.00000000000 0.00000000000
 0.00000000000 0.00000000000 0.00000000000 0.00000000000
 0.00000000000 0.00000000000 0.00000000000 0.00000000000
 0.00000000000 0.00000000000 0.00000000000 0.00000000000
 0.00000000000 0.00000000000 0.00000000000 0.00000000000
 0.00000000000 0.00000000000 0.00000000000 0.00000000000
 0.00000000000 0.00000000000 0.00000000000 0.00000000000
 0.00000000000 0.00000000000 0.00000000000 0.00000000000
 0.00000000000 0.00000000000 0.00000000000 0.00000000000
 0.00000000000 0.00000000000 0.00000000000 0.00000000000
 0.00000000000 0.00000000000 0.00000000000 0.00000000000
 0.00000000000 0.00000000000 0.00000000000 0.00000000000
 0.00000000000 0.00000000000 0.00000000000 0.00000000000
 0.00000000000 0.00000000000 0.00000000000 0.00000000000
 0.00000000000 0.00000000000 0.00000000000 0.00000000000
 0.00000000000 0.00000000000 0.00000000000 0.00000000000
 0.00000000000 0.00000000000 0.00000000000 0.00000000000
 0.00000000000 0.00000000000 0.00000000000 0.00000000000
 0.00000000000 0.00000000000 0.00000000000 0.00000000000
 0.00000000000 0.00000000000 0.00000000000 0.00000000000
 0.00000000000 0.00000000000 0.00000000000 0.00000000000
 0.00000000000 0.00000000000 0.00000000000 0.00000000000
 0.00000000000 0.00000000000 0.00000000000 0.00000000000
 0.00000000000 0.00000000000 0.00000000000 0.00000000000
 0.00000000000 0.00000000000 0.00000000000 0.00000000000
 0.00000000000 0.00000000000 0.00000000000 0.00000000000
 0.00000000000 0.00000000000 0.00000000000 0.00000000000
 0.00000000000 0.00000000000 0.00000000000 0.00000000000
 0.00000000000 0.00000000000 0.00000000000 0.00000000000
 0.00000000000 0.00000000000 0.00000000000 0.00000000000
 0.00000000000 0.00000000000 0.00000000000 0.00000000000
 0.00000000000 0.00000000000 0.00000000000 0.00000000000
 0.00000000000 0.00000000000 0.00000000000 0.00000000000
 0.00000000000 0.00000000000 0.00000000000 0.00000000000
# log_sel_spl_fsh[3]:
 0.00000000000 0.00000000000 0.00000000000 0.00000000000
 0.00000000000 0.00000000000 0.00000000000 0.00000000000
 0.00000000000 0.00000000000 0.00000000000 0.00000000000
 0.00000000000 0.00000000000 0.00000000000 0.00000000000
 0.00000000000 0.00000000000 0.00000000000 0.00000000000
 0.00000000000 0.00000000000 0.00000000000 0.00000000000
 0.00000000000 0.00000000000 0.00000000000 0.00000000000
 0.00000000000 0.00000000000 0.00000000000 0.00000000000
 0.00000000000 0.00000000000 0.00000000000 0.00000000000
 0.00000000000 0.00000000000 0.00000000000 0.00000000000
 0.00000000000 0.00000000000 0.00000000000 0.00000000000
 0.00000000000 0.00000000000 0.00000000000 0.00000000000
 0.00000000000 0.00000000000 0.00000000000 0.00000000000
 0.00000000000 0.00000000000 0.00000000000 0.00000000000
 0.00000000000 0.00000000000 0.00000000000 0.00000000000
 0.00000000000 0.00000000000 0.00000000000 0.00000000000
 0.00000000000 0.00000000000 0.00000000000 0.00000000000
 0.00000000000 0.00000000000 0.00000000000 0.00000000000
 0.00000000000 0.00000000000 0.00000000000 0.00000000000
 0.00000000000 0.00000000000 0.00000000000 0.00000000000
 0.00000000000 0.00000000000 0.00000000000 0.00000000000
 0.00000000000 0.00000000000 0.00000000000 0.00000000000
 0.00000000000 0.00000000000 0.00000000000 0.00000000000
 0.00000000000 0.00000000000 0.00000000000 0.00000000000
 0.00000000000 0.00000000000 0.00000000000 0.00000000000
 0.00000000000 0.00000000000 0.00000000000 0.00000000000
 0.00000000000 0.00000000000 0.00000000000 0.00000000000
 0.00000000000 0.00000000000 0.00000000000 0.00000000000
 0.00000000000 0.00000000000 0.00000000000 0.00000000000
 0.00000000000 0.00000000000 0.00000000000 0.00000000000
 0.00000000000 0.00000000000 0.00000000000 0.00000000000
 0.00000000000 0.00000000000 0.00000000000 0.00000000000
 0.00000000000 0.00000000000 0.00000000000 0.00000000000
 0.00000000000 0.00000000000 0.00000000000 0.00000000000
 0.00000000000 0.00000000000 0.00000000000 0.00000000000
 0.00000000000 0.00000000000 0.00000000000 0.00000000000
 0.00000000000 0.00000000000 0.00000000000 0.00000000000
 0.00000000000 0.00000000000 0.00000000000 0.00000000000
 0.00000000000 0.00000000000 0.00000000000 0.00000000000
 0.00000000000 0.00000000000 0.00000000000 0.00000000000
 0.00000000000 0.00000000000 0.00000000000 0.00000000000
 0.00000000000 0.00000000000 0.00000000000 0.00000000000
# log_sel_spl_fsh[4]:
 0.00000000000 0.00000000000 0.00000000000 0.00000000000
 0.00000000000 0.00000000000 0.00000000000 0.00000000000
 0.00000000000 0.00000000000 0.00000000000 0.00000000000
 0.00000000000 0.00000000000 0.00000000000 0.00000000000
 0.00000000000 0.00000000000 0.00000000000 0.00000000000
 0.00000000000 0.00000000000 0.00000000000 0.00000000000
 0.00000000000 0.00000000000 0.00000000000 0.00000000000
 0.00000000000 0.00000000000 0.00000000000 0.00000000000
 0.00000000000 0.00000000000 0.00000000000 0.00000000000
 0.00000000000 0.00000000000 0.00000000000 0.00000000000
 0.00000000000 0.00000000000 0.00000000000 0.00000000000
 0.00000000000 0.00000000000 0.00000000000 0.00000000000
 0.00000000000 0.00000000000 0.00000000000 0.00000000000
 0.00000000000 0.00000000000 0.00000000000 0.00000000000
 0.00000000000 0.00000000000 0.00000000000 0.00000000000
 0.00000000000 0.00000000000 0.00000000000 0.00000000000
 0.00000000000 0.00000000000 0.00000000000 0.00000000000
 0.00000000000 0.00000000000 0.00000000000 0.00000000000
 0.00000000000 0.00000000000 0.00000000000 0.00000000000
 0.00000000000 0.00000000000 0.00000000000 0.00000000000
 0.00000000000 0.00000000000 0.00000000000 0.00000000000
 0.00000000000 0.00000000000 0.00000000000 0.00000000000
 0.00000000000 0.00000000000 0.00000000000 0.00000000000
 0.00000000000 0.00000000000 0.00000000000 0.00000000000
 0.00000000000 0.00000000000 0.00000000000 0.00000000000
 0.00000000000 0.00000000000 0.00000000000 0.00000000000
 0.00000000000 0.00000000000 0.00000000000 0.00000000000
 0.00000000000 0.00000000000 0.00000000000 0.00000000000
 0.00000000000 0.00000000000 0.00000000000 0.00000000000
 0.00000000000 0.00000000000 0.00000000000 0.00000000000
 0.00000000000 0.00000000000 0.00000000000 0.00000000000
 0.00000000000 0.00000000000 0.00000000000 0.00000000000
 0.00000000000 0.00000000000 0.00000000000 0.00000000000
# logsel_slope_fsh[1]:
 0.00000000000 0.00000000000 0.00000000000 0.00000000000 0.00000000000 0.00000000000 0.00000000000 0.00000000000 0.00000000000 0.00000000000 0.00000000000 0.00000000000 0.00000000000 0.00000000000 0.00000000000 0.00000000000 0.00000000000 0.00000000000 0.00000000000 0.00000000000 0.00000000000 0.00000000000 0.00000000000 0.00000000000 0.00000000000 0.00000000000 0.00000000000 0.00000000000 0.00000000000 0.00000000000 0.00000000000 0.00000000000 0.00000000000 0.00000000000 0.00000000000 0.00000000000 0.00000000000 0.00000000000
# logsel_slope_fsh[2]:
 0.00000000000 0.00000000000 0.00000000000 0.00000000000 0.00000000000 0.00000000000 0.00000000000 0.00000000000 0.00000000000 0.00000000000 0.00000000000 0.00000000000 0.00000000000 0.00000000000 0.00000000000 0.00000000000 0.00000000000 0.00000000000 0.00000000000 0.00000000000 0.00000000000 0.00000000000 0.00000000000 0.00000000000 0.00000000000 0.00000000000 0.00000000000 0.00000000000 0.00000000000 0.00000000000 0.00000000000 0.00000000000 0.00000000000 0.00000000000 0.00000000000 0.00000000000 0.00000000000 0.00000000000 0.00000000000
# logsel_slope_fsh[3]:
 0.00000000000 0.00000000000 0.00000000000 0.00000000000 0.00000000000 0.00000000000 0.00000000000 0.00000000000 0.00000000000 0.00000000000 0.00000000000 0.00000000000 0.00000000000 0.00000000000 0.00000000000 0.00000000000 0.00000000000 0.00000000000 0.00000000000 0.00000000000 0.00000000000 0.00000000000 0.00000000000 0.00000000000 0.00000000000 0.00000000000 0.00000000000 0.00000000000 0.00000000000 0.00000000000 0.00000000000 0.00000000000 0.00000000000 0.00000000000 0.00000000000 0.00000000000 0.00000000000 0.00000000000 0.00000000000 0.00000000000 0.00000000000 0.00000000000
# logsel_slope_fsh[4]:
 0.00000000000 0.00000000000 0.00000000000 0.00000000000 0.00000000000 0.00000000000 0.00000000000 0.00000000000 0.00000000000 0.00000000000 0.00000000000 0.00000000000 0.00000000000 0.00000000000 0.00000000000 0.00000000000 0.00000000000 0.00000000000 0.00000000000 0.00000000000 0.00000000000 0.00000000000 0.00000000000 0.00000000000 0.00000000000 0.00000000000 0.00000000000 0.00000000000 0.00000000000 0.00000000000 0.00000000000 0.00000000000 0.00000000000
# sel50_fsh[1]:
 0.00000000000 0.00000000000 0.00000000000 0.00000000000 0.00000000000 0.00000000000 0.00000000000 0.00000000000 0.00000000000 0.00000000000 0.00000000000 0.00000000000 0.00000000000 0.00000000000 0.00000000000 0.00000000000 0.00000000000 0.00000000000 0.00000000000 0.00000000000 0.00000000000 0.00000000000 0.00000000000 0.00000000000 0.00000000000 0.00000000000 0.00000000000 0.00000000000 0.00000000000 0.00000000000 0.00000000000 0.00000000000 0.00000000000 0.00000000000 0.00000000000 0.00000000000 0.00000000000 0.00000000000
# sel50_fsh[2]:
 0.00000000000 0.00000000000 0.00000000000 0.00000000000 0.00000000000 0.00000000000 0.00000000000 0.00000000000 0.00000000000 0.00000000000 0.00000000000 0.00000000000 0.00000000000 0.00000000000 0.00000000000 0.00000000000 0.00000000000 0.00000000000 0.00000000000 0.00000000000 0.00000000000 0.00000000000 0.00000000000 0.00000000000 0.00000000000 0.00000000000 0.00000000000 0.00000000000 0.00000000000 0.00000000000 0.00000000000 0.00000000000 0.00000000000 0.00000000000 0.00000000000 0.00000000000 0.00000000000 0.00000000000 0.00000000000
# sel50_fsh[3]:
 0.00000000000 0.00000000000 0.00000000000 0.00000000000 0.00000000000 0.00000000000 0.00000000000 0.00000000000 0.00000000000 0.00000000000 0.00000000000 0.00000000000 0.00000000000 0.00000000000 0.00000000000 0.00000000000 0.00000000000 0.00000000000 0.00000000000 0.00000000000 0.00000000000 0.00000000000 0.00000000000 0.00000000000 0.00000000000 0.00000000000 0.00000000000 0.00000000000 0.00000000000 0.00000000000 0.00000000000 0.00000000000 0.00000000000 0.00000000000 0.00000000000 0.00000000000 0.00000000000 0.00000000000 0.00000000000 0.00000000000 0.00000000000 0.00000000000
# sel50_fsh[4]:
 0.00000000000 0.00000000000 0.00000000000 0.00000000000 0.00000000000 0.00000000000 0.00000000000 0.00000000000 0.00000000000 0.00000000000 0.00000000000 0.00000000000 0.00000000000 0.00000000000 0.00000000000 0.00000000000 0.00000000000 0.00000000000 0.00000000000 0.00000000000 0.00000000000 0.00000000000 0.00000000000 0.00000000000 0.00000000000 0.00000000000 0.00000000000 0.00000000000 0.00000000000 0.00000000000 0.00000000000 0.00000000000 0.00000000000
# logsel_p1_fsh[1]:
 0.00000000000 0.00000000000 0.00000000000 0.00000000000 0.00000000000 0.00000000000 0.00000000000 0.00000000000 0.00000000000 0.00000000000 0.00000000000 0.00000000000 0.00000000000 0.00000000000 0.00000000000 0.00000000000 0.00000000000 0.00000000000 0.00000000000 0.00000000000 0.00000000000 0.00000000000 0.00000000000 0.00000000000 0.00000000000 0.00000000000 0.00000000000 0.00000000000 0.00000000000 0.00000000000 0.00000000000 0.00000000000 0.00000000000 0.00000000000 0.00000000000 0.00000000000 0.00000000000 0.00000000000
# logsel_p1_fsh[2]:
 0.00000000000 0.00000000000 0.00000000000 0.00000000000 0.00000000000 0.00000000000 0.00000000000 0.00000000000 0.00000000000 0.00000000000 0.00000000000 0.00000000000 0.00000000000 0.00000000000 0.00000000000 0.00000000000 0.00000000000 0.00000000000 0.00000000000 0.00000000000 0.00000000000 0.00000000000 0.00000000000 0.00000000000 0.00000000000 0.00000000000 0.00000000000 0.00000000000 0.00000000000 0.00000000000 0.00000000000 0.00000000000 0.00000000000 0.00000000000 0.00000000000 0.00000000000 0.00000000000 0.00000000000 0.00000000000
# logsel_p1_fsh[3]:
 0.00000000000 0.00000000000 0.00000000000 0.00000000000 0.00000000000 0.00000000000 0.00000000000 0.00000000000 0.00000000000 0.00000000000 0.00000000000 0.00000000000 0.00000000000 0.00000000000 0.00000000000 0.00000000000 0.00000000000 0.00000000000 0.00000000000 0.00000000000 0.00000000000 0.00000000000 0.00000000000 0.00000000000 0.00000000000 0.00000000000 0.00000000000 0.00000000000 0.00000000000 0.00000000000 0.00000000000 0.00000000000 0.00000000000 0.00000000000 0.00000000000 0.00000000000 0.00000000000 0.00000000000 0.00000000000 0.00000000000 0.00000000000 0.00000000000
# logsel_p1_fsh[4]:
 0.00000000000 0.00000000000 0.00000000000 0.00000000000 0.00000000000 0.00000000000 0.00000000000 0.00000000000 0.00000000000 0.00000000000 0.00000000000 0.00000000000 0.00000000000 0.00000000000 0.00000000000 0.00000000000 0.00000000000 0.00000000000 0.00000000000 0.00000000000 0.00000000000 0.00000000000 0.00000000000 0.00000000000 0.00000000000 0.00000000000 0.00000000000 0.00000000000 0.00000000000 0.00000000000 0.00000000000 0.00000000000 0.00000000000
# logsel_p2_fsh[1]:
 0.00000000000 0.00000000000 0.00000000000 0.00000000000 0.00000000000 0.00000000000 0.00000000000 0.00000000000 0.00000000000 0.00000000000 0.00000000000 0.00000000000 0.00000000000 0.00000000000 0.00000000000 0.00000000000 0.00000000000 0.00000000000 0.00000000000 0.00000000000 0.00000000000 0.00000000000 0.00000000000 0.00000000000 0.00000000000 0.00000000000 0.00000000000 0.00000000000 0.00000000000 0.00000000000 0.00000000000 0.00000000000 0.00000000000 0.00000000000 0.00000000000 0.00000000000 0.00000000000 0.00000000000
# logsel_p2_fsh[2]:
 0.00000000000 0.00000000000 0.00000000000 0.00000000000 0.00000000000 0.00000000000 0.00000000000 0.00000000000 0.00000000000 0.00000000000 0.00000000000 0.00000000000 0.00000000000 0.00000000000 0.00000000000 0.00000000000 0.00000000000 0.00000000000 0.00000000000 0.00000000000 0.00000000000 0.00000000000 0.00000000000 0.00000000000 0.00000000000 0.00000000000 0.00000000000 0.00000000000 0.00000000000 0.00000000000 0.00000000000 0.00000000000 0.00000000000 0.00000000000 0.00000000000 0.00000000000 0.00000000000 0.00000000000 0.00000000000
# logsel_p2_fsh[3]:
 0.00000000000 0.00000000000 0.00000000000 0.00000000000 0.00000000000 0.00000000000 0.00000000000 0.00000000000 0.00000000000 0.00000000000 0.00000000000 0.00000000000 0.00000000000 0.00000000000 0.00000000000 0.00000000000 0.00000000000 0.00000000000 0.00000000000 0.00000000000 0.00000000000 0.00000000000 0.00000000000 0.00000000000 0.00000000000 0.00000000000 0.00000000000 0.00000000000 0.00000000000 0.00000000000 0.00000000000 0.00000000000 0.00000000000 0.00000000000 0.00000000000 0.00000000000 0.00000000000 0.00000000000 0.00000000000 0.00000000000 0.00000000000 0.00000000000
# logsel_p2_fsh[4]:
 0.00000000000 0.00000000000 0.00000000000 0.00000000000 0.00000000000 0.00000000000 0.00000000000 0.00000000000 0.00000000000 0.00000000000 0.00000000000 0.00000000000 0.00000000000 0.00000000000 0.00000000000 0.00000000000 0.00000000000 0.00000000000 0.00000000000 0.00000000000 0.00000000000 0.00000000000 0.00000000000 0.00000000000 0.00000000000 0.00000000000 0.00000000000 0.00000000000 0.00000000000 0.00000000000 0.00000000000 0.00000000000 0.00000000000
# logsel_p3_fsh[1]:
 0.00000000000 0.00000000000 0.00000000000 0.00000000000 0.00000000000 0.00000000000 0.00000000000 0.00000000000 0.00000000000 0.00000000000 0.00000000000 0.00000000000 0.00000000000 0.00000000000 0.00000000000 0.00000000000 0.00000000000 0.00000000000 0.00000000000 0.00000000000 0.00000000000 0.00000000000 0.00000000000 0.00000000000 0.00000000000 0.00000000000 0.00000000000 0.00000000000 0.00000000000 0.00000000000 0.00000000000 0.00000000000 0.00000000000 0.00000000000 0.00000000000 0.00000000000 0.00000000000 0.00000000000
# logsel_p3_fsh[2]:
 0.00000000000 0.00000000000 0.00000000000 0.00000000000 0.00000000000 0.00000000000 0.00000000000 0.00000000000 0.00000000000 0.00000000000 0.00000000000 0.00000000000 0.00000000000 0.00000000000 0.00000000000 0.00000000000 0.00000000000 0.00000000000 0.00000000000 0.00000000000 0.00000000000 0.00000000000 0.00000000000 0.00000000000 0.00000000000 0.00000000000 0.00000000000 0.00000000000 0.00000000000 0.00000000000 0.00000000000 0.00000000000 0.00000000000 0.00000000000 0.00000000000 0.00000000000 0.00000000000 0.00000000000 0.00000000000
# logsel_p3_fsh[3]:
 0.00000000000 0.00000000000 0.00000000000 0.00000000000 0.00000000000 0.00000000000 0.00000000000 0.00000000000 0.00000000000 0.00000000000 0.00000000000 0.00000000000 0.00000000000 0.00000000000 0.00000000000 0.00000000000 0.00000000000 0.00000000000 0.00000000000 0.00000000000 0.00000000000 0.00000000000 0.00000000000 0.00000000000 0.00000000000 0.00000000000 0.00000000000 0.00000000000 0.00000000000 0.00000000000 0.00000000000 0.00000000000 0.00000000000 0.00000000000 0.00000000000 0.00000000000 0.00000000000 0.00000000000 0.00000000000 0.00000000000 0.00000000000 0.00000000000
# logsel_p3_fsh[4]:
 0.00000000000 0.00000000000 0.00000000000 0.00000000000 0.00000000000 0.00000000000 0.00000000000 0.00000000000 0.00000000000 0.00000000000 0.00000000000 0.00000000000 0.00000000000 0.00000000000 0.00000000000 0.00000000000 0.00000000000 0.00000000000 0.00000000000 0.00000000000 0.00000000000 0.00000000000 0.00000000000 0.00000000000 0.00000000000 0.00000000000 0.00000000000 0.00000000000 0.00000000000 0.00000000000 0.00000000000 0.00000000000 0.00000000000
# rec_dev_future:
 0.00000000000 0.00000000000 0.00000000000 0.00000000000 0.00000000000 0.00000000000 0.00000000000 0.00000000000 0.00000000000 0.00000000000 0.00000000000 0.00000000000 0.00000000000 0.00000000000 0.00000000000 0.00000000000 0.00000000000 0.00000000000 0.00000000000 0.00000000000
# log_q_ind[1]:
0.373814203111
# log_q_ind[2]:
-2.34918279730
# log_q_ind[3]:
-9.32390784706
# log_q_ind[4]:
-0.292062739145
# log_q_ind[5]:
-5.71052321976
# log_q_ind[6]:
-8.09645154062
# log_q_ind[7]:
-1.14360782997
# log_q_power_ind[1]:
0.00000000000
# log_q_power_ind[2]:
0.00000000000
# log_q_power_ind[3]:
0.00000000000
# log_q_power_ind[4]:
0.00000000000
# log_q_power_ind[5]:
0.00000000000
# log_q_power_ind[6]:
0.00000000000
# log_q_power_ind[7]:
0.00000000000
# log_rw_q_ind[1]:
 -0.936808457771
# log_rw_q_ind[3]:
 -0.569798610961
# log_selcoffs_ind[1]:
 -2.11482252164 -1.30291079726 -0.697573470261 -0.268719176078 0.0105472135450 0.201233644683 0.330764107277 0.414682941280 0.461504578195 0.482155482902
 -2.74163392881 -1.94719005593 -1.19226444382 -0.537071626384 -0.0374926344659 0.296710695841 0.466662694203 0.526888726032 0.520013658072 0.486045624049
# log_selcoffs_ind[2]:
 -0.942318428014 -1.06893704604 -1.35089008341 -1.53247174756 -1.46921191056 -1.11300740357 -0.516218674115 0.209848970304 0.914091174979 1.36313944873
 0.164546362610 -0.325195097591 -0.667003988589 -0.858391175722 -0.874229313410 -0.674897898513 -0.290385866530 0.182865946762 0.619150455108 0.887602632698
 0.528263041985 0.177755737150 -0.0925751657708 -0.310563802294 -0.481512894704 -0.520125912908 -0.388707413652 -0.128195905139 0.175049902128 0.407899107182
# log_selcoffs_ind[3]:
 -0.202940821038 0.0202027052767 0.0202027052767 0.0202027052767 0.0202027052767 0.0202027052767 0.0202027052767 0.0202027052767 0.0202027052767 0.0202027052767
# log_selcoffs_ind[4]:
 -0.719199716077 -0.517408344830 -0.332809941391 -0.183791379543 -0.0618724949363 0.0504349398831 0.159148555628 0.260784257620 0.345434292708 0.400777200081
 -1.44635889846 -1.14523355969 -0.837759428550 -0.521062431910 -0.213513067254 0.0613224127435 0.293774891125 0.467036057625 0.571468179820 0.610453864494
# log_selcoffs_ind[5]:
 -3.04452005677 -0.669616569639 0.101782682789 0.174353368097 0.174353368097 0.174353368097 0.174353368097 0.174353368097 0.174353368097 0.174353368097
# log_selcoffs_ind[6]:
 -3.04452005677 -0.669616569639 0.101782682789 0.174353368097 0.174353368097 0.174353368097 0.174353368097 0.174353368097 0.174353368097 0.174353368097
# log_selcoffs_ind[7]:
 -3.04452005677 -0.669616569639 0.101782682789 0.174353368097 0.174353368097 0.174353368097 0.174353368097 0.174353368097 0.174353368097 0.174353368097
# logsel_slope_ind[1]:
 0.00000000000 0.00000000000
# logsel_slope_ind[2]:
 0.00000000000 0.00000000000 0.00000000000
# logsel_slope_ind[3]:
 0.00000000000
# logsel_slope_ind[4]:
 0.00000000000 0.00000000000
# logsel_slope_ind[5]:
 0.00000000000
# logsel_slope_ind[6]:
 0.00000000000
# logsel_slope_ind[7]:
 0.00000000000
# sel50_ind[1]:
 0.00000000000 0.00000000000
# sel50_ind[2]:
 0.00000000000 0.00000000000 0.00000000000
# sel50_ind[3]:
 0.00000000000
# sel50_ind[4]:
 0.00000000000 0.00000000000
# sel50_ind[5]:
 0.00000000000
# sel50_ind[6]:
 0.00000000000
# sel50_ind[7]:
 0.00000000000
# logsel_p1_ind[1]:
 0.00000000000 0.00000000000
# logsel_p1_ind[2]:
 0.00000000000 0.00000000000 0.00000000000
# logsel_p1_ind[3]:
 0.00000000000
# logsel_p1_ind[4]:
 0.00000000000 0.00000000000
# logsel_p1_ind[5]:
 0.00000000000
# logsel_p1_ind[6]:
 0.00000000000
# logsel_p1_ind[7]:
 0.00000000000
# sel_p2_ind[1]:
 0.00000000000 0.00000000000
# sel_p2_ind[2]:
 0.00000000000 0.00000000000 0.00000000000
# sel_p2_ind[3]:
 0.00000000000
# sel_p2_ind[4]:
 0.00000000000 0.00000000000
# sel_p2_ind[5]:
 0.00000000000
# sel_p2_ind[6]:
 0.00000000000
# sel_p2_ind[7]:
 0.00000000000
# logsel_p3_ind[1]:
 0.00000000000 0.00000000000
# logsel_p3_ind[2]:
 0.00000000000 0.00000000000 0.00000000000
# logsel_p3_ind[3]:
 0.00000000000
# logsel_p3_ind[4]:
 0.00000000000 0.00000000000
# logsel_p3_ind[5]:
 0.00000000000
# logsel_p3_ind[6]:
 0.00000000000
# logsel_p3_ind[7]:
 0.00000000000
