# Number of parameters = 1655 Objective function value = 1471.93381547351  Maximum gradient component = 0.0441536652422959
# Mest[1]:
0.230000000000
# log_Linf[1]:
4.30945594184
# log_k[1]:
-1.83258146375
# log_Lo[1]:
2.89037175790
# log_sdage[1]:
-2.40794560865
# mean_log_rec[1]:
9.57973244069
# steepness[1]:
0.650000000000
# log_Rzero[1]:
9.38776995972
# rec_dev:
 -0.428238466367 -0.500064185686 -0.578409425369 -0.664034010822 -0.754642104739 -0.846471507678 -0.815774690208 -0.821892591665 -0.589827508375 -0.457962678573 -0.384117474516 -0.277784439074 -0.398280671214 -0.438661249417 -0.476191719282 -0.374462372281 -0.0419298534781 0.249174141007 0.313355103601 0.412438066128 0.459348552111 0.421418806493 0.752351960947 0.911936504426 0.643548870654 1.26149237513 1.38534838362 0.693860834805 0.639896179571 0.820220994203 0.720081056941 0.718736289330 0.368101673523 0.396142367237 0.0288531388278 -0.0543536461357 0.254538865747 0.331581886417 0.597527717314 0.609421769883 0.793036261187 0.778456628495 0.408731360000 0.00342340634403 -0.523253525094 -0.507083366497 -0.786504568395 -0.723689143940 -1.10565133097 -1.11267882816 -0.760601456101 -0.435014460585 -0.907526795842 -0.443097072824 -0.682317854058 -0.328026489293 -0.404749149247 0.0722664552014 1.00463550019 0.609209859079 -0.325839651406 -0.378880146500
# log_sigmar[1]:
-0.510825623766
# fmort:
 0.0102481737304 0.0151085131963 0.00680480431255 0.00843377867403 0.0159564555193 0.0197437404779 0.0247260596735 0.0226221460828 0.0481741510314 0.0433680570300 0.0306459833337 0.0455964327397 0.0928318082122 0.0359469269306 0.0861308747562 0.0534512181812 0.00512562363928 0.0234869445769 0.0182087787654 0.0169973518102 0.0145207900886 0.0184976976004 0.0187662926436 0.0239661166125 0.0148652046675 0.0202974314458 0.0350945704914 0.0139720201602 0.00452802815583 0.00718968892487 0.0105698942968 0.0205511919196 0.00816788576479 0.0119991936690 0.0131704963535 0.0201136067099 0.0249509703572 0.0350179259142 0.0469579980051 0.0466413787683 0.0770735724253 0.0112147419973 0.00412474239572 0.00523912399795 0.00549710116529 0.00748872423319 0.00559868643526 0.00787774568295 0.00244622905983 0.00157359582179 0.00463377929318
 0.00129195514551 0.00192933075485 0.00284949350224 0.00459136800672 0.00325065742966 0.00594824400334 0.00804865218840 0.0123784660452 0.0216777182528 0.0272895470887 0.0310798053679 0.0636748953993 0.0866017016326 0.0626430012518 0.0786548161760 0.105121707038 0.120511120385 0.172258471194 0.205043339992 0.230948487226 0.230598940401 0.297601889692 0.389726468975 0.393552751541 0.485639860843 0.608283899959 0.555210964326 0.585117716689 0.372791111453 0.244114904745 0.177929164157 0.200273491291 0.201103544470 0.183536151624 0.181645238296 0.184944690768 0.198921810524 0.241810041495 0.200182483431 0.265104583220 0.145434902818 0.0990205859152 0.0884511328209 0.0759146896304 0.0654713289092 0.0698585173356 0.0731690651591 0.0725208685685 0.0765843131215 0.0730015991001 0.0663166998228
 0.000175714078482 0.000326347534959 0.000736051155500 0.00166014981304 0.00529537009524 0.00163483111091 0.00215582907825 0.0195249242866 0.0126008314124 0.00968656802481 0.0112806583396 0.0109826232448 0.00360294832635 0.00258864096193 0.00350736285184 0.00196730836203 0.000754637023436 0.000686863955092 0.00386324212795 0.00498008835956 0.00588202458780 0.00347771989405 0.00189787655140 0.00289731119691 0.00545011869173 0.0187658060088 0.0213069379928 0.0291957123373 0.0170647030575 0.00670304357566 0.00825428743091 0.0223124227102 0.00404259616340 0.00726347692737 0.00705616934416 0.00376466592832 0.0158360648895 0.0184359111605 0.0140816931398 0.00761618037907 0.00263826803629 0.0285549228299 0.0122543493570 0.00502531944042 0.00424049138345 0.00144150789308 0.000855983700540 0.000415869765624 0.00153350287793 0.00221005543884 0.00238884473784
 1.88182802674e-13 2.00117700189e-13 0.000514842855600 2.11497486191e-13 2.14550599509e-13 2.09832151654e-13 3.14138546176e-06 0.000217441103689 0.00476567813843 0.0306066678928 0.0290277875849 0.0382574404274 0.0922646462357 0.109871028280 0.150143809456 0.124788070084 0.115536376088 0.112743409966 0.105319714274 0.0831114540509 0.0682635209052 0.0431162255260 0.00366009331707 2.15938378290e-13 2.20934381900e-13 2.88102874890e-13 3.40005801291e-13 5.22082377330e-13 6.42264019746e-13 3.24491741782e-06 0.000654301263720 0.00473523502555 0.0145029373610 0.0277620088432 0.0482987170669 0.0401875313755 0.0600219229471 0.0914147137066 0.114321482778 0.150923748468 0.135843971370 0.0345621861238 0.0222697731603 0.0212920518432 0.0222970100332 0.0279374783886 0.0165570320863 0.0124226950123 0.00865636983511 0.00779587827059 0.000575892937845
# log_selcoffs_fsh[1]:
 -5.23823332158 -4.01893155475 -2.69449635002 -1.38358238268 -0.364409607748 0.508335020684 1.12512024421 0.919667427379 -0.339267301287
 -4.95938930592 -3.66566375037 -2.29519532443 -1.08062785618 -0.280795965082 0.445472864149 1.00940605209 0.857836056164 0.103312141415
 -4.67163788255 -3.37733698168 -2.09559626122 -0.984437680863 -0.150137559245 0.540223979713 0.907840879088 0.736855800919 0.273500347154
 -4.35581525847 -3.00315914535 -1.81280283816 -0.836446052481 -0.213418201132 0.405505469495 0.900902989545 0.764567130759 0.352996396718
 -4.08197795193 -2.68835303603 -1.26895972687 -0.270925622506 0.166030128309 0.417186385204 0.615896758709 0.587110539002 0.420644409745
 -3.86322571096 -2.59719392020 -1.41388207645 -0.376933196797 0.535031363443 0.702338653699 0.465359935160 0.325788483726 0.240338354458
 -3.61753341455 -2.40994332194 -1.33155352715 -0.358584168679 0.551838752144 0.797939456036 0.486144069981 0.210531155958 0.0978783620773
 -3.35584481169 -2.07020647337 -1.11052034790 -0.273016057408 0.547009042653 0.817534908712 0.465540287767 0.150400467734 0.000331555842275
 -3.12880801146 -1.77167374145 -0.614847811479 0.0159065139576 0.419903824874 0.651902025229 0.508916124528 0.159330371777 -0.0489700385435
 -2.91489375984 -1.40861569645 -0.186042373762 0.201287012116 0.455655346333 0.536523339153 0.354281437020 0.0515782752265 -0.124714556698
 -2.72883298151 -1.04148192147 0.467651569118 0.488977986843 0.325483680578 0.214932879223 0.0496188393180 -0.128137519428 -0.223391516434
 -2.55221137148 -0.780629810566 0.422419724889 0.559770332476 0.468726780157 0.191506141196 -0.110604725688 -0.273169039151 -0.324668708125
 -2.47450619033 -0.826556343133 0.471849215385 0.779097299202 0.462577276774 0.0397494454173 -0.266747030842 -0.417114528040 -0.442765024410
 -2.37088047616 -0.787099324853 0.493111809606 0.882380817382 0.418808604052 -0.0329007089661 -0.348060575239 -0.493658377650 -0.522293266397
 -2.52250008921 -0.878763744431 0.595910739280 0.916159571000 0.379410575261 -0.0794442214307 -0.385448137883 -0.549493933949 -0.602118523156
 -2.51986350520 -0.947193743341 0.600614303362 0.854282542568 0.460224169755 -0.0115126885910 -0.366184925113 -0.564706213768 -0.646471978739
 -2.34760562553 -0.768134757810 0.704156164837 0.752821496163 0.403524606185 0.00348151698086 -0.342031893603 -0.561460680280 -0.665292118777
 -2.02638841296 -0.487749063330 0.462420096186 0.806745272377 0.485882778075 0.0107561638139 -0.341028664163 -0.562874668825 -0.676024249148
 -1.92074247193 -0.448374326041 0.764392971785 0.754760672562 0.292794515587 -0.0958923220253 -0.405008253746 -0.615035064704 -0.726246518529
 -1.74683351122 -0.359605200728 0.690206205872 0.771502788660 0.374524228521 -0.101489103624 -0.452153379607 -0.666156358906 -0.770339381070
 -1.63700621643 -0.231333889787 0.839285820860 0.758907809901 0.234743047077 -0.214360019524 -0.544979409557 -0.743693085840 -0.833655726034
 -1.54155134666 -0.231601206231 0.648538602734 0.963133715603 0.321325559975 -0.312917091788 -0.667675904535 -0.839604834395 -0.903852852524
 -1.45727847421 0.0230414540268 0.885751095766 0.806016621704 0.155138553100 -0.406455683343 -0.761088514830 -0.920868927060 -0.965248962467
 -1.53905515264 -0.178354366599 0.844626619959 1.01950311018 0.103736649996 -0.514162289550 -0.859432192677 -1.00933173578 -1.03656683288
 -1.54351617185 -0.218482399413 0.856423421496 1.00582166509 0.160585962887 -0.496456136367 -0.878920070960 -1.04581151879 -1.06642521565
 -1.44654304068 0.118938780811 0.728846008148 0.865496146801 0.247832475213 -0.328512608035 -0.784370898545 -0.993340092303 -1.01760159901
 -1.66127691869 -0.256420186924 0.660933627996 0.933408655436 0.334057502899 -0.183643742993 -0.650760870271 -0.883945389122 -0.934276315613
 -1.72104739471 -0.369187204319 0.673552044193 0.824728316908 0.373697843349 -0.0959099853094 -0.512086171908 -0.740932125065 -0.798917310029
 -1.45986748867 0.187323593589 0.604580770825 0.587405395995 0.239556676466 -0.118009087048 -0.397860622862 -0.567075415939 -0.628097839667
 -1.51060888322 0.0480304103400 0.509387895267 0.703490455906 0.199107611457 -0.150558856999 -0.340474076351 -0.444812769426 -0.490960469585
 -1.61815535196 -0.0118051534078 0.842227557117 0.348346416150 -0.00244421929193 -0.156070296199 -0.243082980474 -0.312704766699 -0.347451524217
 -1.67860141118 -0.0627477077111 0.582104099369 0.357011522298 0.0605868346999 -0.0513583327720 -0.0891645170851 -0.129961554497 -0.162390017374
 -1.80305716598 -0.745697880625 0.0262300484998 0.539077622874 0.305200658658 0.136228767927 0.100073262176 0.0313350124599 -0.0203289000258
 -1.99069253651 -1.00820847872 -0.271535505849 0.252144487993 0.253663871873 0.332398204385 0.332571011031 0.210589060311 0.128864927961
 -1.90693856429 -0.763377996105 -0.297937063002 0.280136359648 0.193043404460 0.209835387659 0.280573113335 0.254083156190 0.231222945450
 -1.30454716497 -0.620806141548 -0.729013088407 -0.284060812031 0.0774865931041 0.340280968736 0.431131663057 0.408184745229 0.355640747974
 -1.39596924435 -1.36498319564 -1.36175389823 -0.517548684338 0.138191002656 0.543553449497 0.605149589243 0.456112822530 0.311203136252
# log_selcoffs_fsh[2]:
 -5.96927288452 -4.04355651779 -2.34546758069 -0.946777456178 0.101754956185 0.569778100174 0.916854389524 0.908223009250 0.232365272629 -0.972257123882
 -5.88584550942 -3.89740171500 -1.88686909992 -0.635329165214 -0.165108933759 0.387252142718 0.879267466146 0.920485943524 0.343844157397 -0.438678958649
 -5.76866966008 -3.95700066853 -2.23102891382 -0.858865336242 -0.147650815800 0.321960133671 0.786922469081 0.885624543262 0.481692807879 -0.0364598984844
 -5.62880397858 -3.90068766143 -2.37925728089 -1.21817620890 -0.396991330939 0.167973416433 0.688732754455 0.898545701063 0.642571847857 0.324950330369
 -5.53185568476 -3.73789987016 -2.06322007588 -1.04734326333 -0.601377192642 -0.143893159453 0.484800909538 0.826156673370 0.785509084433 0.682284018202
 -5.43464872573 -3.80274946485 -2.19677869335 -0.948698110087 -0.374769594076 -0.273466621807 0.120486966198 0.571270531837 0.860943418724 1.01623908581
 -5.36870046227 -3.93381211622 -2.55600770063 -1.32305832259 -0.360385989762 -0.144346532728 0.0230669165376 0.386094512289 0.831736461583 1.18692202859
 -5.34367146846 -4.04041406136 -2.84420074553 -1.82298015365 -0.981428114568 -0.376524758105 0.153911437690 0.519418790111 0.880461094080 1.23472706333
 -5.33911745552 -4.07656814647 -2.90629941763 -1.99936940851 -1.27961622439 -0.613549344519 0.0815429596637 0.602635737389 0.959644296664 1.23718833882
 -5.30617803719 -4.01816121021 -2.82276763788 -1.83989160604 -1.13223190608 -0.643538091686 -0.119695657238 0.487020520480 0.975057907500 1.32043845801
 -5.29370437133 -3.91653538387 -2.58715690590 -1.50638735375 -0.805640652559 -0.429193743402 -0.0754216038515 0.328696864175 0.863788803480 1.35883279419
 -5.34184116982 -3.85061809120 -2.45743433598 -1.29043268603 -0.592996584519 -0.258845222683 -0.00310947799589 0.335311237331 0.873610968724 1.25210927019
 -5.41497999989 -3.74640417513 -2.14271704554 -0.794042580051 -0.216361711449 0.0299952064528 0.162589756358 0.286301081019 0.712284506102 1.10526165270
 -5.49927663286 -3.62208617147 -1.80124948411 -0.490728294802 0.130353874754 0.224880257895 0.197907879622 0.283793038927 0.577552272873 0.904957200098
 -5.56249434103 -3.50388791660 -1.53332173665 -0.0971136330360 0.351511171552 0.294028931250 0.143980667769 0.209050178459 0.485443717339 0.726344732946
 -5.58238430043 -3.35832584024 -1.19419871996 0.0887833192102 0.345075569479 0.271211972585 0.142562711419 0.201328886208 0.441465076062 0.647504636714
 -5.58144061426 -3.31847645357 -1.08889609134 0.112905493912 0.396205026729 0.318257722433 0.157267388963 0.176165921769 0.382994389526 0.595199298712
 -5.56818689475 -3.42597317565 -1.32052308376 0.139318476849 0.495414233015 0.381902118712 0.171405159840 0.155179279368 0.334150250691 0.524338258286
 -5.51531806604 -3.49927783132 -1.54049786295 -0.0294196033698 0.515989286804 0.410215671151 0.203827433000 0.184252751078 0.359572258033 0.552108919634
 -5.43580768105 -3.54057829631 -1.70270758885 -0.273335908496 0.300445277722 0.417168751307 0.267750597098 0.261349137572 0.458846913900 0.676789015832
 -5.37780029830 -3.59493556046 -1.89729786921 -0.530740377634 0.221296549670 0.441598564952 0.325116912193 0.280939422643 0.483614603920 0.740221622765
 -5.35281521947 -3.65485276862 -2.06837853313 -0.762575346022 0.0692726016529 0.432171558609 0.405307064985 0.371476369465 0.532003319249 0.747750086010
 -5.35015928787 -3.69343390023 -2.21078739286 -0.989192534290 -0.166192731785 0.393444245080 0.486242010862 0.467577227511 0.593794420087 0.754596317642
 -5.39054143823 -3.72617384613 -2.22216478560 -1.04381812095 -0.318364736119 0.197618796689 0.533642910450 0.557811308447 0.673412215531 0.766464475046
 -5.44613352724 -3.76199145689 -2.15565453083 -0.828676596290 -0.190594976938 0.0563982902593 0.349879772498 0.580054590779 0.700851375953 0.839413342883
 -5.54241075483 -3.80849890006 -2.25556492883 -0.940383469151 -0.182634388392 0.280326431452 0.399318191900 0.489910119739 0.648217911985 0.827182785248
 -5.73292398362 -3.96633204222 -2.25480302481 -0.858798925768 -0.0666026882731 0.428673016530 0.507696326356 0.485573596310 0.548931315812 0.673200009506
 -5.91788475576 -4.17130159112 -2.37021655925 -0.643137415124 0.0764955329352 0.485343366364 0.511225820305 0.438849095275 0.561134337188 0.523325865536
 -6.08279462132 -4.37654915081 -2.67493706969 -1.06355244344 -0.0168999907186 0.684321000800 0.675735499377 0.485651717290 0.523144139004 0.283152347264
 -6.22823777647 -4.50940908396 -2.83204808641 -1.19789998727 0.0769071703222 0.752045316877 0.915843374276 0.494419700674 0.217451187808 0.0427657793686
 -6.31047288388 -4.52247478047 -2.74627022136 -1.08461003294 0.129304491586 0.761921074832 0.802034238130 0.508906089917 0.258578121391 0.109809419231
 -6.35165640050 -4.45589726014 -2.61315866498 -1.04893518688 -0.226671822053 0.355056921129 0.743053502401 0.756685231431 0.523887862578 0.348869114406
 -6.37178893583 -4.36742620532 -2.25248593943 -0.624869608365 -0.209795774248 -0.0320667549249 0.406630723804 0.722078369996 0.745933317737 0.640316489549
 -6.43289102296 -4.47703521035 -2.49763621607 -0.794770747638 -0.100436052783 0.237925585657 0.415954371840 0.627404621298 0.691303642190 0.639285585124
 -6.46994496343 -4.61332755963 -2.71402028009 -0.988939939179 -0.195130627259 0.180111524742 0.520300340215 0.642533393236 0.692180907829 0.666967708640
 -6.47796737264 -4.77658340000 -3.01826160822 -1.24707281503 -0.255623330545 0.250459262397 0.539724248365 0.681510512189 0.673635913781 0.663207270021
 -6.48779833924 -4.92062463952 -3.36479879712 -1.72632297521 -0.521194119419 0.179213081424 0.673600121020 0.764219592098 0.738987215258 0.580075353695
 -6.48090882621 -4.96108802450 -3.49828515056 -2.07454665613 -0.867181869184 0.0331814082444 0.621325998765 0.923006754138 0.810413777064 0.562268387010
# log_selcoffs_fsh[3]:
 -0.981933860335 -0.167527358131 1.13172158162 0.438551079844 -0.571522853202 -1.17753070115 -1.36450336127
 -1.24737669692 -0.176389153213 1.16051413263 0.441773509243 -0.572940365188 -1.17585572926 -1.36651513689
 -0.696037074720 -0.246688116540 1.07801058774 0.454583415381 -0.510124856324 -1.10215553777 -1.29777309588
 -1.56330553581 -0.359994065466 1.19334935752 0.445192051001 -0.502161843094 -1.06601545063 -1.25744735451
 -1.95666716745 -0.267574100008 1.12920513540 0.477041075054 -0.379499182037 -0.945906552862 -1.15071705779
 -2.02072666464 -0.579260060014 0.913598702480 0.757676433936 -0.148248787111 -0.790988731343 -1.00806969178
 -1.69412369362 -0.475531068810 0.678406388181 0.880564666027 -0.0586649574675 -0.737011894128 -0.941289705025
 -1.31469812366 0.553858758171 0.766277043177 0.259914088837 -0.319362692018 -0.818898227686 -0.979757275223
 -1.39303131267 0.629139150464 0.865636043952 0.158528939513 -0.473284650268 -0.944145509559 -1.15386259807
 -1.60002340983 0.301847021506 0.982670645460 0.449091331779 -0.474353579557 -1.10012446995 -1.37766089430
 -1.85072058842 -0.392260285381 0.891634725098 0.882794193101 -0.248012416453 -1.13285767007 -1.56960691223
 -1.80399113932 -0.332132562872 0.819918710949 0.916690613065 -0.172002023366 -1.15418241601 -1.66410836433
 -1.64934007074 -0.0995083753280 1.01420399716 0.693916935306 -0.380459319919 -1.26787766256 -1.72116720581
 -1.41203624834 0.588535088617 0.990523085776 0.268849693005 -0.646250086397 -1.37136335088 -1.73649387051
 -1.46208735918 0.231247729476 1.17642507910 0.318571061810 -0.743697331072 -1.44473287785 -1.72041301251
 -1.47613097603 0.263316843445 1.24980147102 0.169008380963 -0.923663207232 -1.53492744576 -1.69321284353
 -1.26690539567 0.574791462344 1.12207952277 0.0767221685887 -0.982953718339 -1.51565598634 -1.62610833747
 -1.17196677109 0.647662974229 1.08069987509 0.00217523799368 -0.944563659914 -1.45079235221 -1.57493459571
 -0.716017512960 1.09481645492 0.643699565184 -0.224388509625 -0.977664662184 -1.43141695209 -1.58475657008
 -0.557017183227 1.19367476179 0.534546419759 -0.399317654737 -1.09603067337 -1.49862926010 -1.64600282183
 -0.327170776050 1.15884717802 0.582269835923 -0.459864744966 -1.21294170311 -1.61225896684 -1.74550112339
 -0.407900378728 1.14086176596 0.685544449311 -0.495762938391 -1.31954000887 -1.71060821028 -1.81082891012
 -0.240114927289 0.842586607702 1.00226526274 -0.523431922332 -1.42437590707 -1.77325569100 -1.80954722407
 -0.171615636081 1.07714284497 0.724799711790 -0.515081581707 -1.41029127596 -1.81129840952 -1.88298245554
 -0.355810629386 0.560235096445 1.10334707851 -0.0816057513981 -1.19213169517 -1.77755448647 -1.96745079711
 -0.0919613213140 0.696942021387 0.639263703412 0.311065725775 -0.722238429173 -1.58751002095 -2.03873258002
 -0.888485301915 0.756661914733 0.867755438677 0.177037469227 -0.628969617109 -1.47416417436 -2.11838696472
 -1.39482751035 0.265470512509 1.14647269360 0.389521011693 -0.681091659558 -1.56677109021 -2.20771604611
 -1.53071766832 0.0230675873956 1.24426503249 0.433553135941 -0.755128293769 -1.73018261960 -2.30289371520
 -1.42454343270 0.234160768301 0.819232772265 0.886138689911 -0.615201794398 -1.79109058370 -2.36743823807
 -1.38055052518 1.11741885140 0.672459736838 0.0908248330767 -0.925218707896 -1.87442798320 -2.43507053526
 -1.64212212994 0.618597842394 1.18900273714 0.0873062166609 -1.03288515586 -1.96753727904 -2.53460252976
 -1.90114401884 -0.109850280426 1.40295091368 0.280583691502 -1.02533353015 -2.03855109205 -2.59489611021
 -1.79454937859 -0.0513574965569 1.10241484554 0.807780942447 -0.854042940389 -2.04246635246 -2.60227027342
 -1.61270755329 0.122682413525 1.34584715620 0.258514462491 -1.09175661910 -2.08933984070 -2.59980521989
 -1.15013432194 1.10960180334 0.851911305219 -0.188232883232 -1.25922138285 -2.12802898850 -2.59341957966
 -1.03869660569 1.05522616813 0.941150901310 -0.263790928083 -1.37258041425 -2.16727810550 -2.59755975156
 -0.828477477497 1.07957814945 0.877025039636 -0.263163252733 -1.34659745081 -2.17282493391 -2.61026708370
 -0.924498264273 0.997612727959 0.928095531254 -0.110602286420 -1.27307067418 -2.16427586857 -2.63548592903
 -1.09345917254 0.441683673053 1.27219211525 0.0631339004623 -1.23048724129 -2.17408475320 -2.66037199314
 -1.25514453588 0.213684568676 1.33967538060 0.165466401534 -1.21051375385 -2.18685067939 -2.67840925651
# log_selcoffs_fsh[4]:
 -6.29383989837 -5.08903976718 -3.84431510610 -2.51098846212 -1.11139320697 0.169384086766 1.01989958998 1.10668340178 0.456473009859
 -6.27867489800 -5.07202297215 -3.82361676514 -2.45530605273 -1.02084190746 0.237446233088 1.03250177076 1.05295478482 0.458488128779
 -6.23016262985 -5.02712489114 -3.79565357284 -2.48147451502 -1.09173274093 0.168332932061 1.00900753774 1.08232708277 0.514022178366
 -6.14112014521 -4.93560774795 -3.72271416734 -2.47334728514 -1.16399308967 0.0579847287061 0.936053988912 1.12035341481 0.638911603646
 -6.04115372982 -4.81886112382 -3.60372829069 -2.39310232745 -1.14394504190 0.0387955930685 0.876393961938 1.09367858114 0.753961127899
 -5.94199346694 -4.73969418264 -3.52402409571 -2.29746151208 -1.12818429306 -0.0470871943533 0.804651528586 1.10396206864 0.845440525590
 -5.82712376542 -4.64488027864 -3.44114028534 -2.20420681275 -1.04807866465 -0.0195664235652 0.755319682195 1.05862517479 0.917547899627
 -5.69904174199 -4.51047854514 -3.35176913228 -2.15830916024 -1.01312597362 -0.0357858857934 0.730054783533 1.04279601792 0.953529886507
 -5.57343681895 -4.33603178295 -3.20411486825 -2.14902628316 -1.07919123108 -0.0736260089714 0.720150916345 1.04534295238 0.977542092436
 -5.44572873403 -4.20829599358 -3.01510398678 -1.92169893043 -0.971056677926 -0.0779718080165 0.638422305841 1.01345242472 1.04139066362
 -5.34489486473 -4.10085992675 -2.90405600260 -1.78705801223 -0.784728544209 0.0235631935300 0.621395995947 0.938824643558 1.05006283142
 -5.27263016860 -3.98578583122 -2.77745751712 -1.69116965408 -0.696322095811 0.133952545558 0.641734453271 0.897296585261 1.00624199980
 -5.20876373968 -3.83224628350 -2.55243713567 -1.50691721956 -0.655644828181 0.118740997422 0.674729253955 0.888697867281 0.968024898762
 -5.13667542138 -3.63789654119 -2.17336288129 -1.08413152851 -0.405768757157 0.117042498700 0.549497525481 0.838265286243 0.985988214618
 -5.04839615251 -3.47000848749 -1.91634525094 -0.751151080384 -0.154918169741 0.150411465428 0.429416052907 0.751645598595 0.981273792318
 -4.94258277815 -3.31835519217 -1.68084861622 -0.493137114628 -0.0839255819840 0.115660383143 0.363207679140 0.692883091452 0.985894280943
 -4.86667714782 -3.27625435359 -1.68340236168 -0.490807105150 -0.0775428212391 0.160136748949 0.389681182193 0.672675746424 0.963791145874
 -4.80748533624 -3.35359187525 -2.01377467937 -0.982409559754 -0.256100646986 0.334658080713 0.597107591241 0.701975359003 0.893171275622
 -4.71435722740 -3.37662902148 -2.15786794352 -1.20224904575 -0.457357609060 0.193917082038 0.604049488180 0.827673009655 0.946367011888
 -4.65654522877 -3.38563052066 -2.24428468370 -1.32823738246 -0.640276599416 0.00217021124549 0.612720632944 0.941215923661 0.973742973931
 -4.58041532090 -3.31493760255 -2.17018790435 -1.35150607847 -0.719703873933 -0.158579569562 0.455946251733 0.994339725458 1.08503752464
 -4.49100856497 -3.20644895402 -1.89242290697 -1.18124329892 -0.722307057342 -0.169537762929 0.358216350968 0.844706572923 1.22463734812
 -4.40048782641 -3.26079031758 -2.16117421736 -1.28501785583 -0.677014464514 -0.104878442374 0.353475089045 0.805667231949 1.24897646744
 -4.26191720196 -3.18440921855 -2.19217670572 -1.33993729051 -0.688805830944 -0.150185403399 0.293905465215 0.774257371163 1.30768523648
 -4.21344657339 -3.13562071024 -2.06435104559 -1.14325697445 -0.493615096558 0.0669143329232 0.458297296989 0.793982759787 1.10620474263
 -4.02129658367 -2.88678446204 -1.69129467623 -0.930586684421 -0.526118766982 -0.0371716777182 0.434414756291 0.817600434705 1.09332843164
 -3.73478096074 -2.69500899400 -1.63483861121 -0.882176062693 -0.451877232160 -0.0788918731819 0.373757096087 0.820756791433 1.10318179428
 -3.30694870102 -2.36943534660 -1.48423425389 -0.803667242485 -0.427650445030 -0.136201909780 0.172927383824 0.698609697037 1.24445374709
 -2.75760073382 -1.93717067529 -1.31376843231 -0.835700522346 -0.556074032955 -0.349878328621 0.0419011602100 0.637790798923 1.35499773617
 -2.80614256645 -2.13915556473 -1.29378454671 -0.722733468703 -0.530025018471 -0.402341238215 -0.0550163531290 0.633635329868 1.37974600793
 -2.53960832645 -1.94035164243 -1.59727780522 -1.07291603693 -0.669777118761 -0.444814442079 -0.0184648545582 0.645304890594 1.43316696959
 -2.54170025385 -2.01270351391 -1.57341670223 -1.12100401205 -0.743382456443 -0.428597272887 0.0401083804038 0.728404289734 1.38997056366
# log_sel_spl_fsh[1]:
 0.00000000000 0.00000000000 0.00000000000 0.00000000000
 0.00000000000 0.00000000000 0.00000000000 0.00000000000
 0.00000000000 0.00000000000 0.00000000000 0.00000000000
 0.00000000000 0.00000000000 0.00000000000 0.00000000000
 0.00000000000 0.00000000000 0.00000000000 0.00000000000
 0.00000000000 0.00000000000 0.00000000000 0.00000000000
 0.00000000000 0.00000000000 0.00000000000 0.00000000000
 0.00000000000 0.00000000000 0.00000000000 0.00000000000
 0.00000000000 0.00000000000 0.00000000000 0.00000000000
 0.00000000000 0.00000000000 0.00000000000 0.00000000000
 0.00000000000 0.00000000000 0.00000000000 0.00000000000
 0.00000000000 0.00000000000 0.00000000000 0.00000000000
 0.00000000000 0.00000000000 0.00000000000 0.00000000000
 0.00000000000 0.00000000000 0.00000000000 0.00000000000
 0.00000000000 0.00000000000 0.00000000000 0.00000000000
 0.00000000000 0.00000000000 0.00000000000 0.00000000000
 0.00000000000 0.00000000000 0.00000000000 0.00000000000
 0.00000000000 0.00000000000 0.00000000000 0.00000000000
 0.00000000000 0.00000000000 0.00000000000 0.00000000000
 0.00000000000 0.00000000000 0.00000000000 0.00000000000
 0.00000000000 0.00000000000 0.00000000000 0.00000000000
 0.00000000000 0.00000000000 0.00000000000 0.00000000000
 0.00000000000 0.00000000000 0.00000000000 0.00000000000
 0.00000000000 0.00000000000 0.00000000000 0.00000000000
 0.00000000000 0.00000000000 0.00000000000 0.00000000000
 0.00000000000 0.00000000000 0.00000000000 0.00000000000
 0.00000000000 0.00000000000 0.00000000000 0.00000000000
 0.00000000000 0.00000000000 0.00000000000 0.00000000000
 0.00000000000 0.00000000000 0.00000000000 0.00000000000
 0.00000000000 0.00000000000 0.00000000000 0.00000000000
 0.00000000000 0.00000000000 0.00000000000 0.00000000000
 0.00000000000 0.00000000000 0.00000000000 0.00000000000
 0.00000000000 0.00000000000 0.00000000000 0.00000000000
 0.00000000000 0.00000000000 0.00000000000 0.00000000000
 0.00000000000 0.00000000000 0.00000000000 0.00000000000
 0.00000000000 0.00000000000 0.00000000000 0.00000000000
 0.00000000000 0.00000000000 0.00000000000 0.00000000000
# log_sel_spl_fsh[2]:
 0.00000000000 0.00000000000 0.00000000000 0.00000000000
 0.00000000000 0.00000000000 0.00000000000 0.00000000000
 0.00000000000 0.00000000000 0.00000000000 0.00000000000
 0.00000000000 0.00000000000 0.00000000000 0.00000000000
 0.00000000000 0.00000000000 0.00000000000 0.00000000000
 0.00000000000 0.00000000000 0.00000000000 0.00000000000
 0.00000000000 0.00000000000 0.00000000000 0.00000000000
 0.00000000000 0.00000000000 0.00000000000 0.00000000000
 0.00000000000 0.00000000000 0.00000000000 0.00000000000
 0.00000000000 0.00000000000 0.00000000000 0.00000000000
 0.00000000000 0.00000000000 0.00000000000 0.00000000000
 0.00000000000 0.00000000000 0.00000000000 0.00000000000
 0.00000000000 0.00000000000 0.00000000000 0.00000000000
 0.00000000000 0.00000000000 0.00000000000 0.00000000000
 0.00000000000 0.00000000000 0.00000000000 0.00000000000
 0.00000000000 0.00000000000 0.00000000000 0.00000000000
 0.00000000000 0.00000000000 0.00000000000 0.00000000000
 0.00000000000 0.00000000000 0.00000000000 0.00000000000
 0.00000000000 0.00000000000 0.00000000000 0.00000000000
 0.00000000000 0.00000000000 0.00000000000 0.00000000000
 0.00000000000 0.00000000000 0.00000000000 0.00000000000
 0.00000000000 0.00000000000 0.00000000000 0.00000000000
 0.00000000000 0.00000000000 0.00000000000 0.00000000000
 0.00000000000 0.00000000000 0.00000000000 0.00000000000
 0.00000000000 0.00000000000 0.00000000000 0.00000000000
 0.00000000000 0.00000000000 0.00000000000 0.00000000000
 0.00000000000 0.00000000000 0.00000000000 0.00000000000
 0.00000000000 0.00000000000 0.00000000000 0.00000000000
 0.00000000000 0.00000000000 0.00000000000 0.00000000000
 0.00000000000 0.00000000000 0.00000000000 0.00000000000
 0.00000000000 0.00000000000 0.00000000000 0.00000000000
 0.00000000000 0.00000000000 0.00000000000 0.00000000000
 0.00000000000 0.00000000000 0.00000000000 0.00000000000
 0.00000000000 0.00000000000 0.00000000000 0.00000000000
 0.00000000000 0.00000000000 0.00000000000 0.00000000000
 0.00000000000 0.00000000000 0.00000000000 0.00000000000
 0.00000000000 0.00000000000 0.00000000000 0.00000000000
 0.00000000000 0.00000000000 0.00000000000 0.00000000000
# log_sel_spl_fsh[3]:
 0.00000000000 0.00000000000 0.00000000000 0.00000000000
 0.00000000000 0.00000000000 0.00000000000 0.00000000000
 0.00000000000 0.00000000000 0.00000000000 0.00000000000
 0.00000000000 0.00000000000 0.00000000000 0.00000000000
 0.00000000000 0.00000000000 0.00000000000 0.00000000000
 0.00000000000 0.00000000000 0.00000000000 0.00000000000
 0.00000000000 0.00000000000 0.00000000000 0.00000000000
 0.00000000000 0.00000000000 0.00000000000 0.00000000000
 0.00000000000 0.00000000000 0.00000000000 0.00000000000
 0.00000000000 0.00000000000 0.00000000000 0.00000000000
 0.00000000000 0.00000000000 0.00000000000 0.00000000000
 0.00000000000 0.00000000000 0.00000000000 0.00000000000
 0.00000000000 0.00000000000 0.00000000000 0.00000000000
 0.00000000000 0.00000000000 0.00000000000 0.00000000000
 0.00000000000 0.00000000000 0.00000000000 0.00000000000
 0.00000000000 0.00000000000 0.00000000000 0.00000000000
 0.00000000000 0.00000000000 0.00000000000 0.00000000000
 0.00000000000 0.00000000000 0.00000000000 0.00000000000
 0.00000000000 0.00000000000 0.00000000000 0.00000000000
 0.00000000000 0.00000000000 0.00000000000 0.00000000000
 0.00000000000 0.00000000000 0.00000000000 0.00000000000
 0.00000000000 0.00000000000 0.00000000000 0.00000000000
 0.00000000000 0.00000000000 0.00000000000 0.00000000000
 0.00000000000 0.00000000000 0.00000000000 0.00000000000
 0.00000000000 0.00000000000 0.00000000000 0.00000000000
 0.00000000000 0.00000000000 0.00000000000 0.00000000000
 0.00000000000 0.00000000000 0.00000000000 0.00000000000
 0.00000000000 0.00000000000 0.00000000000 0.00000000000
 0.00000000000 0.00000000000 0.00000000000 0.00000000000
 0.00000000000 0.00000000000 0.00000000000 0.00000000000
 0.00000000000 0.00000000000 0.00000000000 0.00000000000
 0.00000000000 0.00000000000 0.00000000000 0.00000000000
 0.00000000000 0.00000000000 0.00000000000 0.00000000000
 0.00000000000 0.00000000000 0.00000000000 0.00000000000
 0.00000000000 0.00000000000 0.00000000000 0.00000000000
 0.00000000000 0.00000000000 0.00000000000 0.00000000000
 0.00000000000 0.00000000000 0.00000000000 0.00000000000
 0.00000000000 0.00000000000 0.00000000000 0.00000000000
 0.00000000000 0.00000000000 0.00000000000 0.00000000000
 0.00000000000 0.00000000000 0.00000000000 0.00000000000
 0.00000000000 0.00000000000 0.00000000000 0.00000000000
# log_sel_spl_fsh[4]:
 0.00000000000 0.00000000000 0.00000000000 0.00000000000
 0.00000000000 0.00000000000 0.00000000000 0.00000000000
 0.00000000000 0.00000000000 0.00000000000 0.00000000000
 0.00000000000 0.00000000000 0.00000000000 0.00000000000
 0.00000000000 0.00000000000 0.00000000000 0.00000000000
 0.00000000000 0.00000000000 0.00000000000 0.00000000000
 0.00000000000 0.00000000000 0.00000000000 0.00000000000
 0.00000000000 0.00000000000 0.00000000000 0.00000000000
 0.00000000000 0.00000000000 0.00000000000 0.00000000000
 0.00000000000 0.00000000000 0.00000000000 0.00000000000
 0.00000000000 0.00000000000 0.00000000000 0.00000000000
 0.00000000000 0.00000000000 0.00000000000 0.00000000000
 0.00000000000 0.00000000000 0.00000000000 0.00000000000
 0.00000000000 0.00000000000 0.00000000000 0.00000000000
 0.00000000000 0.00000000000 0.00000000000 0.00000000000
 0.00000000000 0.00000000000 0.00000000000 0.00000000000
 0.00000000000 0.00000000000 0.00000000000 0.00000000000
 0.00000000000 0.00000000000 0.00000000000 0.00000000000
 0.00000000000 0.00000000000 0.00000000000 0.00000000000
 0.00000000000 0.00000000000 0.00000000000 0.00000000000
 0.00000000000 0.00000000000 0.00000000000 0.00000000000
 0.00000000000 0.00000000000 0.00000000000 0.00000000000
 0.00000000000 0.00000000000 0.00000000000 0.00000000000
 0.00000000000 0.00000000000 0.00000000000 0.00000000000
 0.00000000000 0.00000000000 0.00000000000 0.00000000000
 0.00000000000 0.00000000000 0.00000000000 0.00000000000
 0.00000000000 0.00000000000 0.00000000000 0.00000000000
 0.00000000000 0.00000000000 0.00000000000 0.00000000000
 0.00000000000 0.00000000000 0.00000000000 0.00000000000
 0.00000000000 0.00000000000 0.00000000000 0.00000000000
 0.00000000000 0.00000000000 0.00000000000 0.00000000000
 0.00000000000 0.00000000000 0.00000000000 0.00000000000
# logsel_slope_fsh[1]:
 0.00000000000 0.00000000000 0.00000000000 0.00000000000 0.00000000000 0.00000000000 0.00000000000 0.00000000000 0.00000000000 0.00000000000 0.00000000000 0.00000000000 0.00000000000 0.00000000000 0.00000000000 0.00000000000 0.00000000000 0.00000000000 0.00000000000 0.00000000000 0.00000000000 0.00000000000 0.00000000000 0.00000000000 0.00000000000 0.00000000000 0.00000000000 0.00000000000 0.00000000000 0.00000000000 0.00000000000 0.00000000000 0.00000000000 0.00000000000 0.00000000000 0.00000000000 0.00000000000
# logsel_slope_fsh[2]:
 0.00000000000 0.00000000000 0.00000000000 0.00000000000 0.00000000000 0.00000000000 0.00000000000 0.00000000000 0.00000000000 0.00000000000 0.00000000000 0.00000000000 0.00000000000 0.00000000000 0.00000000000 0.00000000000 0.00000000000 0.00000000000 0.00000000000 0.00000000000 0.00000000000 0.00000000000 0.00000000000 0.00000000000 0.00000000000 0.00000000000 0.00000000000 0.00000000000 0.00000000000 0.00000000000 0.00000000000 0.00000000000 0.00000000000 0.00000000000 0.00000000000 0.00000000000 0.00000000000 0.00000000000
# logsel_slope_fsh[3]:
 0.00000000000 0.00000000000 0.00000000000 0.00000000000 0.00000000000 0.00000000000 0.00000000000 0.00000000000 0.00000000000 0.00000000000 0.00000000000 0.00000000000 0.00000000000 0.00000000000 0.00000000000 0.00000000000 0.00000000000 0.00000000000 0.00000000000 0.00000000000 0.00000000000 0.00000000000 0.00000000000 0.00000000000 0.00000000000 0.00000000000 0.00000000000 0.00000000000 0.00000000000 0.00000000000 0.00000000000 0.00000000000 0.00000000000 0.00000000000 0.00000000000 0.00000000000 0.00000000000 0.00000000000 0.00000000000 0.00000000000 0.00000000000
# logsel_slope_fsh[4]:
 0.00000000000 0.00000000000 0.00000000000 0.00000000000 0.00000000000 0.00000000000 0.00000000000 0.00000000000 0.00000000000 0.00000000000 0.00000000000 0.00000000000 0.00000000000 0.00000000000 0.00000000000 0.00000000000 0.00000000000 0.00000000000 0.00000000000 0.00000000000 0.00000000000 0.00000000000 0.00000000000 0.00000000000 0.00000000000 0.00000000000 0.00000000000 0.00000000000 0.00000000000 0.00000000000 0.00000000000 0.00000000000
# sel50_fsh[1]:
 0.00000000000 0.00000000000 0.00000000000 0.00000000000 0.00000000000 0.00000000000 0.00000000000 0.00000000000 0.00000000000 0.00000000000 0.00000000000 0.00000000000 0.00000000000 0.00000000000 0.00000000000 0.00000000000 0.00000000000 0.00000000000 0.00000000000 0.00000000000 0.00000000000 0.00000000000 0.00000000000 0.00000000000 0.00000000000 0.00000000000 0.00000000000 0.00000000000 0.00000000000 0.00000000000 0.00000000000 0.00000000000 0.00000000000 0.00000000000 0.00000000000 0.00000000000 0.00000000000
# sel50_fsh[2]:
 0.00000000000 0.00000000000 0.00000000000 0.00000000000 0.00000000000 0.00000000000 0.00000000000 0.00000000000 0.00000000000 0.00000000000 0.00000000000 0.00000000000 0.00000000000 0.00000000000 0.00000000000 0.00000000000 0.00000000000 0.00000000000 0.00000000000 0.00000000000 0.00000000000 0.00000000000 0.00000000000 0.00000000000 0.00000000000 0.00000000000 0.00000000000 0.00000000000 0.00000000000 0.00000000000 0.00000000000 0.00000000000 0.00000000000 0.00000000000 0.00000000000 0.00000000000 0.00000000000 0.00000000000
# sel50_fsh[3]:
 0.00000000000 0.00000000000 0.00000000000 0.00000000000 0.00000000000 0.00000000000 0.00000000000 0.00000000000 0.00000000000 0.00000000000 0.00000000000 0.00000000000 0.00000000000 0.00000000000 0.00000000000 0.00000000000 0.00000000000 0.00000000000 0.00000000000 0.00000000000 0.00000000000 0.00000000000 0.00000000000 0.00000000000 0.00000000000 0.00000000000 0.00000000000 0.00000000000 0.00000000000 0.00000000000 0.00000000000 0.00000000000 0.00000000000 0.00000000000 0.00000000000 0.00000000000 0.00000000000 0.00000000000 0.00000000000 0.00000000000 0.00000000000
# sel50_fsh[4]:
 0.00000000000 0.00000000000 0.00000000000 0.00000000000 0.00000000000 0.00000000000 0.00000000000 0.00000000000 0.00000000000 0.00000000000 0.00000000000 0.00000000000 0.00000000000 0.00000000000 0.00000000000 0.00000000000 0.00000000000 0.00000000000 0.00000000000 0.00000000000 0.00000000000 0.00000000000 0.00000000000 0.00000000000 0.00000000000 0.00000000000 0.00000000000 0.00000000000 0.00000000000 0.00000000000 0.00000000000 0.00000000000
# logsel_p1_fsh[1]:
 0.00000000000 0.00000000000 0.00000000000 0.00000000000 0.00000000000 0.00000000000 0.00000000000 0.00000000000 0.00000000000 0.00000000000 0.00000000000 0.00000000000 0.00000000000 0.00000000000 0.00000000000 0.00000000000 0.00000000000 0.00000000000 0.00000000000 0.00000000000 0.00000000000 0.00000000000 0.00000000000 0.00000000000 0.00000000000 0.00000000000 0.00000000000 0.00000000000 0.00000000000 0.00000000000 0.00000000000 0.00000000000 0.00000000000 0.00000000000 0.00000000000 0.00000000000 0.00000000000
# logsel_p1_fsh[2]:
 0.00000000000 0.00000000000 0.00000000000 0.00000000000 0.00000000000 0.00000000000 0.00000000000 0.00000000000 0.00000000000 0.00000000000 0.00000000000 0.00000000000 0.00000000000 0.00000000000 0.00000000000 0.00000000000 0.00000000000 0.00000000000 0.00000000000 0.00000000000 0.00000000000 0.00000000000 0.00000000000 0.00000000000 0.00000000000 0.00000000000 0.00000000000 0.00000000000 0.00000000000 0.00000000000 0.00000000000 0.00000000000 0.00000000000 0.00000000000 0.00000000000 0.00000000000 0.00000000000 0.00000000000
# logsel_p1_fsh[3]:
 0.00000000000 0.00000000000 0.00000000000 0.00000000000 0.00000000000 0.00000000000 0.00000000000 0.00000000000 0.00000000000 0.00000000000 0.00000000000 0.00000000000 0.00000000000 0.00000000000 0.00000000000 0.00000000000 0.00000000000 0.00000000000 0.00000000000 0.00000000000 0.00000000000 0.00000000000 0.00000000000 0.00000000000 0.00000000000 0.00000000000 0.00000000000 0.00000000000 0.00000000000 0.00000000000 0.00000000000 0.00000000000 0.00000000000 0.00000000000 0.00000000000 0.00000000000 0.00000000000 0.00000000000 0.00000000000 0.00000000000 0.00000000000
# logsel_p1_fsh[4]:
 0.00000000000 0.00000000000 0.00000000000 0.00000000000 0.00000000000 0.00000000000 0.00000000000 0.00000000000 0.00000000000 0.00000000000 0.00000000000 0.00000000000 0.00000000000 0.00000000000 0.00000000000 0.00000000000 0.00000000000 0.00000000000 0.00000000000 0.00000000000 0.00000000000 0.00000000000 0.00000000000 0.00000000000 0.00000000000 0.00000000000 0.00000000000 0.00000000000 0.00000000000 0.00000000000 0.00000000000 0.00000000000
# sel_p2_fsh[1]:
 0.00000000000 0.00000000000 0.00000000000 0.00000000000 0.00000000000 0.00000000000 0.00000000000 0.00000000000 0.00000000000 0.00000000000 0.00000000000 0.00000000000 0.00000000000 0.00000000000 0.00000000000 0.00000000000 0.00000000000 0.00000000000 0.00000000000 0.00000000000 0.00000000000 0.00000000000 0.00000000000 0.00000000000 0.00000000000 0.00000000000 0.00000000000 0.00000000000 0.00000000000 0.00000000000 0.00000000000 0.00000000000 0.00000000000 0.00000000000 0.00000000000 0.00000000000 0.00000000000
# sel_p2_fsh[2]:
 0.00000000000 0.00000000000 0.00000000000 0.00000000000 0.00000000000 0.00000000000 0.00000000000 0.00000000000 0.00000000000 0.00000000000 0.00000000000 0.00000000000 0.00000000000 0.00000000000 0.00000000000 0.00000000000 0.00000000000 0.00000000000 0.00000000000 0.00000000000 0.00000000000 0.00000000000 0.00000000000 0.00000000000 0.00000000000 0.00000000000 0.00000000000 0.00000000000 0.00000000000 0.00000000000 0.00000000000 0.00000000000 0.00000000000 0.00000000000 0.00000000000 0.00000000000 0.00000000000 0.00000000000
# sel_p2_fsh[3]:
 0.00000000000 0.00000000000 0.00000000000 0.00000000000 0.00000000000 0.00000000000 0.00000000000 0.00000000000 0.00000000000 0.00000000000 0.00000000000 0.00000000000 0.00000000000 0.00000000000 0.00000000000 0.00000000000 0.00000000000 0.00000000000 0.00000000000 0.00000000000 0.00000000000 0.00000000000 0.00000000000 0.00000000000 0.00000000000 0.00000000000 0.00000000000 0.00000000000 0.00000000000 0.00000000000 0.00000000000 0.00000000000 0.00000000000 0.00000000000 0.00000000000 0.00000000000 0.00000000000 0.00000000000 0.00000000000 0.00000000000 0.00000000000
# sel_p2_fsh[4]:
 0.00000000000 0.00000000000 0.00000000000 0.00000000000 0.00000000000 0.00000000000 0.00000000000 0.00000000000 0.00000000000 0.00000000000 0.00000000000 0.00000000000 0.00000000000 0.00000000000 0.00000000000 0.00000000000 0.00000000000 0.00000000000 0.00000000000 0.00000000000 0.00000000000 0.00000000000 0.00000000000 0.00000000000 0.00000000000 0.00000000000 0.00000000000 0.00000000000 0.00000000000 0.00000000000 0.00000000000 0.00000000000
# logsel_p3_fsh[1]:
 0.00000000000 0.00000000000 0.00000000000 0.00000000000 0.00000000000 0.00000000000 0.00000000000 0.00000000000 0.00000000000 0.00000000000 0.00000000000 0.00000000000 0.00000000000 0.00000000000 0.00000000000 0.00000000000 0.00000000000 0.00000000000 0.00000000000 0.00000000000 0.00000000000 0.00000000000 0.00000000000 0.00000000000 0.00000000000 0.00000000000 0.00000000000 0.00000000000 0.00000000000 0.00000000000 0.00000000000 0.00000000000 0.00000000000 0.00000000000 0.00000000000 0.00000000000 0.00000000000
# logsel_p3_fsh[2]:
 0.00000000000 0.00000000000 0.00000000000 0.00000000000 0.00000000000 0.00000000000 0.00000000000 0.00000000000 0.00000000000 0.00000000000 0.00000000000 0.00000000000 0.00000000000 0.00000000000 0.00000000000 0.00000000000 0.00000000000 0.00000000000 0.00000000000 0.00000000000 0.00000000000 0.00000000000 0.00000000000 0.00000000000 0.00000000000 0.00000000000 0.00000000000 0.00000000000 0.00000000000 0.00000000000 0.00000000000 0.00000000000 0.00000000000 0.00000000000 0.00000000000 0.00000000000 0.00000000000 0.00000000000
# logsel_p3_fsh[3]:
 0.00000000000 0.00000000000 0.00000000000 0.00000000000 0.00000000000 0.00000000000 0.00000000000 0.00000000000 0.00000000000 0.00000000000 0.00000000000 0.00000000000 0.00000000000 0.00000000000 0.00000000000 0.00000000000 0.00000000000 0.00000000000 0.00000000000 0.00000000000 0.00000000000 0.00000000000 0.00000000000 0.00000000000 0.00000000000 0.00000000000 0.00000000000 0.00000000000 0.00000000000 0.00000000000 0.00000000000 0.00000000000 0.00000000000 0.00000000000 0.00000000000 0.00000000000 0.00000000000 0.00000000000 0.00000000000 0.00000000000 0.00000000000
# logsel_p3_fsh[4]:
 0.00000000000 0.00000000000 0.00000000000 0.00000000000 0.00000000000 0.00000000000 0.00000000000 0.00000000000 0.00000000000 0.00000000000 0.00000000000 0.00000000000 0.00000000000 0.00000000000 0.00000000000 0.00000000000 0.00000000000 0.00000000000 0.00000000000 0.00000000000 0.00000000000 0.00000000000 0.00000000000 0.00000000000 0.00000000000 0.00000000000 0.00000000000 0.00000000000 0.00000000000 0.00000000000 0.00000000000 0.00000000000
# rec_dev_future:
 0.00000000000 0.00000000000 0.00000000000 0.00000000000 0.00000000000 0.00000000000 0.00000000000 0.00000000000 0.00000000000 0.00000000000 0.00000000000 0.00000000000 0.00000000000 0.00000000000 0.00000000000 0.00000000000 0.00000000000 0.00000000000 0.00000000000 0.00000000000
# log_q_ind[1]:
-0.0895802845140
# log_q_ind[2]:
-2.96759677679
# log_q_ind[3]:
-9.53189464803
# log_q_ind[4]:
-0.692121622376
# log_q_ind[5]:
-6.18739066241
# log_q_ind[6]:
-8.44979343900
# log_q_ind[7]:
-1.01694681145
# log_q_power_ind[1]:
0.00000000000
# log_q_power_ind[2]:
0.00000000000
# log_q_power_ind[3]:
0.00000000000
# log_q_power_ind[4]:
0.00000000000
# log_q_power_ind[5]:
0.00000000000
# log_q_power_ind[6]:
0.00000000000
# log_q_power_ind[7]:
0.00000000000
# log_rw_q_ind[1]:
 -1.07940492082
# log_rw_q_ind[3]:
 -0.396209847423
# log_selcoffs_ind[1]:
 -3.16877677545 -1.99549059605 -0.875489353727 -0.0239735999946 0.403898595687 0.508014919033 0.424696847101 0.291766082945 0.197569931048 0.168081199822
 -3.14517615587 -2.27044576230 -1.42584129386 -0.649117192471 0.00180523463425 0.439458932551 0.605898044990 0.558998013526 0.437567042474 0.341059186408
# log_selcoffs_ind[2]:
 -1.34930967161 -0.654966678590 -0.170450220185 0.0357536959233 0.00479365849893 -0.0178798764977 0.0614015375455 0.226726794867 0.383047455768 0.450942511990
 -1.17321745323 -0.542495994595 -0.166231116289 0.0894450957188 0.196271700282 0.198101200978 0.163681788216 0.148723249558 0.166334391185 0.193767726892
 -1.21451112124 -0.539596021586 -0.0617304993929 0.254018949606 0.340519634885 0.263182267138 0.129126260007 0.0276603647954 -0.00258603699455 0.0205762089465
# log_selcoffs_ind[3]:
 -0.202940821038 0.0202027052767 0.0202027052767 0.0202027052767 0.0202027052767 0.0202027052767 0.0202027052767 0.0202027052767 0.0202027052767 0.0202027052767
# log_selcoffs_ind[4]:
 -2.68700105399 -1.67399574155 -0.800337064295 -0.240635583125 0.00293422869372 0.153925157989 0.290295828344 0.420588897685 0.522795514661 0.584087481298
 -3.31623491666 -2.42308996764 -1.55000594696 -0.797802893032 -0.233276608382 0.171004569265 0.443056636416 0.611414775954 0.655573956316 0.645701053109
# log_selcoffs_ind[5]:
 -3.04452005677 -0.669616569639 0.101782682789 0.174353368097 0.174353368097 0.174353368097 0.174353368097 0.174353368097 0.174353368097 0.174353368097
# log_selcoffs_ind[6]:
 -3.04452005677 -0.669616569639 0.101782682789 0.174353368097 0.174353368097 0.174353368097 0.174353368097 0.174353368097 0.174353368097 0.174353368097
# log_selcoffs_ind[7]:
 -3.04452005677 -0.669616569639 0.101782682789 0.174353368097 0.174353368097 0.174353368097 0.174353368097 0.174353368097 0.174353368097 0.174353368097
# logsel_slope_ind[1]:
 0.00000000000 0.00000000000
# logsel_slope_ind[2]:
 0.00000000000 0.00000000000 0.00000000000
# logsel_slope_ind[3]:
 0.00000000000
# logsel_slope_ind[4]:
 0.00000000000 0.00000000000
# logsel_slope_ind[5]:
 0.00000000000
# logsel_slope_ind[6]:
 0.00000000000
# logsel_slope_ind[7]:
 0.00000000000
# sel50_ind[1]:
 0.00000000000 0.00000000000
# sel50_ind[2]:
 0.00000000000 0.00000000000 0.00000000000
# sel50_ind[3]:
 0.00000000000
# sel50_ind[4]:
 0.00000000000 0.00000000000
# sel50_ind[5]:
 0.00000000000
# sel50_ind[6]:
 0.00000000000
# sel50_ind[7]:
 0.00000000000
# logsel_p1_ind[1]:
 0.00000000000 0.00000000000
# logsel_p1_ind[2]:
 0.00000000000 0.00000000000 0.00000000000
# logsel_p1_ind[3]:
 0.00000000000
# logsel_p1_ind[4]:
 0.00000000000 0.00000000000
# logsel_p1_ind[5]:
 0.00000000000
# logsel_p1_ind[6]:
 0.00000000000
# logsel_p1_ind[7]:
 0.00000000000
# sel_p2_ind[1]:
 0.00000000000 0.00000000000
# sel_p2_ind[2]:
 0.00000000000 0.00000000000 0.00000000000
# sel_p2_ind[3]:
 0.00000000000
# sel_p2_ind[4]:
 0.00000000000 0.00000000000
# sel_p2_ind[5]:
 0.00000000000
# sel_p2_ind[6]:
 0.00000000000
# sel_p2_ind[7]:
 0.00000000000
# logsel_p3_ind[1]:
 0.00000000000 0.00000000000
# logsel_p3_ind[2]:
 0.00000000000 0.00000000000 0.00000000000
# logsel_p3_ind[3]:
 0.00000000000
# logsel_p3_ind[4]:
 0.00000000000 0.00000000000
# logsel_p3_ind[5]:
 0.00000000000
# logsel_p3_ind[6]:
 0.00000000000
# logsel_p3_ind[7]:
 0.00000000000
