# Number of parameters = 1745 Objective function value = 1232.13739818344  Maximum gradient component = 0.000264814878671687
# Mest[1]:
0.280000000000
# log_Linf[1]:
4.29810139974
# log_k[1]:
-1.83258146375
# log_Lo[1]:
2.60712428251
# log_sdage[1]:
-2.40794560865
# mean_log_rec[1]:
9.34419992625
# steepness[1]:
0.650000000000
# log_Rzero[1]:
9.63868692879
# rec_dev:
 -0.0667909255152 -0.0864884436614 -0.111155232747 -0.141788780686 -0.179423584310 -0.224779027227 -0.277212149294 -0.335887722625 -0.402676844975 -0.476902401602 -0.553047418603 -0.619601297582 -0.689183054942 -0.768522347951 -0.877283964797 -0.856967573321 -0.596623060014 -0.398706041677 -0.0215207402043 0.195830309596 0.226735702557 0.258806952744 0.407880688132 0.558005904335 0.895786156584 0.609190756666 0.789625909525 1.60139154064 1.52335014193 0.809058704224 0.281759823586 0.410574859087 0.675038245238 0.780091308380 0.226974935827 0.311360703916 0.250959557324 0.264430193498 0.417088541684 0.379706052887 0.605348785408 0.542949797055 0.536873368397 0.434748521356 -0.0582867175803 -0.170678037260 -0.0800798450261 -0.576603857384 -1.62880686470 -0.626748332004 -0.193033402396 -0.781938358282 -1.08997332855 -1.22364090469 -1.12764174200 -0.591349447900 -0.503754049622 0.0903068148416 0.570323303051 0.815141057337 0.408075549386 -0.452321716036 0.219471114072 -0.416850495251
# log_sigmar[1]:
-0.510825623766
# fmort:
 -4.79017967747 -4.36895590370 -5.09307855110 -4.76383163691 -3.99024906649 -3.65440318543 -3.32577977461 -3.33433876336 -2.62842888094 -2.70134893731 -2.97069141713 -2.59055562125 -1.86406867317 -2.84167538338 -2.03262245565 -2.64505079891 -5.07417640747 -3.77159502881 -4.18331614308 -4.29815706388 -4.36821143018 -4.03601965577 -3.95247089671 -3.76907205811 -4.21394913133 -3.93918542163 -3.52791542214 -4.53870162474 -5.70609677447 -5.07480885004 -4.65102659312 -3.92489797746 -4.76783093106 -4.31503004399 -4.19889443114 -3.80911947400 -3.72342910484 -3.20794966362 -2.61021858284 -2.95157999802 -2.68583760596 -4.22246895960 -5.07660684450 -4.51935665153 -4.45554765595 -4.14773028735 -4.52502102215 -4.18546469892 -5.38634465897 -5.69658489377 -4.54680812908 -4.62013688404 -4.84337294604
 -7.18602264537 -6.73769620386 -6.25661530867 -5.65137911894 -5.85414995088 -5.13494627670 -4.61297135677 -4.26528130394 -3.77487702769 -3.55617420198 -3.43290117237 -2.68129151297 -2.45505166184 -2.75998329269 -2.36305651455 -1.98228323705 -1.80692484932 -1.48325588381 -1.28775822520 -1.14833959451 -1.14296369320 -0.910158551045 -0.611675369736 -0.578505231844 -0.380250162588 -0.0922389424790 -0.115658129049 -0.103529966844 -0.590347042143 -1.00653560390 -1.25082578083 -1.04470243057 -0.952979825178 -1.03341979798 -1.05276883494 -1.07022295560 -1.01174487212 -0.762880094589 -0.830677047836 -0.439731524733 -0.901206779285 -1.27112130734 -1.69419679888 -1.85995872673 -1.83832830171 -1.67174036850 -1.68886282061 -1.68438985037 -1.56142823502 -1.69223037456 -1.78433288153 -1.83330432238 -1.98141081473
 -8.55844843950 -7.81614027054 -6.91918468873 -6.01890946313 -4.80405097587 -5.91965042725 -5.47352676300 -3.09796519860 -3.37217033036 -3.58542946640 -3.51145504895 -3.56315819212 -4.58883749732 -4.75605553579 -4.41127283434 -5.04017666890 -6.03428506749 -6.12739995200 -4.78646566351 -4.86392013952 -4.81904968880 -5.08671668447 -5.46614396625 -5.25726879240 -4.70775819329 -3.46321924213 -3.09486766735 -2.42727927811 -2.77888482955 -3.86594900401 -3.76095133497 -2.83327774904 -4.48785840590 -4.15859686170 -4.31438373874 -5.03106894725 -3.70194643186 -3.60331498341 -3.62275679076 -3.82000033822 -5.03180575481 -2.92364407399 -3.51061317624 -4.27934027070 -4.32762933095 -5.50397225856 -6.14892453581 -6.97589689294 -5.60618686772 -5.18152955406 -5.48331320216 -5.79853832102 -5.48619565250
 -9.72667580081 -9.66135793481 -7.88905373688 -9.52531618766 -9.44728859593 -9.35896154639 -9.22337709779 -8.33199530743 -5.08168206310 -2.94493861339 -2.89176563132 -2.52850803449 -1.85688831798 -1.57832934389 -1.40828258702 -1.77031327988 -2.03047708760 -2.33794087952 -2.61059648086 -2.81086997078 -2.95470156909 -3.45631111228 -6.01257039073 -9.50864107855 -9.34383708594 -9.07976801635 -8.74747715856 -8.45734578166 -8.34042328501 -8.47174710723 -7.94213855807 -5.99819988653 -4.81106386695 -4.15528552268 -3.45052464609 -3.54374156762 -3.00327512044 -2.46765030190 -2.24745392393 -2.16739806563 -2.29387983000 -3.44398892257 -3.72733835204 -3.72169318276 -3.31959447397 -3.15314045715 -3.64954716316 -3.74048076589 -3.77894814683 -3.95360181805 -6.43752243013 -4.03418967248 -3.96414703328
# log_selcoffs_fsh[1]:
 -3.80677610484 -2.20895050490 -1.20895531804 -0.180409722853 0.778107969813 1.03424269526 0.455643694904 -0.304043291342 -0.845864156806
 -3.33382645751 -1.69034068216 -1.02298908555 -0.226713059571 0.644169632614 0.954841456565 0.528481036730 -0.128163466094 -0.607902313569
 -2.99570947486 -1.51464293579 -0.716128169491 0.0309351690930 0.621352589427 0.779540468345 0.457257148489 -0.0536460115543 -0.445293470067
 -2.59270348653 -1.30031606791 -0.643153420583 -0.0424588465765 0.663167860354 0.749812590007 0.386627296186 -0.0581295917310 -0.362973711877
 -1.95808942703 -0.428848162023 -0.126838956819 0.125117149791 0.370648414950 0.467580789924 0.295789302101 0.00607936078359 -0.225183053840
 -1.84432106456 -0.619693083332 0.355921281410 0.582596614498 0.271631914648 0.133619874913 0.0157002524204 -0.147227725724 -0.285555236632
 -1.54959653069 -0.481909881987 0.441109552473 0.689731624525 0.287135491804 -0.0127155463200 -0.172495644489 -0.278227109521 -0.351267088735
 -1.11554512298 -0.287800376168 0.490254278898 0.744114037865 0.216825880301 -0.132081437277 -0.313565216845 -0.390660672737 -0.416726950406
 -0.821899588738 0.191698296759 0.399298144576 0.541649169593 0.302828348027 -0.143329099415 -0.396097935682 -0.473378577312 -0.472412861280
 -0.589065595084 0.337110242732 0.535730651505 0.527454038401 0.141128291528 -0.281064002129 -0.520869597582 -0.574006442066 -0.549684292721
 -0.0671599553785 0.872155328706 0.420755373586 0.152122667270 -0.208684717651 -0.497181521253 -0.651240068397 -0.671318132697 -0.628949213218
 0.121431421533 0.829573065142 0.585683434130 0.127232038370 -0.385675096614 -0.645406125045 -0.750649402861 -0.750405597566 -0.697208169897
 -0.139216045725 1.09084501696 0.643373597586 -0.0688100065706 -0.586532215891 -0.802068378415 -0.861324027447 -0.837298029367 -0.783851981454
 0.177255720819 1.09086396089 0.579390623840 -0.133323897381 -0.681380843203 -0.882975734373 -0.921053644619 -0.881786727628 -0.826731750841
 0.171783604811 1.16738284159 0.535388604519 -0.195585229838 -0.729372827676 -0.933564700663 -0.971262816376 -0.926906818215 -0.870358671837
 -0.226179063865 1.23288296384 0.657879557785 -0.158038779158 -0.757647141637 -0.975496053209 -1.01736692062 -0.971869145511 -0.913512333857
 -0.158766476170 1.28686073981 0.579079272699 -0.205039453785 -0.789938615632 -1.00802739990 -1.04957233153 -1.00217716634 -0.940540694048
 0.454073344851 1.04850520072 0.621751608043 -0.218158581731 -0.812452169059 -1.02501163560 -1.06138773581 -1.00605423556 -0.937709445022
 0.738685436147 1.06753041925 0.371305510396 -0.335178198607 -0.870937836007 -1.07168991041 -1.10028718834 -1.03343081485 -0.956475383543
 0.459161848003 1.16970358959 0.532530412986 -0.328540490639 -0.922272295320 -1.12439676962 -1.13867147170 -1.05299691226 -0.963887723456
 0.523949503772 1.26082131964 0.372066830349 -0.453442485978 -1.00480417528 -1.18720104589 -1.18361146462 -1.07582487188 -0.971662121883
 0.398497677528 1.28074068009 0.516279657307 -0.508246699696 -1.09349487968 -1.25314371003 -1.22018412547 -1.08749428803 -0.965233210409
 0.645170909474 1.17856338307 0.461387285236 -0.478693066496 -1.10070483036 -1.27477941864 -1.23108877608 -1.07568407043 -0.934070025356
 0.398345014182 1.33374722027 0.381638649977 -0.519958795095 -1.09769140703 -1.27409741731 -1.23094388628 -1.06205773864 -0.903641552324
 0.588326161419 1.23377122003 0.338888156798 -0.491917573488 -1.04438129969 -1.22944734045 -1.18846921388 -1.00632878394 -0.831435540392
 0.523723681955 1.16776015459 0.396477152473 -0.350524067952 -0.969556979754 -1.16782818021 -1.10844050138 -0.911439648622 -0.726280489102
 -0.0755440195418 1.19843087677 0.566331442098 -0.183654159652 -0.852833211966 -1.05083635650 -0.980481929966 -0.774626488883 -0.594248590149
 0.243145715627 1.03199052024 0.487917599005 -0.256979342376 -0.771240180737 -0.910313820772 -0.808947829625 -0.598702535753 -0.421432805979
 1.08157590442 0.589364510087 -0.0726243696253 -0.545878837274 -0.814625938463 -0.838453413516 -0.689555883929 -0.470922444435 -0.304973533951
 0.681542003422 0.914557365232 -0.0658748467558 -0.695458967569 -0.840015010009 -0.743351512561 -0.537629233999 -0.307010432277 -0.144660108871
 0.401168838865 0.932434233167 -0.138599594636 -0.696198753520 -0.773964110640 -0.620989117535 -0.371377658928 -0.129817700421 0.0296154313287
 0.235915273059 0.588665137099 -0.123990292543 -0.536693054654 -0.574952739404 -0.418575367337 -0.155960862852 0.0947579047766 0.253543693189
 -0.711564444956 0.252083023973 -0.0398855473743 -0.269698210595 -0.250492332760 -0.162417799270 0.0528005825805 0.265859922445 0.412531476847
 -1.30223146987 -0.467380520890 -0.383211034684 -0.160773370414 0.0476773553791 0.0924483309904 0.307794991538 0.375943436491 0.473624924312
 -0.908621953958 -0.304979573627 -0.668473709361 -0.578892106605 -0.227443262527 0.0734874017093 0.340870201458 0.508374819688 0.612583775133
 -0.196824287152 -1.14205448788 -1.20300535427 -0.806075249053 -0.316412015907 0.0966099290048 0.411469730483 0.593801075371 0.674230432137
 -1.20230615360 -1.43503003034 -1.36245924202 -0.789647658947 -0.196815729147 0.194140876197 0.534383531923 0.684198745945 0.706639737145
 -1.67595948567 -1.43456890128 -1.32519586715 -0.842682262105 -0.259631796561 0.234534994745 0.541751134049 0.711073476545 0.735968073747
 -1.75845675391 -1.83233808403 -1.69451447522 -1.13060016526 -0.359764784095 0.282626778494 0.689341647325 0.770584444734 0.684731862173
 -2.03059767205 -2.08621525417 -1.79669809803 -1.13016673659 -0.348296825786 0.337815150336 0.742568358279 0.761641370933 0.644417370094
# log_selcoffs_fsh[2]:
 -2.29817975512 -0.386562880458 0.396637093081 0.756164525759 0.613972921529 0.178854338859 -0.173282070972 -0.420767260619 -0.575355816992 -0.693724594054
 -2.20948711112 -0.323738920296 -0.381395561662 0.198996013389 0.696281485877 0.625180224527 0.195733466833 -0.187338634283 -0.366974401003 -0.429760484576
 -2.76056539917 -0.903332393518 -0.470076698919 0.0198179105335 0.592979536894 0.703059427905 0.340521538870 -0.0274124178114 -0.169545855945 -0.180833951558
 -3.17019558464 -1.58617186277 -0.658526515275 -0.153776181290 0.456974026202 0.721340032706 0.386475925945 0.107679942024 0.0509700671316 0.0989181128726
 -2.77556940555 -1.22206483998 -1.14166805663 -0.611991840833 0.181804864302 0.579601718721 0.408921027747 0.282335470298 0.337267861585 0.447419868846
 -2.38980038879 -1.25980004361 -1.03612229647 -0.918570121771 -0.394487348729 0.0640980241454 0.284437008866 0.447030302364 0.656496153436 0.837161568671
 -3.04563423313 -1.78781452139 -0.909149738401 -0.733597464633 -0.607415198328 -0.267589486509 0.104246177962 0.452066753931 0.775545151268 1.00754841498
 -3.57272334022 -2.58704255119 -1.78549389212 -1.04346310133 -0.444701314992 -0.0532991316736 0.252541997743 0.448166758113 0.765123717563 1.02447255553
 -3.84109072476 -2.81567127199 -2.19626915418 -1.47867964148 -0.622522166727 -0.0503830453763 0.352470453161 0.625626690237 0.807967281126 0.938724054308
 -3.92562294921 -2.70306322383 -1.98459036932 -1.51024720886 -1.01880299936 -0.351301747920 0.239271444258 0.778733443354 0.978501042926 0.867386182682
 -3.75514650289 -2.26183193447 -1.52522590172 -1.07390677819 -0.747891352322 -0.489317987188 0.0301511803192 0.661697370499 0.982139605630 0.950862134869
 -3.67976998375 -2.16654597196 -1.34955306600 -0.896003944898 -0.540569033233 -0.246974388558 0.260502067907 0.641090087203 0.823557285644 0.856262843772
 -3.36883379114 -1.52838182021 -0.877590155479 -0.519276825862 -0.249955721962 -0.176709988789 0.183903843537 0.495678940383 0.707976704802 0.809906948182
 -2.93499604701 -1.20874595676 -0.557472838857 -0.271481134572 -0.156364923364 -0.0556578672974 0.174683793857 0.407496594440 0.594927023615 0.695876080086
 -2.54163760614 -0.541287136555 -0.288651090068 -0.273202785181 -0.306526599358 -0.170697571640 0.121404433803 0.366175885799 0.559042327405 0.657359069784
 -2.20154795649 -0.235715208458 -0.255602079433 -0.330428018724 -0.413809482863 -0.266803768005 0.0461796321425 0.323441189408 0.553958237202 0.698175314104
 -1.83763884472 -0.244423112191 -0.264082176609 -0.328155108041 -0.470106025194 -0.394387347546 -0.0853394503977 0.268417926714 0.587891802275 0.808338866013
 -2.10971101045 -0.441089846421 -0.163734849505 -0.276026370396 -0.464880826465 -0.424656708394 -0.139644166866 0.243866110571 0.598975939833 0.866820218360
 -2.37747945679 -0.584408469956 -0.216913036605 -0.236331837910 -0.433300051167 -0.388793108892 -0.106439964392 0.264570714529 0.616148105254 0.865140336027
 -2.48683306215 -0.883947223105 -0.481167052644 -0.272573868279 -0.369623228764 -0.345623575239 -0.0649042010963 0.315391421660 0.665651426158 0.904912334157
 -2.57173682354 -0.958784934722 -0.491861743371 -0.232907222233 -0.347651608091 -0.381098486619 -0.132525367778 0.276985201896 0.672466769987 0.952806941624
 -2.84638020334 -1.03731701332 -0.421907267222 -0.154005316672 -0.231618633107 -0.283692874059 -0.0909216882510 0.224306889135 0.608259468043 0.926818238338
 -3.15357008201 -1.63402646606 -0.547956868559 0.0373857121523 0.0298860598466 -0.0982555073686 0.00627255392195 0.229088307810 0.514825364747 0.820699746569
 -3.33536576009 -1.99762273604 -0.997976333731 -0.196515447311 0.199326272319 0.147805005870 0.247303932538 0.381441932971 0.503803930880 0.619873597407
 -3.45893900479 -1.85914781266 -1.03648858296 -0.555147866227 -0.0547930715582 0.246486044474 0.398786335078 0.546396413539 0.551829992074 0.533202884533
 -3.66856327337 -2.22138331716 -1.29755787814 -0.409963975305 0.0477063229673 0.254063921888 0.406775326166 0.559822061716 0.560162132335 0.462321006105
 -3.98553707934 -2.10977226331 -1.22820671202 -0.225839827670 0.185926655543 0.328050022966 0.423865858874 0.557753688152 0.456670753365 0.280269522915
 -4.09689169806 -2.07704718826 -1.15624438654 -0.275272141484 0.158665847249 0.243923880181 0.646541924016 0.608479389721 0.355399647533 0.150605219916
 -4.02808620854 -2.51609161359 -1.61699566960 -0.196946466560 0.356856422173 0.422961990246 0.674662446289 0.432747527755 0.251056199340 0.127638168208
 -3.96868036165 -2.15384554813 -0.881649660271 -0.0907763503795 0.666261102528 0.489907773069 0.337564183081 0.196193834707 0.152819587290 0.161460792661
 -3.71245731110 -1.53282985252 -0.367790768739 0.134208805648 0.137693732402 0.103113661862 0.181514639240 0.262751126838 0.394645404096 0.521249550993
 -3.63535777560 -1.62498379349 -0.613795846612 -0.171665380420 0.0224852135521 -0.0295268239855 0.0485974888958 0.316169209605 0.579279823800 0.785316041706
 -3.24555281552 -1.13292014535 -0.856285001777 -0.560851275633 -0.242979188194 -0.150133518388 -0.0710998208607 0.302780306249 0.719695953968 0.978260731949
 -3.94995538477 -1.65588707623 -0.845139414152 -0.324376650894 -0.0598775329829 0.0323804510322 0.0792956960223 0.310967027526 0.624478700711 0.853570400109
 -4.35145437032 -2.26436835673 -1.34279228336 -0.712749457178 -0.103542247568 0.164932248513 0.296430793190 0.459773700595 0.658144566154 0.784305362950
 -4.69982786677 -2.81927451777 -1.68140615958 -0.917880975126 -0.350330637859 0.0210083656599 0.309046942963 0.542402226809 0.719153738471 0.910327408573
 -4.90445701999 -3.32099794410 -2.20546297648 -1.22734954285 -0.328931262413 0.0681520678865 0.420943205408 0.646842599856 0.728945898955 0.814119356370
 -4.90762919481 -3.36752794004 -2.59992728847 -1.77219629359 -0.754148922482 0.0240129042673 0.448119326795 0.732292979373 0.803840740530 0.850094530730
 -4.92853533608 -3.38610972344 -2.28650615728 -1.77712638148 -1.02480327192 -0.341857948074 0.247431320450 0.639819651364 0.904337765285 1.08913302115
 -4.91621024970 -3.58188196516 -2.29158776842 -1.58056447588 -1.17130805856 -0.609203300660 -0.00803721782980 0.559745607736 0.907584974452 1.27636450920
# log_selcoffs_fsh[3]:
 -1.95254109540 -1.17407769095 0.222133041424 1.04089080361 0.354065626711 -0.439923637408 -0.917359479451
 -2.32079140331 -1.22242418709 0.401838795549 1.00172869547 0.299359600586 -0.455423886845 -0.900024613764
 -2.14806912758 -1.01307228977 0.253463858444 0.976787044079 0.360605448037 -0.365728083539 -0.803162676068
 -2.98730621614 -1.52698630559 0.292084292573 1.06908518052 0.313910954731 -0.401660248021 -0.815354833084
 -3.39844160977 -1.74519794921 0.316871355549 0.979893487134 0.422975033588 -0.282260775334 -0.745719894859
 -3.58282511402 -1.91976038513 -0.195350850431 0.983542322628 0.664131928695 -0.129439964174 -0.677839121140
 -3.62036909949 -1.87691561533 -0.263345394392 0.980128764494 0.651607732986 -0.0861059448921 -0.596437944945
 -3.48890917871 -1.55065100976 0.448319898079 0.744447243043 0.419333461335 -0.0662127254101 -0.462797707722
 -3.20809202789 -1.34507396305 0.264970694945 0.655672454149 0.535068722337 0.0614820201461 -0.359194537721
 -2.94722972128 -0.872681661813 0.168085720509 0.718639022052 0.474379379354 -0.00841612753391 -0.361870309990
 -2.97579881640 -1.23125228474 0.0783240226683 0.989779470874 0.426143681092 -0.231729994193 -0.579012724584
 -3.02511071119 -1.20391937348 0.206016993853 1.00635213358 0.403645404505 -0.348862815253 -0.725069391944
 -3.04948878401 -1.18807302073 0.335042916624 1.06283299994 0.267288934761 -0.507067172713 -0.806155589725
 -2.94621806631 -0.751989812032 0.760269188038 0.764702547744 0.100560199179 -0.507526234674 -0.731775468258
 -2.92871307039 -0.936328699699 0.642067068288 0.829896697607 0.152564362847 -0.424843147627 -0.611948889183
 -2.93712347528 -0.918232970546 0.746466591188 0.831145708124 -0.0427815928341 -0.508215036326 -0.540274270961
 -2.94239097197 -0.677457477918 0.917577710914 0.683318196061 -0.200624999918 -0.599651930952 -0.530222344283
 -2.99827492398 -0.760950682135 1.06219300463 0.599278461737 -0.282314877866 -0.697649238349 -0.658547698451
 -2.86805097083 -0.287424717054 1.07599568872 0.460340734279 -0.327164651920 -0.726140386929 -0.753461354775
 -2.78679738045 -0.360186804910 1.16355353134 0.382686516407 -0.401443144922 -0.773289293181 -0.815354233158
 -2.68063278187 -0.130918577574 1.16117490228 0.293488088963 -0.467114169634 -0.795400872807 -0.818253091255
 -2.62517626920 -0.411906683594 1.21137721007 0.285853572608 -0.477353192108 -0.755775524059 -0.721313126153
 -2.41882548184 -0.636077256912 1.05926534368 0.427445675945 -0.317134899567 -0.551954436318 -0.415567103473
 -2.13312702708 -0.307879481497 0.771236000142 0.495799764492 -0.144923385013 -0.382947340819 -0.228980179653
 -1.93604239040 -0.461699848730 0.537055974398 0.749325503105 -0.0166464443199 -0.390759528854 -0.302530888723
 -1.75580032049 0.332826618263 0.479328882581 0.417131288394 0.0456947272381 -0.426247580204 -0.510785225915
 -2.03890666739 0.0566604548048 1.02239396445 0.378085427346 -0.314154789033 -0.782353929233 -0.955891840493
 -2.30795881392 -0.379797252860 1.06706799965 0.658902518782 -0.336390912334 -0.974357052417 -1.25441414719
 -2.56032620743 -0.546936061240 1.03703679781 0.753276927550 -0.241738369187 -1.01594074506 -1.37879258401
 -2.67412949999 -0.616648679044 0.610206140892 1.03889539123 0.107132132274 -0.964488424653 -1.46915839790
 -2.57062676746 0.210505890323 0.698755809564 0.781110265974 -0.0684837141134 -1.03465459428 -1.58519428842
 -2.83927937468 -0.669125661574 1.31177564057 0.495112229352 -0.460081285744 -1.28384119900 -1.78540226560
 -3.00225269449 -0.981083011588 1.01104523732 0.979956684324 -0.304932214413 -1.32038445962 -1.84262549212
 -3.03851411913 -1.03321385115 0.697437724334 1.14674103519 -0.0315350610760 -1.19943225366 -1.77553042780
 -3.02022185606 -0.918746132163 0.903854362659 1.01558751894 -0.192260891187 -1.17171774234 -1.67569523030
 -2.83842708931 -0.192670898675 1.10651489666 0.575010579812 -0.283204579548 -1.06901275796 -1.51838716729
 -2.78872859834 -0.270629681772 1.06845956273 0.614682555980 -0.245534563541 -0.967682863654 -1.37281946827
 -2.74102643460 -0.0286075691567 1.02126659987 0.514631502732 -0.195327472739 -0.874494485375 -1.29342805756
 -2.91020038425 -0.448676033223 1.12145575787 0.563841831284 -0.204533279665 -0.900073644002 -1.35183657774
 -3.05876966626 -1.02880979507 0.973082943674 0.829902021521 -0.0291768668728 -0.839003308604 -1.37415606119
 -3.10187186436 -1.36271946887 0.353186701665 1.13503677928 0.321467565429 -0.651222834748 -1.33321484831
 -3.13212122855 -1.58416331737 -0.146758705776 1.04561094296 0.756006326774 -0.436621227282 -1.32182888632
 -3.19809631627 -1.70592355848 -0.116398853769 0.996850407103 0.800099424172 -0.369518669431 -1.34372383051
# log_selcoffs_fsh[4]:
 -2.11879793471 -1.72177498331 -1.29599364808 -0.826973898419 -0.338554165058 0.123385422592 0.498995636902 0.749192068094 0.868612710481
 -2.10433020949 -1.71429802656 -1.29253276679 -0.823556604914 -0.335121551374 0.124222152257 0.498203059903 0.747681764346 0.866748483811
 -2.07694120899 -1.70027852059 -1.28930745794 -0.817148081513 -0.323336310749 0.131881216575 0.500625568662 0.742882476080 0.858009549774
 -2.02886576217 -1.66968105840 -1.28354687420 -0.823406819673 -0.316792550603 0.147881033936 0.508044843908 0.738061825499 0.842622323364
 -1.95430627643 -1.60184321871 -1.23799457704 -0.813845500298 -0.331742426588 0.143633455253 0.517789011956 0.737152982353 0.825610425328
 -1.86463315834 -1.50127472991 -1.17421774366 -0.791560347290 -0.314986623503 0.146403589616 0.515677883273 0.727539663695 0.801008426600
 -1.76956349081 -1.41255356159 -1.05452090482 -0.713319156014 -0.299451863224 0.153097318123 0.509596206142 0.704823318063 0.766828302104
 -1.65146357580 -1.32351648435 -0.972520656068 -0.599483853776 -0.222091479024 0.166511373987 0.485861057808 0.665782454843 0.723290228426
 -1.47745269171 -1.17443037629 -0.872578828317 -0.542039089822 -0.164666912131 0.186010507540 0.462166404601 0.619719077892 0.675403970446
 -1.27212962396 -0.973898985354 -0.680426256341 -0.436531373906 -0.163564609635 0.154569886846 0.414983220223 0.572968994606 0.634110822598
 -1.07301454248 -0.777268741460 -0.494573636247 -0.255948577778 -0.108078291552 0.0844594607488 0.324185398568 0.501844068216 0.584446294857
 -0.889933064634 -0.629697522791 -0.356335348862 -0.124028021228 0.0121255917963 0.0711519304789 0.213952886443 0.395585756572 0.508748888507
 -0.717852200990 -0.494358043571 -0.281787518826 -0.0757102820890 0.0604880315919 0.110864678765 0.169831393592 0.297433301752 0.411856605511
 -0.547091705066 -0.361569688934 -0.188414236625 -0.0439477407681 0.0465637663621 0.0916846109785 0.145188366788 0.235667129265 0.317593787665
 -0.381138085501 -0.232258499118 -0.100995576571 -0.00821605691033 0.0394008678897 0.0614935559658 0.0969645791019 0.161281145677 0.221520667573
 -0.220884560576 -0.106929111004 -0.0168066649194 0.0257314525087 0.0295720326966 0.0199975677681 0.0313633954049 0.0752809505899 0.122166619692
 -0.0632382721729 0.0203844812401 0.0664894911709 0.0502404623437 0.00896704014855 -0.0379627555219 -0.0506681893801 -0.0215073532763 0.0191557697440
 0.0526872046067 0.120663276938 0.155736078832 0.0761595777011 -0.0175493036292 -0.102106435450 -0.136569619986 -0.118113319377 -0.0795579636035
 0.147959514359 0.158928174824 0.228714976589 0.114784046860 -0.0565361720335 -0.154723447101 -0.204571306069 -0.193941783258 -0.163368078780
 0.124365236548 0.157543735597 0.221110048638 0.193909122852 -0.00483059249929 -0.170323602079 -0.225823458238 -0.232136691899 -0.215395590747
 0.0211349374030 0.0829691271216 0.0926686280138 0.157768488331 0.0967023775689 -0.0587966413231 -0.149599340707 -0.156783305846 -0.146453913378
 -0.210374516317 -0.139295125980 -0.0306903731854 0.0550574684088 0.134856894571 0.0847468530718 0.0326812619609 0.00971317180550 0.0174220698810
 -0.519649909016 -0.349135415331 -0.133523957949 0.00817910155996 0.116815928633 0.165837634635 0.162643094958 0.155469078029 0.154982982657
 -0.862869713001 -0.600165005290 -0.334063243294 -0.0680019944244 0.129538018123 0.236997534897 0.271874510049 0.283120896491 0.287907599142
 -1.17606672409 -0.822304312468 -0.468131149333 -0.124413829609 0.156338325295 0.282808985256 0.326485136804 0.351957725502 0.363876977011
 -1.49275190146 -1.06377957339 -0.664261838956 -0.259384617462 0.0933374428508 0.312983686686 0.404728886477 0.450173377978 0.476921414374
 -1.78113235673 -1.25160192950 -0.870135766049 -0.405962726469 0.0475381300868 0.315578424776 0.454883746948 0.527878601030 0.570536731475
 -2.06328042221 -1.54511169983 -1.05209516562 -0.451273506568 -0.0127283088741 0.190024389567 0.381979041122 0.596076292273 0.787027807422
 -1.64600273671 -1.61082820049 -1.24177163722 -0.777939878040 -0.298082632580 0.0823393177264 0.399979353868 0.698152210481 0.927959207211
 -1.98275012117 -1.69540149105 -1.46653993797 -1.00752437224 -0.457866957204 0.0194476825716 0.412118232813 0.765664799902 1.01893179107
 -1.77637386007 -1.52461716846 -1.53740569585 -1.29700691333 -0.836246386971 -0.288980095601 0.300993826493 0.832892048349 1.19126297999
 -1.47328168443 -1.06730283826 -1.29306572468 -1.39615297478 -1.11495863369 -0.562975304258 0.102252529238 0.793092657692 1.30551592123
 -1.41040306295 -0.471476699212 -0.379278103395 -0.990918140484 -1.15042190786 -0.848179410249 -0.177758982348 0.642217838413 1.27919662064
 -1.30283761737 -0.170174346917 -0.408560963104 -0.978174505260 -1.16525696636 -0.921557229722 -0.251497437922 0.602582095971 1.26127327926
# log_sel_spl_fsh[1]:
 0.00000000000 0.00000000000 0.00000000000 0.00000000000
 0.00000000000 0.00000000000 0.00000000000 0.00000000000
 0.00000000000 0.00000000000 0.00000000000 0.00000000000
 0.00000000000 0.00000000000 0.00000000000 0.00000000000
 0.00000000000 0.00000000000 0.00000000000 0.00000000000
 0.00000000000 0.00000000000 0.00000000000 0.00000000000
 0.00000000000 0.00000000000 0.00000000000 0.00000000000
 0.00000000000 0.00000000000 0.00000000000 0.00000000000
 0.00000000000 0.00000000000 0.00000000000 0.00000000000
 0.00000000000 0.00000000000 0.00000000000 0.00000000000
 0.00000000000 0.00000000000 0.00000000000 0.00000000000
 0.00000000000 0.00000000000 0.00000000000 0.00000000000
 0.00000000000 0.00000000000 0.00000000000 0.00000000000
 0.00000000000 0.00000000000 0.00000000000 0.00000000000
 0.00000000000 0.00000000000 0.00000000000 0.00000000000
 0.00000000000 0.00000000000 0.00000000000 0.00000000000
 0.00000000000 0.00000000000 0.00000000000 0.00000000000
 0.00000000000 0.00000000000 0.00000000000 0.00000000000
 0.00000000000 0.00000000000 0.00000000000 0.00000000000
 0.00000000000 0.00000000000 0.00000000000 0.00000000000
 0.00000000000 0.00000000000 0.00000000000 0.00000000000
 0.00000000000 0.00000000000 0.00000000000 0.00000000000
 0.00000000000 0.00000000000 0.00000000000 0.00000000000
 0.00000000000 0.00000000000 0.00000000000 0.00000000000
 0.00000000000 0.00000000000 0.00000000000 0.00000000000
 0.00000000000 0.00000000000 0.00000000000 0.00000000000
 0.00000000000 0.00000000000 0.00000000000 0.00000000000
 0.00000000000 0.00000000000 0.00000000000 0.00000000000
 0.00000000000 0.00000000000 0.00000000000 0.00000000000
 0.00000000000 0.00000000000 0.00000000000 0.00000000000
 0.00000000000 0.00000000000 0.00000000000 0.00000000000
 0.00000000000 0.00000000000 0.00000000000 0.00000000000
 0.00000000000 0.00000000000 0.00000000000 0.00000000000
 0.00000000000 0.00000000000 0.00000000000 0.00000000000
 0.00000000000 0.00000000000 0.00000000000 0.00000000000
 0.00000000000 0.00000000000 0.00000000000 0.00000000000
 0.00000000000 0.00000000000 0.00000000000 0.00000000000
 0.00000000000 0.00000000000 0.00000000000 0.00000000000
 0.00000000000 0.00000000000 0.00000000000 0.00000000000
 0.00000000000 0.00000000000 0.00000000000 0.00000000000
# log_sel_spl_fsh[2]:
 0.00000000000 0.00000000000 0.00000000000 0.00000000000
 0.00000000000 0.00000000000 0.00000000000 0.00000000000
 0.00000000000 0.00000000000 0.00000000000 0.00000000000
 0.00000000000 0.00000000000 0.00000000000 0.00000000000
 0.00000000000 0.00000000000 0.00000000000 0.00000000000
 0.00000000000 0.00000000000 0.00000000000 0.00000000000
 0.00000000000 0.00000000000 0.00000000000 0.00000000000
 0.00000000000 0.00000000000 0.00000000000 0.00000000000
 0.00000000000 0.00000000000 0.00000000000 0.00000000000
 0.00000000000 0.00000000000 0.00000000000 0.00000000000
 0.00000000000 0.00000000000 0.00000000000 0.00000000000
 0.00000000000 0.00000000000 0.00000000000 0.00000000000
 0.00000000000 0.00000000000 0.00000000000 0.00000000000
 0.00000000000 0.00000000000 0.00000000000 0.00000000000
 0.00000000000 0.00000000000 0.00000000000 0.00000000000
 0.00000000000 0.00000000000 0.00000000000 0.00000000000
 0.00000000000 0.00000000000 0.00000000000 0.00000000000
 0.00000000000 0.00000000000 0.00000000000 0.00000000000
 0.00000000000 0.00000000000 0.00000000000 0.00000000000
 0.00000000000 0.00000000000 0.00000000000 0.00000000000
 0.00000000000 0.00000000000 0.00000000000 0.00000000000
 0.00000000000 0.00000000000 0.00000000000 0.00000000000
 0.00000000000 0.00000000000 0.00000000000 0.00000000000
 0.00000000000 0.00000000000 0.00000000000 0.00000000000
 0.00000000000 0.00000000000 0.00000000000 0.00000000000
 0.00000000000 0.00000000000 0.00000000000 0.00000000000
 0.00000000000 0.00000000000 0.00000000000 0.00000000000
 0.00000000000 0.00000000000 0.00000000000 0.00000000000
 0.00000000000 0.00000000000 0.00000000000 0.00000000000
 0.00000000000 0.00000000000 0.00000000000 0.00000000000
 0.00000000000 0.00000000000 0.00000000000 0.00000000000
 0.00000000000 0.00000000000 0.00000000000 0.00000000000
 0.00000000000 0.00000000000 0.00000000000 0.00000000000
 0.00000000000 0.00000000000 0.00000000000 0.00000000000
 0.00000000000 0.00000000000 0.00000000000 0.00000000000
 0.00000000000 0.00000000000 0.00000000000 0.00000000000
 0.00000000000 0.00000000000 0.00000000000 0.00000000000
 0.00000000000 0.00000000000 0.00000000000 0.00000000000
 0.00000000000 0.00000000000 0.00000000000 0.00000000000
 0.00000000000 0.00000000000 0.00000000000 0.00000000000
# log_sel_spl_fsh[3]:
 0.00000000000 0.00000000000 0.00000000000 0.00000000000
 0.00000000000 0.00000000000 0.00000000000 0.00000000000
 0.00000000000 0.00000000000 0.00000000000 0.00000000000
 0.00000000000 0.00000000000 0.00000000000 0.00000000000
 0.00000000000 0.00000000000 0.00000000000 0.00000000000
 0.00000000000 0.00000000000 0.00000000000 0.00000000000
 0.00000000000 0.00000000000 0.00000000000 0.00000000000
 0.00000000000 0.00000000000 0.00000000000 0.00000000000
 0.00000000000 0.00000000000 0.00000000000 0.00000000000
 0.00000000000 0.00000000000 0.00000000000 0.00000000000
 0.00000000000 0.00000000000 0.00000000000 0.00000000000
 0.00000000000 0.00000000000 0.00000000000 0.00000000000
 0.00000000000 0.00000000000 0.00000000000 0.00000000000
 0.00000000000 0.00000000000 0.00000000000 0.00000000000
 0.00000000000 0.00000000000 0.00000000000 0.00000000000
 0.00000000000 0.00000000000 0.00000000000 0.00000000000
 0.00000000000 0.00000000000 0.00000000000 0.00000000000
 0.00000000000 0.00000000000 0.00000000000 0.00000000000
 0.00000000000 0.00000000000 0.00000000000 0.00000000000
 0.00000000000 0.00000000000 0.00000000000 0.00000000000
 0.00000000000 0.00000000000 0.00000000000 0.00000000000
 0.00000000000 0.00000000000 0.00000000000 0.00000000000
 0.00000000000 0.00000000000 0.00000000000 0.00000000000
 0.00000000000 0.00000000000 0.00000000000 0.00000000000
 0.00000000000 0.00000000000 0.00000000000 0.00000000000
 0.00000000000 0.00000000000 0.00000000000 0.00000000000
 0.00000000000 0.00000000000 0.00000000000 0.00000000000
 0.00000000000 0.00000000000 0.00000000000 0.00000000000
 0.00000000000 0.00000000000 0.00000000000 0.00000000000
 0.00000000000 0.00000000000 0.00000000000 0.00000000000
 0.00000000000 0.00000000000 0.00000000000 0.00000000000
 0.00000000000 0.00000000000 0.00000000000 0.00000000000
 0.00000000000 0.00000000000 0.00000000000 0.00000000000
 0.00000000000 0.00000000000 0.00000000000 0.00000000000
 0.00000000000 0.00000000000 0.00000000000 0.00000000000
 0.00000000000 0.00000000000 0.00000000000 0.00000000000
 0.00000000000 0.00000000000 0.00000000000 0.00000000000
 0.00000000000 0.00000000000 0.00000000000 0.00000000000
 0.00000000000 0.00000000000 0.00000000000 0.00000000000
 0.00000000000 0.00000000000 0.00000000000 0.00000000000
 0.00000000000 0.00000000000 0.00000000000 0.00000000000
 0.00000000000 0.00000000000 0.00000000000 0.00000000000
 0.00000000000 0.00000000000 0.00000000000 0.00000000000
# log_sel_spl_fsh[4]:
 0.00000000000 0.00000000000 0.00000000000 0.00000000000
 0.00000000000 0.00000000000 0.00000000000 0.00000000000
 0.00000000000 0.00000000000 0.00000000000 0.00000000000
 0.00000000000 0.00000000000 0.00000000000 0.00000000000
 0.00000000000 0.00000000000 0.00000000000 0.00000000000
 0.00000000000 0.00000000000 0.00000000000 0.00000000000
 0.00000000000 0.00000000000 0.00000000000 0.00000000000
 0.00000000000 0.00000000000 0.00000000000 0.00000000000
 0.00000000000 0.00000000000 0.00000000000 0.00000000000
 0.00000000000 0.00000000000 0.00000000000 0.00000000000
 0.00000000000 0.00000000000 0.00000000000 0.00000000000
 0.00000000000 0.00000000000 0.00000000000 0.00000000000
 0.00000000000 0.00000000000 0.00000000000 0.00000000000
 0.00000000000 0.00000000000 0.00000000000 0.00000000000
 0.00000000000 0.00000000000 0.00000000000 0.00000000000
 0.00000000000 0.00000000000 0.00000000000 0.00000000000
 0.00000000000 0.00000000000 0.00000000000 0.00000000000
 0.00000000000 0.00000000000 0.00000000000 0.00000000000
 0.00000000000 0.00000000000 0.00000000000 0.00000000000
 0.00000000000 0.00000000000 0.00000000000 0.00000000000
 0.00000000000 0.00000000000 0.00000000000 0.00000000000
 0.00000000000 0.00000000000 0.00000000000 0.00000000000
 0.00000000000 0.00000000000 0.00000000000 0.00000000000
 0.00000000000 0.00000000000 0.00000000000 0.00000000000
 0.00000000000 0.00000000000 0.00000000000 0.00000000000
 0.00000000000 0.00000000000 0.00000000000 0.00000000000
 0.00000000000 0.00000000000 0.00000000000 0.00000000000
 0.00000000000 0.00000000000 0.00000000000 0.00000000000
 0.00000000000 0.00000000000 0.00000000000 0.00000000000
 0.00000000000 0.00000000000 0.00000000000 0.00000000000
 0.00000000000 0.00000000000 0.00000000000 0.00000000000
 0.00000000000 0.00000000000 0.00000000000 0.00000000000
 0.00000000000 0.00000000000 0.00000000000 0.00000000000
 0.00000000000 0.00000000000 0.00000000000 0.00000000000
# logsel_slope_fsh[1]:
 0.00000000000 0.00000000000 0.00000000000 0.00000000000 0.00000000000 0.00000000000 0.00000000000 0.00000000000 0.00000000000 0.00000000000 0.00000000000 0.00000000000 0.00000000000 0.00000000000 0.00000000000 0.00000000000 0.00000000000 0.00000000000 0.00000000000 0.00000000000 0.00000000000 0.00000000000 0.00000000000 0.00000000000 0.00000000000 0.00000000000 0.00000000000 0.00000000000 0.00000000000 0.00000000000 0.00000000000 0.00000000000 0.00000000000 0.00000000000 0.00000000000 0.00000000000 0.00000000000 0.00000000000 0.00000000000 0.00000000000
# logsel_slope_fsh[2]:
 0.00000000000 0.00000000000 0.00000000000 0.00000000000 0.00000000000 0.00000000000 0.00000000000 0.00000000000 0.00000000000 0.00000000000 0.00000000000 0.00000000000 0.00000000000 0.00000000000 0.00000000000 0.00000000000 0.00000000000 0.00000000000 0.00000000000 0.00000000000 0.00000000000 0.00000000000 0.00000000000 0.00000000000 0.00000000000 0.00000000000 0.00000000000 0.00000000000 0.00000000000 0.00000000000 0.00000000000 0.00000000000 0.00000000000 0.00000000000 0.00000000000 0.00000000000 0.00000000000 0.00000000000 0.00000000000 0.00000000000
# logsel_slope_fsh[3]:
 0.00000000000 0.00000000000 0.00000000000 0.00000000000 0.00000000000 0.00000000000 0.00000000000 0.00000000000 0.00000000000 0.00000000000 0.00000000000 0.00000000000 0.00000000000 0.00000000000 0.00000000000 0.00000000000 0.00000000000 0.00000000000 0.00000000000 0.00000000000 0.00000000000 0.00000000000 0.00000000000 0.00000000000 0.00000000000 0.00000000000 0.00000000000 0.00000000000 0.00000000000 0.00000000000 0.00000000000 0.00000000000 0.00000000000 0.00000000000 0.00000000000 0.00000000000 0.00000000000 0.00000000000 0.00000000000 0.00000000000 0.00000000000 0.00000000000 0.00000000000
# logsel_slope_fsh[4]:
 0.00000000000 0.00000000000 0.00000000000 0.00000000000 0.00000000000 0.00000000000 0.00000000000 0.00000000000 0.00000000000 0.00000000000 0.00000000000 0.00000000000 0.00000000000 0.00000000000 0.00000000000 0.00000000000 0.00000000000 0.00000000000 0.00000000000 0.00000000000 0.00000000000 0.00000000000 0.00000000000 0.00000000000 0.00000000000 0.00000000000 0.00000000000 0.00000000000 0.00000000000 0.00000000000 0.00000000000 0.00000000000 0.00000000000 0.00000000000
# sel50_fsh[1]:
 0.00000000000 0.00000000000 0.00000000000 0.00000000000 0.00000000000 0.00000000000 0.00000000000 0.00000000000 0.00000000000 0.00000000000 0.00000000000 0.00000000000 0.00000000000 0.00000000000 0.00000000000 0.00000000000 0.00000000000 0.00000000000 0.00000000000 0.00000000000 0.00000000000 0.00000000000 0.00000000000 0.00000000000 0.00000000000 0.00000000000 0.00000000000 0.00000000000 0.00000000000 0.00000000000 0.00000000000 0.00000000000 0.00000000000 0.00000000000 0.00000000000 0.00000000000 0.00000000000 0.00000000000 0.00000000000 0.00000000000
# sel50_fsh[2]:
 0.00000000000 0.00000000000 0.00000000000 0.00000000000 0.00000000000 0.00000000000 0.00000000000 0.00000000000 0.00000000000 0.00000000000 0.00000000000 0.00000000000 0.00000000000 0.00000000000 0.00000000000 0.00000000000 0.00000000000 0.00000000000 0.00000000000 0.00000000000 0.00000000000 0.00000000000 0.00000000000 0.00000000000 0.00000000000 0.00000000000 0.00000000000 0.00000000000 0.00000000000 0.00000000000 0.00000000000 0.00000000000 0.00000000000 0.00000000000 0.00000000000 0.00000000000 0.00000000000 0.00000000000 0.00000000000 0.00000000000
# sel50_fsh[3]:
 0.00000000000 0.00000000000 0.00000000000 0.00000000000 0.00000000000 0.00000000000 0.00000000000 0.00000000000 0.00000000000 0.00000000000 0.00000000000 0.00000000000 0.00000000000 0.00000000000 0.00000000000 0.00000000000 0.00000000000 0.00000000000 0.00000000000 0.00000000000 0.00000000000 0.00000000000 0.00000000000 0.00000000000 0.00000000000 0.00000000000 0.00000000000 0.00000000000 0.00000000000 0.00000000000 0.00000000000 0.00000000000 0.00000000000 0.00000000000 0.00000000000 0.00000000000 0.00000000000 0.00000000000 0.00000000000 0.00000000000 0.00000000000 0.00000000000 0.00000000000
# sel50_fsh[4]:
 0.00000000000 0.00000000000 0.00000000000 0.00000000000 0.00000000000 0.00000000000 0.00000000000 0.00000000000 0.00000000000 0.00000000000 0.00000000000 0.00000000000 0.00000000000 0.00000000000 0.00000000000 0.00000000000 0.00000000000 0.00000000000 0.00000000000 0.00000000000 0.00000000000 0.00000000000 0.00000000000 0.00000000000 0.00000000000 0.00000000000 0.00000000000 0.00000000000 0.00000000000 0.00000000000 0.00000000000 0.00000000000 0.00000000000 0.00000000000
# logsel_p1_fsh[1]:
 0.00000000000 0.00000000000 0.00000000000 0.00000000000 0.00000000000 0.00000000000 0.00000000000 0.00000000000 0.00000000000 0.00000000000 0.00000000000 0.00000000000 0.00000000000 0.00000000000 0.00000000000 0.00000000000 0.00000000000 0.00000000000 0.00000000000 0.00000000000 0.00000000000 0.00000000000 0.00000000000 0.00000000000 0.00000000000 0.00000000000 0.00000000000 0.00000000000 0.00000000000 0.00000000000 0.00000000000 0.00000000000 0.00000000000 0.00000000000 0.00000000000 0.00000000000 0.00000000000 0.00000000000 0.00000000000 0.00000000000
# logsel_p1_fsh[2]:
 0.00000000000 0.00000000000 0.00000000000 0.00000000000 0.00000000000 0.00000000000 0.00000000000 0.00000000000 0.00000000000 0.00000000000 0.00000000000 0.00000000000 0.00000000000 0.00000000000 0.00000000000 0.00000000000 0.00000000000 0.00000000000 0.00000000000 0.00000000000 0.00000000000 0.00000000000 0.00000000000 0.00000000000 0.00000000000 0.00000000000 0.00000000000 0.00000000000 0.00000000000 0.00000000000 0.00000000000 0.00000000000 0.00000000000 0.00000000000 0.00000000000 0.00000000000 0.00000000000 0.00000000000 0.00000000000 0.00000000000
# logsel_p1_fsh[3]:
 0.00000000000 0.00000000000 0.00000000000 0.00000000000 0.00000000000 0.00000000000 0.00000000000 0.00000000000 0.00000000000 0.00000000000 0.00000000000 0.00000000000 0.00000000000 0.00000000000 0.00000000000 0.00000000000 0.00000000000 0.00000000000 0.00000000000 0.00000000000 0.00000000000 0.00000000000 0.00000000000 0.00000000000 0.00000000000 0.00000000000 0.00000000000 0.00000000000 0.00000000000 0.00000000000 0.00000000000 0.00000000000 0.00000000000 0.00000000000 0.00000000000 0.00000000000 0.00000000000 0.00000000000 0.00000000000 0.00000000000 0.00000000000 0.00000000000 0.00000000000
# logsel_p1_fsh[4]:
 0.00000000000 0.00000000000 0.00000000000 0.00000000000 0.00000000000 0.00000000000 0.00000000000 0.00000000000 0.00000000000 0.00000000000 0.00000000000 0.00000000000 0.00000000000 0.00000000000 0.00000000000 0.00000000000 0.00000000000 0.00000000000 0.00000000000 0.00000000000 0.00000000000 0.00000000000 0.00000000000 0.00000000000 0.00000000000 0.00000000000 0.00000000000 0.00000000000 0.00000000000 0.00000000000 0.00000000000 0.00000000000 0.00000000000 0.00000000000
# logsel_p2_fsh[1]:
 0.00000000000 0.00000000000 0.00000000000 0.00000000000 0.00000000000 0.00000000000 0.00000000000 0.00000000000 0.00000000000 0.00000000000 0.00000000000 0.00000000000 0.00000000000 0.00000000000 0.00000000000 0.00000000000 0.00000000000 0.00000000000 0.00000000000 0.00000000000 0.00000000000 0.00000000000 0.00000000000 0.00000000000 0.00000000000 0.00000000000 0.00000000000 0.00000000000 0.00000000000 0.00000000000 0.00000000000 0.00000000000 0.00000000000 0.00000000000 0.00000000000 0.00000000000 0.00000000000 0.00000000000 0.00000000000 0.00000000000
# logsel_p2_fsh[2]:
 0.00000000000 0.00000000000 0.00000000000 0.00000000000 0.00000000000 0.00000000000 0.00000000000 0.00000000000 0.00000000000 0.00000000000 0.00000000000 0.00000000000 0.00000000000 0.00000000000 0.00000000000 0.00000000000 0.00000000000 0.00000000000 0.00000000000 0.00000000000 0.00000000000 0.00000000000 0.00000000000 0.00000000000 0.00000000000 0.00000000000 0.00000000000 0.00000000000 0.00000000000 0.00000000000 0.00000000000 0.00000000000 0.00000000000 0.00000000000 0.00000000000 0.00000000000 0.00000000000 0.00000000000 0.00000000000 0.00000000000
# logsel_p2_fsh[3]:
 0.00000000000 0.00000000000 0.00000000000 0.00000000000 0.00000000000 0.00000000000 0.00000000000 0.00000000000 0.00000000000 0.00000000000 0.00000000000 0.00000000000 0.00000000000 0.00000000000 0.00000000000 0.00000000000 0.00000000000 0.00000000000 0.00000000000 0.00000000000 0.00000000000 0.00000000000 0.00000000000 0.00000000000 0.00000000000 0.00000000000 0.00000000000 0.00000000000 0.00000000000 0.00000000000 0.00000000000 0.00000000000 0.00000000000 0.00000000000 0.00000000000 0.00000000000 0.00000000000 0.00000000000 0.00000000000 0.00000000000 0.00000000000 0.00000000000 0.00000000000
# logsel_p2_fsh[4]:
 0.00000000000 0.00000000000 0.00000000000 0.00000000000 0.00000000000 0.00000000000 0.00000000000 0.00000000000 0.00000000000 0.00000000000 0.00000000000 0.00000000000 0.00000000000 0.00000000000 0.00000000000 0.00000000000 0.00000000000 0.00000000000 0.00000000000 0.00000000000 0.00000000000 0.00000000000 0.00000000000 0.00000000000 0.00000000000 0.00000000000 0.00000000000 0.00000000000 0.00000000000 0.00000000000 0.00000000000 0.00000000000 0.00000000000 0.00000000000
# logsel_p3_fsh[1]:
 0.00000000000 0.00000000000 0.00000000000 0.00000000000 0.00000000000 0.00000000000 0.00000000000 0.00000000000 0.00000000000 0.00000000000 0.00000000000 0.00000000000 0.00000000000 0.00000000000 0.00000000000 0.00000000000 0.00000000000 0.00000000000 0.00000000000 0.00000000000 0.00000000000 0.00000000000 0.00000000000 0.00000000000 0.00000000000 0.00000000000 0.00000000000 0.00000000000 0.00000000000 0.00000000000 0.00000000000 0.00000000000 0.00000000000 0.00000000000 0.00000000000 0.00000000000 0.00000000000 0.00000000000 0.00000000000 0.00000000000
# logsel_p3_fsh[2]:
 0.00000000000 0.00000000000 0.00000000000 0.00000000000 0.00000000000 0.00000000000 0.00000000000 0.00000000000 0.00000000000 0.00000000000 0.00000000000 0.00000000000 0.00000000000 0.00000000000 0.00000000000 0.00000000000 0.00000000000 0.00000000000 0.00000000000 0.00000000000 0.00000000000 0.00000000000 0.00000000000 0.00000000000 0.00000000000 0.00000000000 0.00000000000 0.00000000000 0.00000000000 0.00000000000 0.00000000000 0.00000000000 0.00000000000 0.00000000000 0.00000000000 0.00000000000 0.00000000000 0.00000000000 0.00000000000 0.00000000000
# logsel_p3_fsh[3]:
 0.00000000000 0.00000000000 0.00000000000 0.00000000000 0.00000000000 0.00000000000 0.00000000000 0.00000000000 0.00000000000 0.00000000000 0.00000000000 0.00000000000 0.00000000000 0.00000000000 0.00000000000 0.00000000000 0.00000000000 0.00000000000 0.00000000000 0.00000000000 0.00000000000 0.00000000000 0.00000000000 0.00000000000 0.00000000000 0.00000000000 0.00000000000 0.00000000000 0.00000000000 0.00000000000 0.00000000000 0.00000000000 0.00000000000 0.00000000000 0.00000000000 0.00000000000 0.00000000000 0.00000000000 0.00000000000 0.00000000000 0.00000000000 0.00000000000 0.00000000000
# logsel_p3_fsh[4]:
 0.00000000000 0.00000000000 0.00000000000 0.00000000000 0.00000000000 0.00000000000 0.00000000000 0.00000000000 0.00000000000 0.00000000000 0.00000000000 0.00000000000 0.00000000000 0.00000000000 0.00000000000 0.00000000000 0.00000000000 0.00000000000 0.00000000000 0.00000000000 0.00000000000 0.00000000000 0.00000000000 0.00000000000 0.00000000000 0.00000000000 0.00000000000 0.00000000000 0.00000000000 0.00000000000 0.00000000000 0.00000000000 0.00000000000 0.00000000000
# rec_dev_future:
 0.00000000000 0.00000000000 0.00000000000 0.00000000000 0.00000000000 0.00000000000 0.00000000000 0.00000000000 0.00000000000 0.00000000000 0.00000000000 0.00000000000 0.00000000000 0.00000000000 0.00000000000 0.00000000000 0.00000000000 0.00000000000 0.00000000000 0.00000000000
# log_q_ind[1]:
0.660836507991
# log_q_ind[2]:
-2.64308528629
# log_q_ind[3]:
-9.33206039886
# log_q_ind[4]:
-0.0119295411407
# log_q_ind[5]:
-5.50435554220
# log_q_ind[6]:
-7.84509222334
# log_q_ind[7]:
-1.29968469330
# log_q_power_ind[1]:
0.00000000000
# log_q_power_ind[2]:
0.00000000000
# log_q_power_ind[3]:
0.00000000000
# log_q_power_ind[4]:
0.00000000000
# log_q_power_ind[5]:
0.00000000000
# log_q_power_ind[6]:
0.00000000000
# log_q_power_ind[7]:
0.00000000000
# log_rw_q_ind[1]:
 -0.892868674681
# log_rw_q_ind[3]:
 -0.126191446439
# log_rw_q_ind[7]:
 0.0536890764939
# log_selcoffs_ind[1]:
 -2.44226974713 -1.60460793572 -0.976757319057 -0.516447855269 -0.185468703163 0.0802860948239 0.303610554007 0.486937342448 0.618000217685 0.686782013369
 -3.10290082299 -2.26077942362 -1.46387288346 -0.776920629578 -0.249093624499 0.139716491734 0.403504532510 0.572961519195 0.666723142712 0.699020618886
# log_selcoffs_ind[2]:
 0.376108929566 0.720806593012 0.625093871635 0.263498172983 -0.119996205569 -0.419949963905 -0.635986064848 -0.791094034689 -0.898518260657 -0.958495726829
 0.978198385272 0.639692405777 0.360913999421 0.0786054142437 -0.217507087416 -0.499484715950 -0.744529702260 -0.942527450521 -1.08347816792 -1.15949789008
 1.11095297955 0.645622147873 0.341330787424 0.0635931630420 -0.273297202404 -0.615940013560 -0.910382268007 -1.12648822116 -1.25558778424 -1.30692834100
# log_selcoffs_ind[3]:
 -0.202940821038 0.0202027052767 0.0202027052767 0.0202027052767 0.0202027052767 0.0202027052767 0.0202027052767 0.0202027052767 0.0202027052767 0.0202027052767
# log_selcoffs_ind[4]:
 -1.06248877598 -0.768475468862 -0.498136595970 -0.276269199900 -0.0956322668905 0.0627153812231 0.207329111008 0.337105153793 0.442273544733 0.508850516971
 -1.73317662645 -1.38402497908 -1.02929249591 -0.666318646180 -0.314263881249 0.00702468061947 0.285529781883 0.507202016811 0.653427808209 0.718452028309
# log_selcoffs_ind[5]:
 -3.04452005677 -0.669616569639 0.101782682789 0.174353368097 0.174353368097 0.174353368097 0.174353368097 0.174353368097 0.174353368097 0.174353368097
# log_selcoffs_ind[6]:
 -3.04452005677 -0.669616569639 0.101782682789 0.174353368097 0.174353368097 0.174353368097 0.174353368097 0.174353368097 0.174353368097 0.174353368097
# log_selcoffs_ind[7]:
 -3.04452005677 -0.669616569639 0.101782682789 0.174353368097 0.174353368097 0.174353368097 0.174353368097 0.174353368097 0.174353368097 0.174353368097
# logsel_slope_ind[1]:
 0.00000000000 0.00000000000
# logsel_slope_ind[2]:
 0.00000000000 0.00000000000 0.00000000000
# logsel_slope_ind[3]:
 0.00000000000
# logsel_slope_ind[4]:
 0.00000000000 0.00000000000
# logsel_slope_ind[5]:
 0.00000000000
# logsel_slope_ind[6]:
 0.00000000000
# logsel_slope_ind[7]:
 0.00000000000
# sel50_ind[1]:
 0.00000000000 0.00000000000
# sel50_ind[2]:
 0.00000000000 0.00000000000 0.00000000000
# sel50_ind[3]:
 0.00000000000
# sel50_ind[4]:
 0.00000000000 0.00000000000
# sel50_ind[5]:
 0.00000000000
# sel50_ind[6]:
 0.00000000000
# sel50_ind[7]:
 0.00000000000
# logsel_p1_ind[1]:
 0.00000000000 0.00000000000
# logsel_p1_ind[2]:
 0.00000000000 0.00000000000 0.00000000000
# logsel_p1_ind[3]:
 0.00000000000
# logsel_p1_ind[4]:
 0.00000000000 0.00000000000
# logsel_p1_ind[5]:
 0.00000000000
# logsel_p1_ind[6]:
 0.00000000000
# logsel_p1_ind[7]:
 0.00000000000
# sel_p2_ind[1]:
 0.00000000000 0.00000000000
# sel_p2_ind[2]:
 0.00000000000 0.00000000000 0.00000000000
# sel_p2_ind[3]:
 0.00000000000
# sel_p2_ind[4]:
 0.00000000000 0.00000000000
# sel_p2_ind[5]:
 0.00000000000
# sel_p2_ind[6]:
 0.00000000000
# sel_p2_ind[7]:
 0.00000000000
# logsel_p3_ind[1]:
 0.00000000000 0.00000000000
# logsel_p3_ind[2]:
 0.00000000000 0.00000000000 0.00000000000
# logsel_p3_ind[3]:
 0.00000000000
# logsel_p3_ind[4]:
 0.00000000000 0.00000000000
# logsel_p3_ind[5]:
 0.00000000000
# logsel_p3_ind[6]:
 0.00000000000
# logsel_p3_ind[7]:
 0.00000000000
