# Number of parameters = 1655 Objective function value = 1266.50784627641  Maximum gradient component = 0.00332060468601480
# Mest[1]:
0.280000000000
# log_Linf[1]:
4.38701417618
# log_k[1]:
-1.83258146375
# log_Lo[1]:
2.75684036527
# log_sdage[1]:
-2.40794560865
# mean_log_rec[1]:
9.39983021687
# steepness[1]:
0.650000000000
# log_Rzero[1]:
9.46808868403
# rec_dev:
 -0.0740660373656 -0.0957158012091 -0.122712649523 -0.156079892087 -0.196853369959 -0.245690872421 -0.301838389202 -0.364360864290 -0.435315799960 -0.513711687512 -0.593089378461 -0.662488735166 -0.734394931741 -0.810520618408 -0.929436748128 -0.932757509804 -0.613283601755 -0.395167733613 -0.124245043929 0.181775998385 0.197631886699 0.166670608953 0.306303851829 0.489652748206 0.847252626810 0.589192482817 0.666708339758 1.48505383282 1.46866915233 0.849776115783 0.228306397358 0.475753929035 0.559395926979 0.765039886575 0.254156124516 0.221266511074 0.228172180697 0.212865800166 0.407822512163 0.412945161039 0.582854218870 0.662876613644 0.453331865751 0.505043189157 -0.0824386578826 -0.280964477688 -0.0362459805328 -0.499750864742 -1.70850655210 -0.791137179738 -0.394656552418 -0.526269437926 -0.939570976953 -0.858104393853 -1.03618440346 -0.421431746591 -0.512039668467 -0.0903884519991 0.553708043861 0.912495948418 -0.420395528772 0.0903739890881
# log_sigmar[1]:
-0.510825623766
# fmort:
 0.00819690223686 0.0124589342777 0.00603238377528 0.00838278347998 0.0181610138185 0.0254233528353 0.0354358022180 0.0350905852613 0.0707944533533 0.0665851334034 0.0517890656646 0.0768028926484 0.160533684795 0.0614505465597 0.142896172125 0.0778739622108 0.00684563360640 0.0250295126472 0.0163739958493 0.0142730787058 0.0128029173608 0.0174838758216 0.0187964533542 0.0225131892198 0.0143980347793 0.0191738787690 0.0289132348681 0.0105449993943 0.00320311486963 0.00586088266189 0.00870977459802 0.0181431577729 0.00786115457266 0.0120119793674 0.0136954509963 0.0201884891143 0.0208284010696 0.0333066780904 0.0594300042295 0.0438468192953 0.0538638050353 0.00997087791451 0.00381917785937 0.00632797888688 0.00639486550317 0.00821536774939 0.00569479635518 0.00797651652156 0.00221204338143 0.00177524827795 0.00573109245233
 0.000758970466665 0.00118615967857 0.00191728939540 0.00351153731543 0.00287106718774 0.00591743903321 0.00997027402198 0.0140613008921 0.0231925609016 0.0289831966057 0.0325268987833 0.0688513914919 0.0875941523340 0.0646974053948 0.0947807702766 0.140281727496 0.173177076152 0.231142804684 0.285408836995 0.330064633091 0.346627365978 0.426120458108 0.556782463821 0.585190769314 0.703654531679 0.907843745334 0.853252552946 0.854711252110 0.521156394137 0.330222744142 0.207869288923 0.234705089445 0.255417346281 0.237497987225 0.238703047952 0.243500984080 0.260867630921 0.324247457368 0.284152035493 0.387112185582 0.223240009497 0.156300596859 0.106016556505 0.0908754475055 0.0969821237377 0.117560561517 0.108883739768 0.103031949611 0.105273735561 0.0964132203132 0.0885100849653
 0.000223360586498 0.000469209978203 0.00117660582385 0.00284457000418 0.00958386179155 0.00317884855629 0.00471272226369 0.0477221448214 0.0343271176152 0.0256519315897 0.0267930791643 0.0258616433622 0.00918194568254 0.00714344683423 0.00959480966850 0.00479461761877 0.00187961247982 0.00167327262733 0.00595003373831 0.00597939855316 0.00770508272589 0.00633736616700 0.00389787344762 0.00461511716981 0.00767686581528 0.0282130884438 0.0378840361788 0.0700903318482 0.0452611174983 0.0162277351260 0.0180219802965 0.0463253782768 0.00772226885192 0.0106140898057 0.00935945591537 0.00531731556018 0.0218344044879 0.0229120425977 0.0221490674977 0.0174078022201 0.00460911657234 0.0444287544717 0.0214576880237 0.00942803920885 0.00887804912888 0.00270613244554 0.00142857471147 0.000695967582719 0.00288421594692 0.00412109205103 0.00319767337370
 6.03815729178e-05 6.35014925365e-05 0.000369466397616 7.13439855277e-05 7.65953402554e-05 8.32700978895e-05 9.53142348745e-05 0.000233276539521 0.00607948486545 0.0534425289342 0.0605049342655 0.0959119955001 0.215894785818 0.350959404668 0.485487593659 0.355339736438 0.277252353354 0.196615452439 0.139208957479 0.101792172198 0.0772786976795 0.0425885816544 0.00328950094155 9.87024315466e-05 0.000116570184043 0.000154078094058 0.000222262976257 0.000318329628081 0.000380390972161 0.000346057328786 0.000571719249604 0.00377293613328 0.0116147101678 0.0201698430192 0.0372168719753 0.0326641798523 0.0524254371596 0.0776911390729 0.0946378505296 0.128326641126 0.108427867914 0.0292566428204 0.0190032441372 0.0184962647047 0.0263485589590 0.0303180746774 0.0181197005646 0.0154228897660 0.0139527292306 0.0112318767056 0.000935919763667
# log_selcoffs_fsh[1]:
 -3.83928628417 -2.23114848549 -1.20452867174 -0.158647927373 0.764971885433 1.01774802785 0.460572617915 -0.270515833866 -0.789441451239
 -3.37607822820 -1.73897108003 -1.04884753549 -0.229602718494 0.621274908722 0.940720797530 0.543997592852 -0.0839770863590 -0.545645753038
 -3.02903250728 -1.57542100020 -0.774875605282 -0.00358504201434 0.599270166586 0.777937488275 0.480989153733 -0.00761638024192 -0.386131351593
 -2.62412457832 -1.33911581983 -0.708565583534 -0.100629977433 0.635569148431 0.758677115573 0.418262086058 -0.0102566614758 -0.306332982073
 -2.00785324568 -0.455645334707 -0.163466832431 0.0714716887826 0.336446838588 0.475103143036 0.332149907685 0.0581147393492 -0.166693155321
 -1.91058191829 -0.663328585333 0.341690826405 0.561687849695 0.252678921208 0.139728856662 0.0458803598171 -0.103261457385 -0.236171976479
 -1.60714427228 -0.543172125918 0.411782168311 0.690823373255 0.290318472222 -0.00230689062390 -0.147719417593 -0.243009136682 -0.311580867030
 -1.15874980302 -0.331516386407 0.447418390890 0.744199186999 0.239137308278 -0.108066690727 -0.286681450918 -0.358672342838 -0.382448973747
 -0.819841736581 0.150613472033 0.379013985616 0.528476574777 0.317370189652 -0.115886898946 -0.367394516063 -0.444471316587 -0.443205203399
 -0.593793797677 0.351765549627 0.509682588976 0.519526040064 0.138801929768 -0.269297115677 -0.501815112722 -0.554609700548 -0.531601013895
 -0.0803331176459 0.871890630994 0.433302335947 0.145634161330 -0.215513230986 -0.499337275639 -0.646903736010 -0.665018689377 -0.624257764503
 0.141295524003 0.816969724759 0.592910460139 0.138647167237 -0.393479049203 -0.654912769761 -0.758533784916 -0.756027614686 -0.704073645474
 -0.143983211297 1.10942252454 0.639616608063 -0.0705407483746 -0.597059993666 -0.821547479097 -0.882264654611 -0.859185896717 -0.806723817840
 0.169318936237 1.09542798323 0.606093501152 -0.126511905050 -0.695470135207 -0.907036802120 -0.950942254569 -0.916042191970 -0.863732560365
 0.140891520827 1.18706058714 0.557936707314 -0.186294977398 -0.745936785023 -0.964542511627 -1.01051933915 -0.974514814935 -0.923009421092
 -0.259950330668 1.24507772415 0.688806148212 -0.148084052922 -0.774714561617 -1.00981899217 -1.06389556143 -1.03080120607 -0.980669104900
 -0.162753600568 1.29435873830 0.611932734977 -0.193286156470 -0.807412547508 -1.04398568784 -1.10089065186 -1.07117350814 -1.02146887459
 0.423460291110 1.08858783364 0.643946246368 -0.217057145116 -0.836291475827 -1.06713887509 -1.12141541063 -1.08937701710 -1.03768973849
 0.787041665398 1.06637918118 0.387014862697 -0.339618622969 -0.897655826319 -1.11623473747 -1.16522839067 -1.12685179318 -1.07086548824
 0.447546698308 1.21102730338 0.543557417802 -0.335770861980 -0.951122161923 -1.17202664693 -1.21052643493 -1.15972370161 -1.09652178713
 0.567093174411 1.26220457702 0.404442228791 -0.446133024544 -1.02555323000 -1.23125893606 -1.25796124962 -1.19190964162 -1.11870794269
 0.460575771162 1.29959503548 0.502336173888 -0.507771838115 -1.11127886656 -1.29514218458 -1.30211322521 -1.21828884456 -1.13288962704
 0.642916639604 1.22362703571 0.472617114538 -0.484097803264 -1.11923148837 -1.31803556618 -1.32229626145 -1.22542968166 -1.12794121558
 0.412396227534 1.35551315042 0.422779547245 -0.502088529331 -1.10963269280 -1.31790479345 -1.33043053225 -1.23021201299 -1.12274999918
 0.678537128337 1.22502604286 0.372856729783 -0.458321717972 -1.04529308407 -1.27528980248 -1.30219454991 -1.20242678515 -1.08709280521
 0.670478391666 1.17404249837 0.370095211938 -0.326466355500 -0.967057287119 -1.21604856386 -1.24359623404 -1.14544274865 -1.02885815399
 0.0436091992344 1.24877860694 0.586802930503 -0.161390635225 -0.849635495272 -1.10347514915 -1.13445434016 -1.04720262018 -0.945845713166
 0.181474613967 1.15689491701 0.567299027352 -0.205244615194 -0.765002796406 -0.974052126270 -0.994433481989 -0.920039167143 -0.840006346509
 1.14879675286 0.652326481908 0.0660707884566 -0.441576192279 -0.781666845736 -0.890806305123 -0.876447584565 -0.800005538191 -0.732459485522
 0.743608169162 1.04220537753 0.0575996889845 -0.575823523537 -0.790095564044 -0.801404143503 -0.742248208876 -0.663214742639 -0.605580474984
 0.624889110101 1.02802243831 -0.00543522018146 -0.580068202524 -0.715041905559 -0.678077579654 -0.587062926803 -0.509762807252 -0.464212311504
 0.506829498115 0.824378519477 0.0334017502765 -0.414512665730 -0.525719942881 -0.480953111715 -0.386492101042 -0.318549708250 -0.289114344692
 -0.273049229696 0.576872460066 0.229733851584 -0.0955109741060 -0.167238366347 -0.200573595272 -0.150875396989 -0.126580950572 -0.121046076391
 -0.735309240616 -0.00685470914184 -0.0388619671442 0.102962249500 0.181767390632 0.0997483796773 0.130103487455 0.0284660643038 -0.0150205750526
 -0.363199905666 0.264732190568 -0.221699838830 -0.256641640290 -0.0358115733693 0.0825055093636 0.142893215588 0.118001126348 0.0925706815560
 0.454239449432 -0.563629639157 -0.707370533881 -0.401656476452 -0.0605808243161 0.135801886691 0.212519073800 0.191140157275 0.148113588372
 -0.0523573527356 -0.912549490773 -0.921055110912 -0.316243515335 0.141969365632 0.271868651371 0.371912445625 0.309904791100 0.218149466101
# log_selcoffs_fsh[2]:
 -2.29248536827 -0.380741762301 0.419579358864 0.801568433502 0.618709700200 0.162411543770 -0.208125285255 -0.472560805454 -0.638823910884 -0.757200316762
 -2.20630355872 -0.318237585567 -0.345722822808 0.262755391736 0.728219958981 0.623798210677 0.169221270542 -0.235977773181 -0.438483501285 -0.514734142623
 -2.73509140275 -0.921216505227 -0.474914705221 0.0491522765497 0.629220810933 0.726474088037 0.344727043454 -0.0509108394633 -0.229414614671 -0.269361401645
 -3.15662593171 -1.58342167978 -0.710729142893 -0.194252243845 0.456064265726 0.758788330979 0.432211101384 0.125727243487 0.0213900321650 0.0272562407857
 -2.78512012647 -1.18258499042 -1.12664933619 -0.617201113274 0.199765334548 0.617519900601 0.449234769682 0.296264946812 0.299835295616 0.358518952949
 -2.45262155635 -1.27178242805 -1.01119853686 -0.917305194899 -0.403123869399 0.0813977867344 0.328954636457 0.486319269670 0.652336031935 0.779938131687
 -3.10897606492 -1.85159046020 -0.919153227786 -0.717418346050 -0.610271379734 -0.274103867708 0.121895465321 0.485425892339 0.787422682345 0.976751392135
 -3.64419007451 -2.65633439104 -1.86200820329 -1.08715155213 -0.465836404017 -0.0764432697761 0.233680644496 0.467885647247 0.795315059908 1.02320833966
 -3.88988362079 -2.88831738348 -2.25283989883 -1.52448288862 -0.636491980039 -0.0412092313281 0.354679186449 0.631804074431 0.823632812157 0.926948688578
 -3.97201680653 -2.73148437147 -2.03821001963 -1.54169683362 -1.03392297884 -0.320946543914 0.281639538925 0.792989288065 0.971453415462 0.838811828427
 -3.80290358910 -2.29781294388 -1.53687873582 -1.12857885631 -0.795632510060 -0.525274631509 0.0385456341789 0.692776487693 0.992680417935 0.939604209692
 -3.69986964141 -2.20425920019 -1.36265503206 -0.911976592367 -0.604056276456 -0.298176522530 0.220722332225 0.646503850346 0.853858026973 0.881263484202
 -3.37500313606 -1.51165078719 -0.893738535355 -0.507113261959 -0.277402648330 -0.230632140070 0.143673447636 0.478843556383 0.727309613591 0.851808388203
 -2.94038484782 -1.19630134098 -0.511713689407 -0.254934444211 -0.182250361836 -0.0890900831733 0.141048746556 0.390833854224 0.601764096862 0.726206653671
 -2.56272932004 -0.501375135458 -0.281790614841 -0.260581273466 -0.324704758391 -0.196189861779 0.0996305929183 0.354698924782 0.561330734942 0.675013219166
 -2.23740735097 -0.235584981505 -0.236337720307 -0.337151345568 -0.424406632532 -0.283850578477 0.0201154563844 0.309980844999 0.560264671743 0.721710711314
 -1.81535044448 -0.249037685528 -0.231073476691 -0.291445933447 -0.433431528370 -0.369938468287 -0.0856389842992 0.243150028404 0.569485339140 0.796247260011
 -1.96381727167 -0.176381362903 0.0533579260271 -0.111015671625 -0.354681894633 -0.357043664174 -0.115892010244 0.201445701539 0.476305726662 0.666111615808
 -2.10708551850 -0.320836402597 0.0948364358037 -0.0239547815182 -0.277899333343 -0.281710556460 -0.0542829603014 0.230318493160 0.455668568207 0.577623942546
 -2.24205869308 -0.555058662652 -0.202290247341 -0.0454534684588 -0.195892295806 -0.198949444320 0.0346951277182 0.317711199356 0.513842614379 0.601372782077
 -2.33597513665 -0.762556026639 -0.213714256015 -0.0139781200834 -0.169580249144 -0.221115505512 0.00897693785618 0.327130918588 0.540072949858 0.634106840357
 -2.60994108646 -0.845205688572 -0.283675739497 0.0587761718926 -0.0567429044405 -0.120636816543 0.0669792494108 0.312232118232 0.491400194031 0.577681461662
 -2.94930308785 -1.42845445468 -0.398267296437 0.139356657487 0.168514167988 0.0429949259953 0.149632917798 0.319495074271 0.424946681241 0.465054740742
 -3.12633903321 -1.80495605922 -0.786602637002 -0.0419145948733 0.311341287015 0.255790005620 0.352457745208 0.425428818001 0.382061778434 0.264250213812
 -3.19709699316 -1.66629674073 -0.799247970012 -0.326119138202 0.125105494627 0.354076052255 0.459041058986 0.546449587496 0.404517130747 0.208972892329
 -3.33130262769 -1.96816240194 -1.10769957332 -0.166004868975 0.283942137604 0.419277778236 0.436659951296 0.491408244928 0.368897174215 0.156726874492
 -3.61069576361 -1.76376272441 -0.977115870650 -0.0397889644172 0.427184285405 0.523340746284 0.485973181010 0.394281808604 0.169534239729 -0.0515440991769
 -3.82923255750 -1.66327510447 -0.804326645700 -0.00668170480211 0.366218703334 0.412630273738 0.689598107094 0.468174058269 0.0236209264604 -0.247080207415
 -3.83018987140 -2.34226665825 -1.31582176510 0.0480806845263 0.574214497285 0.489271035267 0.680566577748 0.335164118667 -0.00124754474599 -0.240932606865
 -3.78245167886 -1.98337421896 -0.715613025050 0.162234234860 0.810755698022 0.503057591162 0.282469896283 0.0790627413602 -0.0463926856854 -0.0966401930519
 -3.49214950422 -1.42196917703 -0.226618647157 0.202661961970 0.246311359098 0.141513747486 0.173216141275 0.219608924647 0.308967673289 0.390958918257
 -3.35686709896 -1.43519309694 -0.597795259022 -0.148605831339 -0.0508268869474 -0.0431154268824 0.0388763189668 0.336060418332 0.592610393194 0.769710638215
 -2.86577958383 -0.915299115957 -0.678136172839 -0.552440171208 -0.299442417740 -0.278686522608 -0.155421500788 0.262060633505 0.739156646458 0.997583818195
 -3.43791427362 -1.23697319245 -0.572355954283 -0.113885530824 -0.0245965684522 -0.0307227631047 -0.0517307872517 0.199726393006 0.569779164809 0.848899943882
 -3.79547683832 -1.66626463093 -0.849811337365 -0.386383505986 0.125454694520 0.187728559593 0.186594562330 0.279239040902 0.527248118582 0.751357378267
 -4.11876328826 -2.21312133635 -0.993777813101 -0.345801526682 0.0173774629820 0.222132090534 0.245312978293 0.323700443751 0.494445484584 0.802198547060
 -4.18279354935 -2.80628381294 -1.60470727552 -0.569196285306 0.134142744194 0.224545078902 0.398612185091 0.404866392978 0.509310909339 0.746249609371
 -4.10507291314 -2.83074553971 -1.73571030941 -0.815516991183 -0.146994183816 0.163356709977 0.335033224519 0.472643490172 0.643576341534 0.858496144837
# log_selcoffs_fsh[3]:
 -1.22813430894 -0.436907195463 1.07253460700 0.583365104119 -0.317939986612 -1.01004775972 -1.36866974135
 -1.58713291354 -0.450585095792 1.13077236008 0.558006660067 -0.358168164368 -1.02472487004 -1.36591048795
 -1.21566391115 -0.397171166512 1.04925851448 0.574032276323 -0.290810545707 -0.958778316069 -1.31190968907
 -2.19119807221 -0.664107962084 1.18316146727 0.549903547634 -0.315450218972 -0.966953771365 -1.32418418232
 -2.56144659333 -0.733250507317 1.09106357056 0.652769253107 -0.159707419460 -0.876375239420 -1.28921226724
 -2.71836711349 -0.934153260381 0.747719499212 0.953820895735 0.0820233593537 -0.772821007470 -1.25133261528
 -2.71923661709 -0.891490817098 0.669541263438 0.992830012048 0.0971373041934 -0.743009123064 -1.22371196807
 -2.44431467199 -0.356284290066 0.864877138531 0.705430842607 0.0107577116674 -0.705528780745 -1.17491711050
 -2.13417981131 -0.128164299948 0.675932464008 0.727016753084 0.119883787708 -0.649419959703 -1.14737061174
 -1.97555476021 0.172161460627 0.815241730728 0.540815721055 -0.0684351489218 -0.764641453778 -1.21415076881
 -2.13430838911 -0.353850989984 0.927256283169 0.789911590481 -0.207108463446 -0.963464905198 -1.36873862355
 -2.23413426930 -0.414173040958 0.925920078939 0.839403492295 -0.204247769613 -1.05203149915 -1.47680858313
 -2.23208192545 -0.354083629454 1.07653093351 0.700069595795 -0.346174819254 -1.14560172100 -1.52747663724
 -2.00461780577 0.298941676724 1.04361631704 0.419044763891 -0.466912114701 -1.17458901531 -1.50958875376
 -2.01245248150 -0.0536688818510 1.15600138626 0.476905680754 -0.509850482264 -1.19482150181 -1.48295762104
 -2.03207230609 -0.0382141463393 1.26997729768 0.294377274670 -0.702855498103 -1.27697707286 -1.47264044497
 -1.96286886645 0.274101839388 1.19832825715 0.243186120122 -0.784264147684 -1.31941670255 -1.46718943672
 -1.95512504746 0.305259627835 1.21182050688 0.187442389466 -0.791278618108 -1.34237427312 -1.50855078548
 -1.67093464174 0.836043595385 0.908881214598 0.0887832799645 -0.783051503676 -1.34121409866 -1.55219596952
 -1.51016525411 0.856787194060 0.912728506137 0.0307624967001 -0.816888729627 -1.36409897820 -1.59071304752
 -1.43038146570 0.903007829865 0.908028582079 -0.0437492396157 -0.879727207306 -1.40506289013 -1.62506640865
 -1.42251108490 0.772582592979 1.01499894753 -0.0157906236483 -0.896737531143 -1.41448068163 -1.61496827472
 -1.42369833224 0.223575206911 1.27273986540 0.0586253431513 -0.877888633748 -1.38308622195 -1.55506578953
 -1.19700253044 0.595436200959 1.05658045299 0.0950095380814 -0.815013142021 -1.36611129965 -1.55987661786
 -1.10751760070 0.269988283799 1.15278546055 0.265904994400 -0.779044592976 -1.42478815043 -1.66782988871
 -0.961892077458 0.778048731290 0.745491943042 0.377560384071 -0.709602298669 -1.50089671014 -1.83482376720
 -1.31435944565 0.744980238954 1.01715868291 0.107210023990 -0.865441443784 -1.63456816853 -2.03594472675
 -1.62399953909 0.323057635931 1.28021981040 0.142368184779 -0.953234882868 -1.75010084866 -2.19045001194
 -1.97859108320 -0.00274487549413 1.34454971012 0.302968555314 -0.896796311586 -1.80756058841 -2.28064156713
 -2.16654737838 -0.158355019438 0.962108480824 0.972582313874 -0.669686420205 -1.81764466045 -2.34727164143
 -2.00724496703 0.745978098654 0.845235926387 0.526227288181 -0.722146649365 -1.82969872863 -2.40898482968
 -2.15129161074 0.118614451600 1.36126315086 0.229143192156 -0.981637175662 -1.94971517800 -2.50007603269
 -2.27676864269 -0.316509151256 1.42234663208 0.355357334316 -0.969426720870 -1.99193288382 -2.53282845683
 -2.19411531468 -0.212731393523 1.16868316859 0.787567123329 -0.815835301669 -1.96057231209 -2.50927580948
 -2.07762305631 -0.0951172683893 1.39158832797 0.300370705550 -0.990962240182 -1.97004979848 -2.48595827472
 -1.65494760888 0.882199384828 1.01446015456 0.0552607425057 -1.05268636359 -1.95164886085 -2.44229614116
 -1.51154258651 0.835612656900 1.06751774238 0.00172844617881 -1.10450670590 -1.94918941376 -2.41286238635
 -1.36744031568 0.970844129733 0.964507953477 -0.0855746549014 -1.10673307871 -1.94376713856 -2.41030830497
 -1.53188226861 0.879067770536 1.02477266013 0.0231905331312 -1.08836944660 -1.95918596814 -2.43547038208
 -1.62730256849 0.0975767839722 1.37353549179 0.170848415412 -1.07505698606 -1.97823662739 -2.45510502876
 -1.67348438706 0.110371622477 1.34549896121 0.243935914086 -1.03749121441 -1.97189195855 -2.45556927205
# log_selcoffs_fsh[4]:
 -2.99080415375 -2.50346051935 -1.98649497527 -1.41448233494 -0.786781383344 -0.138596451997 0.452600267078 0.900123830698 1.14088418305
 -2.97883549909 -2.49789252312 -1.98556434842 -1.41692563206 -0.791485586822 -0.143933059652 0.450350540211 0.901107707396 1.14320967672
 -2.95590290517 -2.48636826892 -1.98542669047 -1.42011461707 -0.797503563215 -0.148685230613 0.449675782803 0.901846933032 1.14470106278
 -2.91915153666 -2.46525522484 -1.98151315683 -1.43436165391 -0.809654493329 -0.151175885551 0.453085917781 0.904772747856 1.14284210858
 -2.86442934926 -2.41462337515 -1.95388972039 -1.43207803935 -0.836874869294 -0.164912636635 0.461670216147 0.911240968374 1.13715663023
 -2.78972931680 -2.33542361510 -1.89435994118 -1.40489664949 -0.815987106546 -0.156597753155 0.471214917412 0.911906231537 1.11767385262
 -2.70308389766 -2.24516932732 -1.77539585605 -1.31216860749 -0.766188644777 -0.110924614339 0.497501202502 0.902314916672 1.07115285902
 -2.59878866841 -2.14674275213 -1.67683085883 -1.17757674630 -0.650268785079 -0.0596970741020 0.501061905268 0.876723105074 1.02831205855
 -2.44434074339 -1.99136014851 -1.55220287021 -1.07754978392 -0.539171957104 0.0119327593582 0.507068557267 0.836597963364 0.978456066803
 -2.26639636075 -1.77538081451 -1.31341605949 -0.920272440670 -0.479576515821 0.0310440066171 0.487329152573 0.798461059259 0.939588502801
 -2.09748711474 -1.56155258077 -1.05477371906 -0.645768991905 -0.350398221590 0.00400174566246 0.417545593559 0.740152682959 0.905024081164
 -1.95513144833 -1.40456736059 -0.862122087651 -0.415361052741 -0.135438222385 0.0440766509568 0.325423032908 0.642675254245 0.844167591685
 -1.84069219723 -1.28529577252 -0.760515389266 -0.307694681682 -0.00813185394770 0.150910241361 0.313794649732 0.550358598906 0.744259333749
 -1.73744037080 -1.17613421541 -0.658616833534 -0.241771250683 0.0331565090338 0.196179160865 0.338904209229 0.506931063473 0.641171521103
 -1.64256520793 -1.06839477470 -0.552124137157 -0.158291677674 0.0890678672354 0.228572867821 0.335768096814 0.450092663641 0.540111910720
 -1.56049943341 -0.962037965407 -0.438595561074 -0.0644676621004 0.149570021721 0.249524991102 0.312371090361 0.381334417868 0.438060203485
 -1.49216366233 -0.850912384681 -0.312853971043 0.0378763528599 0.204732164275 0.253089260212 0.270990882711 0.303567579043 0.334319256271
 -1.45760513082 -0.731967601076 -0.131742323488 0.172774620162 0.270189696513 0.216659205215 0.184904332877 0.193555150550 0.224971187377
 -1.45918420515 -0.671594321305 0.0621421887281 0.324790382529 0.287896943922 0.189714851563 0.0834849316481 0.0733141428703 0.0981828879135
 -1.50082690678 -0.693713696151 0.0542518911424 0.516261650678 0.370833400760 0.145103879266 0.0119707000659 -0.0448883224074 -0.0277954961560
 -1.53569999789 -0.759285906860 -0.0825402696527 0.450256049808 0.524392789383 0.229621844203 0.0116734552747 -0.0655178435371 -0.0711466002188
 -1.54043897594 -0.811638580963 -0.186420085304 0.243548993544 0.506566362340 0.354890798696 0.144688819921 0.0189335827334 -0.0248175693486
 -1.55810166336 -0.890274846119 -0.278290543192 0.120595619415 0.339793745835 0.361959659713 0.265796808599 0.180567671913 0.140205623693
 -1.60005557718 -1.00445295882 -0.467318219735 -0.0386873997238 0.226573699052 0.339155930269 0.347714970130 0.330411578566 0.320423523110
 -1.64093342946 -1.10169179648 -0.601222212367 -0.177173665260 0.130028251641 0.302976333173 0.382665420220 0.432363832728 0.462658595035
 -1.68514434253 -1.18458644612 -0.735153863042 -0.317715931823 0.0296682564263 0.257988597284 0.402267763687 0.514446099817 0.592834092430
 -1.71890991111 -1.22861914263 -0.859589133574 -0.448028695284 -0.0419325165714 0.210265457927 0.395103064047 0.573006503724 0.700495708757
 -1.81968677420 -1.39242968713 -0.975005918500 -0.421742282681 -0.0561646847556 0.114594029611 0.300155707748 0.583846741863 0.852953334829
 -1.41008286406 -1.42271718290 -1.12360332364 -0.705474725582 -0.252668914242 0.0733040920866 0.349103734640 0.641599476386 0.926535250480
 -1.79617473355 -1.57183141316 -1.33272981406 -0.837053983135 -0.289179044636 0.143692153705 0.434154121776 0.692624900430 0.909726593964
 -1.59266803201 -1.59559154716 -1.49365472883 -1.02590938591 -0.472718296601 0.0102953088742 0.460010375474 0.764466085410 0.972752983561
 -1.62606673895 -1.59409817665 -1.43303279051 -1.02426934274 -0.496619014511 0.0107909731393 0.451717802712 0.776665756778 0.969987022027
# log_sel_spl_fsh[1]:
 0.00000000000 0.00000000000 0.00000000000 0.00000000000
 0.00000000000 0.00000000000 0.00000000000 0.00000000000
 0.00000000000 0.00000000000 0.00000000000 0.00000000000
 0.00000000000 0.00000000000 0.00000000000 0.00000000000
 0.00000000000 0.00000000000 0.00000000000 0.00000000000
 0.00000000000 0.00000000000 0.00000000000 0.00000000000
 0.00000000000 0.00000000000 0.00000000000 0.00000000000
 0.00000000000 0.00000000000 0.00000000000 0.00000000000
 0.00000000000 0.00000000000 0.00000000000 0.00000000000
 0.00000000000 0.00000000000 0.00000000000 0.00000000000
 0.00000000000 0.00000000000 0.00000000000 0.00000000000
 0.00000000000 0.00000000000 0.00000000000 0.00000000000
 0.00000000000 0.00000000000 0.00000000000 0.00000000000
 0.00000000000 0.00000000000 0.00000000000 0.00000000000
 0.00000000000 0.00000000000 0.00000000000 0.00000000000
 0.00000000000 0.00000000000 0.00000000000 0.00000000000
 0.00000000000 0.00000000000 0.00000000000 0.00000000000
 0.00000000000 0.00000000000 0.00000000000 0.00000000000
 0.00000000000 0.00000000000 0.00000000000 0.00000000000
 0.00000000000 0.00000000000 0.00000000000 0.00000000000
 0.00000000000 0.00000000000 0.00000000000 0.00000000000
 0.00000000000 0.00000000000 0.00000000000 0.00000000000
 0.00000000000 0.00000000000 0.00000000000 0.00000000000
 0.00000000000 0.00000000000 0.00000000000 0.00000000000
 0.00000000000 0.00000000000 0.00000000000 0.00000000000
 0.00000000000 0.00000000000 0.00000000000 0.00000000000
 0.00000000000 0.00000000000 0.00000000000 0.00000000000
 0.00000000000 0.00000000000 0.00000000000 0.00000000000
 0.00000000000 0.00000000000 0.00000000000 0.00000000000
 0.00000000000 0.00000000000 0.00000000000 0.00000000000
 0.00000000000 0.00000000000 0.00000000000 0.00000000000
 0.00000000000 0.00000000000 0.00000000000 0.00000000000
 0.00000000000 0.00000000000 0.00000000000 0.00000000000
 0.00000000000 0.00000000000 0.00000000000 0.00000000000
 0.00000000000 0.00000000000 0.00000000000 0.00000000000
 0.00000000000 0.00000000000 0.00000000000 0.00000000000
 0.00000000000 0.00000000000 0.00000000000 0.00000000000
# log_sel_spl_fsh[2]:
 0.00000000000 0.00000000000 0.00000000000 0.00000000000
 0.00000000000 0.00000000000 0.00000000000 0.00000000000
 0.00000000000 0.00000000000 0.00000000000 0.00000000000
 0.00000000000 0.00000000000 0.00000000000 0.00000000000
 0.00000000000 0.00000000000 0.00000000000 0.00000000000
 0.00000000000 0.00000000000 0.00000000000 0.00000000000
 0.00000000000 0.00000000000 0.00000000000 0.00000000000
 0.00000000000 0.00000000000 0.00000000000 0.00000000000
 0.00000000000 0.00000000000 0.00000000000 0.00000000000
 0.00000000000 0.00000000000 0.00000000000 0.00000000000
 0.00000000000 0.00000000000 0.00000000000 0.00000000000
 0.00000000000 0.00000000000 0.00000000000 0.00000000000
 0.00000000000 0.00000000000 0.00000000000 0.00000000000
 0.00000000000 0.00000000000 0.00000000000 0.00000000000
 0.00000000000 0.00000000000 0.00000000000 0.00000000000
 0.00000000000 0.00000000000 0.00000000000 0.00000000000
 0.00000000000 0.00000000000 0.00000000000 0.00000000000
 0.00000000000 0.00000000000 0.00000000000 0.00000000000
 0.00000000000 0.00000000000 0.00000000000 0.00000000000
 0.00000000000 0.00000000000 0.00000000000 0.00000000000
 0.00000000000 0.00000000000 0.00000000000 0.00000000000
 0.00000000000 0.00000000000 0.00000000000 0.00000000000
 0.00000000000 0.00000000000 0.00000000000 0.00000000000
 0.00000000000 0.00000000000 0.00000000000 0.00000000000
 0.00000000000 0.00000000000 0.00000000000 0.00000000000
 0.00000000000 0.00000000000 0.00000000000 0.00000000000
 0.00000000000 0.00000000000 0.00000000000 0.00000000000
 0.00000000000 0.00000000000 0.00000000000 0.00000000000
 0.00000000000 0.00000000000 0.00000000000 0.00000000000
 0.00000000000 0.00000000000 0.00000000000 0.00000000000
 0.00000000000 0.00000000000 0.00000000000 0.00000000000
 0.00000000000 0.00000000000 0.00000000000 0.00000000000
 0.00000000000 0.00000000000 0.00000000000 0.00000000000
 0.00000000000 0.00000000000 0.00000000000 0.00000000000
 0.00000000000 0.00000000000 0.00000000000 0.00000000000
 0.00000000000 0.00000000000 0.00000000000 0.00000000000
 0.00000000000 0.00000000000 0.00000000000 0.00000000000
 0.00000000000 0.00000000000 0.00000000000 0.00000000000
# log_sel_spl_fsh[3]:
 0.00000000000 0.00000000000 0.00000000000 0.00000000000
 0.00000000000 0.00000000000 0.00000000000 0.00000000000
 0.00000000000 0.00000000000 0.00000000000 0.00000000000
 0.00000000000 0.00000000000 0.00000000000 0.00000000000
 0.00000000000 0.00000000000 0.00000000000 0.00000000000
 0.00000000000 0.00000000000 0.00000000000 0.00000000000
 0.00000000000 0.00000000000 0.00000000000 0.00000000000
 0.00000000000 0.00000000000 0.00000000000 0.00000000000
 0.00000000000 0.00000000000 0.00000000000 0.00000000000
 0.00000000000 0.00000000000 0.00000000000 0.00000000000
 0.00000000000 0.00000000000 0.00000000000 0.00000000000
 0.00000000000 0.00000000000 0.00000000000 0.00000000000
 0.00000000000 0.00000000000 0.00000000000 0.00000000000
 0.00000000000 0.00000000000 0.00000000000 0.00000000000
 0.00000000000 0.00000000000 0.00000000000 0.00000000000
 0.00000000000 0.00000000000 0.00000000000 0.00000000000
 0.00000000000 0.00000000000 0.00000000000 0.00000000000
 0.00000000000 0.00000000000 0.00000000000 0.00000000000
 0.00000000000 0.00000000000 0.00000000000 0.00000000000
 0.00000000000 0.00000000000 0.00000000000 0.00000000000
 0.00000000000 0.00000000000 0.00000000000 0.00000000000
 0.00000000000 0.00000000000 0.00000000000 0.00000000000
 0.00000000000 0.00000000000 0.00000000000 0.00000000000
 0.00000000000 0.00000000000 0.00000000000 0.00000000000
 0.00000000000 0.00000000000 0.00000000000 0.00000000000
 0.00000000000 0.00000000000 0.00000000000 0.00000000000
 0.00000000000 0.00000000000 0.00000000000 0.00000000000
 0.00000000000 0.00000000000 0.00000000000 0.00000000000
 0.00000000000 0.00000000000 0.00000000000 0.00000000000
 0.00000000000 0.00000000000 0.00000000000 0.00000000000
 0.00000000000 0.00000000000 0.00000000000 0.00000000000
 0.00000000000 0.00000000000 0.00000000000 0.00000000000
 0.00000000000 0.00000000000 0.00000000000 0.00000000000
 0.00000000000 0.00000000000 0.00000000000 0.00000000000
 0.00000000000 0.00000000000 0.00000000000 0.00000000000
 0.00000000000 0.00000000000 0.00000000000 0.00000000000
 0.00000000000 0.00000000000 0.00000000000 0.00000000000
 0.00000000000 0.00000000000 0.00000000000 0.00000000000
 0.00000000000 0.00000000000 0.00000000000 0.00000000000
 0.00000000000 0.00000000000 0.00000000000 0.00000000000
 0.00000000000 0.00000000000 0.00000000000 0.00000000000
# log_sel_spl_fsh[4]:
 0.00000000000 0.00000000000 0.00000000000 0.00000000000
 0.00000000000 0.00000000000 0.00000000000 0.00000000000
 0.00000000000 0.00000000000 0.00000000000 0.00000000000
 0.00000000000 0.00000000000 0.00000000000 0.00000000000
 0.00000000000 0.00000000000 0.00000000000 0.00000000000
 0.00000000000 0.00000000000 0.00000000000 0.00000000000
 0.00000000000 0.00000000000 0.00000000000 0.00000000000
 0.00000000000 0.00000000000 0.00000000000 0.00000000000
 0.00000000000 0.00000000000 0.00000000000 0.00000000000
 0.00000000000 0.00000000000 0.00000000000 0.00000000000
 0.00000000000 0.00000000000 0.00000000000 0.00000000000
 0.00000000000 0.00000000000 0.00000000000 0.00000000000
 0.00000000000 0.00000000000 0.00000000000 0.00000000000
 0.00000000000 0.00000000000 0.00000000000 0.00000000000
 0.00000000000 0.00000000000 0.00000000000 0.00000000000
 0.00000000000 0.00000000000 0.00000000000 0.00000000000
 0.00000000000 0.00000000000 0.00000000000 0.00000000000
 0.00000000000 0.00000000000 0.00000000000 0.00000000000
 0.00000000000 0.00000000000 0.00000000000 0.00000000000
 0.00000000000 0.00000000000 0.00000000000 0.00000000000
 0.00000000000 0.00000000000 0.00000000000 0.00000000000
 0.00000000000 0.00000000000 0.00000000000 0.00000000000
 0.00000000000 0.00000000000 0.00000000000 0.00000000000
 0.00000000000 0.00000000000 0.00000000000 0.00000000000
 0.00000000000 0.00000000000 0.00000000000 0.00000000000
 0.00000000000 0.00000000000 0.00000000000 0.00000000000
 0.00000000000 0.00000000000 0.00000000000 0.00000000000
 0.00000000000 0.00000000000 0.00000000000 0.00000000000
 0.00000000000 0.00000000000 0.00000000000 0.00000000000
 0.00000000000 0.00000000000 0.00000000000 0.00000000000
 0.00000000000 0.00000000000 0.00000000000 0.00000000000
 0.00000000000 0.00000000000 0.00000000000 0.00000000000
# logsel_slope_fsh[1]:
 0.00000000000 0.00000000000 0.00000000000 0.00000000000 0.00000000000 0.00000000000 0.00000000000 0.00000000000 0.00000000000 0.00000000000 0.00000000000 0.00000000000 0.00000000000 0.00000000000 0.00000000000 0.00000000000 0.00000000000 0.00000000000 0.00000000000 0.00000000000 0.00000000000 0.00000000000 0.00000000000 0.00000000000 0.00000000000 0.00000000000 0.00000000000 0.00000000000 0.00000000000 0.00000000000 0.00000000000 0.00000000000 0.00000000000 0.00000000000 0.00000000000 0.00000000000 0.00000000000
# logsel_slope_fsh[2]:
 0.00000000000 0.00000000000 0.00000000000 0.00000000000 0.00000000000 0.00000000000 0.00000000000 0.00000000000 0.00000000000 0.00000000000 0.00000000000 0.00000000000 0.00000000000 0.00000000000 0.00000000000 0.00000000000 0.00000000000 0.00000000000 0.00000000000 0.00000000000 0.00000000000 0.00000000000 0.00000000000 0.00000000000 0.00000000000 0.00000000000 0.00000000000 0.00000000000 0.00000000000 0.00000000000 0.00000000000 0.00000000000 0.00000000000 0.00000000000 0.00000000000 0.00000000000 0.00000000000 0.00000000000
# logsel_slope_fsh[3]:
 0.00000000000 0.00000000000 0.00000000000 0.00000000000 0.00000000000 0.00000000000 0.00000000000 0.00000000000 0.00000000000 0.00000000000 0.00000000000 0.00000000000 0.00000000000 0.00000000000 0.00000000000 0.00000000000 0.00000000000 0.00000000000 0.00000000000 0.00000000000 0.00000000000 0.00000000000 0.00000000000 0.00000000000 0.00000000000 0.00000000000 0.00000000000 0.00000000000 0.00000000000 0.00000000000 0.00000000000 0.00000000000 0.00000000000 0.00000000000 0.00000000000 0.00000000000 0.00000000000 0.00000000000 0.00000000000 0.00000000000 0.00000000000
# logsel_slope_fsh[4]:
 0.00000000000 0.00000000000 0.00000000000 0.00000000000 0.00000000000 0.00000000000 0.00000000000 0.00000000000 0.00000000000 0.00000000000 0.00000000000 0.00000000000 0.00000000000 0.00000000000 0.00000000000 0.00000000000 0.00000000000 0.00000000000 0.00000000000 0.00000000000 0.00000000000 0.00000000000 0.00000000000 0.00000000000 0.00000000000 0.00000000000 0.00000000000 0.00000000000 0.00000000000 0.00000000000 0.00000000000 0.00000000000
# sel50_fsh[1]:
 0.00000000000 0.00000000000 0.00000000000 0.00000000000 0.00000000000 0.00000000000 0.00000000000 0.00000000000 0.00000000000 0.00000000000 0.00000000000 0.00000000000 0.00000000000 0.00000000000 0.00000000000 0.00000000000 0.00000000000 0.00000000000 0.00000000000 0.00000000000 0.00000000000 0.00000000000 0.00000000000 0.00000000000 0.00000000000 0.00000000000 0.00000000000 0.00000000000 0.00000000000 0.00000000000 0.00000000000 0.00000000000 0.00000000000 0.00000000000 0.00000000000 0.00000000000 0.00000000000
# sel50_fsh[2]:
 0.00000000000 0.00000000000 0.00000000000 0.00000000000 0.00000000000 0.00000000000 0.00000000000 0.00000000000 0.00000000000 0.00000000000 0.00000000000 0.00000000000 0.00000000000 0.00000000000 0.00000000000 0.00000000000 0.00000000000 0.00000000000 0.00000000000 0.00000000000 0.00000000000 0.00000000000 0.00000000000 0.00000000000 0.00000000000 0.00000000000 0.00000000000 0.00000000000 0.00000000000 0.00000000000 0.00000000000 0.00000000000 0.00000000000 0.00000000000 0.00000000000 0.00000000000 0.00000000000 0.00000000000
# sel50_fsh[3]:
 0.00000000000 0.00000000000 0.00000000000 0.00000000000 0.00000000000 0.00000000000 0.00000000000 0.00000000000 0.00000000000 0.00000000000 0.00000000000 0.00000000000 0.00000000000 0.00000000000 0.00000000000 0.00000000000 0.00000000000 0.00000000000 0.00000000000 0.00000000000 0.00000000000 0.00000000000 0.00000000000 0.00000000000 0.00000000000 0.00000000000 0.00000000000 0.00000000000 0.00000000000 0.00000000000 0.00000000000 0.00000000000 0.00000000000 0.00000000000 0.00000000000 0.00000000000 0.00000000000 0.00000000000 0.00000000000 0.00000000000 0.00000000000
# sel50_fsh[4]:
 0.00000000000 0.00000000000 0.00000000000 0.00000000000 0.00000000000 0.00000000000 0.00000000000 0.00000000000 0.00000000000 0.00000000000 0.00000000000 0.00000000000 0.00000000000 0.00000000000 0.00000000000 0.00000000000 0.00000000000 0.00000000000 0.00000000000 0.00000000000 0.00000000000 0.00000000000 0.00000000000 0.00000000000 0.00000000000 0.00000000000 0.00000000000 0.00000000000 0.00000000000 0.00000000000 0.00000000000 0.00000000000
# logsel_p1_fsh[1]:
 0.00000000000 0.00000000000 0.00000000000 0.00000000000 0.00000000000 0.00000000000 0.00000000000 0.00000000000 0.00000000000 0.00000000000 0.00000000000 0.00000000000 0.00000000000 0.00000000000 0.00000000000 0.00000000000 0.00000000000 0.00000000000 0.00000000000 0.00000000000 0.00000000000 0.00000000000 0.00000000000 0.00000000000 0.00000000000 0.00000000000 0.00000000000 0.00000000000 0.00000000000 0.00000000000 0.00000000000 0.00000000000 0.00000000000 0.00000000000 0.00000000000 0.00000000000 0.00000000000
# logsel_p1_fsh[2]:
 0.00000000000 0.00000000000 0.00000000000 0.00000000000 0.00000000000 0.00000000000 0.00000000000 0.00000000000 0.00000000000 0.00000000000 0.00000000000 0.00000000000 0.00000000000 0.00000000000 0.00000000000 0.00000000000 0.00000000000 0.00000000000 0.00000000000 0.00000000000 0.00000000000 0.00000000000 0.00000000000 0.00000000000 0.00000000000 0.00000000000 0.00000000000 0.00000000000 0.00000000000 0.00000000000 0.00000000000 0.00000000000 0.00000000000 0.00000000000 0.00000000000 0.00000000000 0.00000000000 0.00000000000
# logsel_p1_fsh[3]:
 0.00000000000 0.00000000000 0.00000000000 0.00000000000 0.00000000000 0.00000000000 0.00000000000 0.00000000000 0.00000000000 0.00000000000 0.00000000000 0.00000000000 0.00000000000 0.00000000000 0.00000000000 0.00000000000 0.00000000000 0.00000000000 0.00000000000 0.00000000000 0.00000000000 0.00000000000 0.00000000000 0.00000000000 0.00000000000 0.00000000000 0.00000000000 0.00000000000 0.00000000000 0.00000000000 0.00000000000 0.00000000000 0.00000000000 0.00000000000 0.00000000000 0.00000000000 0.00000000000 0.00000000000 0.00000000000 0.00000000000 0.00000000000
# logsel_p1_fsh[4]:
 0.00000000000 0.00000000000 0.00000000000 0.00000000000 0.00000000000 0.00000000000 0.00000000000 0.00000000000 0.00000000000 0.00000000000 0.00000000000 0.00000000000 0.00000000000 0.00000000000 0.00000000000 0.00000000000 0.00000000000 0.00000000000 0.00000000000 0.00000000000 0.00000000000 0.00000000000 0.00000000000 0.00000000000 0.00000000000 0.00000000000 0.00000000000 0.00000000000 0.00000000000 0.00000000000 0.00000000000 0.00000000000
# sel_p2_fsh[1]:
 0.00000000000 0.00000000000 0.00000000000 0.00000000000 0.00000000000 0.00000000000 0.00000000000 0.00000000000 0.00000000000 0.00000000000 0.00000000000 0.00000000000 0.00000000000 0.00000000000 0.00000000000 0.00000000000 0.00000000000 0.00000000000 0.00000000000 0.00000000000 0.00000000000 0.00000000000 0.00000000000 0.00000000000 0.00000000000 0.00000000000 0.00000000000 0.00000000000 0.00000000000 0.00000000000 0.00000000000 0.00000000000 0.00000000000 0.00000000000 0.00000000000 0.00000000000 0.00000000000
# sel_p2_fsh[2]:
 0.00000000000 0.00000000000 0.00000000000 0.00000000000 0.00000000000 0.00000000000 0.00000000000 0.00000000000 0.00000000000 0.00000000000 0.00000000000 0.00000000000 0.00000000000 0.00000000000 0.00000000000 0.00000000000 0.00000000000 0.00000000000 0.00000000000 0.00000000000 0.00000000000 0.00000000000 0.00000000000 0.00000000000 0.00000000000 0.00000000000 0.00000000000 0.00000000000 0.00000000000 0.00000000000 0.00000000000 0.00000000000 0.00000000000 0.00000000000 0.00000000000 0.00000000000 0.00000000000 0.00000000000
# sel_p2_fsh[3]:
 0.00000000000 0.00000000000 0.00000000000 0.00000000000 0.00000000000 0.00000000000 0.00000000000 0.00000000000 0.00000000000 0.00000000000 0.00000000000 0.00000000000 0.00000000000 0.00000000000 0.00000000000 0.00000000000 0.00000000000 0.00000000000 0.00000000000 0.00000000000 0.00000000000 0.00000000000 0.00000000000 0.00000000000 0.00000000000 0.00000000000 0.00000000000 0.00000000000 0.00000000000 0.00000000000 0.00000000000 0.00000000000 0.00000000000 0.00000000000 0.00000000000 0.00000000000 0.00000000000 0.00000000000 0.00000000000 0.00000000000 0.00000000000
# sel_p2_fsh[4]:
 0.00000000000 0.00000000000 0.00000000000 0.00000000000 0.00000000000 0.00000000000 0.00000000000 0.00000000000 0.00000000000 0.00000000000 0.00000000000 0.00000000000 0.00000000000 0.00000000000 0.00000000000 0.00000000000 0.00000000000 0.00000000000 0.00000000000 0.00000000000 0.00000000000 0.00000000000 0.00000000000 0.00000000000 0.00000000000 0.00000000000 0.00000000000 0.00000000000 0.00000000000 0.00000000000 0.00000000000 0.00000000000
# logsel_p3_fsh[1]:
 0.00000000000 0.00000000000 0.00000000000 0.00000000000 0.00000000000 0.00000000000 0.00000000000 0.00000000000 0.00000000000 0.00000000000 0.00000000000 0.00000000000 0.00000000000 0.00000000000 0.00000000000 0.00000000000 0.00000000000 0.00000000000 0.00000000000 0.00000000000 0.00000000000 0.00000000000 0.00000000000 0.00000000000 0.00000000000 0.00000000000 0.00000000000 0.00000000000 0.00000000000 0.00000000000 0.00000000000 0.00000000000 0.00000000000 0.00000000000 0.00000000000 0.00000000000 0.00000000000
# logsel_p3_fsh[2]:
 0.00000000000 0.00000000000 0.00000000000 0.00000000000 0.00000000000 0.00000000000 0.00000000000 0.00000000000 0.00000000000 0.00000000000 0.00000000000 0.00000000000 0.00000000000 0.00000000000 0.00000000000 0.00000000000 0.00000000000 0.00000000000 0.00000000000 0.00000000000 0.00000000000 0.00000000000 0.00000000000 0.00000000000 0.00000000000 0.00000000000 0.00000000000 0.00000000000 0.00000000000 0.00000000000 0.00000000000 0.00000000000 0.00000000000 0.00000000000 0.00000000000 0.00000000000 0.00000000000 0.00000000000
# logsel_p3_fsh[3]:
 0.00000000000 0.00000000000 0.00000000000 0.00000000000 0.00000000000 0.00000000000 0.00000000000 0.00000000000 0.00000000000 0.00000000000 0.00000000000 0.00000000000 0.00000000000 0.00000000000 0.00000000000 0.00000000000 0.00000000000 0.00000000000 0.00000000000 0.00000000000 0.00000000000 0.00000000000 0.00000000000 0.00000000000 0.00000000000 0.00000000000 0.00000000000 0.00000000000 0.00000000000 0.00000000000 0.00000000000 0.00000000000 0.00000000000 0.00000000000 0.00000000000 0.00000000000 0.00000000000 0.00000000000 0.00000000000 0.00000000000 0.00000000000
# logsel_p3_fsh[4]:
 0.00000000000 0.00000000000 0.00000000000 0.00000000000 0.00000000000 0.00000000000 0.00000000000 0.00000000000 0.00000000000 0.00000000000 0.00000000000 0.00000000000 0.00000000000 0.00000000000 0.00000000000 0.00000000000 0.00000000000 0.00000000000 0.00000000000 0.00000000000 0.00000000000 0.00000000000 0.00000000000 0.00000000000 0.00000000000 0.00000000000 0.00000000000 0.00000000000 0.00000000000 0.00000000000 0.00000000000 0.00000000000
# rec_dev_future:
 0.00000000000 0.00000000000 0.00000000000 0.00000000000 0.00000000000 0.00000000000 0.00000000000 0.00000000000 0.00000000000 0.00000000000 0.00000000000 0.00000000000 0.00000000000 0.00000000000 0.00000000000 0.00000000000 0.00000000000 0.00000000000 0.00000000000 0.00000000000
# log_q_ind[1]:
0.370891133752
# log_q_ind[2]:
-2.41500908409
# log_q_ind[3]:
-9.28535238252
# log_q_ind[4]:
-0.328040549514
# log_q_ind[5]:
-5.71293989924
# log_q_ind[6]:
-8.09510152376
# log_q_ind[7]:
-1.14247783393
# log_q_power_ind[1]:
0.00000000000
# log_q_power_ind[2]:
0.00000000000
# log_q_power_ind[3]:
0.00000000000
# log_q_power_ind[4]:
0.00000000000
# log_q_power_ind[5]:
0.00000000000
# log_q_power_ind[6]:
0.00000000000
# log_q_power_ind[7]:
0.00000000000
# log_rw_q_ind[1]:
 -0.952270943513
# log_rw_q_ind[3]:
 -0.607621424460
# log_selcoffs_ind[1]:
 -2.09226472880 -1.28305525727 -0.680846651750 -0.255156966713 0.0207574046943 0.207543054603 0.332175485494 0.410106774685 0.450932813097 0.467527786676
 -2.72334100476 -1.92810692718 -1.17275644232 -0.518179106978 -0.0209083448849 0.308796785960 0.471743110729 0.522791335312 0.506458252486 0.466116291883
# log_selcoffs_ind[2]:
 -0.849135433944 -0.984574679904 -1.28294266684 -1.48880650922 -1.44957443600 -1.11200206301 -0.527379333527 0.192484187458 0.897418775931 1.35493673345
 0.306260189137 -0.242027812076 -0.651641194521 -0.905055146639 -0.958171191388 -0.766126097405 -0.366014872694 0.134294354307 0.598428446701 0.886259135023
 0.801123691936 0.296815143073 -0.165549965494 -0.570001525781 -0.785697075472 -0.763225827871 -0.537847465192 -0.196283568568 0.159988715848 0.413562493202
# log_selcoffs_ind[3]:
 -0.202940821038 0.0202027052767 0.0202027052767 0.0202027052767 0.0202027052767 0.0202027052767 0.0202027052767 0.0202027052767 0.0202027052767 0.0202027052767
# log_selcoffs_ind[4]:
 -0.640887947925 -0.459914779261 -0.295171788219 -0.163993483160 -0.0569778563922 0.0436668372562 0.143845798375 0.239753724392 0.321156654373 0.375056809667
 -1.37974713463 -1.08926602987 -0.792800078393 -0.487755513957 -0.192569560411 0.0698746161300 0.290649723043 0.454160136309 0.551790163117 0.587564555144
# log_selcoffs_ind[5]:
 -3.04452005677 -0.669616569639 0.101782682789 0.174353368097 0.174353368097 0.174353368097 0.174353368097 0.174353368097 0.174353368097 0.174353368097
# log_selcoffs_ind[6]:
 -3.04452005677 -0.669616569639 0.101782682789 0.174353368097 0.174353368097 0.174353368097 0.174353368097 0.174353368097 0.174353368097 0.174353368097
# log_selcoffs_ind[7]:
 -3.04452005677 -0.669616569639 0.101782682789 0.174353368097 0.174353368097 0.174353368097 0.174353368097 0.174353368097 0.174353368097 0.174353368097
# logsel_slope_ind[1]:
 0.00000000000 0.00000000000
# logsel_slope_ind[2]:
 0.00000000000 0.00000000000 0.00000000000
# logsel_slope_ind[3]:
 0.00000000000
# logsel_slope_ind[4]:
 0.00000000000 0.00000000000
# logsel_slope_ind[5]:
 0.00000000000
# logsel_slope_ind[6]:
 0.00000000000
# logsel_slope_ind[7]:
 0.00000000000
# sel50_ind[1]:
 0.00000000000 0.00000000000
# sel50_ind[2]:
 0.00000000000 0.00000000000 0.00000000000
# sel50_ind[3]:
 0.00000000000
# sel50_ind[4]:
 0.00000000000 0.00000000000
# sel50_ind[5]:
 0.00000000000
# sel50_ind[6]:
 0.00000000000
# sel50_ind[7]:
 0.00000000000
# logsel_p1_ind[1]:
 0.00000000000 0.00000000000
# logsel_p1_ind[2]:
 0.00000000000 0.00000000000 0.00000000000
# logsel_p1_ind[3]:
 0.00000000000
# logsel_p1_ind[4]:
 0.00000000000 0.00000000000
# logsel_p1_ind[5]:
 0.00000000000
# logsel_p1_ind[6]:
 0.00000000000
# logsel_p1_ind[7]:
 0.00000000000
# sel_p2_ind[1]:
 0.00000000000 0.00000000000
# sel_p2_ind[2]:
 0.00000000000 0.00000000000 0.00000000000
# sel_p2_ind[3]:
 0.00000000000
# sel_p2_ind[4]:
 0.00000000000 0.00000000000
# sel_p2_ind[5]:
 0.00000000000
# sel_p2_ind[6]:
 0.00000000000
# sel_p2_ind[7]:
 0.00000000000
# logsel_p3_ind[1]:
 0.00000000000 0.00000000000
# logsel_p3_ind[2]:
 0.00000000000 0.00000000000 0.00000000000
# logsel_p3_ind[3]:
 0.00000000000
# logsel_p3_ind[4]:
 0.00000000000 0.00000000000
# logsel_p3_ind[5]:
 0.00000000000
# logsel_p3_ind[6]:
 0.00000000000
# logsel_p3_ind[7]:
 0.00000000000
