# Number of parameters = 1825 Objective function value = 1289.64189702522  Maximum gradient component = 0.000213980291083209
# Mest[1]:
0.280000000000
# log_Linf[1]:
4.29810139974
# log_k[1]:
-1.83258146375
# log_Lo[1]:
2.60712428251
# log_sdage[1]:
-2.40794560865
# mean_log_rec[1]:
9.37641795026
# steepness[1]:
0.650000000000
# log_Rzero[1]:
9.73640210689
# rec_dev:
 -0.0689689404220 -0.0892633167893 -0.114662869021 -0.146177862919 -0.184848467594 -0.231399358310 -0.285184038257 -0.345347145618 -0.413720235436 -0.489598883126 -0.567463765633 -0.635795540388 -0.707069404238 -0.788485847015 -0.899824886050 -0.884083390559 -0.631613073076 -0.437294427561 -0.0610452916267 0.156446750016 0.187145932805 0.218552601820 0.366780038287 0.516460924554 0.856275234102 0.572705892374 0.755917057060 1.56932954218 1.49169325537 0.778437461263 0.251763535415 0.381785483059 0.646473068349 0.750998369230 0.198824363146 0.282068707360 0.218383595272 0.228421771654 0.375049425685 0.334556377606 0.562758151284 0.505209338260 0.503373901258 0.402959452723 -0.0895269991198 -0.206474026434 -0.116782209146 -0.596790276490 -1.61877858878 -0.610420867612 -0.213827050297 -0.822518366242 -1.14790892845 -1.28500682920 -1.19828084128 -0.698484477006 -0.640896720784 -0.0441536846396 0.468313450786 0.778487787542 0.571738904708 0.294775992064 0.625305907325 0.0330820598163 -0.344173605308 0.225043664945
# log_sigmar[1]:
-0.510825623766
# fmort:
 -4.82170763453 -4.39803011970 -5.11975599284 -4.78813234617 -4.01254436869 -3.67497141175 -3.34446255955 -3.35085299363 -2.64235410635 -2.71201175964 -2.97698160547 -2.59299241467 -1.86329732864 -2.83835488097 -2.02741317975 -2.63639090002 -5.06398048702 -3.76440210011 -4.17797638107 -4.29392359217 -4.36352008079 -4.03066739265 -3.94701067106 -3.76618921823 -4.21238659535 -3.93730217776 -3.52202956347 -4.52668678953 -5.68652499036 -5.05201007336 -4.63066652075 -3.90930493090 -4.75527856127 -4.30432378190 -4.18473877838 -3.78843144519 -3.70021832705 -3.18311612047 -2.58129003189 -2.92603624812 -2.65347238262 -4.17301591654 -5.01296601090 -4.43713890408 -4.34515929621 -4.00629187865 -4.35686466124 -3.98341128844 -5.16574729323 -5.46668522353 -4.34447635257 -4.42716083011 -4.66346238571 -4.88715716800 -4.63755773466
 -7.21599339486 -6.76480508791 -6.28103594301 -5.67327369533 -5.87381067080 -5.15229550018 -4.62736624181 -4.27624365665 -3.78229386604 -3.56080508490 -3.43523793309 -2.68175223715 -2.45314153610 -2.75602219733 -2.35868028907 -1.97662699574 -1.80103101049 -1.47815035322 -1.28382728469 -1.14457994330 -1.13892741503 -0.906315372647 -0.607569888584 -0.573757501785 -0.373875008273 -0.0850372852501 -0.109526054607 -0.0986825567695 -0.584183307889 -1.00121052405 -1.24923554370 -1.04307999380 -0.950822554131 -1.03200255097 -1.05211486158 -1.06802040106 -1.00455966795 -0.753581994998 -0.817994353408 -0.427590401557 -0.897285494848 -1.26544851956 -1.68543771913 -1.85737541283 -1.83924006360 -1.67308089684 -1.67958293595 -1.65632317102 -1.51801657730 -1.63595514064 -1.70870752109 -1.74241404960 -1.85254439347 -1.77455726461 -1.46569711616
 -8.59115132134 -7.84629681594 -6.94768814739 -6.04448030891 -4.82763265740 -5.94154962453 -5.49223035736 -3.11373036691 -3.38276225459 -3.58967012665 -3.51061905751 -3.55753483807 -4.57868816908 -4.73983817286 -4.38810977808 -5.00802506141 -5.99697437348 -6.08910793935 -4.74453412639 -4.82056718294 -4.78628231109 -5.06155020942 -5.44627594809 -5.23531246328 -4.67640743572 -3.42348358319 -3.05221861276 -2.38470765088 -2.72991114089 -3.81082711742 -3.70352436332 -2.76907359458 -4.39338043909 -4.04647589995 -4.20790700734 -4.94270470817 -3.64419196883 -3.54698692875 -3.55943107233 -3.76103129177 -4.96490795193 -2.85976872122 -3.44030201458 -4.20279719517 -4.24994720583 -5.41240350288 -6.01706494940 -6.80911741304 -5.43084222761 -5.00792641160 -5.30761214324 -5.64779857760 -5.46654062092 -5.04462572945 -5.19585728833
 -9.77436651865 -9.70439149244 -7.92817925417 -9.56099024280 -9.48015665691 -9.38980861354 -9.25292305863 -8.36127827507 -5.11206201031 -2.97826857644 -2.92797270738 -2.56572364318 -1.89635219107 -1.62428967087 -1.45676118298 -1.82124551864 -2.09398130064 -2.41003259335 -2.67577540893 -2.85341167268 -2.97370019691 -3.47031706056 -6.04081308772 -9.53962247916 -9.37884501257 -9.12098357328 -8.80522663261 -8.54262269509 -8.44128554458 -8.57809589517 -8.04589381870 -6.09354335831 -4.90095444148 -4.21108784432 -3.47996416107 -3.57505201300 -3.02258755730 -2.43307352538 -2.28604539557 -2.29538445822 -2.39704162061 -3.51941674230 -3.79278182387 -3.78134443971 -3.37996465247 -3.20566013639 -3.70385387517 -3.78874267157 -3.82455926487 -4.01105557914 -6.56239741437 -4.43710670472 -4.40737697846 -4.20509411262 -5.42239401712
# log_selcoffs_fsh[1]:
 -3.80712100135 -2.20546638827 -1.20357689867 -0.173824349556 0.785022250893 1.03727211125 0.450175071590 -0.319969410854 -0.871551513280
 -3.33786275456 -1.69014282389 -1.01947814005 -0.221068079821 0.651397728487 0.959117453210 0.524718820889 -0.142184956592 -0.630187769935
 -3.00296025615 -1.51734348025 -0.714060261161 0.0362304332056 0.628076364391 0.783854919164 0.454443806759 -0.0654832524808 -0.464088471636
 -2.60182912863 -1.30530844871 -0.643237952118 -0.0380467349786 0.669570840953 0.753607292589 0.384442336217 -0.0676595401842 -0.378198338820
 -1.96684105739 -0.434271632739 -0.127901022167 0.128983750388 0.377864742639 0.472934339477 0.295416708951 -0.00125055370182 -0.237679253300
 -1.85167287008 -0.623546627896 0.355063522093 0.584869445172 0.276394863711 0.137743364060 0.0159536864417 -0.152122994349 -0.294445963546
 -1.55611626197 -0.484764464222 0.441103875325 0.691326478113 0.289959660069 -0.0101307955056 -0.172131694410 -0.281379432700 -0.357366869669
 -1.12186521586 -0.290298020901 0.490563064868 0.745665240649 0.218632284616 -0.130479722295 -0.313184165837 -0.392454997397 -0.420605763647
 -0.828477613724 0.188987046086 0.399551969955 0.543311497364 0.304722310235 -0.141770733132 -0.395272306424 -0.473878956888 -0.474400509496
 -0.595649757510 0.333508902775 0.535396903071 0.529068181598 0.143656435705 -0.278507772383 -0.518891310630 -0.572996207354 -0.549828526893
 -0.0719117323907 0.868816737697 0.420228787656 0.154428722504 -0.204789677593 -0.492930091222 -0.647311474208 -0.668209576793 -0.626856960409
 0.118460913949 0.826311538431 0.583844525790 0.128672925921 -0.381385831674 -0.640088108676 -0.745255064132 -0.745594164518 -0.693347834583
 -0.140345618862 1.08835765124 0.641085546076 -0.0684003443818 -0.582596674799 -0.796383149391 -0.855149390004 -0.831389753033 -0.778585733496
 0.176381500062 1.08841751071 0.576807983825 -0.133161726214 -0.677613668993 -0.877124189752 -0.914333135462 -0.874910183639 -0.820122351514
 0.169892667680 1.16461933325 0.533411725541 -0.194680336022 -0.725083079090 -0.927320169380 -0.963956694233 -0.919079120488 -0.862466604230
 -0.231658305497 1.22950382479 0.657316405863 -0.155499075358 -0.752351289777 -0.968667460633 -1.00953907388 -0.963217357395 -0.904460827356
 -0.168127856810 1.28262750950 0.580547084603 -0.200137934007 -0.783102259617 -1.00025894376 -1.04098816468 -0.992525463727 -0.930128577937
 0.442647472221 1.04362522658 0.625037534194 -0.210568224518 -0.803657232579 -1.01588745711 -1.05161825480 -0.994941982169 -0.925437480971
 0.728447770039 1.06363674824 0.375138295218 -0.326582485356 -0.861068733227 -1.06173535085 -1.08969342313 -1.02113905975 -0.942624765248
 0.450657831384 1.16489069146 0.534273408779 -0.321362845216 -0.913112412480 -1.11469087039 -1.12788583947 -1.03990781758 -0.948760065636
 0.518093165619 1.25737649754 0.372091808124 -0.449049496257 -0.997890152928 -1.17906962122 -1.17322021007 -1.06217478625 -0.955297419380
 0.393815846059 1.27829227114 0.515158405272 -0.506917129961 -1.09004108958 -1.24784910494 -1.21117809311 -1.07361908041 -0.947584535015
 0.636444390173 1.17885322813 0.462004324569 -0.478918572525 -1.10095485372 -1.27331051642 -1.22431033286 -1.06178944877 -0.914674100967
 0.381360060249 1.33519098925 0.386304120711 -0.519846628149 -1.10124754269 -1.27670874322 -1.22688134115 -1.04842953255 -0.882478083726
 0.562767105472 1.23839402926 0.350346590512 -0.490169061701 -1.05095696376 -1.23600355974 -1.18680499427 -0.992135860031 -0.806985647602
 0.494887536661 1.17184980367 0.410051836853 -0.349318303271 -0.979950456403 -1.17827815347 -1.10831229529 -0.895453428902 -0.697180422206
 -0.0882711943165 1.19878687564 0.567091721324 -0.192472928257 -0.869602755133 -1.06542852537 -0.980874626501 -0.755154559720 -0.559092041725
 0.237230936242 1.03430692296 0.481127577816 -0.274466081749 -0.794298237087 -0.928665838793 -0.808766453344 -0.573985761296 -0.377500185437
 1.07511582377 0.584877650682 -0.0817700064272 -0.565248447940 -0.838320518324 -0.855396075867 -0.684955659215 -0.438127149244 -0.250660717182
 0.669261874572 0.903195146835 -0.0811085444202 -0.718245204992 -0.866155875864 -0.759647236914 -0.528735481018 -0.265297122958 -0.0776317790037
 0.386514026486 0.911526296492 -0.165282282397 -0.728254688482 -0.805384038381 -0.639500841457 -0.360562495311 -0.0805084173110 0.109063705272
 0.219974212531 0.551402101473 -0.169496620723 -0.584344904503 -0.617561762640 -0.443814438895 -0.147339724484 0.149202994864 0.344977665331
 -0.739450945243 0.209687985129 -0.0993246800118 -0.332705072686 -0.305625749907 -0.196410691653 0.0566323138806 0.321785483146 0.513247546922
 -1.36671168726 -0.526159093263 -0.449674225326 -0.233433436407 -0.0164582021407 0.0524823338361 0.308893473669 0.431743533653 0.579486718684
 -1.04373621457 -0.407836421268 -0.756374034001 -0.658936456790 -0.296855796736 0.0291089843726 0.339854359588 0.565591912010 0.721777726687
 -0.434631146108 -1.30993618243 -1.31889609103 -0.889854851858 -0.378540314661 0.0610639136017 0.418937632297 0.659079122460 0.789969519819
 -1.61128816173 -1.68405455141 -1.51400928968 -0.884619613145 -0.258052768310 0.158928952527 0.535282432894 0.736787898270 0.806430800167
 -2.26440598062 -1.79272217756 -1.51698211788 -0.944420385497 -0.313635686411 0.208348865996 0.545562612448 0.760048590669 0.830705385233
 -2.34719197612 -2.29514534482 -1.97210690204 -1.27344720250 -0.433554747963 0.243698011808 0.683054698640 0.824369651314 0.788488268692
 -2.60486939649 -2.51462673462 -2.08433783172 -1.29970103680 -0.453487641547 0.254949921181 0.695236108569 0.825472653327 0.804350505637
 -2.55846051985 -2.40722133769 -1.90703650087 -1.18882599059 -0.455208271913 0.133089598457 0.556364638768 0.840511700888 0.932507295257
 -2.78957294691 -2.32695137430 -1.65165967278 -1.02402574491 -0.397154166471 0.114169221971 0.473219989937 0.789620821953 0.989241618756
# log_selcoffs_fsh[2]:
 -2.29614903012 -0.382211675438 0.401670883065 0.762161975208 0.620600828128 0.183252140966 -0.175561298758 -0.433317750676 -0.599945440193 -0.728907583201
 -2.21243786960 -0.322173331977 -0.376603803541 0.205736502395 0.704881361842 0.632416834495 0.196298092651 -0.197565726686 -0.389278923470 -0.461313564947
 -2.76735672536 -0.904929980705 -0.466129867859 0.0268649243119 0.601731923345 0.711743578271 0.343261609782 -0.0350839070977 -0.188645359104 -0.208270959574
 -3.17943663988 -1.59123711830 -0.658035269740 -0.147725929606 0.466292036951 0.731005468123 0.391354367136 0.103140149142 0.0357701915234 0.0759370563313
 -2.78497106399 -1.22871143094 -1.14435411912 -0.609760014538 0.189517575652 0.590251867935 0.416919118720 0.282505905118 0.327903312873 0.430999996292
 -2.39774955867 -1.26482539096 -1.03872400360 -0.918328472577 -0.390436985970 0.0726436298804 0.293783926653 0.451585027733 0.653243898751 0.827472784131
 -3.05193571685 -1.79072515617 -0.909587986044 -0.732913509224 -0.605841895887 -0.264004678716 0.110155359163 0.456768366604 0.775056296769 1.00172781832
 -3.57820391904 -2.58869536335 -1.78421104227 -1.04097104367 -0.442772511162 -0.0521434809987 0.254569657920 0.451097251578 0.765440962015 1.02050175177
 -3.84614423571 -2.81700936955 -2.19433335563 -1.47478849033 -0.618463137004 -0.0480333644508 0.353219124439 0.626329652585 0.807843803789 0.935810545286
 -3.93102357143 -2.70567476947 -1.98372700895 -1.50694586079 -1.01389780881 -0.346360508227 0.242134822003 0.779646282639 0.977617681463 0.863551117074
 -3.76104158795 -2.26738799413 -1.52796358566 -1.07242974138 -0.743737651190 -0.483793349318 0.0365869474675 0.666395607397 0.981442376542 0.943694867089
 -3.68478410434 -2.17283164338 -1.35514576671 -0.897799371392 -0.536910274756 -0.240733095317 0.268404647110 0.648752141088 0.822816348596 0.844637009568
 -3.37043912592 -1.53191609069 -0.881380768788 -0.520472951203 -0.246472174902 -0.168515629982 0.193084761179 0.503704034747 0.707370218186 0.796654879748
 -2.93201834545 -1.20743445332 -0.556346240952 -0.269656355327 -0.151209058810 -0.0475938474084 0.183335639151 0.413035426491 0.591875762753 0.681896607156
 -2.53431153867 -0.533588586090 -0.281396948558 -0.265430763034 -0.298948859484 -0.163029582832 0.128195675139 0.369180791407 0.553046987322 0.641618472644
 -2.19451944438 -0.224391292149 -0.241644331446 -0.316586183312 -0.401639866500 -0.257088892004 0.0529226459813 0.324677405735 0.544852293978 0.678444974734
 -1.83472259343 -0.234746224106 -0.244846752314 -0.306502569260 -0.450716889355 -0.379175329869 -0.0756074425964 0.270041451029 0.577015112954 0.784457896758
 -2.11072358291 -0.434421210079 -0.144558516656 -0.247287296990 -0.436609879573 -0.401851755396 -0.125141158695 0.246711647046 0.585985189755 0.837526127024
 -2.38227590981 -0.583263402965 -0.203562407454 -0.207391980657 -0.397534273678 -0.357329315136 -0.0858001516850 0.269631887928 0.601356032191 0.831907297443
 -2.49284740560 -0.887363610319 -0.475635774180 -0.249938074218 -0.332922527080 -0.306388929654 -0.0360622935398 0.325695153268 0.651626298404 0.868817149374
 -2.57555833702 -0.961199367182 -0.490393801957 -0.219347610644 -0.317942672164 -0.342113073912 -0.0969502406631 0.294891573621 0.662246725644 0.915645972881
 -2.84621709447 -1.03381988683 -0.417713093227 -0.145801431653 -0.212453180014 -0.253455208114 -0.0580020819558 0.245468485771 0.601262887274 0.888881794885
 -3.15207968503 -1.62320613016 -0.537117930676 0.0458118995940 0.0412143500527 -0.0794963778401 0.0305988520678 0.247931499329 0.509694782622 0.781972867154
 -3.33523526751 -1.98174152461 -0.977844674859 -0.184180025271 0.209275716082 0.159964279581 0.262675690294 0.393175415347 0.495609524868 0.581557488713
 -3.46114513917 -1.83788918293 -1.00283188380 -0.530214759851 -0.0405856127767 0.259054736780 0.408849800688 0.551429308980 0.539664517217 0.495887459796
 -3.67324617223 -2.20098348138 -1.26116408828 -0.376691074040 0.0650829019637 0.263089638562 0.414221116488 0.561869369442 0.547200086252 0.425739714520
 -3.97977963144 -2.09075180420 -1.19850304338 -0.196202831265 0.205134559990 0.336688309624 0.427175607676 0.557102865266 0.440284192500 0.242596430272
 -4.07690621877 -2.04326685953 -1.12306633843 -0.246846159403 0.186499483870 0.260319352596 0.650562129431 0.599933532265 0.330098768332 0.108678997097
 -4.00112961272 -2.48452487053 -1.58271211215 -0.172124914599 0.380252330571 0.444308913981 0.683582739125 0.422609297600 0.217825028208 0.0757687611000
 -3.93609556153 -2.12418635042 -0.850694993619 -0.0558933995336 0.690926587818 0.505659429952 0.343607974448 0.182952657612 0.112639944332 0.0994226629586
 -3.67407678888 -1.50424232390 -0.338277913822 0.170430885210 0.180426703088 0.138734409125 0.202212509318 0.258212030106 0.353545615773 0.447407843088
 -3.58213199323 -1.58709703168 -0.582668670745 -0.135029737211 0.0690832740919 0.0213206346253 0.0864875687580 0.325940429909 0.547098297642 0.712259660485
 -3.18037399187 -1.06748580725 -0.812515579134 -0.521749446161 -0.196637504832 -0.0967158683992 -0.0214003953484 0.325683939327 0.695581161660 0.907998701952
 -3.90515197774 -1.57999555243 -0.772694026491 -0.278588786440 -0.0197199982917 0.0781794529212 0.122956368229 0.330426585689 0.592784888065 0.771062353776
 -4.36110524468 -2.21079571510 -1.26435182852 -0.637523689343 -0.0541768310036 0.208762774630 0.338617173583 0.479775518642 0.625855664787 0.692456947657
 -4.80823227927 -2.82504373507 -1.62867381972 -0.839829634628 -0.269110862153 0.0788237795945 0.359243086398 0.573462893826 0.694418846921 0.810616794680
 -5.15216090996 -3.42724374195 -2.21317420826 -1.17356939609 -0.241339186429 0.163692299706 0.479506486686 0.666683639928 0.687686544862 0.706824690975
 -5.29718202129 -3.63125158942 -2.71430198211 -1.78245216986 -0.696529950128 0.123434000192 0.546919045057 0.758052886632 0.757724554441 0.746163603848
 -5.37103463338 -3.80177623812 -2.56229611103 -1.87287724424 -1.01678043188 -0.274651577938 0.338232238568 0.695559005089 0.880663483293 1.02991260967
 -5.33070513189 -3.96756078823 -2.68375168697 -1.75314275977 -1.18925010168 -0.605460239522 -0.0339516093932 0.495469366293 0.906425288793 1.33528725118
 -5.21484370576 -3.71631918692 -2.42831867872 -1.43017248449 -0.956387688797 -0.760986553425 -0.481746375598 -0.0103797643341 0.768230848917 1.61501801960
 -5.15573684336 -3.44579644627 -2.06127066496 -1.28080282666 -0.663624138226 -0.661108750561 -0.707306354421 -0.428338694236 0.459096573694 1.75764813386
# log_selcoffs_fsh[3]:
 -1.95421540881 -1.17378888815 0.223619046097 1.04138361979 0.352583895863 -0.441231106542 -0.917743497271
 -2.32392165712 -1.22362663422 0.401851176990 1.00157637666 0.298743698984 -0.454462302528 -0.896887059256
 -2.15371171449 -1.01627678645 0.251727373457 0.975594394225 0.360742448496 -0.361412464721 -0.794221459840
 -2.99666028811 -1.53291822233 0.288696372626 1.06690946365 0.314236758411 -0.393948652353 -0.799687691756
 -3.41133412621 -1.75467185480 0.310659015507 0.975338677134 0.423293770055 -0.269305384767 -0.719990529775
 -3.59829686254 -1.93323643774 -0.206731588274 0.974238650923 0.663849553762 -0.109781978243 -0.640025655248
 -3.63766889887 -1.89368626902 -0.278334131909 0.968068251078 0.650339774994 -0.0624985187306 -0.548757881719
 -3.50398794240 -1.56775292354 0.431282534586 0.729692978312 0.416574586494 -0.0380925166920 -0.402936383435
 -3.21969779530 -1.36105678052 0.245360145988 0.635120769526 0.527130561401 0.0915625104228 -0.289868539996
 -2.95663773145 -0.886028166369 0.149735564892 0.697238826562 0.465245574392 0.0225965759865 -0.286708748792
 -2.98934251641 -1.24324924146 0.0670085366681 0.976322322485 0.419309473260 -0.203880857326 -0.509520220460
 -3.04080622981 -1.21474714962 0.199032529228 0.997254341631 0.395079007269 -0.325504754285 -0.658351287941
 -3.06655336995 -1.20006176510 0.327486592828 1.05499904831 0.261525009111 -0.483979983845 -0.739067233931
 -2.96120627233 -0.765188212049 0.747980509300 0.752860662541 0.0992210580350 -0.474313836298 -0.652809364000
 -2.94006864915 -0.950638179923 0.624514212063 0.811367004567 0.151001086020 -0.380909479506 -0.517372847242
 -2.94551950767 -0.932537902443 0.726194257350 0.809953475765 -0.0433952906554 -0.458048601762 -0.432599447776
 -2.95021496797 -0.690761415562 0.896635191464 0.661303266043 -0.199692339185 -0.546395119700 -0.415811320452
 -3.01350925692 -0.775750113674 1.04575327419 0.582525428844 -0.278795718868 -0.647470029816 -0.554491590207
 -2.89101413519 -0.304525697825 1.06105012811 0.447251373023 -0.320192313506 -0.675296251249 -0.656658991682
 -2.81856022926 -0.381418098058 1.15029285325 0.372485818581 -0.392481000502 -0.722260921187 -0.721695028566
 -2.72059368862 -0.156404886489 1.14838283846 0.284762071052 -0.457277302050 -0.741548780047 -0.719417842062
 -2.67097035164 -0.444201930093 1.19536607827 0.272824029438 -0.469405600017 -0.694992916727 -0.604054841556
 -2.45528386008 -0.676524209373 1.02003087403 0.399126084733 -0.308765976917 -0.468302732182 -0.246461091210
 -2.16321196176 -0.354854283582 0.715634370368 0.446595695001 -0.149020916320 -0.292950015662 -0.0328409203887
 -1.96200414119 -0.503776255787 0.485999793646 0.694673391091 -0.0295913686675 -0.299623860343 -0.0895030371360
 -1.77558468903 0.302080845631 0.434921532497 0.359531130249 0.0275939905989 -0.329832317031 -0.283128240979
 -2.06769761209 0.0440934598484 1.00747682989 0.343511439985 -0.327624373296 -0.703303072858 -0.767245625108
 -2.34018536125 -0.388353716217 1.05790267093 0.634595134626 -0.337831813541 -0.896559585731 -1.08574630397
 -2.59706290417 -0.560607513391 1.03065566453 0.728023819655 -0.239315949464 -0.931857169501 -1.20473592566
 -2.71056309550 -0.645192768989 0.596615543514 1.01774063002 0.121689889344 -0.867415498703 -1.28517839894
 -2.60377080980 0.168338154136 0.661085435941 0.783302517875 -0.0271036000985 -0.922707646711 -1.40085844258
 -2.86892581573 -0.692183280913 1.29205326800 0.495654401118 -0.420172644055 -1.18157323759 -1.62351940176
 -3.02857963012 -0.998413666697 0.996976683142 0.966908966622 -0.272165687242 -1.21940525269 -1.68125987356
 -3.06149409351 -1.04985745079 0.680925005054 1.12856168511 -0.00264318598065 -1.09040717932 -1.59532175673
 -3.04179352349 -0.932695984599 0.889771868125 0.994566238286 -0.169616503430 -1.05739924220 -1.47277880307
 -2.86747014395 -0.205352094611 1.08426005630 0.548355927536 -0.259144727220 -0.936869055929 -1.28165928771
 -2.84531123456 -0.293307453316 1.04397521086 0.578760778088 -0.222728366417 -0.820332263785 -1.10515137896
 -2.85261842596 -0.0798605454321 0.989294572182 0.486218439591 -0.165956014611 -0.712700988020 -1.00466199449
 -3.10756316517 -0.545440677907 1.09031389486 0.547671280721 -0.164196894093 -0.736172944767 -1.06782235305
 -3.35681544881 -1.19559675594 0.915620417220 0.819653912834 0.0241060552609 -0.649543603939 -1.05581564738
 -3.49057109642 -1.64128476846 0.212154487373 1.09889175652 0.388623622441 -0.403558837636 -0.927048050778
 -3.57173526119 -1.97201516163 -0.413979109671 0.934373852096 0.824750100564 -0.108293145654 -0.804284394204
 -3.65789569977 -2.12888920957 -0.483068974656 0.794508124926 0.880560952537 0.101523036368 -0.681422771125
 -3.67120841288 -2.17567606402 -0.626165668849 0.566606037936 0.916169365515 0.385372747199 -0.520454373096
 -3.65418958561 -2.20419705030 -0.856503747667 0.292776064297 0.951170070072 0.604699753667 -0.386321341472
# log_selcoffs_fsh[4]:
 -1.99138979108 -1.62494712927 -1.22818037946 -0.785317375021 -0.319328415586 0.125028036909 0.489098767241 0.733822881019 0.851893430279
 -1.97573749387 -1.61681256274 -1.22447179426 -0.782006845826 -0.316289911992 0.125409172524 0.487952408309 0.732222844245 0.850268289184
 -1.94590136514 -1.60134950381 -1.22069173068 -0.775675073117 -0.305289748541 0.131976582345 0.489505277171 0.727264238205 0.842078544322
 -1.89329152396 -1.56795624054 -1.21389140908 -0.782006840011 -0.299817543214 0.146192604990 0.495531310459 0.722155313041 0.827599062158
 -1.81174547065 -1.49525953106 -1.16613855207 -0.772593004869 -0.316069828798 0.139905474337 0.503057242534 0.720386768603 0.811324837770
 -1.71249109329 -1.38731647960 -1.09930820988 -0.750530189173 -0.301881414261 0.139523384642 0.498275087977 0.709442888952 0.786970972642
 -1.60545351602 -1.29105023564 -0.974789425577 -0.671995815621 -0.288606823958 0.141857114987 0.488139027165 0.684707257401 0.752391273934
 -1.47194741256 -1.19351940461 -0.889232368823 -0.558704826981 -0.215517178463 0.150042055325 0.459987541116 0.643177719098 0.707971900545
 -1.27821064464 -1.03329862023 -0.786741472923 -0.503570273723 -0.164526723134 0.161738405445 0.430390323316 0.594151461076 0.658938608190
 -1.05370835773 -0.824641398749 -0.595724470964 -0.405611576237 -0.171145454664 0.122019446277 0.375908233419 0.541870083703 0.613684949250
 -0.836685537936 -0.621421500131 -0.415279771569 -0.238838865729 -0.129373744775 0.0439351996968 0.278425627005 0.464203570722 0.557684375194
 -0.635259803802 -0.469478292423 -0.281745884755 -0.119639733293 -0.0268660872336 0.0186732298770 0.162759138025 0.353239987603 0.476483876662
 -0.444357157497 -0.328022389386 -0.213526370944 -0.0828344778942 0.00739074673555 0.0439771711045 0.110175436173 0.250876277004 0.375817079966
 -0.255273825195 -0.192024902621 -0.128327105634 -0.0655768924389 -0.0213619796982 0.0110642479299 0.0739713103292 0.181404481954 0.276305493794
 -0.0703152837571 -0.0612248574936 -0.0527845752847 -0.0482615819264 -0.0471529785165 -0.0349727836898 0.0134537731361 0.0981933407878 0.173554680427
 0.109937856844 0.0626941146217 0.0145539688366 -0.0373365513661 -0.0790213377464 -0.0942423323614 -0.0654835994700 0.00215061994251 0.0660013607091
 0.288849272986 0.183331307663 0.0729868715289 -0.0413433818705 -0.124806041762 -0.171250896819 -0.162017168143 -0.106407614998 -0.0471773157062
 0.423788973950 0.272891945097 0.133309038085 -0.0454319121184 -0.173931281501 -0.249087865269 -0.256925574408 -0.210951679113 -0.154072645901
 0.545387122990 0.293415304087 0.176572108116 -0.0362138321114 -0.228662320246 -0.311366780549 -0.330998896808 -0.292638343884 -0.243818796584
 0.522702872057 0.289531977629 0.169596594744 0.0347615833278 -0.177546220399 -0.314181266585 -0.338622231657 -0.319137235949 -0.287439723044
 0.360880652372 0.222538565479 0.0775351945004 0.0302800425305 -0.0611160020077 -0.180413234252 -0.230781232307 -0.213645719614 -0.189208955875
 0.106332304763 0.00590181563579 -0.0117912571392 -0.00757562127804 0.0255076366016 -0.0150555760738 -0.0408788745947 -0.0438209804147 -0.0271711284430
 -0.226424578962 -0.189446730474 -0.0800054566686 -0.00765994673195 0.0618466409042 0.0979398416744 0.0967498627288 0.0918604460189 0.0909652055199
 -0.601493084345 -0.430809474635 -0.243037998180 -0.0342230623379 0.122400035551 0.201810014889 0.216641239256 0.209563600194 0.200952632176
 -0.942922095236 -0.652487252708 -0.353945090773 -0.0566678060580 0.185521090845 0.275408349180 0.281392341212 0.268783199877 0.253620630168
 -1.29524840068 -0.905556043650 -0.540948563396 -0.165326552690 0.158592903051 0.339801120030 0.378562972617 0.364797214689 0.347203673201
 -1.62356491402 -1.10978606550 -0.748087250890 -0.298064254644 0.139246418559 0.371848326373 0.450514915125 0.445091281814 0.424011082179
 -1.95571126957 -1.42579327640 -0.928427683776 -0.331404016492 0.0993172044153 0.276320405045 0.409109812535 0.530804201328 0.629496662744
 -1.60359626343 -1.52049246292 -1.11210238422 -0.626945900279 -0.148717830884 0.202600035434 0.450459857463 0.641627262138 0.771097796462
 -2.03324478343 -1.65059055173 -1.34616364991 -0.839226167663 -0.274917677861 0.170274619038 0.482981510859 0.717415161202 0.862711660318
 -1.96125484031 -1.54009887517 -1.43265414930 -1.11020978720 -0.614473010049 -0.0907125598656 0.412580356454 0.813239800813 1.04965814942
 -1.80190556189 -1.16087251521 -1.19651009229 -1.16992877329 -0.837160321695 -0.308943352094 0.256320390954 0.796477065800 1.17313989040
 -1.70115874890 -0.644006236891 -0.237408998425 -0.558018105409 -0.625601250901 -0.431716363645 0.0189795510528 0.604056830109 1.06412886811
 -1.61698499083 -0.309743900059 -0.217463663437 -0.361718776209 -0.496298603214 -0.455474023642 -0.0775125184688 0.514893364789 1.00247990963
 -1.67927933242 -0.592403364879 -0.0809070525552 0.0515554401068 -0.334198396055 -0.502768027284 -0.220092253032 0.400571571959 0.981861129986
 -1.77950273776 -0.656023742130 0.0236362356978 0.176478385135 -0.104129771501 -0.438465662286 -0.307200215429 0.277899872011 0.913667290185
# log_sel_spl_fsh[1]:
 0.00000000000 0.00000000000 0.00000000000 0.00000000000
 0.00000000000 0.00000000000 0.00000000000 0.00000000000
 0.00000000000 0.00000000000 0.00000000000 0.00000000000
 0.00000000000 0.00000000000 0.00000000000 0.00000000000
 0.00000000000 0.00000000000 0.00000000000 0.00000000000
 0.00000000000 0.00000000000 0.00000000000 0.00000000000
 0.00000000000 0.00000000000 0.00000000000 0.00000000000
 0.00000000000 0.00000000000 0.00000000000 0.00000000000
 0.00000000000 0.00000000000 0.00000000000 0.00000000000
 0.00000000000 0.00000000000 0.00000000000 0.00000000000
 0.00000000000 0.00000000000 0.00000000000 0.00000000000
 0.00000000000 0.00000000000 0.00000000000 0.00000000000
 0.00000000000 0.00000000000 0.00000000000 0.00000000000
 0.00000000000 0.00000000000 0.00000000000 0.00000000000
 0.00000000000 0.00000000000 0.00000000000 0.00000000000
 0.00000000000 0.00000000000 0.00000000000 0.00000000000
 0.00000000000 0.00000000000 0.00000000000 0.00000000000
 0.00000000000 0.00000000000 0.00000000000 0.00000000000
 0.00000000000 0.00000000000 0.00000000000 0.00000000000
 0.00000000000 0.00000000000 0.00000000000 0.00000000000
 0.00000000000 0.00000000000 0.00000000000 0.00000000000
 0.00000000000 0.00000000000 0.00000000000 0.00000000000
 0.00000000000 0.00000000000 0.00000000000 0.00000000000
 0.00000000000 0.00000000000 0.00000000000 0.00000000000
 0.00000000000 0.00000000000 0.00000000000 0.00000000000
 0.00000000000 0.00000000000 0.00000000000 0.00000000000
 0.00000000000 0.00000000000 0.00000000000 0.00000000000
 0.00000000000 0.00000000000 0.00000000000 0.00000000000
 0.00000000000 0.00000000000 0.00000000000 0.00000000000
 0.00000000000 0.00000000000 0.00000000000 0.00000000000
 0.00000000000 0.00000000000 0.00000000000 0.00000000000
 0.00000000000 0.00000000000 0.00000000000 0.00000000000
 0.00000000000 0.00000000000 0.00000000000 0.00000000000
 0.00000000000 0.00000000000 0.00000000000 0.00000000000
 0.00000000000 0.00000000000 0.00000000000 0.00000000000
 0.00000000000 0.00000000000 0.00000000000 0.00000000000
 0.00000000000 0.00000000000 0.00000000000 0.00000000000
 0.00000000000 0.00000000000 0.00000000000 0.00000000000
 0.00000000000 0.00000000000 0.00000000000 0.00000000000
 0.00000000000 0.00000000000 0.00000000000 0.00000000000
 0.00000000000 0.00000000000 0.00000000000 0.00000000000
 0.00000000000 0.00000000000 0.00000000000 0.00000000000
# log_sel_spl_fsh[2]:
 0.00000000000 0.00000000000 0.00000000000 0.00000000000
 0.00000000000 0.00000000000 0.00000000000 0.00000000000
 0.00000000000 0.00000000000 0.00000000000 0.00000000000
 0.00000000000 0.00000000000 0.00000000000 0.00000000000
 0.00000000000 0.00000000000 0.00000000000 0.00000000000
 0.00000000000 0.00000000000 0.00000000000 0.00000000000
 0.00000000000 0.00000000000 0.00000000000 0.00000000000
 0.00000000000 0.00000000000 0.00000000000 0.00000000000
 0.00000000000 0.00000000000 0.00000000000 0.00000000000
 0.00000000000 0.00000000000 0.00000000000 0.00000000000
 0.00000000000 0.00000000000 0.00000000000 0.00000000000
 0.00000000000 0.00000000000 0.00000000000 0.00000000000
 0.00000000000 0.00000000000 0.00000000000 0.00000000000
 0.00000000000 0.00000000000 0.00000000000 0.00000000000
 0.00000000000 0.00000000000 0.00000000000 0.00000000000
 0.00000000000 0.00000000000 0.00000000000 0.00000000000
 0.00000000000 0.00000000000 0.00000000000 0.00000000000
 0.00000000000 0.00000000000 0.00000000000 0.00000000000
 0.00000000000 0.00000000000 0.00000000000 0.00000000000
 0.00000000000 0.00000000000 0.00000000000 0.00000000000
 0.00000000000 0.00000000000 0.00000000000 0.00000000000
 0.00000000000 0.00000000000 0.00000000000 0.00000000000
 0.00000000000 0.00000000000 0.00000000000 0.00000000000
 0.00000000000 0.00000000000 0.00000000000 0.00000000000
 0.00000000000 0.00000000000 0.00000000000 0.00000000000
 0.00000000000 0.00000000000 0.00000000000 0.00000000000
 0.00000000000 0.00000000000 0.00000000000 0.00000000000
 0.00000000000 0.00000000000 0.00000000000 0.00000000000
 0.00000000000 0.00000000000 0.00000000000 0.00000000000
 0.00000000000 0.00000000000 0.00000000000 0.00000000000
 0.00000000000 0.00000000000 0.00000000000 0.00000000000
 0.00000000000 0.00000000000 0.00000000000 0.00000000000
 0.00000000000 0.00000000000 0.00000000000 0.00000000000
 0.00000000000 0.00000000000 0.00000000000 0.00000000000
 0.00000000000 0.00000000000 0.00000000000 0.00000000000
 0.00000000000 0.00000000000 0.00000000000 0.00000000000
 0.00000000000 0.00000000000 0.00000000000 0.00000000000
 0.00000000000 0.00000000000 0.00000000000 0.00000000000
 0.00000000000 0.00000000000 0.00000000000 0.00000000000
 0.00000000000 0.00000000000 0.00000000000 0.00000000000
 0.00000000000 0.00000000000 0.00000000000 0.00000000000
 0.00000000000 0.00000000000 0.00000000000 0.00000000000
# log_sel_spl_fsh[3]:
 0.00000000000 0.00000000000 0.00000000000 0.00000000000
 0.00000000000 0.00000000000 0.00000000000 0.00000000000
 0.00000000000 0.00000000000 0.00000000000 0.00000000000
 0.00000000000 0.00000000000 0.00000000000 0.00000000000
 0.00000000000 0.00000000000 0.00000000000 0.00000000000
 0.00000000000 0.00000000000 0.00000000000 0.00000000000
 0.00000000000 0.00000000000 0.00000000000 0.00000000000
 0.00000000000 0.00000000000 0.00000000000 0.00000000000
 0.00000000000 0.00000000000 0.00000000000 0.00000000000
 0.00000000000 0.00000000000 0.00000000000 0.00000000000
 0.00000000000 0.00000000000 0.00000000000 0.00000000000
 0.00000000000 0.00000000000 0.00000000000 0.00000000000
 0.00000000000 0.00000000000 0.00000000000 0.00000000000
 0.00000000000 0.00000000000 0.00000000000 0.00000000000
 0.00000000000 0.00000000000 0.00000000000 0.00000000000
 0.00000000000 0.00000000000 0.00000000000 0.00000000000
 0.00000000000 0.00000000000 0.00000000000 0.00000000000
 0.00000000000 0.00000000000 0.00000000000 0.00000000000
 0.00000000000 0.00000000000 0.00000000000 0.00000000000
 0.00000000000 0.00000000000 0.00000000000 0.00000000000
 0.00000000000 0.00000000000 0.00000000000 0.00000000000
 0.00000000000 0.00000000000 0.00000000000 0.00000000000
 0.00000000000 0.00000000000 0.00000000000 0.00000000000
 0.00000000000 0.00000000000 0.00000000000 0.00000000000
 0.00000000000 0.00000000000 0.00000000000 0.00000000000
 0.00000000000 0.00000000000 0.00000000000 0.00000000000
 0.00000000000 0.00000000000 0.00000000000 0.00000000000
 0.00000000000 0.00000000000 0.00000000000 0.00000000000
 0.00000000000 0.00000000000 0.00000000000 0.00000000000
 0.00000000000 0.00000000000 0.00000000000 0.00000000000
 0.00000000000 0.00000000000 0.00000000000 0.00000000000
 0.00000000000 0.00000000000 0.00000000000 0.00000000000
 0.00000000000 0.00000000000 0.00000000000 0.00000000000
 0.00000000000 0.00000000000 0.00000000000 0.00000000000
 0.00000000000 0.00000000000 0.00000000000 0.00000000000
 0.00000000000 0.00000000000 0.00000000000 0.00000000000
 0.00000000000 0.00000000000 0.00000000000 0.00000000000
 0.00000000000 0.00000000000 0.00000000000 0.00000000000
 0.00000000000 0.00000000000 0.00000000000 0.00000000000
 0.00000000000 0.00000000000 0.00000000000 0.00000000000
 0.00000000000 0.00000000000 0.00000000000 0.00000000000
 0.00000000000 0.00000000000 0.00000000000 0.00000000000
 0.00000000000 0.00000000000 0.00000000000 0.00000000000
 0.00000000000 0.00000000000 0.00000000000 0.00000000000
 0.00000000000 0.00000000000 0.00000000000 0.00000000000
# log_sel_spl_fsh[4]:
 0.00000000000 0.00000000000 0.00000000000 0.00000000000
 0.00000000000 0.00000000000 0.00000000000 0.00000000000
 0.00000000000 0.00000000000 0.00000000000 0.00000000000
 0.00000000000 0.00000000000 0.00000000000 0.00000000000
 0.00000000000 0.00000000000 0.00000000000 0.00000000000
 0.00000000000 0.00000000000 0.00000000000 0.00000000000
 0.00000000000 0.00000000000 0.00000000000 0.00000000000
 0.00000000000 0.00000000000 0.00000000000 0.00000000000
 0.00000000000 0.00000000000 0.00000000000 0.00000000000
 0.00000000000 0.00000000000 0.00000000000 0.00000000000
 0.00000000000 0.00000000000 0.00000000000 0.00000000000
 0.00000000000 0.00000000000 0.00000000000 0.00000000000
 0.00000000000 0.00000000000 0.00000000000 0.00000000000
 0.00000000000 0.00000000000 0.00000000000 0.00000000000
 0.00000000000 0.00000000000 0.00000000000 0.00000000000
 0.00000000000 0.00000000000 0.00000000000 0.00000000000
 0.00000000000 0.00000000000 0.00000000000 0.00000000000
 0.00000000000 0.00000000000 0.00000000000 0.00000000000
 0.00000000000 0.00000000000 0.00000000000 0.00000000000
 0.00000000000 0.00000000000 0.00000000000 0.00000000000
 0.00000000000 0.00000000000 0.00000000000 0.00000000000
 0.00000000000 0.00000000000 0.00000000000 0.00000000000
 0.00000000000 0.00000000000 0.00000000000 0.00000000000
 0.00000000000 0.00000000000 0.00000000000 0.00000000000
 0.00000000000 0.00000000000 0.00000000000 0.00000000000
 0.00000000000 0.00000000000 0.00000000000 0.00000000000
 0.00000000000 0.00000000000 0.00000000000 0.00000000000
 0.00000000000 0.00000000000 0.00000000000 0.00000000000
 0.00000000000 0.00000000000 0.00000000000 0.00000000000
 0.00000000000 0.00000000000 0.00000000000 0.00000000000
 0.00000000000 0.00000000000 0.00000000000 0.00000000000
 0.00000000000 0.00000000000 0.00000000000 0.00000000000
 0.00000000000 0.00000000000 0.00000000000 0.00000000000
 0.00000000000 0.00000000000 0.00000000000 0.00000000000
 0.00000000000 0.00000000000 0.00000000000 0.00000000000
 0.00000000000 0.00000000000 0.00000000000 0.00000000000
# logsel_slope_fsh[1]:
 0.00000000000 0.00000000000 0.00000000000 0.00000000000 0.00000000000 0.00000000000 0.00000000000 0.00000000000 0.00000000000 0.00000000000 0.00000000000 0.00000000000 0.00000000000 0.00000000000 0.00000000000 0.00000000000 0.00000000000 0.00000000000 0.00000000000 0.00000000000 0.00000000000 0.00000000000 0.00000000000 0.00000000000 0.00000000000 0.00000000000 0.00000000000 0.00000000000 0.00000000000 0.00000000000 0.00000000000 0.00000000000 0.00000000000 0.00000000000 0.00000000000 0.00000000000 0.00000000000 0.00000000000 0.00000000000 0.00000000000 0.00000000000 0.00000000000
# logsel_slope_fsh[2]:
 0.00000000000 0.00000000000 0.00000000000 0.00000000000 0.00000000000 0.00000000000 0.00000000000 0.00000000000 0.00000000000 0.00000000000 0.00000000000 0.00000000000 0.00000000000 0.00000000000 0.00000000000 0.00000000000 0.00000000000 0.00000000000 0.00000000000 0.00000000000 0.00000000000 0.00000000000 0.00000000000 0.00000000000 0.00000000000 0.00000000000 0.00000000000 0.00000000000 0.00000000000 0.00000000000 0.00000000000 0.00000000000 0.00000000000 0.00000000000 0.00000000000 0.00000000000 0.00000000000 0.00000000000 0.00000000000 0.00000000000 0.00000000000 0.00000000000
# logsel_slope_fsh[3]:
 0.00000000000 0.00000000000 0.00000000000 0.00000000000 0.00000000000 0.00000000000 0.00000000000 0.00000000000 0.00000000000 0.00000000000 0.00000000000 0.00000000000 0.00000000000 0.00000000000 0.00000000000 0.00000000000 0.00000000000 0.00000000000 0.00000000000 0.00000000000 0.00000000000 0.00000000000 0.00000000000 0.00000000000 0.00000000000 0.00000000000 0.00000000000 0.00000000000 0.00000000000 0.00000000000 0.00000000000 0.00000000000 0.00000000000 0.00000000000 0.00000000000 0.00000000000 0.00000000000 0.00000000000 0.00000000000 0.00000000000 0.00000000000 0.00000000000 0.00000000000 0.00000000000 0.00000000000
# logsel_slope_fsh[4]:
 0.00000000000 0.00000000000 0.00000000000 0.00000000000 0.00000000000 0.00000000000 0.00000000000 0.00000000000 0.00000000000 0.00000000000 0.00000000000 0.00000000000 0.00000000000 0.00000000000 0.00000000000 0.00000000000 0.00000000000 0.00000000000 0.00000000000 0.00000000000 0.00000000000 0.00000000000 0.00000000000 0.00000000000 0.00000000000 0.00000000000 0.00000000000 0.00000000000 0.00000000000 0.00000000000 0.00000000000 0.00000000000 0.00000000000 0.00000000000 0.00000000000 0.00000000000
# sel50_fsh[1]:
 0.00000000000 0.00000000000 0.00000000000 0.00000000000 0.00000000000 0.00000000000 0.00000000000 0.00000000000 0.00000000000 0.00000000000 0.00000000000 0.00000000000 0.00000000000 0.00000000000 0.00000000000 0.00000000000 0.00000000000 0.00000000000 0.00000000000 0.00000000000 0.00000000000 0.00000000000 0.00000000000 0.00000000000 0.00000000000 0.00000000000 0.00000000000 0.00000000000 0.00000000000 0.00000000000 0.00000000000 0.00000000000 0.00000000000 0.00000000000 0.00000000000 0.00000000000 0.00000000000 0.00000000000 0.00000000000 0.00000000000 0.00000000000 0.00000000000
# sel50_fsh[2]:
 0.00000000000 0.00000000000 0.00000000000 0.00000000000 0.00000000000 0.00000000000 0.00000000000 0.00000000000 0.00000000000 0.00000000000 0.00000000000 0.00000000000 0.00000000000 0.00000000000 0.00000000000 0.00000000000 0.00000000000 0.00000000000 0.00000000000 0.00000000000 0.00000000000 0.00000000000 0.00000000000 0.00000000000 0.00000000000 0.00000000000 0.00000000000 0.00000000000 0.00000000000 0.00000000000 0.00000000000 0.00000000000 0.00000000000 0.00000000000 0.00000000000 0.00000000000 0.00000000000 0.00000000000 0.00000000000 0.00000000000 0.00000000000 0.00000000000
# sel50_fsh[3]:
 0.00000000000 0.00000000000 0.00000000000 0.00000000000 0.00000000000 0.00000000000 0.00000000000 0.00000000000 0.00000000000 0.00000000000 0.00000000000 0.00000000000 0.00000000000 0.00000000000 0.00000000000 0.00000000000 0.00000000000 0.00000000000 0.00000000000 0.00000000000 0.00000000000 0.00000000000 0.00000000000 0.00000000000 0.00000000000 0.00000000000 0.00000000000 0.00000000000 0.00000000000 0.00000000000 0.00000000000 0.00000000000 0.00000000000 0.00000000000 0.00000000000 0.00000000000 0.00000000000 0.00000000000 0.00000000000 0.00000000000 0.00000000000 0.00000000000 0.00000000000 0.00000000000 0.00000000000
# sel50_fsh[4]:
 0.00000000000 0.00000000000 0.00000000000 0.00000000000 0.00000000000 0.00000000000 0.00000000000 0.00000000000 0.00000000000 0.00000000000 0.00000000000 0.00000000000 0.00000000000 0.00000000000 0.00000000000 0.00000000000 0.00000000000 0.00000000000 0.00000000000 0.00000000000 0.00000000000 0.00000000000 0.00000000000 0.00000000000 0.00000000000 0.00000000000 0.00000000000 0.00000000000 0.00000000000 0.00000000000 0.00000000000 0.00000000000 0.00000000000 0.00000000000 0.00000000000 0.00000000000
# logsel_p1_fsh[1]:
 0.00000000000 0.00000000000 0.00000000000 0.00000000000 0.00000000000 0.00000000000 0.00000000000 0.00000000000 0.00000000000 0.00000000000 0.00000000000 0.00000000000 0.00000000000 0.00000000000 0.00000000000 0.00000000000 0.00000000000 0.00000000000 0.00000000000 0.00000000000 0.00000000000 0.00000000000 0.00000000000 0.00000000000 0.00000000000 0.00000000000 0.00000000000 0.00000000000 0.00000000000 0.00000000000 0.00000000000 0.00000000000 0.00000000000 0.00000000000 0.00000000000 0.00000000000 0.00000000000 0.00000000000 0.00000000000 0.00000000000 0.00000000000 0.00000000000
# logsel_p1_fsh[2]:
 0.00000000000 0.00000000000 0.00000000000 0.00000000000 0.00000000000 0.00000000000 0.00000000000 0.00000000000 0.00000000000 0.00000000000 0.00000000000 0.00000000000 0.00000000000 0.00000000000 0.00000000000 0.00000000000 0.00000000000 0.00000000000 0.00000000000 0.00000000000 0.00000000000 0.00000000000 0.00000000000 0.00000000000 0.00000000000 0.00000000000 0.00000000000 0.00000000000 0.00000000000 0.00000000000 0.00000000000 0.00000000000 0.00000000000 0.00000000000 0.00000000000 0.00000000000 0.00000000000 0.00000000000 0.00000000000 0.00000000000 0.00000000000 0.00000000000
# logsel_p1_fsh[3]:
 0.00000000000 0.00000000000 0.00000000000 0.00000000000 0.00000000000 0.00000000000 0.00000000000 0.00000000000 0.00000000000 0.00000000000 0.00000000000 0.00000000000 0.00000000000 0.00000000000 0.00000000000 0.00000000000 0.00000000000 0.00000000000 0.00000000000 0.00000000000 0.00000000000 0.00000000000 0.00000000000 0.00000000000 0.00000000000 0.00000000000 0.00000000000 0.00000000000 0.00000000000 0.00000000000 0.00000000000 0.00000000000 0.00000000000 0.00000000000 0.00000000000 0.00000000000 0.00000000000 0.00000000000 0.00000000000 0.00000000000 0.00000000000 0.00000000000 0.00000000000 0.00000000000 0.00000000000
# logsel_p1_fsh[4]:
 0.00000000000 0.00000000000 0.00000000000 0.00000000000 0.00000000000 0.00000000000 0.00000000000 0.00000000000 0.00000000000 0.00000000000 0.00000000000 0.00000000000 0.00000000000 0.00000000000 0.00000000000 0.00000000000 0.00000000000 0.00000000000 0.00000000000 0.00000000000 0.00000000000 0.00000000000 0.00000000000 0.00000000000 0.00000000000 0.00000000000 0.00000000000 0.00000000000 0.00000000000 0.00000000000 0.00000000000 0.00000000000 0.00000000000 0.00000000000 0.00000000000 0.00000000000
# logsel_p2_fsh[1]:
 0.00000000000 0.00000000000 0.00000000000 0.00000000000 0.00000000000 0.00000000000 0.00000000000 0.00000000000 0.00000000000 0.00000000000 0.00000000000 0.00000000000 0.00000000000 0.00000000000 0.00000000000 0.00000000000 0.00000000000 0.00000000000 0.00000000000 0.00000000000 0.00000000000 0.00000000000 0.00000000000 0.00000000000 0.00000000000 0.00000000000 0.00000000000 0.00000000000 0.00000000000 0.00000000000 0.00000000000 0.00000000000 0.00000000000 0.00000000000 0.00000000000 0.00000000000 0.00000000000 0.00000000000 0.00000000000 0.00000000000 0.00000000000 0.00000000000
# logsel_p2_fsh[2]:
 0.00000000000 0.00000000000 0.00000000000 0.00000000000 0.00000000000 0.00000000000 0.00000000000 0.00000000000 0.00000000000 0.00000000000 0.00000000000 0.00000000000 0.00000000000 0.00000000000 0.00000000000 0.00000000000 0.00000000000 0.00000000000 0.00000000000 0.00000000000 0.00000000000 0.00000000000 0.00000000000 0.00000000000 0.00000000000 0.00000000000 0.00000000000 0.00000000000 0.00000000000 0.00000000000 0.00000000000 0.00000000000 0.00000000000 0.00000000000 0.00000000000 0.00000000000 0.00000000000 0.00000000000 0.00000000000 0.00000000000 0.00000000000 0.00000000000
# logsel_p2_fsh[3]:
 0.00000000000 0.00000000000 0.00000000000 0.00000000000 0.00000000000 0.00000000000 0.00000000000 0.00000000000 0.00000000000 0.00000000000 0.00000000000 0.00000000000 0.00000000000 0.00000000000 0.00000000000 0.00000000000 0.00000000000 0.00000000000 0.00000000000 0.00000000000 0.00000000000 0.00000000000 0.00000000000 0.00000000000 0.00000000000 0.00000000000 0.00000000000 0.00000000000 0.00000000000 0.00000000000 0.00000000000 0.00000000000 0.00000000000 0.00000000000 0.00000000000 0.00000000000 0.00000000000 0.00000000000 0.00000000000 0.00000000000 0.00000000000 0.00000000000 0.00000000000 0.00000000000 0.00000000000
# logsel_p2_fsh[4]:
 0.00000000000 0.00000000000 0.00000000000 0.00000000000 0.00000000000 0.00000000000 0.00000000000 0.00000000000 0.00000000000 0.00000000000 0.00000000000 0.00000000000 0.00000000000 0.00000000000 0.00000000000 0.00000000000 0.00000000000 0.00000000000 0.00000000000 0.00000000000 0.00000000000 0.00000000000 0.00000000000 0.00000000000 0.00000000000 0.00000000000 0.00000000000 0.00000000000 0.00000000000 0.00000000000 0.00000000000 0.00000000000 0.00000000000 0.00000000000 0.00000000000 0.00000000000
# logsel_p3_fsh[1]:
 0.00000000000 0.00000000000 0.00000000000 0.00000000000 0.00000000000 0.00000000000 0.00000000000 0.00000000000 0.00000000000 0.00000000000 0.00000000000 0.00000000000 0.00000000000 0.00000000000 0.00000000000 0.00000000000 0.00000000000 0.00000000000 0.00000000000 0.00000000000 0.00000000000 0.00000000000 0.00000000000 0.00000000000 0.00000000000 0.00000000000 0.00000000000 0.00000000000 0.00000000000 0.00000000000 0.00000000000 0.00000000000 0.00000000000 0.00000000000 0.00000000000 0.00000000000 0.00000000000 0.00000000000 0.00000000000 0.00000000000 0.00000000000 0.00000000000
# logsel_p3_fsh[2]:
 0.00000000000 0.00000000000 0.00000000000 0.00000000000 0.00000000000 0.00000000000 0.00000000000 0.00000000000 0.00000000000 0.00000000000 0.00000000000 0.00000000000 0.00000000000 0.00000000000 0.00000000000 0.00000000000 0.00000000000 0.00000000000 0.00000000000 0.00000000000 0.00000000000 0.00000000000 0.00000000000 0.00000000000 0.00000000000 0.00000000000 0.00000000000 0.00000000000 0.00000000000 0.00000000000 0.00000000000 0.00000000000 0.00000000000 0.00000000000 0.00000000000 0.00000000000 0.00000000000 0.00000000000 0.00000000000 0.00000000000 0.00000000000 0.00000000000
# logsel_p3_fsh[3]:
 0.00000000000 0.00000000000 0.00000000000 0.00000000000 0.00000000000 0.00000000000 0.00000000000 0.00000000000 0.00000000000 0.00000000000 0.00000000000 0.00000000000 0.00000000000 0.00000000000 0.00000000000 0.00000000000 0.00000000000 0.00000000000 0.00000000000 0.00000000000 0.00000000000 0.00000000000 0.00000000000 0.00000000000 0.00000000000 0.00000000000 0.00000000000 0.00000000000 0.00000000000 0.00000000000 0.00000000000 0.00000000000 0.00000000000 0.00000000000 0.00000000000 0.00000000000 0.00000000000 0.00000000000 0.00000000000 0.00000000000 0.00000000000 0.00000000000 0.00000000000 0.00000000000 0.00000000000
# logsel_p3_fsh[4]:
 0.00000000000 0.00000000000 0.00000000000 0.00000000000 0.00000000000 0.00000000000 0.00000000000 0.00000000000 0.00000000000 0.00000000000 0.00000000000 0.00000000000 0.00000000000 0.00000000000 0.00000000000 0.00000000000 0.00000000000 0.00000000000 0.00000000000 0.00000000000 0.00000000000 0.00000000000 0.00000000000 0.00000000000 0.00000000000 0.00000000000 0.00000000000 0.00000000000 0.00000000000 0.00000000000 0.00000000000 0.00000000000 0.00000000000 0.00000000000 0.00000000000 0.00000000000
# rec_dev_future:
 0.00000000000 0.00000000000 0.00000000000 0.00000000000 0.00000000000 0.00000000000 0.00000000000 0.00000000000 0.00000000000 0.00000000000 0.00000000000 0.00000000000 0.00000000000 0.00000000000 0.00000000000 0.00000000000 0.00000000000 0.00000000000 0.00000000000 0.00000000000
# log_q_ind[1]:
0.699430672646
# log_q_ind[2]:
-2.33479792090
# log_q_ind[3]:
-9.32688777112
# log_q_ind[4]:
0.0369006976660
# log_q_ind[5]:
-5.45216553929
# log_q_ind[6]:
-7.72703027851
# log_q_ind[7]:
-1.36990808370
# log_q_power_ind[1]:
0.00000000000
# log_q_power_ind[2]:
0.00000000000
# log_q_power_ind[3]:
0.00000000000
# log_q_power_ind[4]:
0.00000000000
# log_q_power_ind[5]:
0.00000000000
# log_q_power_ind[6]:
0.00000000000
# log_q_power_ind[7]:
0.00000000000
# log_rw_q_ind[1]:
 -0.890675061940
# log_rw_q_ind[3]:
 -0.135311831701
# log_rw_q_ind[7]:
 -0.263870492213
# log_selcoffs_ind[1]:
 -2.47579459718 -1.63238357765 -0.998586561894 -0.532066732620 -0.194716626934 0.0768852185447 0.305025076242 0.491697475611 0.624653384767 0.694305634026
 -3.13629197520 -2.28470052019 -1.47980831780 -0.787844496341 -0.257775211867 0.132961982394 0.400175603075 0.574332250742 0.672706540489 0.707891083427
# log_selcoffs_ind[2]:
 0.0923588096080 0.435627125438 0.361764116917 0.0774970447869 -0.165640944041 -0.271877478358 -0.270367161000 -0.224871711934 -0.185814223834 -0.175036433478
 0.706407388220 0.370947679093 0.141608944040 -0.0321341180580 -0.167407925262 -0.257369088714 -0.311043897728 -0.350134473073 -0.382732125628 -0.407239080151
 0.790747129617 0.401996426993 0.215694371009 0.0977190181564 -0.0724246592896 -0.265891519581 -0.444148623715 -0.575977006198 -0.636532791048 -0.639668443307
# log_selcoffs_ind[3]:
 -0.202940821038 0.0202027052767 0.0202027052767 0.0202027052767 0.0202027052767 0.0202027052767 0.0202027052767 0.0202027052767 0.0202027052767 0.0202027052767
# log_selcoffs_ind[4]:
 -1.10377257711 -0.801772002927 -0.523552877099 -0.293742368652 -0.105127042962 0.0608591838054 0.212200615250 0.347299786768 0.456071251669 0.524438108254
 -1.77479873310 -1.42029969041 -1.06010601076 -0.691178907398 -0.331984125729 -0.00239936341764 0.284640892222 0.513718358796 0.665147199054 0.732741967805
# log_selcoffs_ind[5]:
 -3.04452005677 -0.669616569639 0.101782682789 0.174353368097 0.174353368097 0.174353368097 0.174353368097 0.174353368097 0.174353368097 0.174353368097
# log_selcoffs_ind[6]:
 -3.04452005677 -0.669616569639 0.101782682789 0.174353368097 0.174353368097 0.174353368097 0.174353368097 0.174353368097 0.174353368097 0.174353368097
# log_selcoffs_ind[7]:
 -3.04452005677 -0.669616569639 0.101782682789 0.174353368097 0.174353368097 0.174353368097 0.174353368097 0.174353368097 0.174353368097 0.174353368097
# logsel_slope_ind[1]:
 0.00000000000 0.00000000000
# logsel_slope_ind[2]:
 0.00000000000 0.00000000000 0.00000000000
# logsel_slope_ind[3]:
 0.00000000000
# logsel_slope_ind[4]:
 0.00000000000 0.00000000000
# logsel_slope_ind[5]:
 0.00000000000
# logsel_slope_ind[6]:
 0.00000000000
# logsel_slope_ind[7]:
 0.00000000000
# sel50_ind[1]:
 0.00000000000 0.00000000000
# sel50_ind[2]:
 0.00000000000 0.00000000000 0.00000000000
# sel50_ind[3]:
 0.00000000000
# sel50_ind[4]:
 0.00000000000 0.00000000000
# sel50_ind[5]:
 0.00000000000
# sel50_ind[6]:
 0.00000000000
# sel50_ind[7]:
 0.00000000000
# logsel_p1_ind[1]:
 0.00000000000 0.00000000000
# logsel_p1_ind[2]:
 0.00000000000 0.00000000000 0.00000000000
# logsel_p1_ind[3]:
 0.00000000000
# logsel_p1_ind[4]:
 0.00000000000 0.00000000000
# logsel_p1_ind[5]:
 0.00000000000
# logsel_p1_ind[6]:
 0.00000000000
# logsel_p1_ind[7]:
 0.00000000000
# sel_p2_ind[1]:
 0.00000000000 0.00000000000
# sel_p2_ind[2]:
 0.00000000000 0.00000000000 0.00000000000
# sel_p2_ind[3]:
 0.00000000000
# sel_p2_ind[4]:
 0.00000000000 0.00000000000
# sel_p2_ind[5]:
 0.00000000000
# sel_p2_ind[6]:
 0.00000000000
# sel_p2_ind[7]:
 0.00000000000
# logsel_p3_ind[1]:
 0.00000000000 0.00000000000
# logsel_p3_ind[2]:
 0.00000000000 0.00000000000 0.00000000000
# logsel_p3_ind[3]:
 0.00000000000
# logsel_p3_ind[4]:
 0.00000000000 0.00000000000
# logsel_p3_ind[5]:
 0.00000000000
# logsel_p3_ind[6]:
 0.00000000000
# logsel_p3_ind[7]:
 0.00000000000
