# Number of parameters = 1695 Objective function value = 1499.73732701260  Maximum gradient component = 0.406204592643872
# Mest[1]:
0.230000000000
# log_Linf[1]:
4.30945594184
# log_k[1]:
-1.83258146375
# log_Lo[1]:
2.89037175790
# log_sdage[1]:
-2.40794560865
# mean_log_rec[1]:
9.62393576703
# steepness[1]:
0.650000000000
# log_Rzero[1]:
9.23526618352
# rec_dev:
 -0.445548982976 -0.519231768740 -0.599350803233 -0.686704077945 -0.779064822673 -0.872454381771 -0.844894883836 -0.853624673457 -0.627900571359 -0.499819104560 -0.427249482425 -0.321489504374 -0.441667364089 -0.481906440927 -0.519296465795 -0.417761591442 -0.0860725246721 0.204304296158 0.268263007022 0.367216040723 0.414287793952 0.376875053203 0.707564672488 0.867169032797 0.599897817616 1.21712596316 1.34092386709 0.650358587828 0.595326736284 0.774729679928 0.675293046858 0.674222831073 0.325019775158 0.353583761108 -0.0124415747730 -0.0951303877999 0.212946556750 0.289546490897 0.554666403128 0.566631422326 0.750297686941 0.733654824412 0.364465005927 -0.0421008034200 -0.571299081772 -0.556855623506 -0.836158279035 -0.772343710822 -1.15543580458 -1.16484838807 -0.814918337123 -0.496193867540 -0.977925304759 -0.523600892839 -0.755845761540 -0.384179857909 -0.456526503356 0.0506718736866 0.927210684220 0.688593996696 0.0961340472530 -0.158010963347 0.105029165222
# log_sigmar[1]:
-0.510825623766
# fmort:
 0.0105096540575 0.0154018637023 0.00690236874066 0.00852340697037 0.0160888128308 0.0198737471543 0.0248525330641 0.0227094845701 0.0483471196532 0.0434952185774 0.0307210263994 0.0457213472028 0.0931626462194 0.0360895020942 0.0865865403869 0.0537389363120 0.00515143176958 0.0235902252805 0.0182678043023 0.0170402369968 0.0145517393192 0.0185356943417 0.0188048561677 0.0240080392347 0.0148842398827 0.0203115744826 0.0351036298740 0.0139665157514 0.00452572666618 0.00718677784544 0.0105647274642 0.0205394108788 0.00816387542908 0.0119983650614 0.0131781369407 0.0201383732117 0.0249943890144 0.0351160681674 0.0470985726387 0.0468474179241 0.0775437450791 0.0113531698726 0.00419988491454 0.00537297089263 0.00567748428894 0.00779884366054 0.00585854200118 0.00828047466231 0.00261021791088 0.00167601958178 0.00483952992023 0.00489858636402
 0.00130589350910 0.00194459547115 0.00286613443418 0.00461188025376 0.00326291192988 0.00596768125762 0.00807579919604 0.0124042807633 0.0217218567362 0.0273370112008 0.0311351326841 0.0638048358025 0.0868311285630 0.0628342604237 0.0790168710027 0.105697945844 0.121250502639 0.173313444796 0.206178557752 0.232098283612 0.231693494217 0.298867771427 0.391374744974 0.395378699882 0.487906047755 0.611302327735 0.558120276439 0.588237092260 0.374877653910 0.245339985028 0.178784743848 0.201283134813 0.202205050347 0.184561674049 0.182589958231 0.185737524167 0.199472067363 0.242098034853 0.200263086243 0.265002322306 0.145471440137 0.0992608556637 0.0889436054253 0.0764884187036 0.0660765441248 0.0706889163385 0.0744322920674 0.0742170104183 0.0789148234196 0.0757483513884 0.0689899251409 0.0644894892677
 0.000177545418345 0.000328954610330 0.000741023272182 0.00166763667977 0.00531174884800 0.00163818674826 0.00215851386970 0.0195499694690 0.0126212908005 0.00970596713488 0.0113050444971 0.0110064553723 0.00361114604981 0.00259612216996 0.00352045717073 0.00197650535442 0.000758636547324 0.000690389464233 0.00387751742243 0.00499238235396 0.00589372820510 0.00348572456636 0.00190172212135 0.00290052332196 0.00545202305253 0.0187592354252 0.0213012181348 0.0292624625241 0.0171341621317 0.00672977358271 0.00827997409887 0.0223788337836 0.00405904668004 0.00729039369760 0.00708045855316 0.00377640030438 0.0158716029980 0.0184951833339 0.0141396695381 0.00766171904717 0.00266380950717 0.0289483938254 0.0124954519587 0.00513982229212 0.00438297292807 0.00147236727191 0.000865087126745 0.000414887333942 0.00155783990258 0.00221857873213 0.00206984842517 0.00206401246711
 1.97064586871e-13 1.80411241502e-13 0.000529421021112 2.16493489802e-13 2.15105711021e-13 2.13995487996e-13 3.17670254379e-06 0.000219087145079 0.00480073989093 0.0308000472298 0.0291782378683 0.0384506811549 0.0927563698463 0.110609156106 0.151351840259 0.125878255875 0.116556653736 0.113629932575 0.105989780681 0.0835239901180 0.0685410781651 0.0432744239521 0.00367363401616 2.15938378290e-13 2.22044604925e-13 2.90323320939e-13 3.46112027927e-13 4.95714580495e-13 6.53088694236e-13 3.27023029850e-06 0.000657667533243 0.00475050030919 0.0145199586622 0.0277517846676 0.0482586851320 0.0401369298536 0.0598991043935 0.0911642400952 0.113926516420 0.150409842076 0.135397538637 0.0344869402983 0.0222595599340 0.0212616897296 0.0222903184320 0.0279389001147 0.0165645446615 0.0123316719850 0.00858337583716 0.00763114731948 0.000563418858996 0.00565725142038
# log_selcoffs_fsh[1]:
 -5.23998151513 -4.02074545968 -2.69627107557 -1.38524493232 -0.365936509778 0.506983832974 1.12429096816 0.920491473788 -0.333153034477
 -4.96102451450 -3.66757598014 -2.29734837912 -1.08297634889 -0.283273771559 0.443182855527 1.00835886429 0.859383796589 0.108468789999
 -4.67339208293 -3.37948322739 -2.09807816822 -0.987071623680 -0.152753099257 0.538001731082 0.907137914637 0.738576647546 0.277735352087
 -4.35767404730 -3.00540077636 -1.81539133957 -0.839244293002 -0.215987548839 0.403544895615 0.900357195154 0.766065270393 0.356434112975
 -4.08367337437 -2.69031961546 -1.27118171248 -0.273319495429 0.163699768619 0.415596522399 0.615737356067 0.588777560872 0.423963426980
 -3.86498833522 -2.59899666590 -1.41573796420 -0.378685043396 0.533517346307 0.701372522736 0.465536207742 0.327460496414 0.243287621321
 -3.61937948979 -2.41156368676 -1.33303839993 -0.359991705029 0.550749705316 0.797320964235 0.486327178255 0.211956888274 0.100389932940
 -3.35775123826 -2.07170897260 -1.11165244548 -0.274040970161 0.546033695107 0.817080838020 0.465784810690 0.151673703315 0.00257919515544
 -3.13078244473 -1.77320091738 -0.615908258815 0.0151844078364 0.419183814679 0.651381381585 0.509117700262 0.160531377896 -0.0468696221644
 -2.91690396172 -1.41032842181 -0.187288622385 0.200485719818 0.455226432400 0.536310134733 0.354601478949 0.0528184701876 -0.122656065487
 -2.73074081590 -1.04330889930 0.466148824120 0.488177744186 0.325340302209 0.215320097306 0.0505323887550 -0.126529207933 -0.221128632039
 -2.55391001098 -0.782532381522 0.420630516223 0.558662322351 0.468732064396 0.192306076010 -0.109121897904 -0.271119966776 -0.322179376739
 -2.47582684949 -0.828236995984 0.470075325402 0.777994210105 0.462660384002 0.0408756551390 -0.264861212304 -0.414685980310 -0.440062984643
 -2.37171021976 -0.788313403619 0.491569766347 0.881183691079 0.418872382824 -0.0317114755328 -0.345979757502 -0.491021015350 -0.519408484487
 -2.52291289837 -0.879577783156 0.594700905965 0.915024642085 0.379344638114 -0.0783816501856 -0.383456370174 -0.546842078740 -0.599154102111
 -2.52003203277 -0.947679719486 0.599681386323 0.853189043971 0.459926023793 -0.0107670149613 -0.364431449355 -0.562184907328 -0.643511836782
 -2.34759853970 -0.768487667739 0.703495643704 0.751851004077 0.403020599997 0.00389626591276 -0.340574975335 -0.559099876263 -0.662356301975
 -2.02611068391 -0.488012719896 0.461790766919 0.805909995264 0.485308866567 0.0109660369373 -0.339763461418 -0.560595360441 -0.673048690784
 -1.92034485582 -0.448485348870 0.763855376254 0.754049451769 0.292227308248 -0.0958117985760 -0.403902446255 -0.612843320088 -0.723269692741
 -1.74613101071 -0.359529229013 0.689901558869 0.770658974429 0.373825549265 -0.101510645656 -0.451086726704 -0.663903279712 -0.767203403539
 -1.63596129550 -0.231111992341 0.838766157611 0.758182159489 0.234073138974 -0.214388524182 -0.543876033566 -0.741303470203 -0.830289306876
 -1.54020800904 -0.230994233706 0.648276484197 0.962220088602 0.320556533733 -0.313009192201 -0.666500441696 -0.836976334869 -0.900123189974
 -1.45591553325 0.0238583536659 0.885524465957 0.804817834949 0.154051904616 -0.406568649344 -0.759771465789 -0.917873792133 -0.961024103131
 -1.53780945862 -0.177768101720 0.844589377604 1.01841375411 0.102658961315 -0.514173586064 -0.857908131939 -1.00602308966 -1.03179988453
 -1.54209962865 -0.218208347341 0.856044548856 1.00502556130 0.159706972532 -0.496693394067 -0.877579423698 -1.04222989629 -1.06091270446
 -1.44465854164 0.118908333126 0.727677510638 0.864906947111 0.247064250036 -0.328925020874 -0.782992498383 -0.989095442759 -1.01074716610
 -1.65875671560 -0.255681310018 0.660220371323 0.932100344211 0.332642522733 -0.184527115896 -0.649293649110 -0.878703677746 -0.925592052750
 -1.71799119127 -0.367918848637 0.672681878054 0.822803225252 0.371173989708 -0.0973859216323 -0.510220366611 -0.733988707512 -0.787356380639
 -1.45799695657 0.188870888206 0.603221995578 0.583389886389 0.234912654077 -0.120517023926 -0.395227157425 -0.557561165199 -0.612637322185
 -1.51273341595 0.0485793305660 0.507819430811 0.698469617816 0.193002437849 -0.153924127704 -0.337129761832 -0.432315972374 -0.470749535951
 -1.63115182514 -0.0147822749915 0.839766405460 0.342029836702 -0.0107767002048 -0.161298994149 -0.239621819569 -0.297113182964 -0.321394230543
 -1.70655611758 -0.0755123420864 0.577784640069 0.350335721761 0.0505370817474 -0.0586647483708 -0.0853914509016 -0.109546252581 -0.127425004300
 -1.84802469955 -0.771959126915 0.0139589326075 0.531534558903 0.292971553348 0.125493402326 0.102891262894 0.0561013999040 0.0242620331564
 -2.05562649027 -1.04627641314 -0.292280529529 0.236687991121 0.234626632450 0.313940698833 0.333787903460 0.241013932822 0.186569972142
 -1.99202762176 -0.810911587055 -0.316763878571 0.257524925355 0.155932693657 0.175674961589 0.279418154732 0.297258591001 0.313042895997
 -1.45736203867 -0.665177565737 -0.721930211513 -0.301882576019 0.00944029708573 0.270019274079 0.420260197532 0.466428098836 0.464744407296
 -1.61367000184 -1.43495123153 -1.27414235382 -0.508742222111 0.0306659881517 0.431350789265 0.599569609342 0.535406604261 0.458589378132
 -1.90186523287 -1.76813730721 -1.50267511448 -0.696216954825 0.0723693681421 0.570603239629 0.660554364888 0.561385275934 0.354667609899
# log_selcoffs_fsh[2]:
 -5.97121553350 -4.04523643793 -2.34690661724 -0.948148436061 0.100432091731 0.568680349941 0.916248580927 0.908275338326 0.234236759542 -0.964018947506
 -5.88774604501 -3.89947765249 -1.88918496652 -0.637818653574 -0.167630119695 0.385111246487 0.878081872323 0.920895304538 0.346996639678 -0.431920421159
 -5.77058292750 -3.95933563635 -2.23376557120 -0.861677243590 -0.150335124899 0.319524304651 0.785385694019 0.885902779142 0.484566767270 -0.0310368314460
 -5.63075450233 -3.90307729240 -2.38207694392 -1.22118148326 -0.399641053200 0.165658062783 0.686976930770 0.898358141015 0.644642710683 0.329082048341
 -5.53403424490 -3.74029742386 -2.06583650716 -1.05009495745 -0.603959328561 -0.145727420654 0.483520359648 0.825746157100 0.786660749533 0.684732696605
 -5.43688331257 -3.80492776638 -2.19893761700 -0.950868785849 -0.377024153985 -0.275456485256 0.119150864582 0.570666072031 0.861610632870 1.01811795774
 -5.37101012074 -3.93581235971 -2.55775538054 -1.32468530526 -0.361946035119 -0.145961644781 0.0215674819377 0.385168729609 0.831943509421 1.18860563304
 -5.34611529546 -4.04240584458 -2.84575149121 -1.82431265048 -0.982803592137 -0.377856715903 0.152576563312 0.518242762539 0.880411756412 1.23630568838
 -5.34182426731 -4.07875565006 -2.90793216028 -2.00050354178 -1.28054021715 -0.614466095749 0.0806773886298 0.601785614111 0.959361395889 1.23842805558
 -5.30916462140 -4.02066412653 -2.82467735066 -1.84113303469 -1.13285228169 -0.643999938971 -0.120189146689 0.486532656542 0.974699552161 1.32123763727
 -5.29679804792 -3.91927544927 -2.58944898119 -1.50803158256 -0.806585240276 -0.429490719065 -0.0757940515586 0.328057237487 0.863595093320 1.35958137557
 -5.34499364697 -3.85355308270 -2.46010647311 -1.29255610445 -0.594261171617 -0.259376690095 -0.00312102794040 0.335054024343 0.873449988332 1.25289657701
 -5.41817438179 -3.74946645531 -2.14566136018 -0.796543139292 -0.217941564399 0.0294749059490 0.162541612374 0.286533907729 0.712556200516 1.10610933165
 -5.50247735122 -3.62515246162 -1.80425924430 -0.493424571364 0.128703301272 0.224224437156 0.198018478794 0.284255076130 0.578406937301 0.906035398061
 -5.56564991377 -3.50679269528 -1.53595460616 -0.0995109004035 0.349837909431 0.293496304082 0.144002254512 0.209605119986 0.486569638153 0.727983297649
 -5.58535491000 -3.36113897092 -1.19674041816 0.0863958445902 0.342813944145 0.269735486273 0.142178752985 0.201914904700 0.443262059465 0.650398777937
 -5.58407025726 -3.32144783468 -1.09191461219 0.109785248474 0.393034844326 0.315759923422 0.156214393751 0.176928105282 0.385865833787 0.600072236400
 -5.57038288043 -3.42934409843 -1.32480082161 0.134682361385 0.491097576566 0.378663230353 0.170188509625 0.156514140874 0.338521071002 0.531502619134
 -5.51713337614 -3.50285455357 -1.54533488975 -0.0346045985539 0.510929023825 0.406191354324 0.201714767153 0.185323036178 0.364659723908 0.560521010002
 -5.43691641071 -3.54389507075 -1.70778129676 -0.279072977161 0.294742817256 0.411851632285 0.264059394767 0.261042843032 0.463676666797 0.686225819415
 -5.37811065511 -3.59766791114 -1.90215497824 -0.536641792883 0.215257716527 0.435837286502 0.320446636370 0.279543469845 0.487930736165 0.750656851812
 -5.35258491646 -3.65701412409 -2.07287403689 -0.768672870248 0.0627985129712 0.426242357762 0.400535272207 0.369677533861 0.535985951307 0.758314393734
 -5.34952237667 -3.69493572385 -2.21455145289 -0.995074094559 -0.172953853638 0.387137685808 0.481508425487 0.465810516031 0.597358518773 0.764739719515
 -5.38971910922 -3.72710334877 -2.22515912696 -1.04886613693 -0.324852545048 0.191109383606 0.528679909770 0.556202442994 0.676741791134 0.775454370319
 -5.44506798854 -3.76201777734 -2.15752997462 -0.832734825754 -0.195281279251 0.0512079313552 0.345005173348 0.577530016695 0.703003271138 0.847323508025
 -5.54152440236 -3.80752226741 -2.25527657464 -0.941743879345 -0.185255879956 0.277281811217 0.395727799105 0.487100043493 0.648987639540 0.833777270465
 -5.73277688375 -3.96456201478 -2.25249258883 -0.857466501787 -0.0669819027378 0.426811879068 0.505648310346 0.483481372784 0.549035337735 0.677771441001
 -5.91927415112 -4.16917446070 -2.36616499188 -0.639487875959 0.0785741488305 0.486073012722 0.510334075230 0.437231093696 0.559675737044 0.523790914514
 -6.08635474903 -4.37417726829 -2.66899491203 -1.05764146583 -0.0129397503705 0.686509504074 0.676765402887 0.484350411721 0.520131079940 0.278955006704
 -6.23406263527 -4.50683933113 -2.82354365809 -1.18880372422 0.0820711085384 0.753992340951 0.915973694902 0.492937383170 0.213530836428 0.0369641924027
 -6.32066875756 -4.52154919693 -2.73645875072 -1.07155859433 0.138332004848 0.765344466797 0.802504335953 0.506726628565 0.252236325487 0.0990249608456
 -6.36768309393 -4.45931536698 -2.60384601274 -1.03342631114 -0.213056132239 0.363434966283 0.747018264948 0.756068502433 0.515836368776 0.332855246801
 -6.39409734565 -4.37833992476 -2.24947305930 -0.608115712740 -0.193071624049 -0.0188941649871 0.415535669416 0.724577575783 0.737585228891 0.620751632717
 -6.45964486854 -4.49590412877 -2.50659255099 -0.790596033291 -0.0847256526647 0.252559794509 0.427988133708 0.631130892953 0.681749982479 0.617799668794
 -6.49973784263 -4.63986052413 -2.73517796409 -1.00197195289 -0.194598306513 0.194259030459 0.534272010703 0.651084889185 0.686323717739 0.646578904006
 -6.51009399683 -4.80855786339 -3.05008566818 -1.27482168269 -0.274392901004 0.249332491971 0.555887760353 0.693382616411 0.675128721650 0.648186169576
 -6.51757349951 -4.95871124181 -3.40124134215 -1.76577112934 -0.554438161616 0.161724240553 0.675971202582 0.778721521668 0.745509878380 0.579441197478
 -6.50084545521 -5.00068739486 -3.54505913586 -2.11945649222 -0.917572484820 0.00845393664522 0.617132995926 0.920027124970 0.823312008859 0.584351068282
 -6.48296075742 -4.99007643880 -3.53249679710 -2.15624619735 -0.952618667049 0.00688499789537 0.640068323039 0.886879015249 0.820428782107 0.619721989035
# log_selcoffs_fsh[3]:
 -0.982255336332 -0.167898327273 1.13098583470 0.437506334506 -0.570660616377 -1.17253824782 -1.35552319342
 -1.24808108781 -0.177130073428 1.15970341422 0.440915987201 -0.571834476798 -1.17048718033 -1.35692212665
 -0.696982565004 -0.247653108652 1.07684526117 0.453698082513 -0.508656516968 -1.09583772214 -1.28665150754
 -1.56478213088 -0.361232265720 1.19218317068 0.444064473041 -0.500779936441 -1.05911711981 -1.24502427954
 -1.95819908415 -0.269226165339 1.12761114094 0.475511447180 -0.378103638969 -0.937796581279 -1.13581030839
 -2.02190448688 -0.581031069860 0.911073783983 0.755328554324 -0.146850880274 -0.781202195553 -0.989682182777
 -1.69509128078 -0.477406467579 0.675886115169 0.877165053099 -0.0574640242752 -0.726239189322 -0.920555837437
 -1.31541650816 0.551375836297 0.763595244916 0.257258432793 -0.318186921994 -0.808183955114 -0.958394248595
 -1.39330765508 0.628027873676 0.863448596409 0.155957201371 -0.472735690144 -0.934456522047 -1.13431774630
 -1.60022944159 0.301704590921 0.981542099369 0.446690250573 -0.474401861331 -1.09207233924 -1.36058059543
 -1.85101164963 -0.392378298157 0.891050043709 0.880901581678 -0.247507425396 -1.12518813897 -1.55411923438
 -1.80428361264 -0.332270682083 0.819425636587 0.914632165260 -0.171142253978 -1.14575182539 -1.64830572681
 -1.64954460345 -0.0997662037756 1.01347084114 0.691879721500 -0.379449987764 -1.25874368161 -1.70401307418
 -1.41192683449 0.588349399844 0.989344376952 0.266414962970 -0.645155821008 -1.36112567915 -1.71694806408
 -1.46167425735 0.231216114085 1.17510227110 0.316006531703 -0.742165658827 -1.43264798593 -1.69745178148
 -1.47545757630 0.263151115327 1.24810439417 0.166266720000 -0.920982629860 -1.52050191635 -1.66626429407
 -1.26602914410 0.574231422976 1.11928175959 0.0740951921908 -0.978421843668 -1.49738667385 -1.59403404028
 -1.17159785728 0.646188271725 1.07709529908 -2.57531543888e-05 -0.937637750036 -1.42882092543 -1.53888755379
 -0.716657715131 1.09238112095 0.639628360278 -0.226156805811 -0.969264148612 -1.40750876012 -1.54754708197
 -0.558032304643 1.19128286607 0.531006265016 -0.400607563908 -1.08752997502 -1.47494965767 -1.60958346441
 -0.327541680678 1.15695685017 0.579047347682 -0.461166310751 -1.20517945588 -1.59013886255 -1.71122084789
 -0.407848681756 1.13921207254 0.683025509577 -0.497376994202 -1.31308752440 -1.68986469522 -1.77726334616
 -0.237613168070 0.841892960771 0.999091522031 -0.526822078965 -1.42019375103 -1.75360399071 -1.77413975115
 -0.167583093558 1.07684929991 0.720782282202 -0.519893985192 -1.40857086557 -1.79380777259 -1.84874056931
 -0.350721700737 0.562039366772 1.10049569073 -0.0876846674857 -1.19206662846 -1.76162261272 -1.93440721550
 -0.0866450398120 0.699174111705 0.636268999698 0.302778402697 -0.722763975773 -1.57059371963 -2.00586688648
 -0.884184418972 0.759069751837 0.864419782702 0.170322038101 -0.628120549868 -1.45472503958 -2.08516286062
 -1.39125938948 0.267161777323 1.14489958150 0.384048193512 -0.677727087167 -1.54581010108 -2.17388701264
 -1.52790429856 0.0237079172376 1.24237356019 0.430794138108 -0.750109354994 -1.70950765661 -2.26872033244
 -1.42244947501 0.234132745945 0.816570623972 0.883693983169 -0.607688373102 -1.76795360965 -2.33071764428
 -1.38010473294 1.11578554124 0.669790628821 0.0896314084924 -0.915909032408 -1.84803106996 -2.39486805801
 -1.64600630146 0.613056773574 1.18829124067 0.0880726948769 -1.02009409340 -1.93674592824 -2.49077151959
 -1.90957909726 -0.117444432490 1.40017960625 0.283834190190 -1.00801139873 -2.00196719259 -2.54448980737
 -1.81171235403 -0.0617532703546 1.09242461023 0.816543789827 -0.826702183063 -1.99479908341 -2.54058331084
 -1.64097569472 0.105122522543 1.34179035144 0.269595547336 -1.05466427349 -2.02794324614 -2.52416321639
 -1.18503682821 1.09173472638 0.855043801797 -0.160346514423 -1.20241457510 -2.04758560294 -2.50119183028
 -1.08233215049 1.03332326681 0.942699689714 -0.223704357369 -1.29304683902 -2.06416416599 -2.48897656746
 -0.877132918288 1.04700994533 0.881950455641 -0.204896304276 -1.23287481455 -2.04098889257 -2.48632329487
 -1.06690864187 0.958238898194 0.926587751387 -0.0242612557758 -1.11119216947 -1.99703133945 -2.50081146407
 -1.33590506442 0.316949490644 1.26603865062 0.202403936297 -0.990106390620 -1.96018032775 -2.51751703193
 -1.55526598751 0.00116977341790 1.27602267349 0.431837228492 -0.826340191840 -1.91101866757 -2.52984915437
 -1.67365194385 -0.175007806204 0.978964194254 0.923394139115 -0.581850309510 -1.86211834132 -2.53498906142
# log_selcoffs_fsh[4]:
 -6.29445524194 -5.09051447383 -3.84645167960 -2.51345308150 -1.11390663317 0.167080526424 1.01846210175 1.10737193826 0.460082097984
 -6.27921032403 -5.07349211455 -3.82580534428 -2.45783220202 -1.02334087848 0.235188905471 1.03106278503 1.05373543778 0.462168720823
 -6.23060489404 -5.02865098094 -3.79803425561 -2.48427363262 -1.09448115920 0.166003556567 1.00757252235 1.08302161772 0.517518131446
 -6.14129024095 -4.93707742093 -3.72525496946 -2.47649289111 -1.16720758616 0.0552006779620 0.934400559865 1.12097830299 0.642379911966
 -6.04089037475 -4.82015887814 -3.60635144208 -2.39657890500 -1.14765278832 0.0355254251353 0.874405130370 1.09434944453 0.757596632799
 -5.94120149109 -4.74075391245 -3.52667254304 -2.30117858034 -1.13237254979 -0.0509562552465 0.802330462335 1.10456469796 0.849237571710
 -5.82568199894 -4.64561066442 -3.44368679611 -2.20794261117 -1.05232088952 -0.0236180312988 0.752749806703 1.05924150529 0.921387822735
 -5.69685963329 -4.51077365792 -3.35413798977 -2.16194292208 -1.01715688661 -0.0395424391176 0.727581307344 1.04328186923 0.957116551177
 -5.57048009800 -4.33575395917 -3.20612950884 -2.15240201140 -1.08295808423 -0.0769268150815 0.718068467772 1.04570472561 0.980563894565
 -5.44183502096 -4.20731955598 -3.01653439424 -1.92452078525 -0.974245797743 -0.0808237031325 0.636725970920 1.01369755693 1.04379653802
 -5.33982799358 -4.09906078194 -2.90486210281 -1.78930027084 -0.787194542962 0.0214651249483 0.620062356885 0.939028881816 1.05201811595
 -5.26609550551 -3.98306264547 -2.77770282914 -1.69300795397 -0.698499995801 0.132294788563 0.640797407188 0.897481926627 1.00791216934
 -5.20035393109 -3.82844917929 -2.55218396367 -1.50849125966 -0.657752367756 0.116938733030 0.673872532670 0.889004717794 0.969640154255
 -5.12587403399 -3.63278348798 -2.17258597587 -1.08556522992 -0.407944070515 0.115048961370 0.548409448529 0.838610231185 0.987841077703
 -5.03469639794 -3.46295539572 -1.91453569954 -0.751979534729 -0.156606061829 0.148745576697 0.428485262167 0.751913381747 0.982793038085
 -4.92556226780 -3.30894157108 -1.67754075083 -0.493237316257 -0.0851327999344 0.114497782250 0.362634767605 0.693021062672 0.986618098047
 -4.84600413927 -3.26408360883 -1.67844594494 -0.490083046303 -0.0784167595423 0.159589025915 0.389781709567 0.672815177654 0.963424877277
 -4.78252903255 -3.33779099126 -2.00575588648 -0.979563622258 -0.255787244079 0.334412916224 0.597192383057 0.701857333431 0.892056841494
 -4.68482813342 -3.35721836652 -2.14690411941 -1.19713498017 -0.455464639085 0.194465531250 0.604399455013 0.827483511644 0.944103319469
 -4.62231783615 -3.36272379068 -2.23080552244 -1.32076478322 -0.636427233835 0.00397135120754 0.614119968624 0.941492898023 0.969323995682
 -4.54010349973 -3.28735612893 -2.15300555099 -1.34076573722 -0.712418576555 -0.154203875542 0.457757273525 0.993813809971 1.07997249084
 -4.44366910183 -3.17371607311 -1.87120752487 -1.16680708591 -0.711417941972 -0.161919197439 0.361510516001 0.842995456556 1.21812240325
 -4.34400935340 -3.22138745544 -2.13492312687 -1.26648097306 -0.662766069137 -0.0944117790126 0.358547229775 0.803744272764 1.24027731135
 -4.19407694676 -3.13602171633 -2.15928028429 -1.31601049900 -0.670257968739 -0.136418077836 0.301168881685 0.772023879646 1.29697553352
 -4.13274191794 -3.07793548924 -2.02435374880 -1.11373230309 -0.470353020126 0.0841261866253 0.466593023816 0.789151077074 1.08818122096
 -3.92359175551 -2.81787698403 -1.64450845287 -0.896611966334 -0.498616383861 -0.0153584617000 0.446023056873 0.811667400888 1.06937696872
 -3.61171982935 -2.61075735990 -1.58032918527 -0.843948016082 -0.422548321285 -0.0540239778748 0.388470647331 0.814675702171 1.07419943770
 -3.14719728235 -2.25836166509 -1.41896326938 -0.765524193047 -0.400435414891 -0.114320773708 0.190437008328 0.697729931143 1.21327534941
 -2.52994189197 -1.77394588710 -1.22028389128 -0.799005535266 -0.546275690071 -0.340699824828 0.0545885085748 0.640727093236 1.32479396901
 -2.42878354217 -1.86086018590 -1.14634917385 -0.692905617472 -0.556578468664 -0.427049060014 -0.0547424111091 0.635861351695 1.35517149339
 -1.88627554703 -1.41022830021 -1.32723923145 -1.07819128059 -0.782381140556 -0.533881325354 -0.0551263083920 0.642576381272 1.41280947817
 -1.43627645457 -0.841944730251 -1.06901119936 -1.26078642852 -1.03457826689 -0.641801013180 -0.0733303795855 0.680926279457 1.36553490447
 -1.35413936365 -1.02820643640 -1.08024773775 -1.19052694450 -1.04080273556 -0.642855307929 -0.0297466518833 0.725795615989 1.34144990182
# log_sel_spl_fsh[1]:
 0.00000000000 0.00000000000 0.00000000000 0.00000000000
 0.00000000000 0.00000000000 0.00000000000 0.00000000000
 0.00000000000 0.00000000000 0.00000000000 0.00000000000
 0.00000000000 0.00000000000 0.00000000000 0.00000000000
 0.00000000000 0.00000000000 0.00000000000 0.00000000000
 0.00000000000 0.00000000000 0.00000000000 0.00000000000
 0.00000000000 0.00000000000 0.00000000000 0.00000000000
 0.00000000000 0.00000000000 0.00000000000 0.00000000000
 0.00000000000 0.00000000000 0.00000000000 0.00000000000
 0.00000000000 0.00000000000 0.00000000000 0.00000000000
 0.00000000000 0.00000000000 0.00000000000 0.00000000000
 0.00000000000 0.00000000000 0.00000000000 0.00000000000
 0.00000000000 0.00000000000 0.00000000000 0.00000000000
 0.00000000000 0.00000000000 0.00000000000 0.00000000000
 0.00000000000 0.00000000000 0.00000000000 0.00000000000
 0.00000000000 0.00000000000 0.00000000000 0.00000000000
 0.00000000000 0.00000000000 0.00000000000 0.00000000000
 0.00000000000 0.00000000000 0.00000000000 0.00000000000
 0.00000000000 0.00000000000 0.00000000000 0.00000000000
 0.00000000000 0.00000000000 0.00000000000 0.00000000000
 0.00000000000 0.00000000000 0.00000000000 0.00000000000
 0.00000000000 0.00000000000 0.00000000000 0.00000000000
 0.00000000000 0.00000000000 0.00000000000 0.00000000000
 0.00000000000 0.00000000000 0.00000000000 0.00000000000
 0.00000000000 0.00000000000 0.00000000000 0.00000000000
 0.00000000000 0.00000000000 0.00000000000 0.00000000000
 0.00000000000 0.00000000000 0.00000000000 0.00000000000
 0.00000000000 0.00000000000 0.00000000000 0.00000000000
 0.00000000000 0.00000000000 0.00000000000 0.00000000000
 0.00000000000 0.00000000000 0.00000000000 0.00000000000
 0.00000000000 0.00000000000 0.00000000000 0.00000000000
 0.00000000000 0.00000000000 0.00000000000 0.00000000000
 0.00000000000 0.00000000000 0.00000000000 0.00000000000
 0.00000000000 0.00000000000 0.00000000000 0.00000000000
 0.00000000000 0.00000000000 0.00000000000 0.00000000000
 0.00000000000 0.00000000000 0.00000000000 0.00000000000
 0.00000000000 0.00000000000 0.00000000000 0.00000000000
 0.00000000000 0.00000000000 0.00000000000 0.00000000000
# log_sel_spl_fsh[2]:
 0.00000000000 0.00000000000 0.00000000000 0.00000000000
 0.00000000000 0.00000000000 0.00000000000 0.00000000000
 0.00000000000 0.00000000000 0.00000000000 0.00000000000
 0.00000000000 0.00000000000 0.00000000000 0.00000000000
 0.00000000000 0.00000000000 0.00000000000 0.00000000000
 0.00000000000 0.00000000000 0.00000000000 0.00000000000
 0.00000000000 0.00000000000 0.00000000000 0.00000000000
 0.00000000000 0.00000000000 0.00000000000 0.00000000000
 0.00000000000 0.00000000000 0.00000000000 0.00000000000
 0.00000000000 0.00000000000 0.00000000000 0.00000000000
 0.00000000000 0.00000000000 0.00000000000 0.00000000000
 0.00000000000 0.00000000000 0.00000000000 0.00000000000
 0.00000000000 0.00000000000 0.00000000000 0.00000000000
 0.00000000000 0.00000000000 0.00000000000 0.00000000000
 0.00000000000 0.00000000000 0.00000000000 0.00000000000
 0.00000000000 0.00000000000 0.00000000000 0.00000000000
 0.00000000000 0.00000000000 0.00000000000 0.00000000000
 0.00000000000 0.00000000000 0.00000000000 0.00000000000
 0.00000000000 0.00000000000 0.00000000000 0.00000000000
 0.00000000000 0.00000000000 0.00000000000 0.00000000000
 0.00000000000 0.00000000000 0.00000000000 0.00000000000
 0.00000000000 0.00000000000 0.00000000000 0.00000000000
 0.00000000000 0.00000000000 0.00000000000 0.00000000000
 0.00000000000 0.00000000000 0.00000000000 0.00000000000
 0.00000000000 0.00000000000 0.00000000000 0.00000000000
 0.00000000000 0.00000000000 0.00000000000 0.00000000000
 0.00000000000 0.00000000000 0.00000000000 0.00000000000
 0.00000000000 0.00000000000 0.00000000000 0.00000000000
 0.00000000000 0.00000000000 0.00000000000 0.00000000000
 0.00000000000 0.00000000000 0.00000000000 0.00000000000
 0.00000000000 0.00000000000 0.00000000000 0.00000000000
 0.00000000000 0.00000000000 0.00000000000 0.00000000000
 0.00000000000 0.00000000000 0.00000000000 0.00000000000
 0.00000000000 0.00000000000 0.00000000000 0.00000000000
 0.00000000000 0.00000000000 0.00000000000 0.00000000000
 0.00000000000 0.00000000000 0.00000000000 0.00000000000
 0.00000000000 0.00000000000 0.00000000000 0.00000000000
 0.00000000000 0.00000000000 0.00000000000 0.00000000000
 0.00000000000 0.00000000000 0.00000000000 0.00000000000
# log_sel_spl_fsh[3]:
 0.00000000000 0.00000000000 0.00000000000 0.00000000000
 0.00000000000 0.00000000000 0.00000000000 0.00000000000
 0.00000000000 0.00000000000 0.00000000000 0.00000000000
 0.00000000000 0.00000000000 0.00000000000 0.00000000000
 0.00000000000 0.00000000000 0.00000000000 0.00000000000
 0.00000000000 0.00000000000 0.00000000000 0.00000000000
 0.00000000000 0.00000000000 0.00000000000 0.00000000000
 0.00000000000 0.00000000000 0.00000000000 0.00000000000
 0.00000000000 0.00000000000 0.00000000000 0.00000000000
 0.00000000000 0.00000000000 0.00000000000 0.00000000000
 0.00000000000 0.00000000000 0.00000000000 0.00000000000
 0.00000000000 0.00000000000 0.00000000000 0.00000000000
 0.00000000000 0.00000000000 0.00000000000 0.00000000000
 0.00000000000 0.00000000000 0.00000000000 0.00000000000
 0.00000000000 0.00000000000 0.00000000000 0.00000000000
 0.00000000000 0.00000000000 0.00000000000 0.00000000000
 0.00000000000 0.00000000000 0.00000000000 0.00000000000
 0.00000000000 0.00000000000 0.00000000000 0.00000000000
 0.00000000000 0.00000000000 0.00000000000 0.00000000000
 0.00000000000 0.00000000000 0.00000000000 0.00000000000
 0.00000000000 0.00000000000 0.00000000000 0.00000000000
 0.00000000000 0.00000000000 0.00000000000 0.00000000000
 0.00000000000 0.00000000000 0.00000000000 0.00000000000
 0.00000000000 0.00000000000 0.00000000000 0.00000000000
 0.00000000000 0.00000000000 0.00000000000 0.00000000000
 0.00000000000 0.00000000000 0.00000000000 0.00000000000
 0.00000000000 0.00000000000 0.00000000000 0.00000000000
 0.00000000000 0.00000000000 0.00000000000 0.00000000000
 0.00000000000 0.00000000000 0.00000000000 0.00000000000
 0.00000000000 0.00000000000 0.00000000000 0.00000000000
 0.00000000000 0.00000000000 0.00000000000 0.00000000000
 0.00000000000 0.00000000000 0.00000000000 0.00000000000
 0.00000000000 0.00000000000 0.00000000000 0.00000000000
 0.00000000000 0.00000000000 0.00000000000 0.00000000000
 0.00000000000 0.00000000000 0.00000000000 0.00000000000
 0.00000000000 0.00000000000 0.00000000000 0.00000000000
 0.00000000000 0.00000000000 0.00000000000 0.00000000000
 0.00000000000 0.00000000000 0.00000000000 0.00000000000
 0.00000000000 0.00000000000 0.00000000000 0.00000000000
 0.00000000000 0.00000000000 0.00000000000 0.00000000000
 0.00000000000 0.00000000000 0.00000000000 0.00000000000
 0.00000000000 0.00000000000 0.00000000000 0.00000000000
# log_sel_spl_fsh[4]:
 0.00000000000 0.00000000000 0.00000000000 0.00000000000
 0.00000000000 0.00000000000 0.00000000000 0.00000000000
 0.00000000000 0.00000000000 0.00000000000 0.00000000000
 0.00000000000 0.00000000000 0.00000000000 0.00000000000
 0.00000000000 0.00000000000 0.00000000000 0.00000000000
 0.00000000000 0.00000000000 0.00000000000 0.00000000000
 0.00000000000 0.00000000000 0.00000000000 0.00000000000
 0.00000000000 0.00000000000 0.00000000000 0.00000000000
 0.00000000000 0.00000000000 0.00000000000 0.00000000000
 0.00000000000 0.00000000000 0.00000000000 0.00000000000
 0.00000000000 0.00000000000 0.00000000000 0.00000000000
 0.00000000000 0.00000000000 0.00000000000 0.00000000000
 0.00000000000 0.00000000000 0.00000000000 0.00000000000
 0.00000000000 0.00000000000 0.00000000000 0.00000000000
 0.00000000000 0.00000000000 0.00000000000 0.00000000000
 0.00000000000 0.00000000000 0.00000000000 0.00000000000
 0.00000000000 0.00000000000 0.00000000000 0.00000000000
 0.00000000000 0.00000000000 0.00000000000 0.00000000000
 0.00000000000 0.00000000000 0.00000000000 0.00000000000
 0.00000000000 0.00000000000 0.00000000000 0.00000000000
 0.00000000000 0.00000000000 0.00000000000 0.00000000000
 0.00000000000 0.00000000000 0.00000000000 0.00000000000
 0.00000000000 0.00000000000 0.00000000000 0.00000000000
 0.00000000000 0.00000000000 0.00000000000 0.00000000000
 0.00000000000 0.00000000000 0.00000000000 0.00000000000
 0.00000000000 0.00000000000 0.00000000000 0.00000000000
 0.00000000000 0.00000000000 0.00000000000 0.00000000000
 0.00000000000 0.00000000000 0.00000000000 0.00000000000
 0.00000000000 0.00000000000 0.00000000000 0.00000000000
 0.00000000000 0.00000000000 0.00000000000 0.00000000000
 0.00000000000 0.00000000000 0.00000000000 0.00000000000
 0.00000000000 0.00000000000 0.00000000000 0.00000000000
 0.00000000000 0.00000000000 0.00000000000 0.00000000000
# logsel_slope_fsh[1]:
 0.00000000000 0.00000000000 0.00000000000 0.00000000000 0.00000000000 0.00000000000 0.00000000000 0.00000000000 0.00000000000 0.00000000000 0.00000000000 0.00000000000 0.00000000000 0.00000000000 0.00000000000 0.00000000000 0.00000000000 0.00000000000 0.00000000000 0.00000000000 0.00000000000 0.00000000000 0.00000000000 0.00000000000 0.00000000000 0.00000000000 0.00000000000 0.00000000000 0.00000000000 0.00000000000 0.00000000000 0.00000000000 0.00000000000 0.00000000000 0.00000000000 0.00000000000 0.00000000000 0.00000000000
# logsel_slope_fsh[2]:
 0.00000000000 0.00000000000 0.00000000000 0.00000000000 0.00000000000 0.00000000000 0.00000000000 0.00000000000 0.00000000000 0.00000000000 0.00000000000 0.00000000000 0.00000000000 0.00000000000 0.00000000000 0.00000000000 0.00000000000 0.00000000000 0.00000000000 0.00000000000 0.00000000000 0.00000000000 0.00000000000 0.00000000000 0.00000000000 0.00000000000 0.00000000000 0.00000000000 0.00000000000 0.00000000000 0.00000000000 0.00000000000 0.00000000000 0.00000000000 0.00000000000 0.00000000000 0.00000000000 0.00000000000 0.00000000000
# logsel_slope_fsh[3]:
 0.00000000000 0.00000000000 0.00000000000 0.00000000000 0.00000000000 0.00000000000 0.00000000000 0.00000000000 0.00000000000 0.00000000000 0.00000000000 0.00000000000 0.00000000000 0.00000000000 0.00000000000 0.00000000000 0.00000000000 0.00000000000 0.00000000000 0.00000000000 0.00000000000 0.00000000000 0.00000000000 0.00000000000 0.00000000000 0.00000000000 0.00000000000 0.00000000000 0.00000000000 0.00000000000 0.00000000000 0.00000000000 0.00000000000 0.00000000000 0.00000000000 0.00000000000 0.00000000000 0.00000000000 0.00000000000 0.00000000000 0.00000000000 0.00000000000
# logsel_slope_fsh[4]:
 0.00000000000 0.00000000000 0.00000000000 0.00000000000 0.00000000000 0.00000000000 0.00000000000 0.00000000000 0.00000000000 0.00000000000 0.00000000000 0.00000000000 0.00000000000 0.00000000000 0.00000000000 0.00000000000 0.00000000000 0.00000000000 0.00000000000 0.00000000000 0.00000000000 0.00000000000 0.00000000000 0.00000000000 0.00000000000 0.00000000000 0.00000000000 0.00000000000 0.00000000000 0.00000000000 0.00000000000 0.00000000000 0.00000000000
# sel50_fsh[1]:
 0.00000000000 0.00000000000 0.00000000000 0.00000000000 0.00000000000 0.00000000000 0.00000000000 0.00000000000 0.00000000000 0.00000000000 0.00000000000 0.00000000000 0.00000000000 0.00000000000 0.00000000000 0.00000000000 0.00000000000 0.00000000000 0.00000000000 0.00000000000 0.00000000000 0.00000000000 0.00000000000 0.00000000000 0.00000000000 0.00000000000 0.00000000000 0.00000000000 0.00000000000 0.00000000000 0.00000000000 0.00000000000 0.00000000000 0.00000000000 0.00000000000 0.00000000000 0.00000000000 0.00000000000
# sel50_fsh[2]:
 0.00000000000 0.00000000000 0.00000000000 0.00000000000 0.00000000000 0.00000000000 0.00000000000 0.00000000000 0.00000000000 0.00000000000 0.00000000000 0.00000000000 0.00000000000 0.00000000000 0.00000000000 0.00000000000 0.00000000000 0.00000000000 0.00000000000 0.00000000000 0.00000000000 0.00000000000 0.00000000000 0.00000000000 0.00000000000 0.00000000000 0.00000000000 0.00000000000 0.00000000000 0.00000000000 0.00000000000 0.00000000000 0.00000000000 0.00000000000 0.00000000000 0.00000000000 0.00000000000 0.00000000000 0.00000000000
# sel50_fsh[3]:
 0.00000000000 0.00000000000 0.00000000000 0.00000000000 0.00000000000 0.00000000000 0.00000000000 0.00000000000 0.00000000000 0.00000000000 0.00000000000 0.00000000000 0.00000000000 0.00000000000 0.00000000000 0.00000000000 0.00000000000 0.00000000000 0.00000000000 0.00000000000 0.00000000000 0.00000000000 0.00000000000 0.00000000000 0.00000000000 0.00000000000 0.00000000000 0.00000000000 0.00000000000 0.00000000000 0.00000000000 0.00000000000 0.00000000000 0.00000000000 0.00000000000 0.00000000000 0.00000000000 0.00000000000 0.00000000000 0.00000000000 0.00000000000 0.00000000000
# sel50_fsh[4]:
 0.00000000000 0.00000000000 0.00000000000 0.00000000000 0.00000000000 0.00000000000 0.00000000000 0.00000000000 0.00000000000 0.00000000000 0.00000000000 0.00000000000 0.00000000000 0.00000000000 0.00000000000 0.00000000000 0.00000000000 0.00000000000 0.00000000000 0.00000000000 0.00000000000 0.00000000000 0.00000000000 0.00000000000 0.00000000000 0.00000000000 0.00000000000 0.00000000000 0.00000000000 0.00000000000 0.00000000000 0.00000000000 0.00000000000
# logsel_p1_fsh[1]:
 0.00000000000 0.00000000000 0.00000000000 0.00000000000 0.00000000000 0.00000000000 0.00000000000 0.00000000000 0.00000000000 0.00000000000 0.00000000000 0.00000000000 0.00000000000 0.00000000000 0.00000000000 0.00000000000 0.00000000000 0.00000000000 0.00000000000 0.00000000000 0.00000000000 0.00000000000 0.00000000000 0.00000000000 0.00000000000 0.00000000000 0.00000000000 0.00000000000 0.00000000000 0.00000000000 0.00000000000 0.00000000000 0.00000000000 0.00000000000 0.00000000000 0.00000000000 0.00000000000 0.00000000000
# logsel_p1_fsh[2]:
 0.00000000000 0.00000000000 0.00000000000 0.00000000000 0.00000000000 0.00000000000 0.00000000000 0.00000000000 0.00000000000 0.00000000000 0.00000000000 0.00000000000 0.00000000000 0.00000000000 0.00000000000 0.00000000000 0.00000000000 0.00000000000 0.00000000000 0.00000000000 0.00000000000 0.00000000000 0.00000000000 0.00000000000 0.00000000000 0.00000000000 0.00000000000 0.00000000000 0.00000000000 0.00000000000 0.00000000000 0.00000000000 0.00000000000 0.00000000000 0.00000000000 0.00000000000 0.00000000000 0.00000000000 0.00000000000
# logsel_p1_fsh[3]:
 0.00000000000 0.00000000000 0.00000000000 0.00000000000 0.00000000000 0.00000000000 0.00000000000 0.00000000000 0.00000000000 0.00000000000 0.00000000000 0.00000000000 0.00000000000 0.00000000000 0.00000000000 0.00000000000 0.00000000000 0.00000000000 0.00000000000 0.00000000000 0.00000000000 0.00000000000 0.00000000000 0.00000000000 0.00000000000 0.00000000000 0.00000000000 0.00000000000 0.00000000000 0.00000000000 0.00000000000 0.00000000000 0.00000000000 0.00000000000 0.00000000000 0.00000000000 0.00000000000 0.00000000000 0.00000000000 0.00000000000 0.00000000000 0.00000000000
# logsel_p1_fsh[4]:
 0.00000000000 0.00000000000 0.00000000000 0.00000000000 0.00000000000 0.00000000000 0.00000000000 0.00000000000 0.00000000000 0.00000000000 0.00000000000 0.00000000000 0.00000000000 0.00000000000 0.00000000000 0.00000000000 0.00000000000 0.00000000000 0.00000000000 0.00000000000 0.00000000000 0.00000000000 0.00000000000 0.00000000000 0.00000000000 0.00000000000 0.00000000000 0.00000000000 0.00000000000 0.00000000000 0.00000000000 0.00000000000 0.00000000000
# sel_p2_fsh[1]:
 0.00000000000 0.00000000000 0.00000000000 0.00000000000 0.00000000000 0.00000000000 0.00000000000 0.00000000000 0.00000000000 0.00000000000 0.00000000000 0.00000000000 0.00000000000 0.00000000000 0.00000000000 0.00000000000 0.00000000000 0.00000000000 0.00000000000 0.00000000000 0.00000000000 0.00000000000 0.00000000000 0.00000000000 0.00000000000 0.00000000000 0.00000000000 0.00000000000 0.00000000000 0.00000000000 0.00000000000 0.00000000000 0.00000000000 0.00000000000 0.00000000000 0.00000000000 0.00000000000 0.00000000000
# sel_p2_fsh[2]:
 0.00000000000 0.00000000000 0.00000000000 0.00000000000 0.00000000000 0.00000000000 0.00000000000 0.00000000000 0.00000000000 0.00000000000 0.00000000000 0.00000000000 0.00000000000 0.00000000000 0.00000000000 0.00000000000 0.00000000000 0.00000000000 0.00000000000 0.00000000000 0.00000000000 0.00000000000 0.00000000000 0.00000000000 0.00000000000 0.00000000000 0.00000000000 0.00000000000 0.00000000000 0.00000000000 0.00000000000 0.00000000000 0.00000000000 0.00000000000 0.00000000000 0.00000000000 0.00000000000 0.00000000000 0.00000000000
# sel_p2_fsh[3]:
 0.00000000000 0.00000000000 0.00000000000 0.00000000000 0.00000000000 0.00000000000 0.00000000000 0.00000000000 0.00000000000 0.00000000000 0.00000000000 0.00000000000 0.00000000000 0.00000000000 0.00000000000 0.00000000000 0.00000000000 0.00000000000 0.00000000000 0.00000000000 0.00000000000 0.00000000000 0.00000000000 0.00000000000 0.00000000000 0.00000000000 0.00000000000 0.00000000000 0.00000000000 0.00000000000 0.00000000000 0.00000000000 0.00000000000 0.00000000000 0.00000000000 0.00000000000 0.00000000000 0.00000000000 0.00000000000 0.00000000000 0.00000000000 0.00000000000
# sel_p2_fsh[4]:
 0.00000000000 0.00000000000 0.00000000000 0.00000000000 0.00000000000 0.00000000000 0.00000000000 0.00000000000 0.00000000000 0.00000000000 0.00000000000 0.00000000000 0.00000000000 0.00000000000 0.00000000000 0.00000000000 0.00000000000 0.00000000000 0.00000000000 0.00000000000 0.00000000000 0.00000000000 0.00000000000 0.00000000000 0.00000000000 0.00000000000 0.00000000000 0.00000000000 0.00000000000 0.00000000000 0.00000000000 0.00000000000 0.00000000000
# logsel_p3_fsh[1]:
 0.00000000000 0.00000000000 0.00000000000 0.00000000000 0.00000000000 0.00000000000 0.00000000000 0.00000000000 0.00000000000 0.00000000000 0.00000000000 0.00000000000 0.00000000000 0.00000000000 0.00000000000 0.00000000000 0.00000000000 0.00000000000 0.00000000000 0.00000000000 0.00000000000 0.00000000000 0.00000000000 0.00000000000 0.00000000000 0.00000000000 0.00000000000 0.00000000000 0.00000000000 0.00000000000 0.00000000000 0.00000000000 0.00000000000 0.00000000000 0.00000000000 0.00000000000 0.00000000000 0.00000000000
# logsel_p3_fsh[2]:
 0.00000000000 0.00000000000 0.00000000000 0.00000000000 0.00000000000 0.00000000000 0.00000000000 0.00000000000 0.00000000000 0.00000000000 0.00000000000 0.00000000000 0.00000000000 0.00000000000 0.00000000000 0.00000000000 0.00000000000 0.00000000000 0.00000000000 0.00000000000 0.00000000000 0.00000000000 0.00000000000 0.00000000000 0.00000000000 0.00000000000 0.00000000000 0.00000000000 0.00000000000 0.00000000000 0.00000000000 0.00000000000 0.00000000000 0.00000000000 0.00000000000 0.00000000000 0.00000000000 0.00000000000 0.00000000000
# logsel_p3_fsh[3]:
 0.00000000000 0.00000000000 0.00000000000 0.00000000000 0.00000000000 0.00000000000 0.00000000000 0.00000000000 0.00000000000 0.00000000000 0.00000000000 0.00000000000 0.00000000000 0.00000000000 0.00000000000 0.00000000000 0.00000000000 0.00000000000 0.00000000000 0.00000000000 0.00000000000 0.00000000000 0.00000000000 0.00000000000 0.00000000000 0.00000000000 0.00000000000 0.00000000000 0.00000000000 0.00000000000 0.00000000000 0.00000000000 0.00000000000 0.00000000000 0.00000000000 0.00000000000 0.00000000000 0.00000000000 0.00000000000 0.00000000000 0.00000000000 0.00000000000
# logsel_p3_fsh[4]:
 0.00000000000 0.00000000000 0.00000000000 0.00000000000 0.00000000000 0.00000000000 0.00000000000 0.00000000000 0.00000000000 0.00000000000 0.00000000000 0.00000000000 0.00000000000 0.00000000000 0.00000000000 0.00000000000 0.00000000000 0.00000000000 0.00000000000 0.00000000000 0.00000000000 0.00000000000 0.00000000000 0.00000000000 0.00000000000 0.00000000000 0.00000000000 0.00000000000 0.00000000000 0.00000000000 0.00000000000 0.00000000000 0.00000000000
# rec_dev_future:
 0.00000000000 0.00000000000 0.00000000000 0.00000000000 0.00000000000 0.00000000000 0.00000000000 0.00000000000 0.00000000000 0.00000000000 0.00000000000 0.00000000000 0.00000000000 0.00000000000 0.00000000000 0.00000000000 0.00000000000 0.00000000000 0.00000000000 0.00000000000
# log_q_ind[1]:
-0.0889178230530
# log_q_ind[2]:
-2.91219206217
# log_q_ind[3]:
-9.52694135366
# log_q_ind[4]:
-0.693247305899
# log_q_ind[5]:
-6.18284049388
# log_q_ind[6]:
-8.44250016155
# log_q_ind[7]:
-1.02692241246
# log_q_power_ind[1]:
0.00000000000
# log_q_power_ind[2]:
0.00000000000
# log_q_power_ind[3]:
0.00000000000
# log_q_power_ind[4]:
0.00000000000
# log_q_power_ind[5]:
0.00000000000
# log_q_power_ind[6]:
0.00000000000
# log_q_power_ind[7]:
0.00000000000
# log_rw_q_ind[1]:
 -1.08179192898
# log_rw_q_ind[3]:
 -0.393071805168
# log_selcoffs_ind[1]:
 -3.16562997689 -1.99321703640 -0.874008518805 -0.0230678989054 0.404556071964 0.508741629397 0.425300983639 0.291649428926 0.196146986188 0.165396249914
 -3.14072092037 -2.26562512394 -1.42067127609 -0.643751939563 0.00681845073663 0.443012711622 0.606811884110 0.556957884403 0.433412267251 0.336071609338
# log_selcoffs_ind[2]:
 -1.33006961168 -0.651773771099 -0.181206233586 0.0164580887871 -0.0159149032222 -0.0331419119330 0.0564419443034 0.234068375713 0.399497624765 0.469427822176
 -1.11157994573 -0.508907497344 -0.156501428530 0.0840293184569 0.185461827289 0.188192433784 0.157107199975 0.145221659636 0.164281070120 0.191624807418
 -1.05368909889 -0.460760825845 -0.0521737306764 0.239475839144 0.335509571493 0.263029657088 0.120233472354 0.00814837218842 -0.0289211366820 -0.00617165751115
# log_selcoffs_ind[3]:
 -0.202940821038 0.0202027052767 0.0202027052767 0.0202027052767 0.0202027052767 0.0202027052767 0.0202027052767 0.0202027052767 0.0202027052767 0.0202027052767
# log_selcoffs_ind[4]:
 -2.67894781981 -1.66719551889 -0.794815323124 -0.236391526090 0.00574956168387 0.155154137172 0.289984719948 0.419000722969 0.520370854634 0.581292699469
 -3.30812202831 -2.41641325573 -1.54481213598 -0.794185736645 -0.231423836139 0.171094468604 0.441817943906 0.609847168366 0.654870972012 0.646207090881
# log_selcoffs_ind[5]:
 -3.04452005677 -0.669616569639 0.101782682789 0.174353368097 0.174353368097 0.174353368097 0.174353368097 0.174353368097 0.174353368097 0.174353368097
# log_selcoffs_ind[6]:
 -3.04452005677 -0.669616569639 0.101782682789 0.174353368097 0.174353368097 0.174353368097 0.174353368097 0.174353368097 0.174353368097 0.174353368097
# log_selcoffs_ind[7]:
 -3.04452005677 -0.669616569639 0.101782682789 0.174353368097 0.174353368097 0.174353368097 0.174353368097 0.174353368097 0.174353368097 0.174353368097
# logsel_slope_ind[1]:
 0.00000000000 0.00000000000
# logsel_slope_ind[2]:
 0.00000000000 0.00000000000 0.00000000000
# logsel_slope_ind[3]:
 0.00000000000
# logsel_slope_ind[4]:
 0.00000000000 0.00000000000
# logsel_slope_ind[5]:
 0.00000000000
# logsel_slope_ind[6]:
 0.00000000000
# logsel_slope_ind[7]:
 0.00000000000
# sel50_ind[1]:
 0.00000000000 0.00000000000
# sel50_ind[2]:
 0.00000000000 0.00000000000 0.00000000000
# sel50_ind[3]:
 0.00000000000
# sel50_ind[4]:
 0.00000000000 0.00000000000
# sel50_ind[5]:
 0.00000000000
# sel50_ind[6]:
 0.00000000000
# sel50_ind[7]:
 0.00000000000
# logsel_p1_ind[1]:
 0.00000000000 0.00000000000
# logsel_p1_ind[2]:
 0.00000000000 0.00000000000 0.00000000000
# logsel_p1_ind[3]:
 0.00000000000
# logsel_p1_ind[4]:
 0.00000000000 0.00000000000
# logsel_p1_ind[5]:
 0.00000000000
# logsel_p1_ind[6]:
 0.00000000000
# logsel_p1_ind[7]:
 0.00000000000
# sel_p2_ind[1]:
 0.00000000000 0.00000000000
# sel_p2_ind[2]:
 0.00000000000 0.00000000000 0.00000000000
# sel_p2_ind[3]:
 0.00000000000
# sel_p2_ind[4]:
 0.00000000000 0.00000000000
# sel_p2_ind[5]:
 0.00000000000
# sel_p2_ind[6]:
 0.00000000000
# sel_p2_ind[7]:
 0.00000000000
# logsel_p3_ind[1]:
 0.00000000000 0.00000000000
# logsel_p3_ind[2]:
 0.00000000000 0.00000000000 0.00000000000
# logsel_p3_ind[3]:
 0.00000000000
# logsel_p3_ind[4]:
 0.00000000000 0.00000000000
# logsel_p3_ind[5]:
 0.00000000000
# logsel_p3_ind[6]:
 0.00000000000
# logsel_p3_ind[7]:
 0.00000000000
