# Number of parameters = 1615 Objective function value = 2039.69847963418  Maximum gradient component = 0.00415042948935654
# Mest[1]:
0.280000000000
# log_Linf[1]:
4.38701417618
# log_k[1]:
-1.83258146375
# log_Lo[1]:
2.75684036527
# log_sdage[1]:
-2.40794560865
# mean_log_rec[1]:
9.42412551848
# steepness[1]:
0.650000000000
# log_Rzero[1]:
9.42620203285
# rec_dev:
 -0.0966270445013 -0.124201366965 -0.158303359379 -0.199992618523 -0.250445686706 -0.310640923372 -0.379322635128 -0.454291695923 -0.538629091589 -0.632735626526 -0.726791337988 -0.788331767522 -0.852325002782 -0.920069807069 -1.07574199733 -0.903160525669 -0.379687073393 -0.230630803456 -0.00947257174618 0.201070285814 0.185313765685 0.147211231189 0.238000506758 0.374906745641 0.848566933079 0.689884112968 0.760095563596 1.48156366786 1.40526383034 0.747103161602 0.191400641975 0.418183268175 0.600333262497 0.717273980773 0.254831944190 0.235269699115 0.146485484036 0.190265922526 0.283092032184 0.285602067527 0.429069725577 0.677757924421 0.549463333144 0.523801949106 0.0982605509633 -0.250184474569 -0.203772170379 -0.731050967128 -1.84248308190 -0.784751154041 -0.468269456341 -0.592888130828 -0.851846600887 -0.993152782282 -1.10801180456 -0.316345282739 -0.324426989992 -0.0426317527058 0.441759007604 1.20235552281 0.0974246782704
# log_sigmar[1]:
-0.510825623766
# fmort:
 0.00898977858727 0.0139489823211 0.00687928889466 0.00970172007278 0.0213515032175 0.0303063577140 0.0424719450589 0.0412223023609 0.0774584199221 0.0638110575539 0.0445517798445 0.0639012076708 0.136506899872 0.0527993467246 0.126609321776 0.0680287448270 0.00688331727513 0.0183022572343 0.0117632669951 0.0109180626695 0.0106307275075 0.0152262364705 0.0167443841668 0.0194127423277 0.0124382991674 0.0165875756277 0.0251197297428 0.00916527925919 0.00321231131594 0.00616300148439 0.00845011904797 0.0154539324186 0.00672261957576 0.0100800866859 0.0108533098499 0.0184968911653 0.0208954519436 0.0365235384131 0.0670989068163 0.0452312869088 0.0505564018449 0.00934938786313 0.00325410065184 0.00681473088274 0.00600374376106 0.00669828788087 0.00558745936338 0.00553592515220 0.00129636690036 0.00122521848237
 0.000850429435456 0.00135129963721 0.00220899015817 0.00407335082805 0.00335504070282 0.00686760160284 0.0108760264480 0.0137126875989 0.0203570101883 0.0239147853593 0.0265105865566 0.0570269730343 0.0733573110296 0.0550307689947 0.0866151550725 0.127257455659 0.156628607471 0.212232639584 0.261168462788 0.293447445462 0.298177206953 0.375297244277 0.553470455799 0.579893622365 0.659492252748 0.837682234360 0.782546870125 0.787404673954 0.480054022589 0.309819153623 0.218864300326 0.270980426515 0.314041624919 0.267560469151 0.258259172727 0.253710910213 0.275730880721 0.354348335735 0.318893710164 0.438640070133 0.257102874300 0.197982417296 0.127950489278 0.0917653147984 0.0983728774727 0.123523886308 0.113464906353 0.114894918795 0.108849286279 0.0996651155098
 0.000237606445082 0.000504635118919 0.00126686686331 0.00307879929871 0.0103961724823 0.00345963260878 0.00486523627421 0.0441283685103 0.0305135962613 0.0229919590802 0.0251818051273 0.0251867650466 0.00916162242477 0.00741804071596 0.0101765422751 0.00495784547087 0.00183789467355 0.00155044363344 0.00567350637758 0.00613374257797 0.00820591112903 0.00660996633395 0.00393438446335 0.00451083858397 0.00767447867071 0.0276592257073 0.0374483312440 0.0716594370803 0.0487034554295 0.0187009117613 0.0214997697984 0.0534413353545 0.00821273086944 0.0105333635719 0.00908337948252 0.00499517910203 0.0212376034836 0.0254521795392 0.0269749965671 0.0213686660274 0.00504858859659 0.0485667151991 0.0223836357785 0.00939775896021 0.00953675133637 0.00272814194483 0.00130968072232 0.000625370151413 0.00282542838433 0.00412305548311
 6.22016586796e-05 6.56145469943e-05 0.000383893897564 7.46907076807e-05 8.08398351912e-05 8.85190308814e-05 0.000101892681212 0.000249949552070 0.00646951978300 0.0558828230482 0.0613882365301 0.0924708110427 0.192631362785 0.292666848635 0.403218517565 0.313185392210 0.250531030138 0.181255502106 0.127052884176 0.0903137590975 0.0673929078294 0.0374735487798 0.00300867534170 9.02058646204e-05 0.000104222999899 0.000133886096079 0.000191355144676 0.000273365995075 0.000332013816031 0.000313790239427 0.000535447836546 0.00361821315796 0.0111004255038 0.0181447494238 0.0316796811722 0.0270162857697 0.0442684627627 0.0707103504684 0.0994157209042 0.156331857633 0.152842743684 0.0411910900123 0.0260188764539 0.0245268538518 0.0340383088792 0.0380647238429 0.0189487830920 0.0141118562952 0.0112600669334 0.00713723789301
# log_selcoffs_fsh[1]:
 -4.37786502911 -2.10899262640 -1.10246098013 -0.0609998441747 0.848053724005 1.09082201009 0.412042574529 -0.636456158947 -1.41745217418
 -3.79313532644 -1.42241174868 -1.09096822677 -0.330267481903 0.656766741810 1.11175093377 0.545273775406 -0.416479379258 -1.11153546835
 -3.49900315343 -1.53767327104 -0.775451398292 0.131062363353 0.700669218605 0.876992557652 0.459500975087 -0.299491686474 -0.888875191861
 -2.97038055638 -1.59923043226 -1.15178561650 -0.393984361241 0.797984105193 1.02298481363 0.447588549866 -0.306243661600 -0.791990750786
 -1.71768688707 0.178077558558 -0.130730123833 -0.166552975768 0.180265738481 0.566891225004 0.385856074540 -0.118315190387 -0.541343710388
 -2.04099282110 -0.513132216563 0.725274161778 0.846130847658 0.0288522306982 -0.135061934323 -0.206213164399 -0.435191909299 -0.669744742928
 -1.79043815466 -0.497547085671 0.705871787208 0.967408378469 0.240929958147 -0.301165338010 -0.528110197234 -0.671129851980 -0.787177283439
 -1.09956388253 -0.415959810933 0.650426789302 1.06213885357 0.200518982532 -0.412083568054 -0.731231620985 -0.855798317461 -0.896973549743
 -0.862795054556 0.409672507837 0.283411602556 0.637456005989 0.588009042364 -0.196638098062 -0.753636602275 -0.955761055740 -0.979972606289
 -0.787355799067 0.383896201412 0.529663418646 0.796503990337 0.341981350911 -0.385560883047 -0.914275192751 -1.08838692212 -1.09226304904
 0.0155057569792 1.28132415558 0.262450809589 0.0350926860662 -0.365221556398 -0.825566706458 -1.13188691446 -1.22587615599 -1.20669150305
 0.289699375242 0.974416554576 0.694597068989 0.241812634910 -0.578226462370 -1.04495146428 -1.27018564297 -1.32158697043 -1.28084024833
 -0.465169337035 1.42851860787 0.694593894667 -0.201194942604 -0.935652522315 -1.31602153334 -1.44460333874 -1.44801972788 -1.39673095843
 0.251691315128 1.39738477882 0.565647820477 -0.369506549496 -1.14781704802 -1.46008676158 -1.53943311024 -1.51273035698 -1.45596983656
 0.302207897590 1.50589665616 0.367555727565 -0.562505980411 -1.25137613543 -1.54072118215 -1.61206304354 -1.57810070444 -1.51957873481
 -0.648497183659 1.55627278275 0.679109454354 -0.383893287041 -1.24937402084 -1.58268584985 -1.66650945668 -1.63453246778 -1.57662377715
 -0.558435418515 1.62153069198 0.516519129875 -0.449482689084 -1.26758371673 -1.60230176674 -1.69423213015 -1.67217318852 -1.61745618434
 0.341051989717 1.29536674918 0.809923596616 -0.429818738995 -1.28691657697 -1.60655725735 -1.69730228582 -1.67948113714 -1.62694212587
 0.943859103961 1.29295396396 0.216028286899 -0.626725062589 -1.32306091998 -1.63197821492 -1.72785691014 -1.71048185346 -1.65649977865
 0.270538298080 1.41886271435 0.654155666513 -0.445660635814 -1.31662354509 -1.66823000168 -1.76230218891 -1.73324997761 -1.67123028817
 0.478251211021 1.54774395702 0.230154596001 -0.709797977667 -1.42370541359 -1.73471230394 -1.81402006432 -1.76657010080 -1.69188744964
 0.313906920358 1.51928973636 0.567263230943 -0.836075939617 -1.59732618033 -1.83715160685 -1.86952997900 -1.79183036220 -1.69904432095
 0.841827429548 1.39039465056 0.310708860407 -0.803223376791 -1.60739144601 -1.88081078396 -1.90765067592 -1.80387666936 -1.68890107879
 0.165448147671 1.68374355640 0.170637858602 -0.909293474791 -1.60382574090 -1.88747932458 -1.93050942775 -1.81979380136 -1.68299597784
 0.583357696437 1.50916483548 0.268754672065 -0.761730872741 -1.46747084747 -1.81178896182 -1.89300162963 -1.78046962962 -1.62575181541
 0.662552361409 1.33673731131 0.374537060753 -0.241795318992 -1.29733658240 -1.73731307108 -1.80528372805 -1.69239103752 -1.53077996134
 -0.352889998415 1.43046815317 0.609326924937 0.0763410890178 -1.07302981451 -1.56422248019 -1.65219457155 -1.54753593674 -1.41657233098
 -0.272579587874 1.40139678507 0.673497619260 -0.181800195559 -1.00729329505 -1.38491514825 -1.44855025101 -1.37207905349 -1.27716878177
 1.47079379875 0.623054481314 -0.205676426049 -0.727056367190 -1.11759935815 -1.27713642786 -1.29163403944 -1.22856316084 -1.16527373856
 0.839071794626 1.34688540211 -0.166475133888 -1.02913667407 -1.19928246357 -1.17330108437 -1.11927741527 -1.06736434287 -1.03504838811
 0.674725974077 1.41819625592 -0.408646523420 -1.08342026575 -1.09598529019 -1.01992479753 -0.930837138041 -0.897685467381 -0.898235714763
 0.623239219850 1.21960747556 -0.184810636332 -0.767596830968 -0.817540823657 -0.739370317504 -0.651971443459 -0.657343920038 -0.701947131215
 -0.651568518075 0.782150418417 0.413563809972 0.0264691673718 -0.0728262266383 -0.263048091275 -0.268692524531 -0.379381214737 -0.500126555147
 -1.34143873603 -0.372745620127 -0.330868928933 0.394962888943 0.611969975333 0.231172320022 0.260298283758 -0.204203005149 -0.461541718517
 -0.170310018541 0.905528385927 -0.250826219915 -0.435792557331 -0.0959708847540 -0.0397480705165 -0.0649356922244 -0.249083794925 -0.397073705298
 1.33771722955 -0.266893080117 -0.772946512816 -0.726215063712 -0.445723093540 -0.259482946015 -0.262471676974 -0.378510485172 -0.489909301875
# log_selcoffs_fsh[2]:
 -2.16699417551 -0.138102452447 0.627351890536 0.966481490318 0.691901347514 -0.0111153730578 -0.583821442670 -0.958017672277 -1.15596701397 -1.30740769127
 -2.21532517480 -0.122032691976 -0.581187011856 0.242112842538 0.881576073609 0.831513428288 0.123960813808 -0.600270299697 -0.904731552401 -0.978670711567
 -3.11629692659 -0.894905707386 -0.518222467507 0.0977208947306 0.764594157258 0.922792942997 0.355267266251 -0.363024351543 -0.631668121600 -0.633872659627
 -3.59834723800 -1.81333158214 -0.749476899994 -0.170483341376 0.622234403036 1.02509339931 0.400864007285 -0.182094504263 -0.323927740106 -0.231592710956
 -2.80067459822 -0.997982814315 -1.43037061951 -0.806037669018 0.257428137208 0.905212090785 0.470348072554 0.0665674472827 0.0937843374324 0.300846527841
 -1.98372383615 -0.927861310311 -0.858119947358 -1.08612087579 -0.508190843160 0.0348986327068 0.216613478919 0.305583673782 0.607108593784 0.968529200579
 -3.23715159725 -1.59300109535 -0.540168571962 -0.479471934847 -0.672353295895 -0.477483559071 -0.152238511671 0.232557574776 0.719292602908 1.17902853207
 -4.14160786930 -2.95509098016 -1.94012294683 -0.873898269138 -0.249535241676 0.0180029273722 0.224202859542 0.221035246409 0.631190787811 1.16163469114
 -4.43036367669 -3.14832571250 -2.68327761127 -1.69828853099 -0.519257094555 0.0505967161521 0.405567151565 0.594275133182 0.720191275160 0.985918643192
 -4.54088167589 -2.90788457237 -2.27530125500 -1.82256824344 -1.33622161913 -0.429970514428 0.204040764620 0.849693791832 1.09154227843 0.794285891380
 -4.30201578448 -2.18595355486 -1.53198594287 -1.14394907860 -0.825865419873 -0.686274641751 -0.0617653149815 0.704266842116 1.09550214664 0.894032291617
 -4.35284264692 -2.35825783738 -1.43132328965 -0.990816163070 -0.627690686016 -0.295807041334 0.330360363151 0.748048481766 0.863459905845 0.755573301339
 -3.84817811680 -1.30479165243 -0.866915694798 -0.461162274945 -0.178013460574 -0.268357593911 0.181921564509 0.478030389204 0.693923675871 0.806976990006
 -3.12139066016 -1.07882143279 -0.492942791129 -0.215884412164 -0.147973183936 -0.0589188500058 0.156805322038 0.376707595187 0.564851350045 0.696931964481
 -2.62215959663 -0.318034929926 -0.212753527824 -0.236228024184 -0.394908048067 -0.287444744198 0.0961414084601 0.337949877724 0.555898011694 0.658250278210
 -2.25309280536 0.0456566741682 -0.227510626673 -0.306043194864 -0.510292153567 -0.345951272006 0.0221275812754 0.272650255830 0.502536048398 0.702479792819
 -1.58613076121 0.0485672874798 -0.117293247288 -0.202897788254 -0.518297926327 -0.540643709779 -0.194334442612 0.145228759632 0.489578229837 0.811201621140
 -2.17948612127 -0.0192728106783 0.141814995558 0.00527062941536 -0.405435918518 -0.489298237885 -0.213499357101 0.142805441505 0.415355578908 0.689355382102
 -2.54775310000 -0.434707941713 0.0607941689415 0.00157172568252 -0.339066091052 -0.332232401175 -0.0257118264642 0.286052865480 0.495846011745 0.605743639174
 -2.67866257783 -0.782291679802 -0.459726540101 -0.130445746318 -0.245540748962 -0.234247367586 0.104870322586 0.436638114486 0.596665192249 0.650899914771
 -2.70307687342 -0.818747890668 -0.331755247670 -0.0123668005320 -0.206133731962 -0.334253575357 -0.0557838586033 0.360450448727 0.606133004227 0.714909594454
 -3.00368352190 -0.858731255603 -0.387404977524 0.0522276718410 -0.0478748015397 -0.173364850128 0.0523996062854 0.267662572324 0.493017678965 0.694260915608
 -3.27221372754 -1.55369391700 -0.541169848640 0.122435963450 0.194722204581 0.0494978136069 0.126450868818 0.288181693732 0.390612887139 0.602074193696
 -3.36966079485 -1.92188420235 -1.04700281358 -0.242682401253 0.264501835343 0.166989656078 0.373409364387 0.460588520209 0.490563612154 0.424164569307
 -3.44312447560 -1.37121316732 -0.726349252736 -0.716063093011 -0.191568881973 0.228762413066 0.356626905805 0.646328572029 0.554386487489 0.458240865265
 -3.54364976468 -2.11572668323 -1.20625683064 -0.0676750416900 0.0302956414732 0.118281494786 0.289507497257 0.466531678903 0.611087420812 0.523360139215
 -4.01529708718 -1.70936385090 -1.22650148256 0.0991492294990 0.486295255509 0.328104802177 0.278215560873 0.435475533541 0.289503079151 0.171080666105
 -4.47074832970 -1.59276964538 -0.899896818806 -0.0480356795462 0.291817728850 0.208990248253 0.766857844781 0.565967119009 0.0911831151800 -0.168908787826
 -4.40392568384 -2.70387636451 -1.67695740022 -0.0111456473968 0.465600812352 0.520794814638 1.04130770968 0.194838038976 -0.249678677277 -0.443873393758
 -4.40804044566 -2.25153275228 -0.931481724755 -0.0113218374463 0.940581714055 0.733201266349 0.412669666215 -0.0712064490943 -0.325630139261 -0.367477611326
 -3.83853845498 -1.12690761156 -0.144955196248 0.256917637238 0.282625722582 0.129037388525 0.231308940712 0.189627406267 0.222590195088 0.272881043890
 -3.87600573423 -1.37164723078 -0.484037507157 -0.126403869386 0.0362054059937 0.125024187086 0.0704441389598 0.303362285287 0.519730085918 0.667327066141
 -2.81620149123 -0.730682113607 -0.645449806610 -0.555457009932 -0.310963256425 -0.308127855057 -0.245008292271 0.174928836766 0.707922821212 1.06096511778
 -3.92203953099 -1.24537122656 -0.663071110199 0.115290702985 0.130299067028 -0.0547878731521 -0.233716875906 0.0477962482716 0.491704979041 0.913647148031
 -4.17620284866 -1.64566140605 -1.13227142053 -0.663579591176 0.277559881282 0.308789085022 0.123297122778 0.125942802300 0.490127938484 0.864917577177
 -4.65538745062 -2.01087073367 -0.873655412466 -0.432311923149 -0.0966085709507 0.380387869073 0.263630701700 0.124323826886 0.320752372362 0.958288579236
 -4.42841191604 -2.46413913235 -1.25054286501 -0.645512349486 -0.254440665149 0.0849875495885 0.226196935167 0.268507734498 0.560953682340 1.06953061554
# log_selcoffs_fsh[3]:
 -1.18295232493 -0.411565012290 1.07736917927 0.551178392490 -0.339611893084 -0.986101848287 -1.29572014597
 -1.54517904276 -0.443146785600 1.11581440776 0.564578126405 -0.363192449407 -1.00340762424 -1.30241523720
 -1.18077563860 -0.375069076491 1.04412625199 0.556609046664 -0.298582877235 -0.936198856319 -1.25151147105
 -2.20372316321 -0.651381502448 1.18667444240 0.533060770971 -0.329580507331 -0.947851563666 -1.26877079993
 -2.59957648470 -0.747380493915 1.09626019276 0.637800762924 -0.166113148651 -0.850212820052 -1.22912482118
 -2.74585199774 -0.973661121361 0.741798422461 0.948524163521 0.0860242359278 -0.734994346318 -1.18037622827
 -2.70022631764 -0.909887638952 0.642221119602 0.987210115675 0.115622785753 -0.689018967124 -1.13580035489
 -2.37886927545 -0.314186795357 0.851254074433 0.670574779874 0.0132207058402 -0.647072036104 -1.07255421571
 -2.06362776190 -0.0504592727845 0.704806924219 0.660144731780 0.0733387378401 -0.619079939870 -1.05224757462
 -1.93891276898 0.220408209230 0.840743591122 0.500517755944 -0.143966649414 -0.777875096030 -1.15014317329
 -2.13068878647 -0.355791892413 0.941040629574 0.784803745604 -0.240619942393 -0.979682758698 -1.33017060200
 -2.24467637881 -0.423738991439 0.913811543723 0.850341729190 -0.201605180295 -1.04436837205 -1.44453558556
 -2.23203910059 -0.369426468244 1.07810536066 0.697719441117 -0.346554867118 -1.13285081425 -1.49586386493
 -1.99137550826 0.320579514673 1.03279160618 0.414242765643 -0.473922858794 -1.16369985157 -1.47594800942
 -1.99813772505 -0.0461629997813 1.17085437422 0.445571359698 -0.533965657709 -1.19354267849 -1.45253401220
 -1.99989843893 -0.0175597149151 1.26167052083 0.301016252068 -0.724675816613 -1.27748121000 -1.44269463606
 -1.93263015028 0.296695611086 1.20790830859 0.199237601580 -0.816115777874 -1.32974345384 -1.44313152921
 -1.91634654431 0.339899938146 1.20896822382 0.163045454500 -0.831708290349 -1.35057467386 -1.48484932181
 -1.66229348273 0.883362614025 0.893043439925 0.0346987935460 -0.826564618194 -1.35188301067 -1.52733277768
 -1.54692227727 0.856448664646 0.928992056401 0.00174254534100 -0.842794247873 -1.35876243049 -1.55528039901
 -1.52453981584 0.897863158970 0.910092490032 -0.0410551268909 -0.866983562524 -1.36833436357 -1.56614132566
 -1.51439658902 0.822598941687 0.936986526612 0.0263577708291 -0.824354659726 -1.32488519464 -1.51270828699
 -1.50565715883 0.136880211172 1.24655467265 0.128657722119 -0.747585053461 -1.22706128233 -1.38975102304
 -1.24383292244 0.541213794953 1.00238325386 0.158973072620 -0.658122274146 -1.15724107326 -1.33035814184
 -1.07488787029 0.209463951427 1.11568474389 0.280506095950 -0.658871507686 -1.22660422686 -1.42933268049
 -0.838835517122 0.821038943222 0.662948409575 0.326553776937 -0.661372669720 -1.35868649653 -1.63425351317
 -1.24384123046 0.816407770366 0.972145136293 0.0304940269719 -0.874724613740 -1.56395243927 -1.90710323533
 -1.68118340611 0.298247240052 1.32005706259 0.0509600077447 -0.991347038129 -1.71911545966 -2.11914263475
 -2.13637688026 -0.160222212189 1.36243276500 0.373792455549 -0.914834099802 -1.80766455010 -2.24031673824
 -2.32171222978 -0.320549471473 0.835230116602 1.11345443820 -0.579820071758 -1.79143555976 -2.31040015067
 -2.12327091368 0.711884658494 0.838755222276 0.562710610358 -0.669667477160 -1.78852946192 -2.35875773608
 -2.26365798104 0.0371842950848 1.39625457465 0.197942254468 -1.00579726877 -1.92406451109 -2.43669928280
 -2.35055516519 -0.358265440277 1.42066572459 0.370412953631 -0.948966197336 -1.93965119951 -2.44538294548
 -2.26199270220 -0.218627275594 1.15705045535 0.788302684049 -0.763574292454 -1.86840245677 -2.38955876999
 -2.18631653087 -0.156993847169 1.38597774822 0.322742793833 -0.916850589779 -1.85049354005 -2.33944193011
 -1.74951117189 0.806294012669 1.02317524444 0.133588686404 -0.938015610714 -1.79761417194 -2.25843427908
 -1.53188603364 0.770345647646 1.04812351214 0.0975227439734 -0.951880872370 -1.76438417781 -2.19532435000
 -1.34818941050 0.984624275653 0.902938581780 -0.0688003510415 -0.977694132312 -1.74978593305 -2.17912261178
 -1.65363178208 0.887019403725 1.00306801286 0.0153358727704 -1.01346992283 -1.79389107269 -2.21268615939
 -1.78076363511 -0.0195571165405 1.39948393523 0.162510587729 -1.03474275858 -1.83596548561 -2.23949849809
# log_selcoffs_fsh[4]:
 -2.70310877963 -2.33576902065 -1.91891895702 -1.41078841479 -0.807832320575 -0.154151733647 0.449616774323 0.898738601197 1.13731089659
 -2.68529742530 -2.32924109626 -1.91844488696 -1.41216030126 -0.808165154399 -0.154870542235 0.449554552798 0.900294130444 1.13585551275
 -2.64962192469 -2.31619699481 -1.92668692072 -1.41753379940 -0.806919233632 -0.148528065361 0.459826475611 0.901099035110 1.12765959027
 -2.59076176706 -2.28020947511 -1.93056607559 -1.46448355974 -0.829871169118 -0.135043751782 0.479291097957 0.908709635250 1.11208104420
 -2.49704901864 -2.20443036160 -1.89498411077 -1.47648644932 -0.914387276848 -0.186235040505 0.500313561799 0.934250790207 1.09968323858
 -2.40979182693 -2.06691382045 -1.83356058318 -1.49138021709 -0.915818412198 -0.208266849202 0.497285349718 0.947829053643 1.08591593294
 -2.33901171805 -2.01301951999 -1.68409509448 -1.40170474655 -0.917628082064 -0.193278065537 0.515842840191 0.942614126823 1.05527079065
 -2.24546682646 -1.95534560122 -1.62093281935 -1.21333662180 -0.761081798230 -0.140885004094 0.504369581487 0.911265718322 1.02192123510
 -2.10746029638 -1.80801179066 -1.53860244247 -1.16010385798 -0.628055350127 -0.0415911994596 0.525070522887 0.864600882824 0.966532288567
 -1.94538046300 -1.55508764965 -1.22232690354 -0.983696818938 -0.594788738294 -0.0326025024889 0.486866461969 0.824695162601 0.935869444822
 -1.81185203697 -1.31632824094 -0.875363588992 -0.568198241399 -0.420834720516 -0.106598208514 0.368760227172 0.739670219576 0.911762227761
 -1.73000102622 -1.18072518265 -0.634185025472 -0.232843600463 -0.0705274090006 -0.0525826994874 0.202356906449 0.582418097133 0.831903991556
 -1.69583281076 -1.10231232327 -0.558457817510 -0.0990132698638 0.124518440196 0.133994454200 0.183885994323 0.433205355650 0.686408950856
 -1.67877232417 -1.04073048176 -0.465143539921 -0.0352244595484 0.170612879693 0.202088739708 0.236941692952 0.382525599905 0.544316034876
 -1.67278616335 -0.981342104154 -0.370343575286 0.0584689337732 0.245519784542 0.249469596795 0.236014680744 0.306032583106 0.406071816853
 -1.68293755393 -0.930767597108 -0.264496635175 0.168517676236 0.338506528559 0.275091556061 0.193157226308 0.205565947725 0.268487560954
 -1.70719999507 -0.896628534690 -0.183926688267 0.325991902002 0.446131429623 0.262805547840 0.102830740474 0.0822162865573 0.127916731276
 -1.73927781384 -0.805067999838 -0.0229918206722 0.364599653325 0.471360352522 0.245435837293 0.0682637978008 -0.0155975847493 0.0242687490060
 -1.79063443311 -0.784667691663 0.190566966050 0.292369569199 0.328565939897 0.313411706445 0.0877555853921 0.00251798477046 -0.0242525684389
 -1.84188978359 -0.941259530327 -0.00982681505092 0.516904842178 0.198756123478 0.197560061511 0.236275065697 0.0736910631422 0.00298353101185
 -1.84074856534 -1.06714369005 -0.462665959418 0.119111247012 0.284635964360 0.315485334810 0.416352063009 0.340817917513 0.111983489788
 -1.76730977702 -1.07330221294 -0.584247405143 -0.293031311170 0.0617793733530 0.238613510948 0.575935091225 0.537046991589 0.308110121101
 -1.72599182032 -1.06364017802 -0.508094951990 -0.234836424662 -0.0276815780046 0.222152860834 0.455490027781 0.538069295595 0.453215205737
 -1.76694250115 -1.14640663090 -0.624147524492 -0.253063232856 -0.0136548591245 0.191083762486 0.405414591270 0.542511291208 0.577729298196
 -1.83293911714 -1.24069381162 -0.733253680304 -0.335491162600 -0.0278667006547 0.188608388584 0.375649126980 0.561493906710 0.676118696529
 -1.91492776240 -1.32347681763 -0.872043079807 -0.479079936740 -0.106796231614 0.156420546420 0.379390693497 0.609902485534 0.779011731818
 -2.00611547369 -1.29073924428 -0.996494940074 -0.688706277168 -0.209752643356 0.0403631866063 0.350415109456 0.714497967175 0.877231685230
 -2.37468185039 -1.58961160875 -1.01220887338 0.190375218658 0.435225673079 -0.0569393864866 -0.125928800384 0.299753403701 0.879072905983
 -0.517097970854 -1.16336850601 -0.904681922956 -0.681931307032 -0.100318745195 0.126668710140 0.118474817379 0.330110615258 0.964897683361
 -2.66102614170 -1.68608961613 -1.56906074963 -0.818956955378 0.00392654960241 0.824784515316 0.632257386480 0.330928500557 0.429384395606
 -2.58890596240 -1.87011720823 -1.42048677962 -0.753505752696 0.0414493888711 0.649278870302 0.663140477135 0.473534567901 0.441774202397
# log_sel_spl_fsh[1]:
 0.00000000000 0.00000000000 0.00000000000 0.00000000000
 0.00000000000 0.00000000000 0.00000000000 0.00000000000
 0.00000000000 0.00000000000 0.00000000000 0.00000000000
 0.00000000000 0.00000000000 0.00000000000 0.00000000000
 0.00000000000 0.00000000000 0.00000000000 0.00000000000
 0.00000000000 0.00000000000 0.00000000000 0.00000000000
 0.00000000000 0.00000000000 0.00000000000 0.00000000000
 0.00000000000 0.00000000000 0.00000000000 0.00000000000
 0.00000000000 0.00000000000 0.00000000000 0.00000000000
 0.00000000000 0.00000000000 0.00000000000 0.00000000000
 0.00000000000 0.00000000000 0.00000000000 0.00000000000
 0.00000000000 0.00000000000 0.00000000000 0.00000000000
 0.00000000000 0.00000000000 0.00000000000 0.00000000000
 0.00000000000 0.00000000000 0.00000000000 0.00000000000
 0.00000000000 0.00000000000 0.00000000000 0.00000000000
 0.00000000000 0.00000000000 0.00000000000 0.00000000000
 0.00000000000 0.00000000000 0.00000000000 0.00000000000
 0.00000000000 0.00000000000 0.00000000000 0.00000000000
 0.00000000000 0.00000000000 0.00000000000 0.00000000000
 0.00000000000 0.00000000000 0.00000000000 0.00000000000
 0.00000000000 0.00000000000 0.00000000000 0.00000000000
 0.00000000000 0.00000000000 0.00000000000 0.00000000000
 0.00000000000 0.00000000000 0.00000000000 0.00000000000
 0.00000000000 0.00000000000 0.00000000000 0.00000000000
 0.00000000000 0.00000000000 0.00000000000 0.00000000000
 0.00000000000 0.00000000000 0.00000000000 0.00000000000
 0.00000000000 0.00000000000 0.00000000000 0.00000000000
 0.00000000000 0.00000000000 0.00000000000 0.00000000000
 0.00000000000 0.00000000000 0.00000000000 0.00000000000
 0.00000000000 0.00000000000 0.00000000000 0.00000000000
 0.00000000000 0.00000000000 0.00000000000 0.00000000000
 0.00000000000 0.00000000000 0.00000000000 0.00000000000
 0.00000000000 0.00000000000 0.00000000000 0.00000000000
 0.00000000000 0.00000000000 0.00000000000 0.00000000000
 0.00000000000 0.00000000000 0.00000000000 0.00000000000
 0.00000000000 0.00000000000 0.00000000000 0.00000000000
# log_sel_spl_fsh[2]:
 0.00000000000 0.00000000000 0.00000000000 0.00000000000
 0.00000000000 0.00000000000 0.00000000000 0.00000000000
 0.00000000000 0.00000000000 0.00000000000 0.00000000000
 0.00000000000 0.00000000000 0.00000000000 0.00000000000
 0.00000000000 0.00000000000 0.00000000000 0.00000000000
 0.00000000000 0.00000000000 0.00000000000 0.00000000000
 0.00000000000 0.00000000000 0.00000000000 0.00000000000
 0.00000000000 0.00000000000 0.00000000000 0.00000000000
 0.00000000000 0.00000000000 0.00000000000 0.00000000000
 0.00000000000 0.00000000000 0.00000000000 0.00000000000
 0.00000000000 0.00000000000 0.00000000000 0.00000000000
 0.00000000000 0.00000000000 0.00000000000 0.00000000000
 0.00000000000 0.00000000000 0.00000000000 0.00000000000
 0.00000000000 0.00000000000 0.00000000000 0.00000000000
 0.00000000000 0.00000000000 0.00000000000 0.00000000000
 0.00000000000 0.00000000000 0.00000000000 0.00000000000
 0.00000000000 0.00000000000 0.00000000000 0.00000000000
 0.00000000000 0.00000000000 0.00000000000 0.00000000000
 0.00000000000 0.00000000000 0.00000000000 0.00000000000
 0.00000000000 0.00000000000 0.00000000000 0.00000000000
 0.00000000000 0.00000000000 0.00000000000 0.00000000000
 0.00000000000 0.00000000000 0.00000000000 0.00000000000
 0.00000000000 0.00000000000 0.00000000000 0.00000000000
 0.00000000000 0.00000000000 0.00000000000 0.00000000000
 0.00000000000 0.00000000000 0.00000000000 0.00000000000
 0.00000000000 0.00000000000 0.00000000000 0.00000000000
 0.00000000000 0.00000000000 0.00000000000 0.00000000000
 0.00000000000 0.00000000000 0.00000000000 0.00000000000
 0.00000000000 0.00000000000 0.00000000000 0.00000000000
 0.00000000000 0.00000000000 0.00000000000 0.00000000000
 0.00000000000 0.00000000000 0.00000000000 0.00000000000
 0.00000000000 0.00000000000 0.00000000000 0.00000000000
 0.00000000000 0.00000000000 0.00000000000 0.00000000000
 0.00000000000 0.00000000000 0.00000000000 0.00000000000
 0.00000000000 0.00000000000 0.00000000000 0.00000000000
 0.00000000000 0.00000000000 0.00000000000 0.00000000000
 0.00000000000 0.00000000000 0.00000000000 0.00000000000
# log_sel_spl_fsh[3]:
 0.00000000000 0.00000000000 0.00000000000 0.00000000000
 0.00000000000 0.00000000000 0.00000000000 0.00000000000
 0.00000000000 0.00000000000 0.00000000000 0.00000000000
 0.00000000000 0.00000000000 0.00000000000 0.00000000000
 0.00000000000 0.00000000000 0.00000000000 0.00000000000
 0.00000000000 0.00000000000 0.00000000000 0.00000000000
 0.00000000000 0.00000000000 0.00000000000 0.00000000000
 0.00000000000 0.00000000000 0.00000000000 0.00000000000
 0.00000000000 0.00000000000 0.00000000000 0.00000000000
 0.00000000000 0.00000000000 0.00000000000 0.00000000000
 0.00000000000 0.00000000000 0.00000000000 0.00000000000
 0.00000000000 0.00000000000 0.00000000000 0.00000000000
 0.00000000000 0.00000000000 0.00000000000 0.00000000000
 0.00000000000 0.00000000000 0.00000000000 0.00000000000
 0.00000000000 0.00000000000 0.00000000000 0.00000000000
 0.00000000000 0.00000000000 0.00000000000 0.00000000000
 0.00000000000 0.00000000000 0.00000000000 0.00000000000
 0.00000000000 0.00000000000 0.00000000000 0.00000000000
 0.00000000000 0.00000000000 0.00000000000 0.00000000000
 0.00000000000 0.00000000000 0.00000000000 0.00000000000
 0.00000000000 0.00000000000 0.00000000000 0.00000000000
 0.00000000000 0.00000000000 0.00000000000 0.00000000000
 0.00000000000 0.00000000000 0.00000000000 0.00000000000
 0.00000000000 0.00000000000 0.00000000000 0.00000000000
 0.00000000000 0.00000000000 0.00000000000 0.00000000000
 0.00000000000 0.00000000000 0.00000000000 0.00000000000
 0.00000000000 0.00000000000 0.00000000000 0.00000000000
 0.00000000000 0.00000000000 0.00000000000 0.00000000000
 0.00000000000 0.00000000000 0.00000000000 0.00000000000
 0.00000000000 0.00000000000 0.00000000000 0.00000000000
 0.00000000000 0.00000000000 0.00000000000 0.00000000000
 0.00000000000 0.00000000000 0.00000000000 0.00000000000
 0.00000000000 0.00000000000 0.00000000000 0.00000000000
 0.00000000000 0.00000000000 0.00000000000 0.00000000000
 0.00000000000 0.00000000000 0.00000000000 0.00000000000
 0.00000000000 0.00000000000 0.00000000000 0.00000000000
 0.00000000000 0.00000000000 0.00000000000 0.00000000000
 0.00000000000 0.00000000000 0.00000000000 0.00000000000
 0.00000000000 0.00000000000 0.00000000000 0.00000000000
 0.00000000000 0.00000000000 0.00000000000 0.00000000000
# log_sel_spl_fsh[4]:
 0.00000000000 0.00000000000 0.00000000000 0.00000000000
 0.00000000000 0.00000000000 0.00000000000 0.00000000000
 0.00000000000 0.00000000000 0.00000000000 0.00000000000
 0.00000000000 0.00000000000 0.00000000000 0.00000000000
 0.00000000000 0.00000000000 0.00000000000 0.00000000000
 0.00000000000 0.00000000000 0.00000000000 0.00000000000
 0.00000000000 0.00000000000 0.00000000000 0.00000000000
 0.00000000000 0.00000000000 0.00000000000 0.00000000000
 0.00000000000 0.00000000000 0.00000000000 0.00000000000
 0.00000000000 0.00000000000 0.00000000000 0.00000000000
 0.00000000000 0.00000000000 0.00000000000 0.00000000000
 0.00000000000 0.00000000000 0.00000000000 0.00000000000
 0.00000000000 0.00000000000 0.00000000000 0.00000000000
 0.00000000000 0.00000000000 0.00000000000 0.00000000000
 0.00000000000 0.00000000000 0.00000000000 0.00000000000
 0.00000000000 0.00000000000 0.00000000000 0.00000000000
 0.00000000000 0.00000000000 0.00000000000 0.00000000000
 0.00000000000 0.00000000000 0.00000000000 0.00000000000
 0.00000000000 0.00000000000 0.00000000000 0.00000000000
 0.00000000000 0.00000000000 0.00000000000 0.00000000000
 0.00000000000 0.00000000000 0.00000000000 0.00000000000
 0.00000000000 0.00000000000 0.00000000000 0.00000000000
 0.00000000000 0.00000000000 0.00000000000 0.00000000000
 0.00000000000 0.00000000000 0.00000000000 0.00000000000
 0.00000000000 0.00000000000 0.00000000000 0.00000000000
 0.00000000000 0.00000000000 0.00000000000 0.00000000000
 0.00000000000 0.00000000000 0.00000000000 0.00000000000
 0.00000000000 0.00000000000 0.00000000000 0.00000000000
 0.00000000000 0.00000000000 0.00000000000 0.00000000000
 0.00000000000 0.00000000000 0.00000000000 0.00000000000
 0.00000000000 0.00000000000 0.00000000000 0.00000000000
# logsel_slope_fsh[1]:
 0.00000000000 0.00000000000 0.00000000000 0.00000000000 0.00000000000 0.00000000000 0.00000000000 0.00000000000 0.00000000000 0.00000000000 0.00000000000 0.00000000000 0.00000000000 0.00000000000 0.00000000000 0.00000000000 0.00000000000 0.00000000000 0.00000000000 0.00000000000 0.00000000000 0.00000000000 0.00000000000 0.00000000000 0.00000000000 0.00000000000 0.00000000000 0.00000000000 0.00000000000 0.00000000000 0.00000000000 0.00000000000 0.00000000000 0.00000000000 0.00000000000 0.00000000000
# logsel_slope_fsh[2]:
 0.00000000000 0.00000000000 0.00000000000 0.00000000000 0.00000000000 0.00000000000 0.00000000000 0.00000000000 0.00000000000 0.00000000000 0.00000000000 0.00000000000 0.00000000000 0.00000000000 0.00000000000 0.00000000000 0.00000000000 0.00000000000 0.00000000000 0.00000000000 0.00000000000 0.00000000000 0.00000000000 0.00000000000 0.00000000000 0.00000000000 0.00000000000 0.00000000000 0.00000000000 0.00000000000 0.00000000000 0.00000000000 0.00000000000 0.00000000000 0.00000000000 0.00000000000 0.00000000000
# logsel_slope_fsh[3]:
 0.00000000000 0.00000000000 0.00000000000 0.00000000000 0.00000000000 0.00000000000 0.00000000000 0.00000000000 0.00000000000 0.00000000000 0.00000000000 0.00000000000 0.00000000000 0.00000000000 0.00000000000 0.00000000000 0.00000000000 0.00000000000 0.00000000000 0.00000000000 0.00000000000 0.00000000000 0.00000000000 0.00000000000 0.00000000000 0.00000000000 0.00000000000 0.00000000000 0.00000000000 0.00000000000 0.00000000000 0.00000000000 0.00000000000 0.00000000000 0.00000000000 0.00000000000 0.00000000000 0.00000000000 0.00000000000 0.00000000000
# logsel_slope_fsh[4]:
 0.00000000000 0.00000000000 0.00000000000 0.00000000000 0.00000000000 0.00000000000 0.00000000000 0.00000000000 0.00000000000 0.00000000000 0.00000000000 0.00000000000 0.00000000000 0.00000000000 0.00000000000 0.00000000000 0.00000000000 0.00000000000 0.00000000000 0.00000000000 0.00000000000 0.00000000000 0.00000000000 0.00000000000 0.00000000000 0.00000000000 0.00000000000 0.00000000000 0.00000000000 0.00000000000 0.00000000000
# sel50_fsh[1]:
 0.00000000000 0.00000000000 0.00000000000 0.00000000000 0.00000000000 0.00000000000 0.00000000000 0.00000000000 0.00000000000 0.00000000000 0.00000000000 0.00000000000 0.00000000000 0.00000000000 0.00000000000 0.00000000000 0.00000000000 0.00000000000 0.00000000000 0.00000000000 0.00000000000 0.00000000000 0.00000000000 0.00000000000 0.00000000000 0.00000000000 0.00000000000 0.00000000000 0.00000000000 0.00000000000 0.00000000000 0.00000000000 0.00000000000 0.00000000000 0.00000000000 0.00000000000
# sel50_fsh[2]:
 0.00000000000 0.00000000000 0.00000000000 0.00000000000 0.00000000000 0.00000000000 0.00000000000 0.00000000000 0.00000000000 0.00000000000 0.00000000000 0.00000000000 0.00000000000 0.00000000000 0.00000000000 0.00000000000 0.00000000000 0.00000000000 0.00000000000 0.00000000000 0.00000000000 0.00000000000 0.00000000000 0.00000000000 0.00000000000 0.00000000000 0.00000000000 0.00000000000 0.00000000000 0.00000000000 0.00000000000 0.00000000000 0.00000000000 0.00000000000 0.00000000000 0.00000000000 0.00000000000
# sel50_fsh[3]:
 0.00000000000 0.00000000000 0.00000000000 0.00000000000 0.00000000000 0.00000000000 0.00000000000 0.00000000000 0.00000000000 0.00000000000 0.00000000000 0.00000000000 0.00000000000 0.00000000000 0.00000000000 0.00000000000 0.00000000000 0.00000000000 0.00000000000 0.00000000000 0.00000000000 0.00000000000 0.00000000000 0.00000000000 0.00000000000 0.00000000000 0.00000000000 0.00000000000 0.00000000000 0.00000000000 0.00000000000 0.00000000000 0.00000000000 0.00000000000 0.00000000000 0.00000000000 0.00000000000 0.00000000000 0.00000000000 0.00000000000
# sel50_fsh[4]:
 0.00000000000 0.00000000000 0.00000000000 0.00000000000 0.00000000000 0.00000000000 0.00000000000 0.00000000000 0.00000000000 0.00000000000 0.00000000000 0.00000000000 0.00000000000 0.00000000000 0.00000000000 0.00000000000 0.00000000000 0.00000000000 0.00000000000 0.00000000000 0.00000000000 0.00000000000 0.00000000000 0.00000000000 0.00000000000 0.00000000000 0.00000000000 0.00000000000 0.00000000000 0.00000000000 0.00000000000
# logsel_p1_fsh[1]:
 0.00000000000 0.00000000000 0.00000000000 0.00000000000 0.00000000000 0.00000000000 0.00000000000 0.00000000000 0.00000000000 0.00000000000 0.00000000000 0.00000000000 0.00000000000 0.00000000000 0.00000000000 0.00000000000 0.00000000000 0.00000000000 0.00000000000 0.00000000000 0.00000000000 0.00000000000 0.00000000000 0.00000000000 0.00000000000 0.00000000000 0.00000000000 0.00000000000 0.00000000000 0.00000000000 0.00000000000 0.00000000000 0.00000000000 0.00000000000 0.00000000000 0.00000000000
# logsel_p1_fsh[2]:
 0.00000000000 0.00000000000 0.00000000000 0.00000000000 0.00000000000 0.00000000000 0.00000000000 0.00000000000 0.00000000000 0.00000000000 0.00000000000 0.00000000000 0.00000000000 0.00000000000 0.00000000000 0.00000000000 0.00000000000 0.00000000000 0.00000000000 0.00000000000 0.00000000000 0.00000000000 0.00000000000 0.00000000000 0.00000000000 0.00000000000 0.00000000000 0.00000000000 0.00000000000 0.00000000000 0.00000000000 0.00000000000 0.00000000000 0.00000000000 0.00000000000 0.00000000000 0.00000000000
# logsel_p1_fsh[3]:
 0.00000000000 0.00000000000 0.00000000000 0.00000000000 0.00000000000 0.00000000000 0.00000000000 0.00000000000 0.00000000000 0.00000000000 0.00000000000 0.00000000000 0.00000000000 0.00000000000 0.00000000000 0.00000000000 0.00000000000 0.00000000000 0.00000000000 0.00000000000 0.00000000000 0.00000000000 0.00000000000 0.00000000000 0.00000000000 0.00000000000 0.00000000000 0.00000000000 0.00000000000 0.00000000000 0.00000000000 0.00000000000 0.00000000000 0.00000000000 0.00000000000 0.00000000000 0.00000000000 0.00000000000 0.00000000000 0.00000000000
# logsel_p1_fsh[4]:
 0.00000000000 0.00000000000 0.00000000000 0.00000000000 0.00000000000 0.00000000000 0.00000000000 0.00000000000 0.00000000000 0.00000000000 0.00000000000 0.00000000000 0.00000000000 0.00000000000 0.00000000000 0.00000000000 0.00000000000 0.00000000000 0.00000000000 0.00000000000 0.00000000000 0.00000000000 0.00000000000 0.00000000000 0.00000000000 0.00000000000 0.00000000000 0.00000000000 0.00000000000 0.00000000000 0.00000000000
# sel_p2_fsh[1]:
 0.00000000000 0.00000000000 0.00000000000 0.00000000000 0.00000000000 0.00000000000 0.00000000000 0.00000000000 0.00000000000 0.00000000000 0.00000000000 0.00000000000 0.00000000000 0.00000000000 0.00000000000 0.00000000000 0.00000000000 0.00000000000 0.00000000000 0.00000000000 0.00000000000 0.00000000000 0.00000000000 0.00000000000 0.00000000000 0.00000000000 0.00000000000 0.00000000000 0.00000000000 0.00000000000 0.00000000000 0.00000000000 0.00000000000 0.00000000000 0.00000000000 0.00000000000
# sel_p2_fsh[2]:
 0.00000000000 0.00000000000 0.00000000000 0.00000000000 0.00000000000 0.00000000000 0.00000000000 0.00000000000 0.00000000000 0.00000000000 0.00000000000 0.00000000000 0.00000000000 0.00000000000 0.00000000000 0.00000000000 0.00000000000 0.00000000000 0.00000000000 0.00000000000 0.00000000000 0.00000000000 0.00000000000 0.00000000000 0.00000000000 0.00000000000 0.00000000000 0.00000000000 0.00000000000 0.00000000000 0.00000000000 0.00000000000 0.00000000000 0.00000000000 0.00000000000 0.00000000000 0.00000000000
# sel_p2_fsh[3]:
 0.00000000000 0.00000000000 0.00000000000 0.00000000000 0.00000000000 0.00000000000 0.00000000000 0.00000000000 0.00000000000 0.00000000000 0.00000000000 0.00000000000 0.00000000000 0.00000000000 0.00000000000 0.00000000000 0.00000000000 0.00000000000 0.00000000000 0.00000000000 0.00000000000 0.00000000000 0.00000000000 0.00000000000 0.00000000000 0.00000000000 0.00000000000 0.00000000000 0.00000000000 0.00000000000 0.00000000000 0.00000000000 0.00000000000 0.00000000000 0.00000000000 0.00000000000 0.00000000000 0.00000000000 0.00000000000 0.00000000000
# sel_p2_fsh[4]:
 0.00000000000 0.00000000000 0.00000000000 0.00000000000 0.00000000000 0.00000000000 0.00000000000 0.00000000000 0.00000000000 0.00000000000 0.00000000000 0.00000000000 0.00000000000 0.00000000000 0.00000000000 0.00000000000 0.00000000000 0.00000000000 0.00000000000 0.00000000000 0.00000000000 0.00000000000 0.00000000000 0.00000000000 0.00000000000 0.00000000000 0.00000000000 0.00000000000 0.00000000000 0.00000000000 0.00000000000
# logsel_p3_fsh[1]:
 0.00000000000 0.00000000000 0.00000000000 0.00000000000 0.00000000000 0.00000000000 0.00000000000 0.00000000000 0.00000000000 0.00000000000 0.00000000000 0.00000000000 0.00000000000 0.00000000000 0.00000000000 0.00000000000 0.00000000000 0.00000000000 0.00000000000 0.00000000000 0.00000000000 0.00000000000 0.00000000000 0.00000000000 0.00000000000 0.00000000000 0.00000000000 0.00000000000 0.00000000000 0.00000000000 0.00000000000 0.00000000000 0.00000000000 0.00000000000 0.00000000000 0.00000000000
# logsel_p3_fsh[2]:
 0.00000000000 0.00000000000 0.00000000000 0.00000000000 0.00000000000 0.00000000000 0.00000000000 0.00000000000 0.00000000000 0.00000000000 0.00000000000 0.00000000000 0.00000000000 0.00000000000 0.00000000000 0.00000000000 0.00000000000 0.00000000000 0.00000000000 0.00000000000 0.00000000000 0.00000000000 0.00000000000 0.00000000000 0.00000000000 0.00000000000 0.00000000000 0.00000000000 0.00000000000 0.00000000000 0.00000000000 0.00000000000 0.00000000000 0.00000000000 0.00000000000 0.00000000000 0.00000000000
# logsel_p3_fsh[3]:
 0.00000000000 0.00000000000 0.00000000000 0.00000000000 0.00000000000 0.00000000000 0.00000000000 0.00000000000 0.00000000000 0.00000000000 0.00000000000 0.00000000000 0.00000000000 0.00000000000 0.00000000000 0.00000000000 0.00000000000 0.00000000000 0.00000000000 0.00000000000 0.00000000000 0.00000000000 0.00000000000 0.00000000000 0.00000000000 0.00000000000 0.00000000000 0.00000000000 0.00000000000 0.00000000000 0.00000000000 0.00000000000 0.00000000000 0.00000000000 0.00000000000 0.00000000000 0.00000000000 0.00000000000 0.00000000000 0.00000000000
# logsel_p3_fsh[4]:
 0.00000000000 0.00000000000 0.00000000000 0.00000000000 0.00000000000 0.00000000000 0.00000000000 0.00000000000 0.00000000000 0.00000000000 0.00000000000 0.00000000000 0.00000000000 0.00000000000 0.00000000000 0.00000000000 0.00000000000 0.00000000000 0.00000000000 0.00000000000 0.00000000000 0.00000000000 0.00000000000 0.00000000000 0.00000000000 0.00000000000 0.00000000000 0.00000000000 0.00000000000 0.00000000000 0.00000000000
# rec_dev_future:
 0.00000000000 0.00000000000 0.00000000000 0.00000000000 0.00000000000 0.00000000000 0.00000000000 0.00000000000 0.00000000000 0.00000000000 0.00000000000 0.00000000000 0.00000000000 0.00000000000 0.00000000000 0.00000000000 0.00000000000 0.00000000000 0.00000000000 0.00000000000
# log_q_ind[1]:
0.438891401296
# log_q_ind[2]:
-3.72208227137
# log_q_ind[3]:
-9.36795589400
# log_q_ind[4]:
-0.179756572321
# log_q_ind[5]:
-5.68050226030
# log_q_ind[6]:
-8.07205978305
# log_q_ind[7]:
-0.955152267439
# log_q_power_ind[1]:
0.00000000000
# log_q_power_ind[2]:
0.00000000000
# log_q_power_ind[3]:
0.00000000000
# log_q_power_ind[4]:
0.00000000000
# log_q_power_ind[5]:
0.00000000000
# log_q_power_ind[6]:
0.00000000000
# log_q_power_ind[7]:
0.00000000000
# log_rw_q_ind[1]:
 -0.883820176095
# log_rw_q_ind[3]:
 -0.425979006649
# log_selcoffs_ind[1]:
 -3.05754377642 -1.08268865212 -0.620411182396 -0.284984080150 -0.161440853559 0.0512968137177 0.267646984306 0.435687707965 0.542621580640 0.613881341981
 -4.60923176693 -3.05598929973 -1.68145488783 -0.629257601943 -0.191891134805 0.0461695996219 0.246575479929 0.505266328936 0.752785384846 0.829100918818
# log_selcoffs_ind[2]:
 0.900640017916 1.31603525959 0.525516613907 -0.287888140045 -0.887993299612 -1.28703109492 -1.54897756537 -1.73752123253 -1.87869695540 -1.96428996201
 1.46664591474 0.631933861405 0.339999913002 0.0154829779504 -0.568744851200 -1.21240351941 -1.72935436980 -2.07668217671 -2.27583731039 -2.36063889229
 1.62088395870 0.829624379099 0.102319605517 -0.526806842755 -1.07875625893 -1.56622960757 -1.97301143867 -2.27948517028 -2.47356500161 -2.56069060331
# log_selcoffs_ind[3]:
 -0.202940821038 0.0202027052767 0.0202027052767 0.0202027052767 0.0202027052767 0.0202027052767 0.0202027052767 0.0202027052767 0.0202027052767 0.0202027052767
# log_selcoffs_ind[4]:
 -0.833847469178 -0.636435715073 -0.449187976399 -0.282678622785 -0.128810481995 0.0251532424729 0.176978083698 0.315966471465 0.426963066265 0.496002513900
 -1.57724235453 -1.28563617035 -0.984117861647 -0.662518426895 -0.330820010238 -0.0112122574728 0.275258573681 0.502557511770 0.649526705905 0.711000692552
# log_selcoffs_ind[5]:
 -3.04452005677 -0.669616569639 0.101782682789 0.174353368097 0.174353368097 0.174353368097 0.174353368097 0.174353368097 0.174353368097 0.174353368097
# log_selcoffs_ind[6]:
 -3.04452005677 -0.669616569639 0.101782682789 0.174353368097 0.174353368097 0.174353368097 0.174353368097 0.174353368097 0.174353368097 0.174353368097
# log_selcoffs_ind[7]:
 -3.04452005677 -0.669616569639 0.101782682789 0.174353368097 0.174353368097 0.174353368097 0.174353368097 0.174353368097 0.174353368097 0.174353368097
# logsel_slope_ind[1]:
 0.00000000000 0.00000000000
# logsel_slope_ind[2]:
 0.00000000000 0.00000000000 0.00000000000
# logsel_slope_ind[3]:
 0.00000000000
# logsel_slope_ind[4]:
 0.00000000000 0.00000000000
# logsel_slope_ind[5]:
 0.00000000000
# logsel_slope_ind[6]:
 0.00000000000
# logsel_slope_ind[7]:
 0.00000000000
# sel50_ind[1]:
 0.00000000000 0.00000000000
# sel50_ind[2]:
 0.00000000000 0.00000000000 0.00000000000
# sel50_ind[3]:
 0.00000000000
# sel50_ind[4]:
 0.00000000000 0.00000000000
# sel50_ind[5]:
 0.00000000000
# sel50_ind[6]:
 0.00000000000
# sel50_ind[7]:
 0.00000000000
# logsel_p1_ind[1]:
 0.00000000000 0.00000000000
# logsel_p1_ind[2]:
 0.00000000000 0.00000000000 0.00000000000
# logsel_p1_ind[3]:
 0.00000000000
# logsel_p1_ind[4]:
 0.00000000000 0.00000000000
# logsel_p1_ind[5]:
 0.00000000000
# logsel_p1_ind[6]:
 0.00000000000
# logsel_p1_ind[7]:
 0.00000000000
# sel_p2_ind[1]:
 0.00000000000 0.00000000000
# sel_p2_ind[2]:
 0.00000000000 0.00000000000 0.00000000000
# sel_p2_ind[3]:
 0.00000000000
# sel_p2_ind[4]:
 0.00000000000 0.00000000000
# sel_p2_ind[5]:
 0.00000000000
# sel_p2_ind[6]:
 0.00000000000
# sel_p2_ind[7]:
 0.00000000000
# logsel_p3_ind[1]:
 0.00000000000 0.00000000000
# logsel_p3_ind[2]:
 0.00000000000 0.00000000000 0.00000000000
# logsel_p3_ind[3]:
 0.00000000000
# logsel_p3_ind[4]:
 0.00000000000 0.00000000000
# logsel_p3_ind[5]:
 0.00000000000
# logsel_p3_ind[6]:
 0.00000000000
# logsel_p3_ind[7]:
 0.00000000000
