# Number of parameters = 1705 Objective function value = 1210.26507706645  Maximum gradient component = 0.000215385482100991
# Mest[1]:
0.280000000000
# log_Linf[1]:
4.29810139974
# log_k[1]:
-1.83258146375
# log_Lo[1]:
2.60712428251
# log_sdage[1]:
-2.40794560865
# mean_log_rec[1]:
9.33755984999
# steepness[1]:
0.650000000000
# log_Rzero[1]:
9.57452555256
# rec_dev:
 -0.0659757505792 -0.0854496494223 -0.109841287070 -0.140145313234 -0.177392744811 -0.222310618401 -0.274264972020 -0.332411942672 -0.398633391095 -0.472297651657 -0.547894295020 -0.613913635708 -0.682992278450 -0.761638476797 -0.869603025180 -0.847900928087 -0.585152095308 -0.386903154857 -0.0104023484603 0.206258992025 0.236858044859 0.268871972045 0.417917382578 0.567839631947 0.904757060440 0.617193360267 0.796681818207 1.60770320137 1.52941008898 0.814808678082 0.287522294627 0.416095683920 0.680611677264 0.785877294285 0.232566791318 0.317350553494 0.257997842261 0.272523086066 0.427143642027 0.390925491049 0.615995527688 0.551653325457 0.544417751360 0.442085475047 -0.0508425518902 -0.161700930500 -0.0719123154913 -0.574501977095 -1.63485126049 -0.633646639117 -0.190577964705 -0.767285743386 -1.06702896560 -1.19882376138 -1.10782337733 -0.564515137055 -0.501222520861 0.0848303444822 0.546669139836 0.700932844588 0.133233318480 -0.594796719146 -0.167570783877
# log_sigmar[1]:
-0.510825623766
# fmort:
 -4.77961199693 -4.36001542400 -5.08559760909 -4.75768300530 -3.98521097109 -3.65032688016 -3.32271858466 -3.33246815748 -2.62813872967 -2.70296225916 -2.97417097809 -2.59534072394 -1.87027123823 -2.84869593597 -2.04017566729 -2.65331540699 -5.08218058047 -3.77792854190 -4.18797740545 -4.30175358845 -4.37154317692 -4.03941608216 -3.95588116510 -3.77168041148 -4.21631102040 -3.94182282572 -3.53221575513 -4.54545843101 -5.71569395959 -5.08572949465 -4.66150206825 -3.93387130030 -4.77624886327 -4.32339683230 -4.20899723101 -3.82144462058 -3.73670667543 -3.22231485154 -2.62846869814 -2.97354121669 -2.71789503605 -4.26828319266 -5.13644955932 -4.59314650721 -4.55023422695 -4.26118502128 -4.64587088061 -4.32661412768 -5.52723366151 -5.83466220001 -4.66433930699 -4.68636564802
 -7.17494855961 -6.72847848032 -6.24903218897 -5.64522602392 -5.84920388095 -5.13121092289 -4.61076828684 -4.26491372138 -3.77644648383 -3.55926546023 -3.43699294928 -2.68603375106 -2.46078655531 -2.76638217788 -2.37080306914 -1.99095806242 -1.81573791513 -1.49196258565 -1.29631685245 -1.15668996909 -1.15105492482 -0.917580140911 -0.619043142656 -0.586699503536 -0.388737651475 -0.101188365920 -0.124393733939 -0.112568865856 -0.601218099126 -1.01964057792 -1.26861468236 -1.06412947212 -0.973568679524 -1.05441844162 -1.07276940290 -1.08859318359 -1.02801770563 -0.778530583928 -0.847794445489 -0.458265445242 -0.922803717978 -1.29652192986 -1.71917369057 -1.88618341903 -1.86646319870 -1.70198250971 -1.72344777298 -1.72943263741 -1.62201164379 -1.76479456195 -1.87827289594 -1.97931674233
 -8.54738719929 -7.80670545311 -6.91058679153 -6.01207496217 -4.79831966788 -5.91475844082 -5.47024083061 -3.09599413505 -3.37242544733 -3.58800975192 -3.51550823757 -3.56852343993 -4.59596297953 -4.76481516452 -4.42201908902 -5.05343316313 -6.04855016984 -6.14142414548 -4.80124741735 -4.87876444028 -4.83015126605 -5.09527234549 -5.47299320705 -5.26478950766 -4.71834351674 -3.47653680573 -3.10934386274 -2.44225026142 -2.79617902156 -3.88501484561 -3.78034590821 -2.85430383576 -4.51675539133 -4.19261471153 -4.34627313412 -5.05739097163 -3.72064578699 -3.62241680593 -3.64461602072 -3.84247748098 -5.05592735306 -2.94724964734 -3.53924648462 -4.31291609742 -4.36338736590 -5.54121899025 -6.19492505211 -7.01605248882 -5.63507763613 -5.19592039576 -5.46895122489 -5.72413403700
 -9.70454438462 -9.64298150655 -7.87372759703 -9.51254105628 -9.43658724792 -9.34985540513 -9.21543822800 -8.32473622318 -5.07453886073 -2.93704695652 -2.88268613774 -2.51857259343 -1.84556472328 -1.56279627158 -1.38963644711 -1.74881534816 -2.00292346568 -2.30630670812 -2.58035604871 -2.78823869141 -2.94134546784 -3.44657571955 -5.99881594174 -9.49348609657 -9.32678726090 -9.06037002524 -8.72251760024 -8.42266666805 -8.29940121663 -8.42825910802 -7.89934259868 -5.95908791641 -4.77463070707 -4.13027469350 -3.43570253898 -3.53016237278 -2.99383903890 -2.47444496048 -2.24016684572 -2.12889465530 -2.26285199320 -3.42428115784 -3.71266935723 -3.70879250751 -3.30798332918 -3.14478174302 -3.64173728586 -3.73641220070 -3.77268023740 -3.93336218654 -6.38668094719 -3.85003522863
# log_selcoffs_fsh[1]:
 -3.80146834080 -2.20524104054 -1.20639358943 -0.179213408223 0.777414182594 1.03239747465 0.455237664121 -0.301100356508 -0.839198928942
 -3.32758042635 -1.68575895054 -1.01994558489 -0.225211917749 0.643468061881 0.952813010195 0.527651621180 -0.126008206215 -0.602872959479
 -2.98878403923 -1.50951139815 -0.713025193282 0.0322017216238 0.620674174563 0.777421622127 0.456096957065 -0.0523909382290 -0.441842465647
 -2.58559398327 -1.29488958443 -0.639796986689 -0.0413142768819 0.662374416012 0.748062705310 0.385549682212 -0.0575836175470 -0.360921468259
 -1.95175454165 -0.423782370926 -0.123576507965 0.126132531175 0.369392168170 0.465225891978 0.293919350432 0.00549145416375 -0.224630334393
 -1.83916012611 -0.615965686384 0.358267892021 0.583358357986 0.270630041965 0.131604038041 0.0136601861643 -0.148668462269 -0.286377376733
 -1.54532969396 -0.479073622247 0.442708492520 0.690373021403 0.286647419668 -0.0141086505813 -0.174399784466 -0.280197675500 -0.353133337997
 -1.11189657222 -0.285523275500 0.491436379453 0.744589707407 0.216661127972 -0.133038520210 -0.315344596600 -0.393085052066 -0.419551796831
 -0.818568064766 0.193773024921 0.400367948696 0.542085514658 0.302706043766 -0.144167219288 -0.397964016324 -0.476281706417 -0.476232258857
 -0.585940335291 0.339298159031 0.536898131645 0.527867940343 0.140756751948 -0.282271174646 -0.523183971123 -0.577592937023 -0.554503114438
 -0.0646840024726 0.874191933454 0.421939365615 0.152265261447 -0.209625588532 -0.499120582133 -0.654418738867 -0.675937249287 -0.634995209933
 0.123388475164 0.831649755815 0.587313240965 0.127619220792 -0.386891060002 -0.647936762299 -0.754643984626 -0.756127229286 -0.704502493994
 -0.137720378975 1.09268490817 0.645110171096 -0.0682031432707 -0.587817808961 -0.804952961640 -0.865874243023 -0.844038785455 -0.792264135263
 0.178902481180 1.09290324946 0.581269201113 -0.132783686260 -0.682924722774 -0.886335774323 -0.926370933532 -0.889742512400 -0.836642051496
 0.173980686608 1.16971554330 0.537130102930 -0.195412291302 -0.731397081850 -0.937505184704 -0.977405693389 -0.936104854205 -0.881821050932
 -0.222689399260 1.23559154371 0.659290817319 -0.158399336361 -0.760201587958 -0.980016812727 -1.02429700085 -0.982290111468 -0.926554593760
 -0.153966341717 1.28995112908 0.580026216981 -0.206055950053 -0.793107101103 -1.01320840549 -1.05741555691 -1.01404200057 -0.955484011574
 0.459721693483 1.05198835204 0.622404973424 -0.219846658865 -0.816314485294 -1.03099731922 -1.07040970300 -1.01982390361 -0.955170244089
 0.743779356488 1.07078407108 0.372028181249 -0.336872932724 -0.874954018360 -1.07803265410 -1.11013117214 -1.04879446277 -0.976127032374
 0.463754592061 1.17332054896 0.534103374779 -0.329479240146 -0.925766160242 -1.13063054324 -1.14918527486 -1.07003624269 -0.985926049797
 0.527892334769 1.26401568732 0.374263331308 -0.453176070179 -1.00709022600 -1.19258762547 -1.19466420135 -1.09452498314 -0.996167437768
 0.402541984676 1.28372437947 0.518784397717 -0.506795740809 -1.09418699525 -1.25724024107 -1.23154369208 -1.10798338605 -0.992643317671
 0.651265148184 1.18089097758 0.463319189476 -0.476620994097 -1.09988971645 -1.27754355500 -1.24263712083 -1.09837538160 -0.965277650981
 0.407506190087 1.33616504911 0.382463711346 -0.517634622789 -1.09537595148 -1.27544143840 -1.24256170442 -1.08696685272 -0.938827049203
 0.600356495770 1.23602184947 0.338342013119 -0.489396433986 -1.04053529461 -1.22958048042 -1.20089234927 -1.03489218436 -0.872632084212
 0.537566305114 1.17130584288 0.396966968086 -0.346429431750 -0.963634994484 -1.16682910625 -1.12259677338 -0.945175454178 -0.775345412674
 -0.0643849936530 1.20496637122 0.573163569338 -0.174253623704 -0.843863614175 -1.04904460732 -0.997744912813 -0.815675551483 -0.653182512242
 0.252961821115 1.04206673284 0.501565749284 -0.241284896244 -0.758699614955 -0.908074615326 -0.830795567804 -0.649340405342 -0.493468233122
 1.09485078847 0.604568429701 -0.0538690788140 -0.524931753367 -0.798379135418 -0.835537462227 -0.714669796198 -0.528849100813 -0.386672263508
 0.703079543240 0.935604673023 -0.0414572522763 -0.668816724937 -0.818850918566 -0.740423910901 -0.567054068834 -0.374336387395 -0.239796156123
 0.435431859722 0.962468305926 -0.105470635567 -0.661664772610 -0.746824635886 -0.615535480895 -0.403316572912 -0.205756843417 -0.0790710669390
 0.288597580271 0.640502086362 -0.0746399666133 -0.490671657046 -0.539543804630 -0.407875426882 -0.187556003638 0.0112348308555 0.130469079669
 -0.626232826638 0.322960303740 0.0280514137097 -0.208411629101 -0.203253558227 -0.142441733575 0.0282366312728 0.184190323829 0.284933110061
 -1.18432396368 -0.364736389377 -0.296256135739 -0.0843390733520 0.105861667980 0.119777520793 0.288373313991 0.298832836007 0.347480958425
 -0.742594720081 -0.164433474741 -0.550782521253 -0.485081032123 -0.159246429742 0.104044374029 0.318760788765 0.424913885324 0.480130645515
 0.0500427408025 -0.958435551182 -1.06185283430 -0.700118269930 -0.246526385722 0.121550472921 0.378526571269 0.498764012123 0.533727632531
 -0.842309226942 -1.17674946805 -1.18185491452 -0.661705455586 -0.111480927425 0.230036118828 0.511212748658 0.601116934077 0.584283370214
 -1.24256867427 -1.06669504800 -1.07511344699 -0.692129369253 -0.169769618751 0.267499519584 0.509867477645 0.622255304651 0.613399143464
 -1.16428373266 -1.33703536940 -1.35086129263 -0.947140009840 -0.273661495919 0.298123020770 0.640697256023 0.683648438528 0.583082138299
# log_selcoffs_fsh[2]:
 -2.29405454768 -0.383812427784 0.398572787283 0.756759691883 0.612492044513 0.175440744122 -0.176939125609 -0.422372572501 -0.573110810633 -0.687276686427
 -2.20296250301 -0.318896629498 -0.378153213423 0.200702762487 0.695561698148 0.622114102771 0.192109580960 -0.189069695584 -0.365218923534 -0.424780748075
 -2.75237974527 -0.897158926593 -0.466220327675 0.0218819473323 0.593016620600 0.700458199568 0.337159684458 -0.0291483289646 -0.168388723713 -0.177177695063
 -3.16100244664 -1.57869781150 -0.653363577851 -0.151160880383 0.457300422898 0.719384391612 0.383531645583 0.105858765045 0.0513852579510 0.101244911042
 -2.76628369623 -1.21390375188 -1.13521793356 -0.607715473085 0.183261651845 0.578344426715 0.406314927925 0.280233840592 0.336563249359 0.447929964287
 -2.38114343707 -1.25215062902 -1.02957403894 -0.913359543619 -0.391092749247 0.0648341279806 0.283104312303 0.445105138251 0.654895004769 0.836032490784
 -3.03794423207 -1.78120101126 -0.903496667693 -0.728660079844 -0.603094363737 -0.264498781125 0.105258646028 0.451284050460 0.773647153752 1.00512021275
 -3.56588650428 -2.58144866242 -1.78092896698 -1.03950835174 -0.440854833775 -0.0494188747438 0.255523870300 0.448971258331 0.763345513110 1.02079696151
 -3.83482269169 -2.81064409205 -2.19238458990 -1.47559478778 -0.619747230349 -0.0473136635550 0.355725206197 0.627571723387 0.806775203613 0.934179470255
 -3.91928424970 -2.69768908787 -1.98038047636 -1.50691346442 -1.01615335933 -0.348953822066 0.241785964085 0.780593747280 0.977666616680 0.863407976018
 -3.74881037869 -2.25558752355 -1.51985106861 -1.06987143851 -0.744729622304 -0.486699738268 0.0320246495057 0.662673239614 0.981258492363 0.947791403818
 -3.67382885403 -2.16028158007 -1.34352479542 -0.891144083185 -0.537405256673 -0.244652394158 0.261869204296 0.640735239600 0.821879781272 0.853978895617
 -3.36398759200 -1.52314398664 -0.872374465492 -0.514941464567 -0.246987202057 -0.175141115614 0.184736264205 0.494882084870 0.705752341113 0.807733558144
 -2.93136405135 -1.20496383751 -0.554012624420 -0.268366082824 -0.154420303867 -0.0545441461321 0.175153551054 0.406888914043 0.593018024790 0.693581955919
 -2.53888224960 -0.539184185013 -0.286907397140 -0.271946493745 -0.305087097211 -0.169527344818 0.122157614784 0.365948268999 0.557660801338 0.655355735672
 -2.19780075830 -0.233971682433 -0.255196824831 -0.330095178306 -0.412849985106 -0.265306944038 0.0471928389336 0.323456744970 0.552918019968 0.696480952017
 -1.83091817197 -0.240319281703 -0.263292423120 -0.327878214943 -0.469170144788 -0.392832311464 -0.0838390468194 0.268524462684 0.586406916967 0.805848649441
 -2.09750991105 -0.430328349287 -0.157137295877 -0.273468605157 -0.463747722911 -0.423374870317 -0.138297235633 0.243850259712 0.596071190307 0.861157382544
 -2.36300809734 -0.571059124430 -0.207316185226 -0.232142146984 -0.432412782379 -0.388374460322 -0.105754720481 0.264296378999 0.613089360849 0.858642704063
 -2.47182267302 -0.869253216067 -0.469076150354 -0.265772476383 -0.367462339071 -0.345439195054 -0.0646901769715 0.314849746461 0.662535691506 0.898776882686
 -2.55812904362 -0.945126535403 -0.479156998571 -0.223667508310 -0.342983561293 -0.379400713075 -0.132046384956 0.276223701277 0.668735603517 0.945811378863
 -2.83513269080 -1.02719217265 -0.411955395994 -0.144905629667 -0.225120893025 -0.279761537680 -0.0887190756798 0.224359095479 0.604194879222 0.918302994241
 -3.14355586333 -1.62779558790 -0.542457386847 0.0436696244904 0.0361120369564 -0.0930158232564 0.0100383072953 0.230267290697 0.511230680535 0.811034846281
 -3.32469943886 -1.99344174002 -0.996974320806 -0.194013648628 0.202900915315 0.151959760639 0.251052830274 0.383217502158 0.501139543371 0.611454013947
 -3.44728618230 -1.85621082599 -1.03932644402 -0.556547341351 -0.0526851772520 0.249593056022 0.402286615422 0.548192948094 0.550216378945 0.527006171295
 -3.65584348552 -2.21760454190 -1.30077031318 -0.414497054390 0.0479103542472 0.257541284926 0.410132934325 0.561518461925 0.558431607507 0.458180659978
 -3.97449963286 -2.10409770388 -1.22826374345 -0.229866611936 0.183474424355 0.330047432607 0.427289317891 0.558696984966 0.455619496006 0.278205921484
 -4.08897576532 -2.07238749558 -1.15318379401 -0.273602296731 0.156783799653 0.243355212004 0.646524423585 0.608790375715 0.355028347912 0.150579052870
 -4.02084709706 -2.51140141720 -1.61258003799 -0.191586962081 0.359561697952 0.420951178316 0.671590072489 0.430591513257 0.251402933106 0.129653368507
 -3.95896495787 -2.14919475373 -0.879119713774 -0.0906335120715 0.666242885226 0.488495785551 0.334448037730 0.194055736571 0.154301942744 0.166269148631
 -3.69728122642 -1.52564565902 -0.365230395657 0.133699919621 0.133834592397 0.0983359297209 0.176928083660 0.260066870219 0.396745820356 0.528605662922
 -3.61319708612 -1.61252200215 -0.608573383675 -0.171796257878 0.0178107055535 -0.0372408412871 0.0411381698686 0.311974528508 0.580883389565 0.793094737721
 -3.20573652397 -1.11870986624 -0.845282603540 -0.557166803757 -0.246999908045 -0.159420770826 -0.0826586874226 0.294882831541 0.719634378063 0.985596407696
 -3.88240863474 -1.61839095665 -0.831654358969 -0.313817856058 -0.0582470783806 0.0247330296684 0.0669457731990 0.299815541774 0.622301051582 0.860644780753
 -4.23876261219 -2.20012583294 -1.30200589468 -0.695001090762 -0.0913162069036 0.165682355916 0.287071556313 0.447078912986 0.650348010189 0.787699667018
 -4.50764173679 -2.71230506343 -1.61369962881 -0.869825109672 -0.329629255309 0.0359197222486 0.310588954613 0.531558178772 0.704008192049 0.900569494431
 -4.61420623154 -3.12625384470 -2.09758519746 -1.15883802209 -0.280193675145 0.0873986330535 0.437099980067 0.647286612912 0.707955670758 0.776677933823
 -4.53919981275 -3.05149134910 -2.39964953871 -1.66885657930 -0.680698295857 0.0869944354341 0.481704483745 0.752906907088 0.778101088833 0.763762007170
 -4.49837409442 -2.95893486796 -1.97963173731 -1.63069062924 -0.906587182055 -0.207631887343 0.387152062208 0.695438785713 0.882024877074 0.913696470811
# log_selcoffs_fsh[3]:
 -1.94944455875 -1.17200443399 0.223260505816 1.04117602352 0.353390281404 -0.441863353798 -0.920086134950
 -2.31725069629 -1.21994234553 0.403308834651 1.00213456852 0.298455216644 -0.458001577091 -0.903800043049
 -2.14371744374 -1.00987676592 0.255663107700 0.977675017363 0.359375946738 -0.369477077037 -0.808780883296
 -2.98175087441 -1.52297789677 0.294629906018 1.07013910999 0.312817596420 -0.406074041869 -0.822602350399
 -3.39182758473 -1.74013817491 0.320251503208 0.981681639009 0.421973862868 -0.287983487755 -0.755662622669
 -3.57542648740 -1.91350783798 -0.190454591484 0.986806645497 0.663629368422 -0.136668376225 -0.690928325376
 -3.61260060617 -1.86982397466 -0.257474238435 0.984187427589 0.651479228234 -0.0944712353326 -0.612491350078
 -3.48218719084 -1.54373873733 0.454615487023 0.749241508442 0.419509639103 -0.0762819368403 -0.482973602816
 -3.20284275484 -1.33874283750 0.272066012917 0.662486273497 0.537015710596 0.0506576956609 -0.382667182321
 -2.94306676094 -0.867482182431 0.174640213345 0.725742972784 0.476782435705 -0.0196155138774 -0.387507568924
 -2.97059872142 -1.22678268613 0.0823706680566 0.994289199830 0.428023530908 -0.241672099027 -0.602764923617
 -3.01947526073 -1.20004611453 0.208500799601 1.00942660406 0.406254900951 -0.357234961436 -0.747936021426
 -3.04361196311 -1.18396478035 0.337658494235 1.06549564366 0.269000636192 -0.515333196423 -0.829245604311
 -2.94111699312 -0.747567667540 0.764399114904 0.768641650797 0.100728657830 -0.519223328800 -0.758903769493
 -2.92480281154 -0.931590418587 0.647855525317 0.835985929671 0.152698145231 -0.440223296045 -0.644343540626
 -2.93407918860 -0.913467883752 0.753037360446 0.837969631059 -0.0430463839981 -0.525701734136 -0.577012305968
 -2.93936171617 -0.672843612809 0.924373379852 0.690198337598 -0.201570999144 -0.618170073765 -0.569037195565
 -2.99278594368 -0.755654837910 1.06769588581 0.604352862083 -0.284250260866 -0.715145617850 -0.693721541459
 -2.86014314687 -0.281333436648 1.08101374470 0.464132842884 -0.330340470624 -0.743771152847 -0.785996798132
 -2.77633998067 -0.352936746603 1.16801504864 0.385549233558 -0.405297124357 -0.790896014424 -0.846600892277
 -2.66792030452 -0.122592176122 1.16543908583 0.295822495515 -0.471322956817 -0.813807893695 -0.850799147283
 -2.61100796347 -0.401828888046 1.21658519031 0.289370952829 -0.481145070574 -0.776299397816 -0.759211040315
 -2.40723531464 -0.623777049622 1.07070739268 0.435110554683 -0.321175155002 -0.579328962735 -0.468608085668
 -2.12369386695 -0.294049110352 0.787291606891 0.509491628974 -0.145766269804 -0.413051090851 -0.291287028631
 -1.92733582661 -0.449390588372 0.551414719769 0.764393203824 -0.0149084154025 -0.420899911249 -0.369048014831
 -1.74770509546 0.341894181160 0.491193263197 0.432408565910 0.0485342589400 -0.457256056752 -0.579396799075
 -2.02759261489 0.0615287026450 1.02635678993 0.386950446968 -0.312214837518 -0.807338847768 -1.01154668427
 -2.29506933463 -0.375338181002 1.06964386365 0.665069304924 -0.337692995415 -0.998685867427 -1.30399737657
 -2.54540001074 -0.539924245015 1.03980367478 0.758758848134 -0.245061111691 -1.04252488821 -1.43020339797
 -2.65846139270 -0.605161794454 0.616399833976 1.04373422498 0.0995162625052 -0.995636840988 -1.52425077906
 -2.55533803890 0.224143045577 0.708824424584 0.780475902024 -0.0826919868974 -1.07063509071 -1.64223805249
 -2.82233485934 -0.659817600204 1.31704820368 0.495314119572 -0.472475877573 -1.31760394858 -1.83914619644
 -2.98125415301 -0.969743226688 1.01811266870 0.981033401887 -0.317332868418 -1.35691101105 -1.90132639583
 -3.01119246231 -1.01764124112 0.706496826848 1.15155047451 -0.0471968598426 -1.24518389733 -1.84794044589
 -2.98463243943 -0.898326541045 0.915199814984 1.01937435000 -0.210859048587 -1.22880673135 -1.76651818695
 -2.78856557287 -0.167590965816 1.12036331923 0.577531008795 -0.311560010504 -1.14548939623 -1.63569479075
 -2.71921587697 -0.228453110068 1.08745037954 0.618066151472 -0.284363662850 -1.06514581656 -1.51821629046
 -2.64393005436 0.0252852593428 1.05104596119 0.508774273187 -0.251239738349 -0.994245727636 -1.46283112304
 -2.76413109296 -0.375304702386 1.14916101704 0.558910717514 -0.263087083538 -1.02441778789 -1.52372853933
 -2.85473915030 -0.910375873739 1.01492891390 0.825834076851 -0.0949871682589 -0.976277661202 -1.55585527262
 -2.84438501384 -1.18456909462 0.439986285670 1.14822006702 0.241975054226 -0.817838600826 -1.53459691976
 -2.81418073912 -1.35409127745 -0.0237375372826 1.10350616642 0.666086143824 -0.640084719388 -1.52899516082
# log_selcoffs_fsh[4]:
 -2.17321332027 -1.76376116057 -1.32620853651 -0.846514398676 -0.348646994405 0.121172066030 0.502556929632 0.756086777005 0.876747826895
 -2.15929990182 -1.75664726287 -1.32297440430 -0.843204869190 -0.345185460921 0.122133912933 0.501916212102 0.754664199723 0.874854029053
 -2.13302528362 -1.74338114685 -1.32018604145 -0.837064451319 -0.333383584350 0.130080177385 0.504688631571 0.750047097370 0.866068076386
 -2.08699906946 -1.71422077093 -1.31515331686 -0.843607833227 -0.326777089979 0.146545463837 0.512649884853 0.745497933230 0.850567800577
 -2.01555774885 -1.64889225438 -1.27113279853 -0.834499666769 -0.341510019381 0.142922898651 0.523248424784 0.745082726473 0.833531750759
 -1.92974813367 -1.55184201551 -1.20922773466 -0.812669268038 -0.324239711935 0.146683358479 0.522203607107 0.736219384853 0.809163812229
 -1.83906596484 -1.46612126192 -1.09216088248 -0.735379094004 -0.308353061775 0.154808108679 0.517758135586 0.714574361265 0.775525526113
 -1.72643413946 -1.38017895844 -1.01172046473 -0.622113648639 -0.230079626155 0.169908499655 0.495812661480 0.676866576221 0.732822707217
 -1.55952932856 -1.23540905322 -0.913034363389 -0.564165509052 -0.170790768971 0.192039311769 0.474395333390 0.632221732794 0.685802720192
 -1.36103023463 -1.03810311080 -0.721081803682 -0.456285093249 -0.167013537000 0.163511929229 0.429943017847 0.587788658405 0.646379225093
 -1.16809921329 -0.843812463363 -0.533417458666 -0.270983723014 -0.106546965474 0.0963007962941 0.341664975207 0.519404409579 0.599611548875
 -0.991319886437 -0.697716155963 -0.393500992163 -0.134499366136 0.0201747544242 0.0875397385730 0.233469699475 0.415115896431 0.526479976827
 -0.825967749963 -0.564807217851 -0.316970852284 -0.0823765951657 0.0733843574789 0.132584059916 0.192604740502 0.318566202910 0.431110092760
 -0.661972473792 -0.433843577588 -0.221570939421 -0.0460583966954 0.0645038380358 0.118345215218 0.172330266665 0.259694044551 0.338643115069
 -0.503007948511 -0.305990877749 -0.131115874987 -0.00460786919191 0.0637098091837 0.0939269677629 0.128709972225 0.188500273721 0.244763037440
 -0.350116922579 -0.181496686543 -0.0426127270057 0.0364501368490 0.0614781246769 0.0589871405498 0.0680859612205 0.106023106914 0.147984195477
 -0.200376094329 -0.0538486896984 0.0471950117522 0.0698448896100 0.0497121514185 0.00818800635782 -0.00851981986563 0.0132909323415 0.0480729652552
 -0.0900778561183 0.0489325691016 0.144377611643 0.105325630306 0.0311595748603 -0.0510431898277 -0.0914781593350 -0.0809568384615 -0.0482502202318
 -0.00178883308797 0.0919459245918 0.225099356219 0.152919400080 -0.00266799850386 -0.100615026060 -0.158326457030 -0.156031453273 -0.131153154172
 -0.0207806336315 0.0923354256131 0.217145707773 0.234076120231 0.0493910574468 -0.120717718547 -0.184692779439 -0.198886492537 -0.186751490675
 -0.103032982737 0.0209969588229 0.0824489356440 0.190222716730 0.146736230943 -0.0173618635978 -0.120249872784 -0.134500764934 -0.128362880501
 -0.318743279506 -0.195649137098 -0.0475269053116 0.0663631468871 0.165866177364 0.116187673428 0.0574311279307 0.0293845228316 0.0352541935415
 -0.610774346534 -0.403739015924 -0.159023700401 0.00407274140656 0.127444990975 0.184036236960 0.183540656167 0.178514861605 0.180075627024
 -0.934285005181 -0.651255247809 -0.368065372587 -0.0887348978269 0.121924292725 0.241840624151 0.287748441331 0.309396279646 0.321575113606
 -1.22788100732 -0.866052282761 -0.505309126354 -0.155218920146 0.134533767787 0.275891167973 0.337390624126 0.380973633696 0.405617678641
 -1.52310887911 -1.09650094805 -0.699195545140 -0.295529477080 0.0605819493602 0.292558606441 0.406833849672 0.478221127816 0.524281194522
 -1.78795036723 -1.27192555203 -0.898446414773 -0.441290467384 0.00959178469961 0.286177738535 0.447081199237 0.551871586978 0.621001115241
 -2.04552703466 -1.54715946868 -1.07383201280 -0.484063929118 -0.0518091377703 0.154140101079 0.363360565777 0.609322347097 0.835671582754
 -1.59851036322 -1.59668782054 -1.25681143531 -0.813884297015 -0.342100645369 0.0410962405186 0.375526634332 0.705070547779 0.969098068078
 -1.89104707638 -1.66179599705 -1.47258062601 -1.03872483052 -0.502488734362 -0.0215962066869 0.387183677305 0.768657847000 1.05176351674
 -1.65479402194 -1.46267857993 -1.53151794215 -1.32471448109 -0.877150929741 -0.329284798238 0.275158176260 0.828265379105 1.21005821151
 -1.40455384185 -0.988258969257 -1.26853500401 -1.42547035303 -1.15698520734 -0.595942028703 0.0814907653070 0.786258623539 1.31240920392
 -1.50652848159 -0.663435545614 -0.429470540053 -1.05344892306 -1.20537434899 -0.842087664551 -0.137899177868 0.671222266320 1.30980539510
# log_sel_spl_fsh[1]:
 0.00000000000 0.00000000000 0.00000000000 0.00000000000
 0.00000000000 0.00000000000 0.00000000000 0.00000000000
 0.00000000000 0.00000000000 0.00000000000 0.00000000000
 0.00000000000 0.00000000000 0.00000000000 0.00000000000
 0.00000000000 0.00000000000 0.00000000000 0.00000000000
 0.00000000000 0.00000000000 0.00000000000 0.00000000000
 0.00000000000 0.00000000000 0.00000000000 0.00000000000
 0.00000000000 0.00000000000 0.00000000000 0.00000000000
 0.00000000000 0.00000000000 0.00000000000 0.00000000000
 0.00000000000 0.00000000000 0.00000000000 0.00000000000
 0.00000000000 0.00000000000 0.00000000000 0.00000000000
 0.00000000000 0.00000000000 0.00000000000 0.00000000000
 0.00000000000 0.00000000000 0.00000000000 0.00000000000
 0.00000000000 0.00000000000 0.00000000000 0.00000000000
 0.00000000000 0.00000000000 0.00000000000 0.00000000000
 0.00000000000 0.00000000000 0.00000000000 0.00000000000
 0.00000000000 0.00000000000 0.00000000000 0.00000000000
 0.00000000000 0.00000000000 0.00000000000 0.00000000000
 0.00000000000 0.00000000000 0.00000000000 0.00000000000
 0.00000000000 0.00000000000 0.00000000000 0.00000000000
 0.00000000000 0.00000000000 0.00000000000 0.00000000000
 0.00000000000 0.00000000000 0.00000000000 0.00000000000
 0.00000000000 0.00000000000 0.00000000000 0.00000000000
 0.00000000000 0.00000000000 0.00000000000 0.00000000000
 0.00000000000 0.00000000000 0.00000000000 0.00000000000
 0.00000000000 0.00000000000 0.00000000000 0.00000000000
 0.00000000000 0.00000000000 0.00000000000 0.00000000000
 0.00000000000 0.00000000000 0.00000000000 0.00000000000
 0.00000000000 0.00000000000 0.00000000000 0.00000000000
 0.00000000000 0.00000000000 0.00000000000 0.00000000000
 0.00000000000 0.00000000000 0.00000000000 0.00000000000
 0.00000000000 0.00000000000 0.00000000000 0.00000000000
 0.00000000000 0.00000000000 0.00000000000 0.00000000000
 0.00000000000 0.00000000000 0.00000000000 0.00000000000
 0.00000000000 0.00000000000 0.00000000000 0.00000000000
 0.00000000000 0.00000000000 0.00000000000 0.00000000000
 0.00000000000 0.00000000000 0.00000000000 0.00000000000
 0.00000000000 0.00000000000 0.00000000000 0.00000000000
 0.00000000000 0.00000000000 0.00000000000 0.00000000000
# log_sel_spl_fsh[2]:
 0.00000000000 0.00000000000 0.00000000000 0.00000000000
 0.00000000000 0.00000000000 0.00000000000 0.00000000000
 0.00000000000 0.00000000000 0.00000000000 0.00000000000
 0.00000000000 0.00000000000 0.00000000000 0.00000000000
 0.00000000000 0.00000000000 0.00000000000 0.00000000000
 0.00000000000 0.00000000000 0.00000000000 0.00000000000
 0.00000000000 0.00000000000 0.00000000000 0.00000000000
 0.00000000000 0.00000000000 0.00000000000 0.00000000000
 0.00000000000 0.00000000000 0.00000000000 0.00000000000
 0.00000000000 0.00000000000 0.00000000000 0.00000000000
 0.00000000000 0.00000000000 0.00000000000 0.00000000000
 0.00000000000 0.00000000000 0.00000000000 0.00000000000
 0.00000000000 0.00000000000 0.00000000000 0.00000000000
 0.00000000000 0.00000000000 0.00000000000 0.00000000000
 0.00000000000 0.00000000000 0.00000000000 0.00000000000
 0.00000000000 0.00000000000 0.00000000000 0.00000000000
 0.00000000000 0.00000000000 0.00000000000 0.00000000000
 0.00000000000 0.00000000000 0.00000000000 0.00000000000
 0.00000000000 0.00000000000 0.00000000000 0.00000000000
 0.00000000000 0.00000000000 0.00000000000 0.00000000000
 0.00000000000 0.00000000000 0.00000000000 0.00000000000
 0.00000000000 0.00000000000 0.00000000000 0.00000000000
 0.00000000000 0.00000000000 0.00000000000 0.00000000000
 0.00000000000 0.00000000000 0.00000000000 0.00000000000
 0.00000000000 0.00000000000 0.00000000000 0.00000000000
 0.00000000000 0.00000000000 0.00000000000 0.00000000000
 0.00000000000 0.00000000000 0.00000000000 0.00000000000
 0.00000000000 0.00000000000 0.00000000000 0.00000000000
 0.00000000000 0.00000000000 0.00000000000 0.00000000000
 0.00000000000 0.00000000000 0.00000000000 0.00000000000
 0.00000000000 0.00000000000 0.00000000000 0.00000000000
 0.00000000000 0.00000000000 0.00000000000 0.00000000000
 0.00000000000 0.00000000000 0.00000000000 0.00000000000
 0.00000000000 0.00000000000 0.00000000000 0.00000000000
 0.00000000000 0.00000000000 0.00000000000 0.00000000000
 0.00000000000 0.00000000000 0.00000000000 0.00000000000
 0.00000000000 0.00000000000 0.00000000000 0.00000000000
 0.00000000000 0.00000000000 0.00000000000 0.00000000000
 0.00000000000 0.00000000000 0.00000000000 0.00000000000
# log_sel_spl_fsh[3]:
 0.00000000000 0.00000000000 0.00000000000 0.00000000000
 0.00000000000 0.00000000000 0.00000000000 0.00000000000
 0.00000000000 0.00000000000 0.00000000000 0.00000000000
 0.00000000000 0.00000000000 0.00000000000 0.00000000000
 0.00000000000 0.00000000000 0.00000000000 0.00000000000
 0.00000000000 0.00000000000 0.00000000000 0.00000000000
 0.00000000000 0.00000000000 0.00000000000 0.00000000000
 0.00000000000 0.00000000000 0.00000000000 0.00000000000
 0.00000000000 0.00000000000 0.00000000000 0.00000000000
 0.00000000000 0.00000000000 0.00000000000 0.00000000000
 0.00000000000 0.00000000000 0.00000000000 0.00000000000
 0.00000000000 0.00000000000 0.00000000000 0.00000000000
 0.00000000000 0.00000000000 0.00000000000 0.00000000000
 0.00000000000 0.00000000000 0.00000000000 0.00000000000
 0.00000000000 0.00000000000 0.00000000000 0.00000000000
 0.00000000000 0.00000000000 0.00000000000 0.00000000000
 0.00000000000 0.00000000000 0.00000000000 0.00000000000
 0.00000000000 0.00000000000 0.00000000000 0.00000000000
 0.00000000000 0.00000000000 0.00000000000 0.00000000000
 0.00000000000 0.00000000000 0.00000000000 0.00000000000
 0.00000000000 0.00000000000 0.00000000000 0.00000000000
 0.00000000000 0.00000000000 0.00000000000 0.00000000000
 0.00000000000 0.00000000000 0.00000000000 0.00000000000
 0.00000000000 0.00000000000 0.00000000000 0.00000000000
 0.00000000000 0.00000000000 0.00000000000 0.00000000000
 0.00000000000 0.00000000000 0.00000000000 0.00000000000
 0.00000000000 0.00000000000 0.00000000000 0.00000000000
 0.00000000000 0.00000000000 0.00000000000 0.00000000000
 0.00000000000 0.00000000000 0.00000000000 0.00000000000
 0.00000000000 0.00000000000 0.00000000000 0.00000000000
 0.00000000000 0.00000000000 0.00000000000 0.00000000000
 0.00000000000 0.00000000000 0.00000000000 0.00000000000
 0.00000000000 0.00000000000 0.00000000000 0.00000000000
 0.00000000000 0.00000000000 0.00000000000 0.00000000000
 0.00000000000 0.00000000000 0.00000000000 0.00000000000
 0.00000000000 0.00000000000 0.00000000000 0.00000000000
 0.00000000000 0.00000000000 0.00000000000 0.00000000000
 0.00000000000 0.00000000000 0.00000000000 0.00000000000
 0.00000000000 0.00000000000 0.00000000000 0.00000000000
 0.00000000000 0.00000000000 0.00000000000 0.00000000000
 0.00000000000 0.00000000000 0.00000000000 0.00000000000
 0.00000000000 0.00000000000 0.00000000000 0.00000000000
# log_sel_spl_fsh[4]:
 0.00000000000 0.00000000000 0.00000000000 0.00000000000
 0.00000000000 0.00000000000 0.00000000000 0.00000000000
 0.00000000000 0.00000000000 0.00000000000 0.00000000000
 0.00000000000 0.00000000000 0.00000000000 0.00000000000
 0.00000000000 0.00000000000 0.00000000000 0.00000000000
 0.00000000000 0.00000000000 0.00000000000 0.00000000000
 0.00000000000 0.00000000000 0.00000000000 0.00000000000
 0.00000000000 0.00000000000 0.00000000000 0.00000000000
 0.00000000000 0.00000000000 0.00000000000 0.00000000000
 0.00000000000 0.00000000000 0.00000000000 0.00000000000
 0.00000000000 0.00000000000 0.00000000000 0.00000000000
 0.00000000000 0.00000000000 0.00000000000 0.00000000000
 0.00000000000 0.00000000000 0.00000000000 0.00000000000
 0.00000000000 0.00000000000 0.00000000000 0.00000000000
 0.00000000000 0.00000000000 0.00000000000 0.00000000000
 0.00000000000 0.00000000000 0.00000000000 0.00000000000
 0.00000000000 0.00000000000 0.00000000000 0.00000000000
 0.00000000000 0.00000000000 0.00000000000 0.00000000000
 0.00000000000 0.00000000000 0.00000000000 0.00000000000
 0.00000000000 0.00000000000 0.00000000000 0.00000000000
 0.00000000000 0.00000000000 0.00000000000 0.00000000000
 0.00000000000 0.00000000000 0.00000000000 0.00000000000
 0.00000000000 0.00000000000 0.00000000000 0.00000000000
 0.00000000000 0.00000000000 0.00000000000 0.00000000000
 0.00000000000 0.00000000000 0.00000000000 0.00000000000
 0.00000000000 0.00000000000 0.00000000000 0.00000000000
 0.00000000000 0.00000000000 0.00000000000 0.00000000000
 0.00000000000 0.00000000000 0.00000000000 0.00000000000
 0.00000000000 0.00000000000 0.00000000000 0.00000000000
 0.00000000000 0.00000000000 0.00000000000 0.00000000000
 0.00000000000 0.00000000000 0.00000000000 0.00000000000
 0.00000000000 0.00000000000 0.00000000000 0.00000000000
 0.00000000000 0.00000000000 0.00000000000 0.00000000000
# logsel_slope_fsh[1]:
 0.00000000000 0.00000000000 0.00000000000 0.00000000000 0.00000000000 0.00000000000 0.00000000000 0.00000000000 0.00000000000 0.00000000000 0.00000000000 0.00000000000 0.00000000000 0.00000000000 0.00000000000 0.00000000000 0.00000000000 0.00000000000 0.00000000000 0.00000000000 0.00000000000 0.00000000000 0.00000000000 0.00000000000 0.00000000000 0.00000000000 0.00000000000 0.00000000000 0.00000000000 0.00000000000 0.00000000000 0.00000000000 0.00000000000 0.00000000000 0.00000000000 0.00000000000 0.00000000000 0.00000000000 0.00000000000
# logsel_slope_fsh[2]:
 0.00000000000 0.00000000000 0.00000000000 0.00000000000 0.00000000000 0.00000000000 0.00000000000 0.00000000000 0.00000000000 0.00000000000 0.00000000000 0.00000000000 0.00000000000 0.00000000000 0.00000000000 0.00000000000 0.00000000000 0.00000000000 0.00000000000 0.00000000000 0.00000000000 0.00000000000 0.00000000000 0.00000000000 0.00000000000 0.00000000000 0.00000000000 0.00000000000 0.00000000000 0.00000000000 0.00000000000 0.00000000000 0.00000000000 0.00000000000 0.00000000000 0.00000000000 0.00000000000 0.00000000000 0.00000000000
# logsel_slope_fsh[3]:
 0.00000000000 0.00000000000 0.00000000000 0.00000000000 0.00000000000 0.00000000000 0.00000000000 0.00000000000 0.00000000000 0.00000000000 0.00000000000 0.00000000000 0.00000000000 0.00000000000 0.00000000000 0.00000000000 0.00000000000 0.00000000000 0.00000000000 0.00000000000 0.00000000000 0.00000000000 0.00000000000 0.00000000000 0.00000000000 0.00000000000 0.00000000000 0.00000000000 0.00000000000 0.00000000000 0.00000000000 0.00000000000 0.00000000000 0.00000000000 0.00000000000 0.00000000000 0.00000000000 0.00000000000 0.00000000000 0.00000000000 0.00000000000 0.00000000000
# logsel_slope_fsh[4]:
 0.00000000000 0.00000000000 0.00000000000 0.00000000000 0.00000000000 0.00000000000 0.00000000000 0.00000000000 0.00000000000 0.00000000000 0.00000000000 0.00000000000 0.00000000000 0.00000000000 0.00000000000 0.00000000000 0.00000000000 0.00000000000 0.00000000000 0.00000000000 0.00000000000 0.00000000000 0.00000000000 0.00000000000 0.00000000000 0.00000000000 0.00000000000 0.00000000000 0.00000000000 0.00000000000 0.00000000000 0.00000000000 0.00000000000
# sel50_fsh[1]:
 0.00000000000 0.00000000000 0.00000000000 0.00000000000 0.00000000000 0.00000000000 0.00000000000 0.00000000000 0.00000000000 0.00000000000 0.00000000000 0.00000000000 0.00000000000 0.00000000000 0.00000000000 0.00000000000 0.00000000000 0.00000000000 0.00000000000 0.00000000000 0.00000000000 0.00000000000 0.00000000000 0.00000000000 0.00000000000 0.00000000000 0.00000000000 0.00000000000 0.00000000000 0.00000000000 0.00000000000 0.00000000000 0.00000000000 0.00000000000 0.00000000000 0.00000000000 0.00000000000 0.00000000000 0.00000000000
# sel50_fsh[2]:
 0.00000000000 0.00000000000 0.00000000000 0.00000000000 0.00000000000 0.00000000000 0.00000000000 0.00000000000 0.00000000000 0.00000000000 0.00000000000 0.00000000000 0.00000000000 0.00000000000 0.00000000000 0.00000000000 0.00000000000 0.00000000000 0.00000000000 0.00000000000 0.00000000000 0.00000000000 0.00000000000 0.00000000000 0.00000000000 0.00000000000 0.00000000000 0.00000000000 0.00000000000 0.00000000000 0.00000000000 0.00000000000 0.00000000000 0.00000000000 0.00000000000 0.00000000000 0.00000000000 0.00000000000 0.00000000000
# sel50_fsh[3]:
 0.00000000000 0.00000000000 0.00000000000 0.00000000000 0.00000000000 0.00000000000 0.00000000000 0.00000000000 0.00000000000 0.00000000000 0.00000000000 0.00000000000 0.00000000000 0.00000000000 0.00000000000 0.00000000000 0.00000000000 0.00000000000 0.00000000000 0.00000000000 0.00000000000 0.00000000000 0.00000000000 0.00000000000 0.00000000000 0.00000000000 0.00000000000 0.00000000000 0.00000000000 0.00000000000 0.00000000000 0.00000000000 0.00000000000 0.00000000000 0.00000000000 0.00000000000 0.00000000000 0.00000000000 0.00000000000 0.00000000000 0.00000000000 0.00000000000
# sel50_fsh[4]:
 0.00000000000 0.00000000000 0.00000000000 0.00000000000 0.00000000000 0.00000000000 0.00000000000 0.00000000000 0.00000000000 0.00000000000 0.00000000000 0.00000000000 0.00000000000 0.00000000000 0.00000000000 0.00000000000 0.00000000000 0.00000000000 0.00000000000 0.00000000000 0.00000000000 0.00000000000 0.00000000000 0.00000000000 0.00000000000 0.00000000000 0.00000000000 0.00000000000 0.00000000000 0.00000000000 0.00000000000 0.00000000000 0.00000000000
# logsel_p1_fsh[1]:
 0.00000000000 0.00000000000 0.00000000000 0.00000000000 0.00000000000 0.00000000000 0.00000000000 0.00000000000 0.00000000000 0.00000000000 0.00000000000 0.00000000000 0.00000000000 0.00000000000 0.00000000000 0.00000000000 0.00000000000 0.00000000000 0.00000000000 0.00000000000 0.00000000000 0.00000000000 0.00000000000 0.00000000000 0.00000000000 0.00000000000 0.00000000000 0.00000000000 0.00000000000 0.00000000000 0.00000000000 0.00000000000 0.00000000000 0.00000000000 0.00000000000 0.00000000000 0.00000000000 0.00000000000 0.00000000000
# logsel_p1_fsh[2]:
 0.00000000000 0.00000000000 0.00000000000 0.00000000000 0.00000000000 0.00000000000 0.00000000000 0.00000000000 0.00000000000 0.00000000000 0.00000000000 0.00000000000 0.00000000000 0.00000000000 0.00000000000 0.00000000000 0.00000000000 0.00000000000 0.00000000000 0.00000000000 0.00000000000 0.00000000000 0.00000000000 0.00000000000 0.00000000000 0.00000000000 0.00000000000 0.00000000000 0.00000000000 0.00000000000 0.00000000000 0.00000000000 0.00000000000 0.00000000000 0.00000000000 0.00000000000 0.00000000000 0.00000000000 0.00000000000
# logsel_p1_fsh[3]:
 0.00000000000 0.00000000000 0.00000000000 0.00000000000 0.00000000000 0.00000000000 0.00000000000 0.00000000000 0.00000000000 0.00000000000 0.00000000000 0.00000000000 0.00000000000 0.00000000000 0.00000000000 0.00000000000 0.00000000000 0.00000000000 0.00000000000 0.00000000000 0.00000000000 0.00000000000 0.00000000000 0.00000000000 0.00000000000 0.00000000000 0.00000000000 0.00000000000 0.00000000000 0.00000000000 0.00000000000 0.00000000000 0.00000000000 0.00000000000 0.00000000000 0.00000000000 0.00000000000 0.00000000000 0.00000000000 0.00000000000 0.00000000000 0.00000000000
# logsel_p1_fsh[4]:
 0.00000000000 0.00000000000 0.00000000000 0.00000000000 0.00000000000 0.00000000000 0.00000000000 0.00000000000 0.00000000000 0.00000000000 0.00000000000 0.00000000000 0.00000000000 0.00000000000 0.00000000000 0.00000000000 0.00000000000 0.00000000000 0.00000000000 0.00000000000 0.00000000000 0.00000000000 0.00000000000 0.00000000000 0.00000000000 0.00000000000 0.00000000000 0.00000000000 0.00000000000 0.00000000000 0.00000000000 0.00000000000 0.00000000000
# logsel_p2_fsh[1]:
 0.00000000000 0.00000000000 0.00000000000 0.00000000000 0.00000000000 0.00000000000 0.00000000000 0.00000000000 0.00000000000 0.00000000000 0.00000000000 0.00000000000 0.00000000000 0.00000000000 0.00000000000 0.00000000000 0.00000000000 0.00000000000 0.00000000000 0.00000000000 0.00000000000 0.00000000000 0.00000000000 0.00000000000 0.00000000000 0.00000000000 0.00000000000 0.00000000000 0.00000000000 0.00000000000 0.00000000000 0.00000000000 0.00000000000 0.00000000000 0.00000000000 0.00000000000 0.00000000000 0.00000000000 0.00000000000
# logsel_p2_fsh[2]:
 0.00000000000 0.00000000000 0.00000000000 0.00000000000 0.00000000000 0.00000000000 0.00000000000 0.00000000000 0.00000000000 0.00000000000 0.00000000000 0.00000000000 0.00000000000 0.00000000000 0.00000000000 0.00000000000 0.00000000000 0.00000000000 0.00000000000 0.00000000000 0.00000000000 0.00000000000 0.00000000000 0.00000000000 0.00000000000 0.00000000000 0.00000000000 0.00000000000 0.00000000000 0.00000000000 0.00000000000 0.00000000000 0.00000000000 0.00000000000 0.00000000000 0.00000000000 0.00000000000 0.00000000000 0.00000000000
# logsel_p2_fsh[3]:
 0.00000000000 0.00000000000 0.00000000000 0.00000000000 0.00000000000 0.00000000000 0.00000000000 0.00000000000 0.00000000000 0.00000000000 0.00000000000 0.00000000000 0.00000000000 0.00000000000 0.00000000000 0.00000000000 0.00000000000 0.00000000000 0.00000000000 0.00000000000 0.00000000000 0.00000000000 0.00000000000 0.00000000000 0.00000000000 0.00000000000 0.00000000000 0.00000000000 0.00000000000 0.00000000000 0.00000000000 0.00000000000 0.00000000000 0.00000000000 0.00000000000 0.00000000000 0.00000000000 0.00000000000 0.00000000000 0.00000000000 0.00000000000 0.00000000000
# logsel_p2_fsh[4]:
 0.00000000000 0.00000000000 0.00000000000 0.00000000000 0.00000000000 0.00000000000 0.00000000000 0.00000000000 0.00000000000 0.00000000000 0.00000000000 0.00000000000 0.00000000000 0.00000000000 0.00000000000 0.00000000000 0.00000000000 0.00000000000 0.00000000000 0.00000000000 0.00000000000 0.00000000000 0.00000000000 0.00000000000 0.00000000000 0.00000000000 0.00000000000 0.00000000000 0.00000000000 0.00000000000 0.00000000000 0.00000000000 0.00000000000
# logsel_p3_fsh[1]:
 0.00000000000 0.00000000000 0.00000000000 0.00000000000 0.00000000000 0.00000000000 0.00000000000 0.00000000000 0.00000000000 0.00000000000 0.00000000000 0.00000000000 0.00000000000 0.00000000000 0.00000000000 0.00000000000 0.00000000000 0.00000000000 0.00000000000 0.00000000000 0.00000000000 0.00000000000 0.00000000000 0.00000000000 0.00000000000 0.00000000000 0.00000000000 0.00000000000 0.00000000000 0.00000000000 0.00000000000 0.00000000000 0.00000000000 0.00000000000 0.00000000000 0.00000000000 0.00000000000 0.00000000000 0.00000000000
# logsel_p3_fsh[2]:
 0.00000000000 0.00000000000 0.00000000000 0.00000000000 0.00000000000 0.00000000000 0.00000000000 0.00000000000 0.00000000000 0.00000000000 0.00000000000 0.00000000000 0.00000000000 0.00000000000 0.00000000000 0.00000000000 0.00000000000 0.00000000000 0.00000000000 0.00000000000 0.00000000000 0.00000000000 0.00000000000 0.00000000000 0.00000000000 0.00000000000 0.00000000000 0.00000000000 0.00000000000 0.00000000000 0.00000000000 0.00000000000 0.00000000000 0.00000000000 0.00000000000 0.00000000000 0.00000000000 0.00000000000 0.00000000000
# logsel_p3_fsh[3]:
 0.00000000000 0.00000000000 0.00000000000 0.00000000000 0.00000000000 0.00000000000 0.00000000000 0.00000000000 0.00000000000 0.00000000000 0.00000000000 0.00000000000 0.00000000000 0.00000000000 0.00000000000 0.00000000000 0.00000000000 0.00000000000 0.00000000000 0.00000000000 0.00000000000 0.00000000000 0.00000000000 0.00000000000 0.00000000000 0.00000000000 0.00000000000 0.00000000000 0.00000000000 0.00000000000 0.00000000000 0.00000000000 0.00000000000 0.00000000000 0.00000000000 0.00000000000 0.00000000000 0.00000000000 0.00000000000 0.00000000000 0.00000000000 0.00000000000
# logsel_p3_fsh[4]:
 0.00000000000 0.00000000000 0.00000000000 0.00000000000 0.00000000000 0.00000000000 0.00000000000 0.00000000000 0.00000000000 0.00000000000 0.00000000000 0.00000000000 0.00000000000 0.00000000000 0.00000000000 0.00000000000 0.00000000000 0.00000000000 0.00000000000 0.00000000000 0.00000000000 0.00000000000 0.00000000000 0.00000000000 0.00000000000 0.00000000000 0.00000000000 0.00000000000 0.00000000000 0.00000000000 0.00000000000 0.00000000000 0.00000000000
# rec_dev_future:
 0.00000000000 0.00000000000 0.00000000000 0.00000000000 0.00000000000 0.00000000000 0.00000000000 0.00000000000 0.00000000000 0.00000000000 0.00000000000 0.00000000000 0.00000000000 0.00000000000 0.00000000000 0.00000000000 0.00000000000 0.00000000000 0.00000000000 0.00000000000
# log_q_ind[1]:
0.641406753875
# log_q_ind[2]:
-2.72106771951
# log_q_ind[3]:
-9.34083458361
# log_q_ind[4]:
-0.0330764264554
# log_q_ind[5]:
-5.52196875852
# log_q_ind[6]:
-7.87796650677
# log_q_ind[7]:
-1.28185257235
# log_q_power_ind[1]:
0.00000000000
# log_q_power_ind[2]:
0.00000000000
# log_q_power_ind[3]:
0.00000000000
# log_q_power_ind[4]:
0.00000000000
# log_q_power_ind[5]:
0.00000000000
# log_q_power_ind[6]:
0.00000000000
# log_q_power_ind[7]:
0.00000000000
# log_rw_q_ind[1]:
 -0.893958456464
# log_rw_q_ind[3]:
 -0.138578829474
# log_rw_q_ind[7]:
 0.00000000000
# log_selcoffs_ind[1]:
 -2.42428121894 -1.58888663925 -0.963375081116 -0.505605907481 -0.177567303967 0.0848399846274 0.304501649382 0.484243294585 0.612404648517 0.679533628457
 -3.08395049115 -2.24570601752 -1.45225124857 -0.767862428617 -0.241638595654 0.145631217444 0.406816433492 0.572366611431 0.661767745002 0.690900819484
# log_selcoffs_ind[2]:
 0.444140680037 0.777290568606 0.664976364219 0.276007920643 -0.145528584706 -0.489976341672 -0.749559472727 -0.940068593301 -1.07043657314 -1.14025648773
 1.04307862086 0.693630763098 0.390498160280 0.0704688616596 -0.269933159880 -0.595174303741 -0.876397767579 -1.10035178199 -1.25699326084 -1.33969550812
 1.17734371916 0.716322066271 0.356852975370 0.00837183462306 -0.373441219123 -0.740645771737 -1.04724352094 -1.27213926210 -1.41077122765 -1.47020889994
# log_selcoffs_ind[3]:
 -0.202940821038 0.0202027052767 0.0202027052767 0.0202027052767 0.0202027052767 0.0202027052767 0.0202027052767 0.0202027052767 0.0202027052767 0.0202027052767
# log_selcoffs_ind[4]:
 -1.04363405650 -0.753552282415 -0.487020853428 -0.268821736401 -0.0916913228802 0.0633943962695 0.205132634771 0.332573090290 0.436086615600 0.501796677803
 -1.71469997592 -1.36811616456 -1.01596088051 -0.655612020695 -0.306450299558 0.0115263392232 0.286415903577 0.504584947320 0.647991896572 0.711442402522
# log_selcoffs_ind[5]:
 -3.04452005677 -0.669616569639 0.101782682789 0.174353368097 0.174353368097 0.174353368097 0.174353368097 0.174353368097 0.174353368097 0.174353368097
# log_selcoffs_ind[6]:
 -3.04452005677 -0.669616569639 0.101782682789 0.174353368097 0.174353368097 0.174353368097 0.174353368097 0.174353368097 0.174353368097 0.174353368097
# log_selcoffs_ind[7]:
 -3.04452005677 -0.669616569639 0.101782682789 0.174353368097 0.174353368097 0.174353368097 0.174353368097 0.174353368097 0.174353368097 0.174353368097
# logsel_slope_ind[1]:
 0.00000000000 0.00000000000
# logsel_slope_ind[2]:
 0.00000000000 0.00000000000 0.00000000000
# logsel_slope_ind[3]:
 0.00000000000
# logsel_slope_ind[4]:
 0.00000000000 0.00000000000
# logsel_slope_ind[5]:
 0.00000000000
# logsel_slope_ind[6]:
 0.00000000000
# logsel_slope_ind[7]:
 0.00000000000
# sel50_ind[1]:
 0.00000000000 0.00000000000
# sel50_ind[2]:
 0.00000000000 0.00000000000 0.00000000000
# sel50_ind[3]:
 0.00000000000
# sel50_ind[4]:
 0.00000000000 0.00000000000
# sel50_ind[5]:
 0.00000000000
# sel50_ind[6]:
 0.00000000000
# sel50_ind[7]:
 0.00000000000
# logsel_p1_ind[1]:
 0.00000000000 0.00000000000
# logsel_p1_ind[2]:
 0.00000000000 0.00000000000 0.00000000000
# logsel_p1_ind[3]:
 0.00000000000
# logsel_p1_ind[4]:
 0.00000000000 0.00000000000
# logsel_p1_ind[5]:
 0.00000000000
# logsel_p1_ind[6]:
 0.00000000000
# logsel_p1_ind[7]:
 0.00000000000
# sel_p2_ind[1]:
 0.00000000000 0.00000000000
# sel_p2_ind[2]:
 0.00000000000 0.00000000000 0.00000000000
# sel_p2_ind[3]:
 0.00000000000
# sel_p2_ind[4]:
 0.00000000000 0.00000000000
# sel_p2_ind[5]:
 0.00000000000
# sel_p2_ind[6]:
 0.00000000000
# sel_p2_ind[7]:
 0.00000000000
# logsel_p3_ind[1]:
 0.00000000000 0.00000000000
# logsel_p3_ind[2]:
 0.00000000000 0.00000000000 0.00000000000
# logsel_p3_ind[3]:
 0.00000000000
# logsel_p3_ind[4]:
 0.00000000000 0.00000000000
# logsel_p3_ind[5]:
 0.00000000000
# logsel_p3_ind[6]:
 0.00000000000
# logsel_p3_ind[7]:
 0.00000000000
