# Number of parameters = 1615 Objective function value = 1189.29898359329  Maximum gradient component = 0.000183895600456062
# Mest[1]:
0.280000000000
# log_Linf[1]:
4.29810139974
# log_k[1]:
-1.83258146375
# log_Lo[1]:
2.60712428251
# log_sdage[1]:
-2.40794560865
# mean_log_rec[1]:
9.37093312857
# steepness[1]:
0.650000000000
# log_Rzero[1]:
9.34648269603
# rec_dev:
 -0.0748225233493 -0.0966623938909 -0.123866635343 -0.157460063396 -0.198469312371 -0.247534159724 -0.303807876314 -0.366332479664 -0.437012841589 -0.514760959040 -0.592857364963 -0.660635108653 -0.730783083709 -0.810153906264 -0.920129096049 -0.900935395014 -0.634171451577 -0.424298437508 -0.0455440055617 0.171461511996 0.204414169528 0.241338852560 0.393905661905 0.538564119661 0.866027817917 0.584820652992 0.750423982019 1.54501774980 1.47928206195 0.781767415099 0.267061341879 0.390060868125 0.658388066963 0.765413214654 0.209261771998 0.296235204724 0.241766434285 0.262714277125 0.436675371136 0.426492578937 0.663337299028 0.586973904243 0.570389095337 0.463961627406 -0.0321407642760 -0.132136091343 -0.0658755598377 -0.642167030849 -1.72664920375 -0.704827331304 -0.207122994360 -0.693288244722 -0.852219711616 -0.959751930502 -0.940789396926 -0.413878106956 -0.440759557658 0.166608744467 0.406365907314 0.480823692570 -0.647856435394
# log_sigmar[1]:
-0.510825623766
# fmort:
 -4.76622205373 -4.34924021087 -5.07628120701 -4.74905217466 -3.97711414766 -3.64267622188 -3.31518335761 -3.32413492417 -2.61700840418 -2.68651412988 -2.95493238291 -2.57760515413 -1.85477665829 -2.83614521843 -2.01473058109 -2.63268718274 -5.06257087834 -3.75027671357 -4.16230079962 -4.28057443480 -4.36225510245 -4.04282710528 -3.97109341958 -3.78940880097 -4.23622249269 -3.96626696802 -3.57051258350 -4.60770326502 -5.80971053422 -5.20389203194 -4.78896526103 -4.05692668067 -4.89886471960 -4.44414201775 -4.34192271557 -3.96551286951 -3.87940239365 -3.36812856619 -2.83599989933 -3.24480450968 -3.06668137221 -4.70380819865 -5.63424849917 -5.13892049895 -5.13895031021 -4.88946942306 -5.28677462659 -4.94896415473 -6.07091471788 -6.35138637859
 -7.14920358207 -6.70549497574 -6.22795279165 -5.62541325169 -5.83002386786 -5.11231657584 -4.59248193617 -4.24794632388 -3.76290128064 -3.55156208379 -3.43658026118 -2.69118792056 -2.47406453981 -2.78717071872 -2.40039880398 -2.02829777582 -1.84939400124 -1.53162491412 -1.34236353332 -1.21177518927 -1.19817326111 -0.959002311004 -0.659651138008 -0.629214326350 -0.432940775605 -0.153538970223 -0.188138486847 -0.195403888761 -0.728355644208 -1.23866626687 -1.71007851122 -1.57654520783 -1.52293218108 -1.62218562466 -1.61593447447 -1.58094444256 -1.46705835047 -1.25053491503 -1.39437276710 -1.10460045673 -1.72113319599 -2.12766141676 -2.46999992906 -2.66641413711 -2.69022751608 -2.51752631803 -2.51279587457 -2.53354627490 -2.52886582132 -2.63083990507
 -8.52120119315 -7.78192340344 -6.88467027467 -5.98843707034 -4.77500501527 -5.89092124166 -5.44760726564 -3.07179836593 -3.35233742387 -3.57993856357 -3.51879678796 -3.58237528727 -4.62289529170 -4.80989348579 -4.48495149856 -5.13735809715 -6.14186613495 -6.23607964492 -4.90354100477 -4.98332556953 -4.90345247960 -5.15466169635 -5.52522138461 -5.32342491222 -4.79995208930 -3.57714773901 -3.21866336312 -2.56634095950 -2.94773993982 -4.05933948921 -3.96896755793 -3.06499378868 -4.77962255785 -4.48676806755 -4.62649887877 -5.29935169445 -3.92579661010 -3.83568086925 -3.88659695753 -4.15314468622 -5.36887632011 -3.25254572068 -3.88633815412 -4.73599798983 -4.76849620713 -5.94264094439 -6.60302235264 -7.35308074860 -5.90194456747 -5.35716982239
 -9.65700880843 -9.61119258102 -7.85347710333 -9.50057605753 -9.43089098376 -9.34763150722 -9.21246202774 -8.31462275350 -5.04780198147 -2.86859939117 -2.74443531034 -2.29521257469 -1.51084824068 -1.07188756071 -0.791394532881 -1.11519115820 -1.34854214751 -1.66471023124 -1.98371927186 -2.28848376759 -2.56775931819 -3.16680976712 -5.71976143074 -9.21160902091 -9.02724854406 -8.73803306745 -8.36412049331 -7.99727233848 -7.82011295944 -7.92883976314 -7.42965130213 -5.56384112845 -4.44806019338 -3.90931226416 -3.31384580436 -3.46288550763 -2.99594057337 -2.60665617711 -2.42335214990 -2.15319721794 -2.33177879439 -3.63722110432 -4.04392395522 -4.07490077011 -3.71306430795 -3.57830408301 -4.09913241132 -4.26403650832 -4.35240668134 -4.60826128385
# log_selcoffs_fsh[1]:
 -3.80387797285 -2.21918506803 -1.22754457151 -0.204467611609 0.751562047448 1.02127927411 0.477010858285 -0.244014269204 -0.756844516728
 -3.32261443670 -1.69386455592 -1.04206227174 -0.259440962565 0.606021154208 0.937761018557 0.552009043239 -0.0652673193926 -0.519211237124
 -2.97694106910 -1.51492057325 -0.733955348839 -0.00259329945292 0.582948730262 0.763804746771 0.479598570264 0.00449235553538 -0.365080366286
 -2.57101829279 -1.29633788039 -0.659098579236 -0.0725715374737 0.628936531081 0.736978806340 0.406124059937 -0.00844313244437 -0.294525442270
 -1.94271329470 -0.421179276456 -0.138496691086 0.0946059042000 0.335645342356 0.451950893311 0.309995390110 0.0483568846624 -0.165653753757
 -1.83861683232 -0.617759072771 0.352827705255 0.564829211980 0.249436713567 0.123710287704 0.0270319553056 -0.115381751477 -0.240593067897
 -1.54990170478 -0.487221351793 0.434937584721 0.682569603657 0.276244388816 -0.0175018763149 -0.164100468603 -0.256150979965 -0.320102282700
 -1.11626232305 -0.295636726211 0.480388988859 0.739879170354 0.216847496410 -0.130013268504 -0.305718794102 -0.375647833918 -0.396933095494
 -0.818571872018 0.187902281262 0.390586794122 0.536160158019 0.305689863787 -0.136776369403 -0.388919016887 -0.465029231445 -0.463126666358
 -0.580199772202 0.340306249684 0.533228348450 0.523210857198 0.140661307513 -0.278127104604 -0.518163482437 -0.573807847023 -0.552085905279
 -0.0572173012601 0.879041204530 0.422195632745 0.148810546164 -0.213549373468 -0.502186274794 -0.657836893642 -0.682002682697 -0.644795688434
 0.130631744905 0.839281022035 0.591736101840 0.126729055839 -0.392877814638 -0.656899013136 -0.766570595813 -0.772569748119 -0.726660644622
 -0.130714418991 1.10091178365 0.652487300432 -0.0670286043031 -0.595371973404 -0.818877647490 -0.885801646121 -0.872007271155 -0.826982886280
 0.188353163756 1.10434814516 0.590165791546 -0.132120504517 -0.693981209222 -0.906446868524 -0.955404207724 -0.930339111154 -0.885898311801
 0.186927328919 1.18522828085 0.546331046745 -0.198213817042 -0.748363783291 -0.965283010901 -1.01628715598 -0.989639137000 -0.946068903963
 -0.203109442651 1.25552168637 0.668009427601 -0.165612896163 -0.784074015976 -1.01617398243 -1.07334692204 -1.04884944531 -1.00595733594
 -0.123718483362 1.31304745956 0.587257431334 -0.218537036369 -0.824824813788 -1.05875902504 -1.11774243146 -1.09492040543 -1.05164182536
 0.502709601544 1.07892968125 0.625832354206 -0.240068796805 -0.857738813295 -1.08781205593 -1.14428989787 -1.11798560726 -1.07165901095
 0.787135033219 1.09735760357 0.372277297442 -0.362751187910 -0.923988367101 -1.14412942488 -1.19573491481 -1.16246439626 -1.11095621637
 0.509615351638 1.20440215628 0.539389728305 -0.355336716077 -0.979000643547 -1.20400797009 -1.24566971019 -1.19937551129 -1.13980698961
 0.572518916223 1.29285455734 0.381518240634 -0.476532118483 -1.06173795533 -1.27103394755 -1.30116792779 -1.23949003768 -1.16950229054
 0.452264313758 1.31415622526 0.526554394298 -0.528874950642 -1.14899052292 -1.33884590493 -1.34941958326 -1.27017787240 -1.18780431576
 0.723169907832 1.20686509418 0.462684266769 -0.504920767874 -1.15938160559 -1.36570660383 -1.37427619180 -1.28221421761 -1.18795110573
 0.506902035976 1.36679855048 0.370487847090 -0.553936761855 -1.16148695899 -1.37309011479 -1.38916966904 -1.29399696571 -1.19018307781
 0.700569629150 1.27638139931 0.321569531275 -0.532556764280 -1.11368855457 -1.34113462791 -1.37041273356 -1.27584598179 -1.16485655729
 0.647871368132 1.21911055515 0.402091424897 -0.379566016340 -1.03517470275 -1.28416447906 -1.31324738306 -1.22131852099 -1.11043040547
 0.0554135560525 1.27821477399 0.606935033653 -0.189374020624 -0.913651836913 -1.17354224102 -1.20687595237 -1.12574904435 -1.03098479662
 0.343657387051 1.14645913254 0.565099862366 -0.235911970778 -0.828669686607 -1.04564954750 -1.07007262923 -1.00255541241 -0.927899117528
 1.18204030873 0.723945194773 0.0341376114480 -0.495835924910 -0.849079300578 -0.966072084805 -0.961600933300 -0.895796462083 -0.835425525793
 0.828348464798 1.05278809647 0.0651673339366 -0.619994040376 -0.851438576022 -0.870977833408 -0.825402086226 -0.762011924154 -0.714528204957
 0.630483757138 1.09719652797 0.00916566855429 -0.590561477812 -0.759323530982 -0.739651665972 -0.666799884996 -0.609981436312 -0.578875309857
 0.552759940789 0.854897244423 0.0822627757516 -0.393508173573 -0.527702029295 -0.518350763745 -0.454242018693 -0.413363452158 -0.402591572779
 -0.257513182273 0.624355042930 0.269210070821 -0.0470950866357 -0.140382972392 -0.200646448231 -0.203935775726 -0.217876400556 -0.235603356382
 -0.750656431575 0.0125498694420 0.00227560292745 0.150215575007 0.241900121980 0.125370600159 0.107201070713 -0.0505304385463 -0.128023255290
 -0.218501679029 0.205224762996 -0.250666764912 -0.216512282524 0.0388895656045 0.132684711390 0.143230523217 0.0618993104890 -0.0146305119652
 0.564839017853 -0.610825250495 -0.821035042365 -0.395609173607 0.0216862486633 0.154723648449 0.217389662076 0.127230048748 0.0167804112089
# log_selcoffs_fsh[2]:
 -2.27083251006 -0.372718883474 0.405050100886 0.758745738972 0.608267939574 0.169725857288 -0.179383587095 -0.425400335735 -0.580055769963 -0.690043118226
 -2.15834778806 -0.279821643170 -0.353721401349 0.210086148115 0.691745071572 0.614748939598 0.188515945367 -0.195597193665 -0.384202346823 -0.453299993443
 -2.69240113858 -0.853958560954 -0.436259056472 0.0358201707864 0.594020790250 0.698935620344 0.341755022453 -0.0299688585075 -0.192766127816 -0.225392475319
 -3.09491221947 -1.52853145566 -0.623571825758 -0.134817488933 0.461327668292 0.724725521983 0.399320046407 0.114302652058 0.0261892050031 0.0384369811396
 -2.70406022660 -1.15329850302 -1.09255753277 -0.581651571970 0.201739177110 0.596324071589 0.430908674524 0.293365489038 0.306715908416 0.368549273760
 -2.32790100995 -1.19248396070 -0.973901043208 -0.873580588750 -0.361665897822 0.0975060559680 0.324989172563 0.474960175586 0.634227100426 0.754951701713
 -2.99356483428 -1.73119129692 -0.849143832703 -0.675492798146 -0.558729002756 -0.222135816152 0.153395990714 0.488791395731 0.759927037022 0.927878516311
 -3.53373325750 -2.54927650869 -1.74617549927 -0.996681893446 -0.391252682437 -0.00507211451601 0.301351151272 0.492071906429 0.756363918762 0.940035829485
 -3.80859218854 -2.78836064394 -2.17018872532 -1.44570117886 -0.576818779057 0.00265091516761 0.398782820450 0.661284122885 0.801406445559 0.852823952223
 -3.89261148012 -2.67442420359 -1.95979870279 -1.48433575773 -0.979869717698 -0.295652999993 0.295151223818 0.811265855395 0.964706446099 0.791006121286
 -3.72510167854 -2.23194374538 -1.49819068689 -1.05110839163 -0.724669999905 -0.454006867141 0.0825599794011 0.708771150885 0.974437458595 0.879082746724
 -3.65080198106 -2.13533702031 -1.31840786734 -0.869764113433 -0.521046601212 -0.225803768871 0.291338859815 0.673518734444 0.817296219993 0.794677659268
 -3.34225528182 -1.49976016570 -0.847178371278 -0.491709189491 -0.228201252139 -0.158342937804 0.206153574608 0.513755164947 0.697490708580 0.761987864169
 -2.91287303611 -1.18800258534 -0.540438193336 -0.251733438523 -0.140916774490 -0.0387484938200 0.194772710371 0.421487539473 0.582515810812 0.652612816653
 -2.52288105638 -0.532244737650 -0.284234041616 -0.266708051141 -0.284802399853 -0.145695249485 0.149237226788 0.384342872908 0.546233565015 0.610353000130
 -2.16410115698 -0.222192791987 -0.249483484367 -0.308666131334 -0.370634517521 -0.212180496901 0.0885918645754 0.343238543036 0.529866076649 0.626364880371
 -1.73033260577 -0.166496719326 -0.203543431709 -0.244160309689 -0.368908312589 -0.295394177924 -0.00826552907660 0.284006156916 0.521339463359 0.661002784024
 -1.81633791389 -0.127302848244 0.112843096608 -0.0504273380685 -0.290011109459 -0.287642205992 -0.0561898882511 0.221048739963 0.415204108281 0.519344079437
 -2.01331738340 -0.213134686603 0.119859244720 0.0404938299222 -0.210002755155 -0.216684904152 -0.00616009800153 0.233717570989 0.386121403120 0.435392341208
 -2.09883416139 -0.495195366542 -0.118548699086 0.0342961402732 -0.110376127724 -0.128028374452 0.0798739607396 0.312994489813 0.434712047645 0.453836717385
 -2.19738782744 -0.583586709150 -0.133114467636 0.0886554577044 -0.0716583206044 -0.137381772139 0.0540955347008 0.309980494200 0.440396777069 0.462570155394
 -2.49811403658 -0.710163249982 -0.112828225929 0.133787372821 0.0287981461971 -0.0476758801275 0.104679939993 0.286191812424 0.384233755026 0.403390270610
 -2.80840933957 -1.34735986949 -0.295092181522 0.267093445631 0.241028464880 0.104238766600 0.177012688217 0.287381211282 0.317544782643 0.297431462577
 -2.95053106785 -1.70164700858 -0.768940792988 0.00173547847362 0.361610296226 0.293039592452 0.371365613497 0.410514551906 0.320750379452 0.172659585402
 -3.03617222946 -1.51541742596 -0.765876936978 -0.319994359264 0.154080677572 0.385638676310 0.479835137696 0.532628967449 0.359509571098 0.141680510619
 -3.21172063733 -1.83981656727 -0.988554917067 -0.167104452624 0.274614663740 0.438254380909 0.463985190397 0.483263743333 0.332328862357 0.104945563582
 -3.50451229182 -1.68382969314 -0.876938540264 0.0294590210563 0.381216184886 0.503751452932 0.497157030472 0.404575107811 0.150427389541 -0.0895899784305
 -3.61459442881 -1.60242144873 -0.732949929794 0.0883410358385 0.396191381398 0.386576649632 0.652311223023 0.450119755615 0.00316668947897 -0.288906628117
 -3.57139023115 -2.06801796831 -1.21936029527 0.157134329039 0.646061649902 0.545403007200 0.633068346751 0.226407252952 -0.102792186140 -0.347037637008
 -3.51062512604 -1.76809758045 -0.544702044862 0.126302653974 0.813410189107 0.575895478370 0.306349255694 0.0311104720755 -0.140145705078 -0.234170219972
 -3.23529141252 -1.15140030699 -0.0521370526131 0.399682344366 0.281332348520 0.182942653365 0.199368791718 0.162015438491 0.137232500910 0.126335821349
 -3.10824068186 -1.17307374497 -0.258891413535 0.105341691347 0.229583972637 0.0629953524945 0.0806674720945 0.282846634067 0.399912483529 0.429965478700
 -2.63229937505 -0.628606939107 -0.407982870529 -0.225605438779 -0.0193672155431 -0.0258153941853 -0.0652382105381 0.246474945788 0.576006005053 0.683664848770
 -3.24414749534 -1.06369125940 -0.377645024013 0.0791228066723 0.210652632135 0.154546462983 0.0671220375908 0.163616034739 0.392174127828 0.541750023510
 -3.47172350241 -1.56742299774 -0.725577737511 -0.218021380537 0.300762653506 0.390641244462 0.321071873056 0.297750390727 0.341308991444 0.412881939718
 -3.65707263142 -1.89273066338 -0.905060799369 -0.204037764551 0.227630611240 0.434742858474 0.451941883554 0.378547596830 0.314722910076 0.337895143370
 -3.71683242123 -2.28185551379 -1.26683179881 -0.460084324949 0.350508651669 0.471251383085 0.604564370146 0.469283415092 0.255433695423 0.197645187002
# log_selcoffs_fsh[3]:
 -1.93535330878 -1.16381764512 0.228371892036 1.04710947791 0.353728151139 -0.461483045927 -0.960599200478
 -2.29864669359 -1.20839797594 0.410522665135 1.00846998309 0.297593744936 -0.480742125510 -0.949377015777
 -2.11667965398 -0.992349309583 0.267509702269 0.987140429067 0.357129678279 -0.400467415469 -0.868977036487
 -2.94279290789 -1.49576973692 0.310355142300 1.08021377558 0.310825662724 -0.443279699811 -0.897694016729
 -3.34627929337 -1.70324776126 0.345086464768 0.998294867020 0.420430471102 -0.340343824915 -0.860883073078
 -3.52686782460 -1.86991903211 -0.150909030050 1.01854271125 0.664794664076 -0.211097573868 -0.835636526740
 -3.56297917978 -1.82012672646 -0.212564606653 1.02517917322 0.655930122046 -0.182788960974 -0.790408002513
 -3.44574341539 -1.49290428112 0.506515563444 0.795712533234 0.428614157683 -0.179005817571 -0.699865363803
 -3.18609929116 -1.29763094562 0.335947060597 0.727651669566 0.557526728709 -0.0638814914561 -0.631964210894
 -2.93880313199 -0.844014698042 0.226561662733 0.798079249833 0.499781266169 -0.137184851976 -0.651295032155
 -2.95598570088 -1.21235996215 0.104037448307 1.03814288106 0.451638390853 -0.338267841051 -0.837062738474
 -2.99811763203 -1.18862608327 0.215041085482 1.03600259486 0.440829975101 -0.429014679500 -0.961052989610
 -3.01690170840 -1.16676945306 0.348639881996 1.08766189254 0.291990395684 -0.580459929349 -1.03148198134
 -2.91705220741 -0.725618556835 0.790216210448 0.800734577380 0.107485991119 -0.610488754525 -0.982772321871
 -2.90581130865 -0.906207939612 0.683621827963 0.881266831976 0.156651793800 -0.560116251512 -0.902596117067
 -2.91711486133 -0.885489428362 0.793979673499 0.886619092811 -0.0445542810002 -0.661286556139 -0.863474178445
 -2.91905358941 -0.642403247795 0.968510714411 0.737096544613 -0.210631803208 -0.762033422650 -0.869115758325
 -2.95451532708 -0.716640781942 1.10722335974 0.637345842889 -0.304480990382 -0.855026001176 -0.969351353981
 -2.80534105479 -0.235271343719 1.11896828958 0.487542591397 -0.362846125376 -0.887879971478 -1.04431415820
 -2.70292450335 -0.300349293708 1.20218874869 0.403741003096 -0.443710807462 -0.936782498565 -1.09635768156
 -2.57349448990 -0.0606764043508 1.19740148423 0.309673203167 -0.513902570207 -0.966859039512 -1.10959911961
 -2.49904609845 -0.322064367353 1.25514213794 0.306650106155 -0.526291204668 -0.948043443159 -1.05643775575
 -2.30169764226 -0.524897995116 1.14961298828 0.470837089987 -0.378506609061 -0.805408854637 -0.871790958153
 -2.02412302425 -0.180091400528 0.896837922413 0.579089657162 -0.197122807058 -0.672164205484 -0.766249059670
 -1.82302520851 -0.339462484936 0.653622050720 0.843422203345 -0.0529995644776 -0.679053849889 -0.857940568001
 -1.63638762379 0.431450340303 0.570109060052 0.499992105601 0.00790852111886 -0.711417959625 -1.05046902388
 -1.89488822389 0.127722056404 1.05420982844 0.417573792191 -0.347589863875 -1.00467058643 -1.37478581327
 -2.15531199305 -0.308935274500 1.09231282139 0.682572219650 -0.384329519447 -1.17581398473 -1.60790250961
 -2.39108934416 -0.452624829773 1.07396622812 0.760568441422 -0.310861768904 -1.22289280989 -1.72113261353
 -2.49139666087 -0.485373659131 0.673701768426 1.04495406894 0.0234615988354 -1.17722772536 -1.80111283401
 -2.39863026497 0.325098820580 0.739550926948 0.763238060374 -0.170575186591 -1.24069303404 -1.88110780068
 -2.67078914595 -0.582091630053 1.31754458248 0.508459182534 -0.504473545373 -1.43212791771 -2.02130693679
 -2.81766659121 -0.886170449620 1.04074317556 0.969364304539 -0.352831591475 -1.46262055115 -2.07059412134
 -2.81914530062 -0.899687042837 0.759202879925 1.14241502664 -0.123105852071 -1.38866954638 -2.04664123348
 -2.76639060796 -0.750136559808 0.985801445795 0.991349916435 -0.328971162435 -1.43507009087 -2.02330143747
 -2.54261996588 -0.0121315683366 1.18740400619 0.515221409394 -0.503474975178 -1.43669466990 -1.97550477154
 -2.44514786137 -0.0269283760628 1.17432355505 0.553872720194 -0.537138782524 -1.44289554063 -1.94306976359
 -2.32421377778 0.214327905405 1.16263883362 0.420150102806 -0.570506204600 -1.44828553630 -1.94949012498
 -2.39181790409 -0.102889997156 1.26640095486 0.452795562976 -0.631121083941 -1.51524109496 -2.01142680729
 -2.44191531601 -0.513774580472 1.28082594882 0.612526127841 -0.629694808307 -1.56321891367 -2.05682398598
# log_selcoffs_fsh[4]:
 -3.11375381607 -2.58197645842 -2.02024525031 -1.40480528822 -0.746336162768 -0.0911662845468 0.482143327753 0.897753500449 1.11228893475
 -3.10259712262 -2.57765659324 -2.02110961223 -1.40733767310 -0.748585155832 -0.0933440434539 0.481427009301 0.898395384142 1.11312516325
 -3.08136055023 -2.56931910195 -2.02434659540 -1.41195958333 -0.748653959441 -0.0917329274461 0.484462521611 0.898493115434 1.11094147197
 -3.04720358246 -2.55136622040 -2.02807661361 -1.42831470272 -0.755334890219 -0.0837865462061 0.493158969893 0.900750922282 1.10354015223
 -2.99539096749 -2.50748090469 -2.00352433715 -1.43203141604 -0.777874503845 -0.0916242359586 0.508208665433 0.907570077768 1.09272632835
 -2.92904961176 -2.43514939709 -1.95593337036 -1.41414545122 -0.757108703923 -0.0789511737190 0.519128084084 0.909056677582 1.07115694822
 -2.85779556096 -2.35807298136 -1.85061355607 -1.33457375374 -0.724468155539 -0.0411015899438 0.544166128086 0.899607998210 1.03014335935
 -2.77184359183 -2.27548030241 -1.76140139880 -1.21345941991 -0.627087498423 -8.72030045854e-05 0.547481280421 0.878149985355 0.991895228434
 -2.64016233659 -2.14270804642 -1.64544280838 -1.12117291914 -0.530467011221 0.0608957575081 0.552840041562 0.843237981187 0.947521500905
 -2.47858493268 -1.94646777891 -1.42806310773 -0.959912346132 -0.472377153601 0.0711671840607 0.531439875076 0.811413418721 0.916656417343
 -2.31912887996 -1.74442352101 -1.18743916375 -0.697280487049 -0.333088811587 0.0463431287561 0.461350959903 0.758537741517 0.891362103389
 -2.18134625464 -1.59094061196 -1.00371137182 -0.483412540434 -0.116055649472 0.0984573015538 0.371230252437 0.664323738653 0.838804328921
 -2.06856201236 -1.47162047185 -0.899358142315 -0.382436017675 -0.00139734075881 0.207346371377 0.366523249775 0.575431426712 0.744520416270
 -1.96401929988 -1.36063790453 -0.791871796362 -0.308566898713 0.0372681216639 0.245239193370 0.391518773872 0.536636827222 0.647284041299
 -1.86605335020 -1.25211341007 -0.684104542419 -0.222356374279 0.0940657646426 0.277600398055 0.390790260215 0.484105462782 0.550853680277
 -1.77823851006 -1.14673141536 -0.573619740522 -0.128707788787 0.157547640837 0.303912887991 0.372968385409 0.419730441017 0.451903757288
 -1.70108843391 -1.03879001198 -0.454030312536 -0.0311664635984 0.220429817699 0.317552009184 0.340377420027 0.346819749975 0.349840988692
 -1.64492759521 -0.932132771351 -0.299636487284 0.104827306121 0.293579934613 0.308246085671 0.270912279638 0.244610006659 0.239894126332
 -1.61512083768 -0.864265362443 -0.151208876321 0.262369932567 0.344872198493 0.294725333482 0.188929665505 0.130616316547 0.111580266269
 -1.61752140233 -0.857737477377 -0.124926573674 0.403625172006 0.449589288520 0.271067782084 0.118263897637 0.0146877025675 -0.0219225261318
 -1.60767358791 -0.873554645905 -0.224527517731 0.320888683155 0.529016427859 0.348891529784 0.124316406618 0.00211129830947 -0.0453207230008
 -1.59380054097 -0.896351022844 -0.290324518270 0.136461755089 0.448493343703 0.419565616316 0.248078120880 0.0963774335721 0.0242767283676
 -1.60309056945 -0.973086963114 -0.387386956596 0.0195514194862 0.285717224897 0.387258459946 0.340338933198 0.255503904426 0.200530273737
 -1.63391023897 -1.08043861288 -0.576458288835 -0.155099183103 0.161143415281 0.346894044457 0.400493705536 0.398015855265 0.389487387926
 -1.66510003827 -1.15671113613 -0.687308432713 -0.272853263081 0.0664263662414 0.290951554244 0.412338016648 0.484234737097 0.526217091845
 -1.70012842491 -1.21841073481 -0.787461851588 -0.377842021855 -0.0207053136767 0.235572384737 0.407137494661 0.546248810158 0.645472944633
 -1.72806355814 -1.23862397720 -0.885944772265 -0.467649723421 -0.0614889545632 0.197771161936 0.378081332902 0.576324051615 0.739925064909
 -1.82927848354 -1.40342557804 -0.995206021584 -0.441580963841 -0.0517855966300 0.111130775752 0.293941688918 0.559848813038 0.884537270523
 -1.24123244559 -1.40903137352 -1.15695554316 -0.733749558139 -0.257729396245 0.0916797264752 0.355111530787 0.631798374511 0.914647987996
 -1.49415423332 -1.45487520275 -1.36595773557 -0.879530632988 -0.293533724558 0.180766714410 0.465675037044 0.678498729642 0.860462021267
 -1.26869136959 -1.33992909090 -1.42436485938 -1.02481178525 -0.402595857478 0.126429718861 0.519596511209 0.732983306883 0.829175903442
# log_sel_spl_fsh[1]:
 0.00000000000 0.00000000000 0.00000000000 0.00000000000
 0.00000000000 0.00000000000 0.00000000000 0.00000000000
 0.00000000000 0.00000000000 0.00000000000 0.00000000000
 0.00000000000 0.00000000000 0.00000000000 0.00000000000
 0.00000000000 0.00000000000 0.00000000000 0.00000000000
 0.00000000000 0.00000000000 0.00000000000 0.00000000000
 0.00000000000 0.00000000000 0.00000000000 0.00000000000
 0.00000000000 0.00000000000 0.00000000000 0.00000000000
 0.00000000000 0.00000000000 0.00000000000 0.00000000000
 0.00000000000 0.00000000000 0.00000000000 0.00000000000
 0.00000000000 0.00000000000 0.00000000000 0.00000000000
 0.00000000000 0.00000000000 0.00000000000 0.00000000000
 0.00000000000 0.00000000000 0.00000000000 0.00000000000
 0.00000000000 0.00000000000 0.00000000000 0.00000000000
 0.00000000000 0.00000000000 0.00000000000 0.00000000000
 0.00000000000 0.00000000000 0.00000000000 0.00000000000
 0.00000000000 0.00000000000 0.00000000000 0.00000000000
 0.00000000000 0.00000000000 0.00000000000 0.00000000000
 0.00000000000 0.00000000000 0.00000000000 0.00000000000
 0.00000000000 0.00000000000 0.00000000000 0.00000000000
 0.00000000000 0.00000000000 0.00000000000 0.00000000000
 0.00000000000 0.00000000000 0.00000000000 0.00000000000
 0.00000000000 0.00000000000 0.00000000000 0.00000000000
 0.00000000000 0.00000000000 0.00000000000 0.00000000000
 0.00000000000 0.00000000000 0.00000000000 0.00000000000
 0.00000000000 0.00000000000 0.00000000000 0.00000000000
 0.00000000000 0.00000000000 0.00000000000 0.00000000000
 0.00000000000 0.00000000000 0.00000000000 0.00000000000
 0.00000000000 0.00000000000 0.00000000000 0.00000000000
 0.00000000000 0.00000000000 0.00000000000 0.00000000000
 0.00000000000 0.00000000000 0.00000000000 0.00000000000
 0.00000000000 0.00000000000 0.00000000000 0.00000000000
 0.00000000000 0.00000000000 0.00000000000 0.00000000000
 0.00000000000 0.00000000000 0.00000000000 0.00000000000
 0.00000000000 0.00000000000 0.00000000000 0.00000000000
 0.00000000000 0.00000000000 0.00000000000 0.00000000000
# log_sel_spl_fsh[2]:
 0.00000000000 0.00000000000 0.00000000000 0.00000000000
 0.00000000000 0.00000000000 0.00000000000 0.00000000000
 0.00000000000 0.00000000000 0.00000000000 0.00000000000
 0.00000000000 0.00000000000 0.00000000000 0.00000000000
 0.00000000000 0.00000000000 0.00000000000 0.00000000000
 0.00000000000 0.00000000000 0.00000000000 0.00000000000
 0.00000000000 0.00000000000 0.00000000000 0.00000000000
 0.00000000000 0.00000000000 0.00000000000 0.00000000000
 0.00000000000 0.00000000000 0.00000000000 0.00000000000
 0.00000000000 0.00000000000 0.00000000000 0.00000000000
 0.00000000000 0.00000000000 0.00000000000 0.00000000000
 0.00000000000 0.00000000000 0.00000000000 0.00000000000
 0.00000000000 0.00000000000 0.00000000000 0.00000000000
 0.00000000000 0.00000000000 0.00000000000 0.00000000000
 0.00000000000 0.00000000000 0.00000000000 0.00000000000
 0.00000000000 0.00000000000 0.00000000000 0.00000000000
 0.00000000000 0.00000000000 0.00000000000 0.00000000000
 0.00000000000 0.00000000000 0.00000000000 0.00000000000
 0.00000000000 0.00000000000 0.00000000000 0.00000000000
 0.00000000000 0.00000000000 0.00000000000 0.00000000000
 0.00000000000 0.00000000000 0.00000000000 0.00000000000
 0.00000000000 0.00000000000 0.00000000000 0.00000000000
 0.00000000000 0.00000000000 0.00000000000 0.00000000000
 0.00000000000 0.00000000000 0.00000000000 0.00000000000
 0.00000000000 0.00000000000 0.00000000000 0.00000000000
 0.00000000000 0.00000000000 0.00000000000 0.00000000000
 0.00000000000 0.00000000000 0.00000000000 0.00000000000
 0.00000000000 0.00000000000 0.00000000000 0.00000000000
 0.00000000000 0.00000000000 0.00000000000 0.00000000000
 0.00000000000 0.00000000000 0.00000000000 0.00000000000
 0.00000000000 0.00000000000 0.00000000000 0.00000000000
 0.00000000000 0.00000000000 0.00000000000 0.00000000000
 0.00000000000 0.00000000000 0.00000000000 0.00000000000
 0.00000000000 0.00000000000 0.00000000000 0.00000000000
 0.00000000000 0.00000000000 0.00000000000 0.00000000000
 0.00000000000 0.00000000000 0.00000000000 0.00000000000
 0.00000000000 0.00000000000 0.00000000000 0.00000000000
# log_sel_spl_fsh[3]:
 0.00000000000 0.00000000000 0.00000000000 0.00000000000
 0.00000000000 0.00000000000 0.00000000000 0.00000000000
 0.00000000000 0.00000000000 0.00000000000 0.00000000000
 0.00000000000 0.00000000000 0.00000000000 0.00000000000
 0.00000000000 0.00000000000 0.00000000000 0.00000000000
 0.00000000000 0.00000000000 0.00000000000 0.00000000000
 0.00000000000 0.00000000000 0.00000000000 0.00000000000
 0.00000000000 0.00000000000 0.00000000000 0.00000000000
 0.00000000000 0.00000000000 0.00000000000 0.00000000000
 0.00000000000 0.00000000000 0.00000000000 0.00000000000
 0.00000000000 0.00000000000 0.00000000000 0.00000000000
 0.00000000000 0.00000000000 0.00000000000 0.00000000000
 0.00000000000 0.00000000000 0.00000000000 0.00000000000
 0.00000000000 0.00000000000 0.00000000000 0.00000000000
 0.00000000000 0.00000000000 0.00000000000 0.00000000000
 0.00000000000 0.00000000000 0.00000000000 0.00000000000
 0.00000000000 0.00000000000 0.00000000000 0.00000000000
 0.00000000000 0.00000000000 0.00000000000 0.00000000000
 0.00000000000 0.00000000000 0.00000000000 0.00000000000
 0.00000000000 0.00000000000 0.00000000000 0.00000000000
 0.00000000000 0.00000000000 0.00000000000 0.00000000000
 0.00000000000 0.00000000000 0.00000000000 0.00000000000
 0.00000000000 0.00000000000 0.00000000000 0.00000000000
 0.00000000000 0.00000000000 0.00000000000 0.00000000000
 0.00000000000 0.00000000000 0.00000000000 0.00000000000
 0.00000000000 0.00000000000 0.00000000000 0.00000000000
 0.00000000000 0.00000000000 0.00000000000 0.00000000000
 0.00000000000 0.00000000000 0.00000000000 0.00000000000
 0.00000000000 0.00000000000 0.00000000000 0.00000000000
 0.00000000000 0.00000000000 0.00000000000 0.00000000000
 0.00000000000 0.00000000000 0.00000000000 0.00000000000
 0.00000000000 0.00000000000 0.00000000000 0.00000000000
 0.00000000000 0.00000000000 0.00000000000 0.00000000000
 0.00000000000 0.00000000000 0.00000000000 0.00000000000
 0.00000000000 0.00000000000 0.00000000000 0.00000000000
 0.00000000000 0.00000000000 0.00000000000 0.00000000000
 0.00000000000 0.00000000000 0.00000000000 0.00000000000
 0.00000000000 0.00000000000 0.00000000000 0.00000000000
 0.00000000000 0.00000000000 0.00000000000 0.00000000000
 0.00000000000 0.00000000000 0.00000000000 0.00000000000
# log_sel_spl_fsh[4]:
 0.00000000000 0.00000000000 0.00000000000 0.00000000000
 0.00000000000 0.00000000000 0.00000000000 0.00000000000
 0.00000000000 0.00000000000 0.00000000000 0.00000000000
 0.00000000000 0.00000000000 0.00000000000 0.00000000000
 0.00000000000 0.00000000000 0.00000000000 0.00000000000
 0.00000000000 0.00000000000 0.00000000000 0.00000000000
 0.00000000000 0.00000000000 0.00000000000 0.00000000000
 0.00000000000 0.00000000000 0.00000000000 0.00000000000
 0.00000000000 0.00000000000 0.00000000000 0.00000000000
 0.00000000000 0.00000000000 0.00000000000 0.00000000000
 0.00000000000 0.00000000000 0.00000000000 0.00000000000
 0.00000000000 0.00000000000 0.00000000000 0.00000000000
 0.00000000000 0.00000000000 0.00000000000 0.00000000000
 0.00000000000 0.00000000000 0.00000000000 0.00000000000
 0.00000000000 0.00000000000 0.00000000000 0.00000000000
 0.00000000000 0.00000000000 0.00000000000 0.00000000000
 0.00000000000 0.00000000000 0.00000000000 0.00000000000
 0.00000000000 0.00000000000 0.00000000000 0.00000000000
 0.00000000000 0.00000000000 0.00000000000 0.00000000000
 0.00000000000 0.00000000000 0.00000000000 0.00000000000
 0.00000000000 0.00000000000 0.00000000000 0.00000000000
 0.00000000000 0.00000000000 0.00000000000 0.00000000000
 0.00000000000 0.00000000000 0.00000000000 0.00000000000
 0.00000000000 0.00000000000 0.00000000000 0.00000000000
 0.00000000000 0.00000000000 0.00000000000 0.00000000000
 0.00000000000 0.00000000000 0.00000000000 0.00000000000
 0.00000000000 0.00000000000 0.00000000000 0.00000000000
 0.00000000000 0.00000000000 0.00000000000 0.00000000000
 0.00000000000 0.00000000000 0.00000000000 0.00000000000
 0.00000000000 0.00000000000 0.00000000000 0.00000000000
 0.00000000000 0.00000000000 0.00000000000 0.00000000000
# logsel_slope_fsh[1]:
 0.00000000000 0.00000000000 0.00000000000 0.00000000000 0.00000000000 0.00000000000 0.00000000000 0.00000000000 0.00000000000 0.00000000000 0.00000000000 0.00000000000 0.00000000000 0.00000000000 0.00000000000 0.00000000000 0.00000000000 0.00000000000 0.00000000000 0.00000000000 0.00000000000 0.00000000000 0.00000000000 0.00000000000 0.00000000000 0.00000000000 0.00000000000 0.00000000000 0.00000000000 0.00000000000 0.00000000000 0.00000000000 0.00000000000 0.00000000000 0.00000000000 0.00000000000
# logsel_slope_fsh[2]:
 0.00000000000 0.00000000000 0.00000000000 0.00000000000 0.00000000000 0.00000000000 0.00000000000 0.00000000000 0.00000000000 0.00000000000 0.00000000000 0.00000000000 0.00000000000 0.00000000000 0.00000000000 0.00000000000 0.00000000000 0.00000000000 0.00000000000 0.00000000000 0.00000000000 0.00000000000 0.00000000000 0.00000000000 0.00000000000 0.00000000000 0.00000000000 0.00000000000 0.00000000000 0.00000000000 0.00000000000 0.00000000000 0.00000000000 0.00000000000 0.00000000000 0.00000000000 0.00000000000
# logsel_slope_fsh[3]:
 0.00000000000 0.00000000000 0.00000000000 0.00000000000 0.00000000000 0.00000000000 0.00000000000 0.00000000000 0.00000000000 0.00000000000 0.00000000000 0.00000000000 0.00000000000 0.00000000000 0.00000000000 0.00000000000 0.00000000000 0.00000000000 0.00000000000 0.00000000000 0.00000000000 0.00000000000 0.00000000000 0.00000000000 0.00000000000 0.00000000000 0.00000000000 0.00000000000 0.00000000000 0.00000000000 0.00000000000 0.00000000000 0.00000000000 0.00000000000 0.00000000000 0.00000000000 0.00000000000 0.00000000000 0.00000000000 0.00000000000
# logsel_slope_fsh[4]:
 0.00000000000 0.00000000000 0.00000000000 0.00000000000 0.00000000000 0.00000000000 0.00000000000 0.00000000000 0.00000000000 0.00000000000 0.00000000000 0.00000000000 0.00000000000 0.00000000000 0.00000000000 0.00000000000 0.00000000000 0.00000000000 0.00000000000 0.00000000000 0.00000000000 0.00000000000 0.00000000000 0.00000000000 0.00000000000 0.00000000000 0.00000000000 0.00000000000 0.00000000000 0.00000000000 0.00000000000
# sel50_fsh[1]:
 0.00000000000 0.00000000000 0.00000000000 0.00000000000 0.00000000000 0.00000000000 0.00000000000 0.00000000000 0.00000000000 0.00000000000 0.00000000000 0.00000000000 0.00000000000 0.00000000000 0.00000000000 0.00000000000 0.00000000000 0.00000000000 0.00000000000 0.00000000000 0.00000000000 0.00000000000 0.00000000000 0.00000000000 0.00000000000 0.00000000000 0.00000000000 0.00000000000 0.00000000000 0.00000000000 0.00000000000 0.00000000000 0.00000000000 0.00000000000 0.00000000000 0.00000000000
# sel50_fsh[2]:
 0.00000000000 0.00000000000 0.00000000000 0.00000000000 0.00000000000 0.00000000000 0.00000000000 0.00000000000 0.00000000000 0.00000000000 0.00000000000 0.00000000000 0.00000000000 0.00000000000 0.00000000000 0.00000000000 0.00000000000 0.00000000000 0.00000000000 0.00000000000 0.00000000000 0.00000000000 0.00000000000 0.00000000000 0.00000000000 0.00000000000 0.00000000000 0.00000000000 0.00000000000 0.00000000000 0.00000000000 0.00000000000 0.00000000000 0.00000000000 0.00000000000 0.00000000000 0.00000000000
# sel50_fsh[3]:
 0.00000000000 0.00000000000 0.00000000000 0.00000000000 0.00000000000 0.00000000000 0.00000000000 0.00000000000 0.00000000000 0.00000000000 0.00000000000 0.00000000000 0.00000000000 0.00000000000 0.00000000000 0.00000000000 0.00000000000 0.00000000000 0.00000000000 0.00000000000 0.00000000000 0.00000000000 0.00000000000 0.00000000000 0.00000000000 0.00000000000 0.00000000000 0.00000000000 0.00000000000 0.00000000000 0.00000000000 0.00000000000 0.00000000000 0.00000000000 0.00000000000 0.00000000000 0.00000000000 0.00000000000 0.00000000000 0.00000000000
# sel50_fsh[4]:
 0.00000000000 0.00000000000 0.00000000000 0.00000000000 0.00000000000 0.00000000000 0.00000000000 0.00000000000 0.00000000000 0.00000000000 0.00000000000 0.00000000000 0.00000000000 0.00000000000 0.00000000000 0.00000000000 0.00000000000 0.00000000000 0.00000000000 0.00000000000 0.00000000000 0.00000000000 0.00000000000 0.00000000000 0.00000000000 0.00000000000 0.00000000000 0.00000000000 0.00000000000 0.00000000000 0.00000000000
# logsel_p1_fsh[1]:
 0.00000000000 0.00000000000 0.00000000000 0.00000000000 0.00000000000 0.00000000000 0.00000000000 0.00000000000 0.00000000000 0.00000000000 0.00000000000 0.00000000000 0.00000000000 0.00000000000 0.00000000000 0.00000000000 0.00000000000 0.00000000000 0.00000000000 0.00000000000 0.00000000000 0.00000000000 0.00000000000 0.00000000000 0.00000000000 0.00000000000 0.00000000000 0.00000000000 0.00000000000 0.00000000000 0.00000000000 0.00000000000 0.00000000000 0.00000000000 0.00000000000 0.00000000000
# logsel_p1_fsh[2]:
 0.00000000000 0.00000000000 0.00000000000 0.00000000000 0.00000000000 0.00000000000 0.00000000000 0.00000000000 0.00000000000 0.00000000000 0.00000000000 0.00000000000 0.00000000000 0.00000000000 0.00000000000 0.00000000000 0.00000000000 0.00000000000 0.00000000000 0.00000000000 0.00000000000 0.00000000000 0.00000000000 0.00000000000 0.00000000000 0.00000000000 0.00000000000 0.00000000000 0.00000000000 0.00000000000 0.00000000000 0.00000000000 0.00000000000 0.00000000000 0.00000000000 0.00000000000 0.00000000000
# logsel_p1_fsh[3]:
 0.00000000000 0.00000000000 0.00000000000 0.00000000000 0.00000000000 0.00000000000 0.00000000000 0.00000000000 0.00000000000 0.00000000000 0.00000000000 0.00000000000 0.00000000000 0.00000000000 0.00000000000 0.00000000000 0.00000000000 0.00000000000 0.00000000000 0.00000000000 0.00000000000 0.00000000000 0.00000000000 0.00000000000 0.00000000000 0.00000000000 0.00000000000 0.00000000000 0.00000000000 0.00000000000 0.00000000000 0.00000000000 0.00000000000 0.00000000000 0.00000000000 0.00000000000 0.00000000000 0.00000000000 0.00000000000 0.00000000000
# logsel_p1_fsh[4]:
 0.00000000000 0.00000000000 0.00000000000 0.00000000000 0.00000000000 0.00000000000 0.00000000000 0.00000000000 0.00000000000 0.00000000000 0.00000000000 0.00000000000 0.00000000000 0.00000000000 0.00000000000 0.00000000000 0.00000000000 0.00000000000 0.00000000000 0.00000000000 0.00000000000 0.00000000000 0.00000000000 0.00000000000 0.00000000000 0.00000000000 0.00000000000 0.00000000000 0.00000000000 0.00000000000 0.00000000000
# logsel_p2_fsh[1]:
 0.00000000000 0.00000000000 0.00000000000 0.00000000000 0.00000000000 0.00000000000 0.00000000000 0.00000000000 0.00000000000 0.00000000000 0.00000000000 0.00000000000 0.00000000000 0.00000000000 0.00000000000 0.00000000000 0.00000000000 0.00000000000 0.00000000000 0.00000000000 0.00000000000 0.00000000000 0.00000000000 0.00000000000 0.00000000000 0.00000000000 0.00000000000 0.00000000000 0.00000000000 0.00000000000 0.00000000000 0.00000000000 0.00000000000 0.00000000000 0.00000000000 0.00000000000
# logsel_p2_fsh[2]:
 0.00000000000 0.00000000000 0.00000000000 0.00000000000 0.00000000000 0.00000000000 0.00000000000 0.00000000000 0.00000000000 0.00000000000 0.00000000000 0.00000000000 0.00000000000 0.00000000000 0.00000000000 0.00000000000 0.00000000000 0.00000000000 0.00000000000 0.00000000000 0.00000000000 0.00000000000 0.00000000000 0.00000000000 0.00000000000 0.00000000000 0.00000000000 0.00000000000 0.00000000000 0.00000000000 0.00000000000 0.00000000000 0.00000000000 0.00000000000 0.00000000000 0.00000000000 0.00000000000
# logsel_p2_fsh[3]:
 0.00000000000 0.00000000000 0.00000000000 0.00000000000 0.00000000000 0.00000000000 0.00000000000 0.00000000000 0.00000000000 0.00000000000 0.00000000000 0.00000000000 0.00000000000 0.00000000000 0.00000000000 0.00000000000 0.00000000000 0.00000000000 0.00000000000 0.00000000000 0.00000000000 0.00000000000 0.00000000000 0.00000000000 0.00000000000 0.00000000000 0.00000000000 0.00000000000 0.00000000000 0.00000000000 0.00000000000 0.00000000000 0.00000000000 0.00000000000 0.00000000000 0.00000000000 0.00000000000 0.00000000000 0.00000000000 0.00000000000
# logsel_p2_fsh[4]:
 0.00000000000 0.00000000000 0.00000000000 0.00000000000 0.00000000000 0.00000000000 0.00000000000 0.00000000000 0.00000000000 0.00000000000 0.00000000000 0.00000000000 0.00000000000 0.00000000000 0.00000000000 0.00000000000 0.00000000000 0.00000000000 0.00000000000 0.00000000000 0.00000000000 0.00000000000 0.00000000000 0.00000000000 0.00000000000 0.00000000000 0.00000000000 0.00000000000 0.00000000000 0.00000000000 0.00000000000
# logsel_p3_fsh[1]:
 0.00000000000 0.00000000000 0.00000000000 0.00000000000 0.00000000000 0.00000000000 0.00000000000 0.00000000000 0.00000000000 0.00000000000 0.00000000000 0.00000000000 0.00000000000 0.00000000000 0.00000000000 0.00000000000 0.00000000000 0.00000000000 0.00000000000 0.00000000000 0.00000000000 0.00000000000 0.00000000000 0.00000000000 0.00000000000 0.00000000000 0.00000000000 0.00000000000 0.00000000000 0.00000000000 0.00000000000 0.00000000000 0.00000000000 0.00000000000 0.00000000000 0.00000000000
# logsel_p3_fsh[2]:
 0.00000000000 0.00000000000 0.00000000000 0.00000000000 0.00000000000 0.00000000000 0.00000000000 0.00000000000 0.00000000000 0.00000000000 0.00000000000 0.00000000000 0.00000000000 0.00000000000 0.00000000000 0.00000000000 0.00000000000 0.00000000000 0.00000000000 0.00000000000 0.00000000000 0.00000000000 0.00000000000 0.00000000000 0.00000000000 0.00000000000 0.00000000000 0.00000000000 0.00000000000 0.00000000000 0.00000000000 0.00000000000 0.00000000000 0.00000000000 0.00000000000 0.00000000000 0.00000000000
# logsel_p3_fsh[3]:
 0.00000000000 0.00000000000 0.00000000000 0.00000000000 0.00000000000 0.00000000000 0.00000000000 0.00000000000 0.00000000000 0.00000000000 0.00000000000 0.00000000000 0.00000000000 0.00000000000 0.00000000000 0.00000000000 0.00000000000 0.00000000000 0.00000000000 0.00000000000 0.00000000000 0.00000000000 0.00000000000 0.00000000000 0.00000000000 0.00000000000 0.00000000000 0.00000000000 0.00000000000 0.00000000000 0.00000000000 0.00000000000 0.00000000000 0.00000000000 0.00000000000 0.00000000000 0.00000000000 0.00000000000 0.00000000000 0.00000000000
# logsel_p3_fsh[4]:
 0.00000000000 0.00000000000 0.00000000000 0.00000000000 0.00000000000 0.00000000000 0.00000000000 0.00000000000 0.00000000000 0.00000000000 0.00000000000 0.00000000000 0.00000000000 0.00000000000 0.00000000000 0.00000000000 0.00000000000 0.00000000000 0.00000000000 0.00000000000 0.00000000000 0.00000000000 0.00000000000 0.00000000000 0.00000000000 0.00000000000 0.00000000000 0.00000000000 0.00000000000 0.00000000000 0.00000000000
# rec_dev_future:
 0.00000000000 0.00000000000 0.00000000000 0.00000000000 0.00000000000 0.00000000000 0.00000000000 0.00000000000 0.00000000000 0.00000000000 0.00000000000 0.00000000000 0.00000000000 0.00000000000 0.00000000000 0.00000000000 0.00000000000 0.00000000000 0.00000000000 0.00000000000
# log_q_ind[1]:
0.272712769966
# log_q_ind[2]:
-2.66697916188
# log_q_ind[3]:
-9.38715502027
# log_q_ind[4]:
-0.482843120775
# log_q_ind[5]:
-5.68258380611
# log_q_ind[6]:
-8.15416985062
# log_q_ind[7]:
-1.24947432097
# log_q_power_ind[1]:
0.00000000000
# log_q_power_ind[2]:
0.00000000000
# log_q_power_ind[3]:
0.00000000000
# log_q_power_ind[4]:
0.00000000000
# log_q_power_ind[5]:
0.00000000000
# log_q_power_ind[6]:
0.00000000000
# log_q_power_ind[7]:
0.00000000000
# log_rw_q_ind[1]:
 -0.986246988959
# log_rw_q_ind[3]:
 -0.728585244342
# log_selcoffs_ind[1]:
 -1.96902253445 -1.17274052179 -0.588207278753 -0.180391240209 0.0773937325710 0.241211145103 0.334873386674 0.377980245607 0.388956919316 0.388541401655
 -2.59306688724 -1.80321669230 -1.05994522389 -0.431002222709 0.0318256747932 0.336404730916 0.480807914424 0.503515777911 0.455927190253 0.393609871473
# log_selcoffs_ind[2]:
 -0.658482660617 -0.794512893071 -1.10914488684 -1.34033115055 -1.33142954281 -1.02735710527 -0.476894871353 0.199869751406 0.854714524301 1.28764922947
 0.430669663087 -0.161464781641 -0.614908875372 -0.895623253267 -0.960898448831 -0.777110887215 -0.383956748444 0.0998731600670 0.547756601876 0.834616844174
 0.926820280813 0.161165118200 -0.449767334660 -0.826735296012 -0.938650037987 -0.809196983596 -0.503812773991 -0.117347533250 0.244726813276 0.480117589697
# log_selcoffs_ind[3]:
 -0.202940821038 0.0202027052767 0.0202027052767 0.0202027052767 0.0202027052767 0.0202027052767 0.0202027052767 0.0202027052767 0.0202027052767 0.0202027052767
# log_selcoffs_ind[4]:
 -0.435730784557 -0.308345032236 -0.193702220688 -0.107977784011 -0.0402073418563 0.0272628468878 0.100103591589 0.175222725927 0.243072312728 0.290286015875
 -1.18423398183 -0.929478423030 -0.669014251131 -0.397365627399 -0.134026218095 0.0975755792915 0.284129281227 0.416409798563 0.487960769386 0.509100459237
# log_selcoffs_ind[5]:
 -3.04452005677 -0.669616569639 0.101782682789 0.174353368097 0.174353368097 0.174353368097 0.174353368097 0.174353368097 0.174353368097 0.174353368097
# log_selcoffs_ind[6]:
 -3.04452005677 -0.669616569639 0.101782682789 0.174353368097 0.174353368097 0.174353368097 0.174353368097 0.174353368097 0.174353368097 0.174353368097
# log_selcoffs_ind[7]:
 -3.04452005677 -0.669616569639 0.101782682789 0.174353368097 0.174353368097 0.174353368097 0.174353368097 0.174353368097 0.174353368097 0.174353368097
# logsel_slope_ind[1]:
 0.00000000000 0.00000000000
# logsel_slope_ind[2]:
 0.00000000000 0.00000000000 0.00000000000
# logsel_slope_ind[3]:
 0.00000000000
# logsel_slope_ind[4]:
 0.00000000000 0.00000000000
# logsel_slope_ind[5]:
 0.00000000000
# logsel_slope_ind[6]:
 0.00000000000
# logsel_slope_ind[7]:
 0.00000000000
# sel50_ind[1]:
 0.00000000000 0.00000000000
# sel50_ind[2]:
 0.00000000000 0.00000000000 0.00000000000
# sel50_ind[3]:
 0.00000000000
# sel50_ind[4]:
 0.00000000000 0.00000000000
# sel50_ind[5]:
 0.00000000000
# sel50_ind[6]:
 0.00000000000
# sel50_ind[7]:
 0.00000000000
# logsel_p1_ind[1]:
 0.00000000000 0.00000000000
# logsel_p1_ind[2]:
 0.00000000000 0.00000000000 0.00000000000
# logsel_p1_ind[3]:
 0.00000000000
# logsel_p1_ind[4]:
 0.00000000000 0.00000000000
# logsel_p1_ind[5]:
 0.00000000000
# logsel_p1_ind[6]:
 0.00000000000
# logsel_p1_ind[7]:
 0.00000000000
# sel_p2_ind[1]:
 0.00000000000 0.00000000000
# sel_p2_ind[2]:
 0.00000000000 0.00000000000 0.00000000000
# sel_p2_ind[3]:
 0.00000000000
# sel_p2_ind[4]:
 0.00000000000 0.00000000000
# sel_p2_ind[5]:
 0.00000000000
# sel_p2_ind[6]:
 0.00000000000
# sel_p2_ind[7]:
 0.00000000000
# logsel_p3_ind[1]:
 0.00000000000 0.00000000000
# logsel_p3_ind[2]:
 0.00000000000 0.00000000000 0.00000000000
# logsel_p3_ind[3]:
 0.00000000000
# logsel_p3_ind[4]:
 0.00000000000 0.00000000000
# logsel_p3_ind[5]:
 0.00000000000
# logsel_p3_ind[6]:
 0.00000000000
# logsel_p3_ind[7]:
 0.00000000000
