# Number of parameters = 1865 Objective function value = 1234.28932058801  Maximum gradient component = 0.000239832879049773
# Mest[1]:
0.280000000000
# log_Linf[1]:
4.29810139974
# log_k[1]:
-1.83258146375
# log_Lo[1]:
2.60712428251
# log_sdage[1]:
-2.40794560865
# mean_log_rec[1]:
9.31684866024
# steepness[1]:
0.650000000000
# log_Rzero[1]:
9.58060496741
# rec_dev:
 -0.0680445245393 -0.0880754707752 -0.113129387487 -0.144209891742 -0.182340580869 -0.228210576086 -0.281075655822 -0.340081101399 -0.407141937809 -0.481411457468 -0.557293543542 -0.623452898748 -0.692594236586 -0.771527726907 -0.879390784276 -0.858512565054 -0.597772546217 -0.393767090975 -0.00862526219354 0.213854983604 0.248020883645 0.282438755586 0.432356096189 0.581809373811 0.920650782902 0.634333972885 0.816843909319 1.62985129541 1.54944342388 0.832305557190 0.302370291840 0.433689785104 0.702997913771 0.812249501171 0.259585777125 0.342748494950 0.277317092969 0.286171711414 0.432326319954 0.393631188128 0.626297750991 0.571758565718 0.572779632173 0.471339383257 -0.0212369479985 -0.132905327621 -0.0521928148798 -0.582625481216 -1.61450012940 -0.557961627287 -0.174918486154 -0.830296350382 -1.09593080778 -1.21891111472 -1.15548073593 -0.683042532424 -0.662996462306 -0.115268863567 0.367399361182 0.632873879445 0.405958921852 0.123407956803 0.383379682358 -0.239432142313 -0.696361773491 -0.266520209386 0.177270153310
# log_sigmar[1]:
-0.510825623766
# fmort:
 -4.75780158111 -4.33656729671 -5.06083015697 -4.73187002215 -3.95816276958 -3.62182325721 -3.29224928392 -3.29879702679 -2.58869968542 -2.65642264333 -2.92374473530 -2.54424546766 -1.81513664406 -2.79326990283 -1.98567097238 -2.60090434609 -5.03544305577 -3.73911291669 -4.15981311668 -4.27990765402 -4.35148601169 -4.01968118395 -3.93754042022 -3.75960333313 -4.20733321564 -3.93277521234 -3.51581363695 -4.51873398945 -5.67761066834 -5.04528147277 -4.62873455749 -3.91260377517 -4.76194087315 -4.31328828602 -4.19752309376 -3.80474333981 -3.71053982415 -3.17628465970 -2.58603138118 -2.93903552615 -2.64384558245 -4.15880795856 -5.00884968007 -4.43756852645 -4.34354798711 -3.99703080383 -4.33073555831 -3.94094085329 -5.10250239782 -5.38040838997 -4.23137204680 -4.27351220748 -4.47220829500 -4.65896053970 -4.36466863668 -4.51379961473
 -7.15422999857 -6.70633053709 -6.22564007346 -5.62081886000 -5.82375989880 -5.10424340075 -4.58103106856 -4.23113150078 -3.73838911294 -3.51869150873 -3.39656603671 -2.64633940790 -2.41949725787 -2.72442121970 -2.32366298665 -1.94209058841 -1.76782762144 -1.44543521218 -1.25045887959 -1.11265014523 -1.10888700988 -0.879462544193 -0.581573951838 -0.545408701270 -0.345839315470 -0.0560343279541 -0.0815014448256 -0.0707508771915 -0.554826278216 -0.973758684399 -1.22941257572 -1.02659789871 -0.935488346193 -1.01706424506 -1.03941380837 -1.05981476199 -1.00238906976 -0.748294048054 -0.818061788273 -0.433235015062 -0.896103640141 -1.26477946513 -1.67490527760 -1.84419327251 -1.83172461664 -1.66674526438 -1.67209130062 -1.64321749887 -1.50216534224 -1.61608141101 -1.68040971504 -1.71347207187 -1.81856170475 -1.72333465326 -1.37802575824 -1.38823630959
 -8.53233031500 -7.79053557505 -6.89583477254 -5.99460461325 -4.77980970484 -5.89599104812 -5.44740901609 -3.07042394713 -3.33981794102 -3.54841003669 -3.47368374549 -3.52583490848 -4.54577973895 -4.71265110132 -4.36201133060 -4.98202970227 -5.97206408025 -6.06324933329 -4.71672169589 -4.79240582128 -4.76582450711 -5.04539010629 -5.43276481405 -5.22047757669 -4.65569788279 -3.39712510568 -3.02326725164 -2.35660367110 -2.69993690212 -3.78079287564 -3.67538082397 -2.73956099721 -4.34077982965 -3.98196265358 -4.14663671269 -4.89691505597 -3.63320359225 -3.54396139058 -3.54498261018 -3.74752136214 -4.93510811138 -2.81901141211 -3.38903978600 -4.20237716379 -4.23992332028 -5.38533082486 -5.97398304454 -6.74374421736 -5.33298918266 -4.88598632942 -5.17117508330 -5.49184092043 -5.29190398085 -4.82366540420 -4.92266489191 -11.3434816040
 -9.68623788591 -9.62180247448 -7.85005843470 -9.48669641738 -9.40852887769 -9.31985122258 -9.18406816707 -8.29257074525 -5.04233685907 -2.90729398786 -2.85974694896 -2.50486954353 -1.84297402419 -1.58634703857 -1.43719830985 -1.81668377242 -2.09634519962 -2.41518159291 -2.68845287089 -2.87749435246 -3.00441555490 -3.49599739372 -6.05497190670 -9.55179343932 -9.39140063250 -9.13326235064 -8.80831905668 -8.52818650644 -8.41683326188 -8.55300281899 -8.02433671022 -6.07775989831 -4.88879578213 -4.21903114022 -3.50501535301 -3.59745303374 -3.04327628152 -2.47667311832 -2.29774179252 -2.28080805197 -2.38745030829 -3.53191169310 -3.81871095851 -3.81030445590 -3.40840370918 -3.23410556715 -3.73235534208 -3.80871544283 -3.84033758085 -4.02160181860 -6.55549389018 -4.57641580070 -4.45773812876 -4.14598717312 -4.98211701057 -6.24675622909
# log_selcoffs_fsh[1]:
 -3.84643807815 -2.24667782518 -1.24358368071 -0.208081394376 0.764446453670 1.04004823933 0.472930507819 -0.283835748527 -0.826300295006
 -3.37133829161 -1.72477731147 -1.05363970037 -0.252027193584 0.630143086700 0.958147382970 0.544004886484 -0.107780398412 -0.586817716562
 -3.03076213905 -1.54612922873 -0.742891808218 0.00970184105223 0.609478218644 0.783388349278 0.471979019113 -0.0336363817092 -0.423531958418
 -2.62447884405 -1.32906595020 -0.667112204056 -0.0600757067100 0.654437690617 0.752854733078 0.398655722835 -0.0401496254784 -0.342014872180
 -1.98348042860 -0.453504332830 -0.148195833316 0.109693689704 0.364222886881 0.472327452214 0.309238041614 0.0258161511598 -0.201922700743
 -1.86333580689 -0.636052517226 0.341599690162 0.572389636265 0.268780450468 0.139029228095 0.0288696956315 -0.127963934568 -0.262570519502
 -1.56442453294 -0.492904431079 0.432329026259 0.682245608939 0.284393700440 -0.00890938605441 -0.161367225399 -0.260716601888 -0.329588337042
 -1.12833592671 -0.295937945681 0.484810847962 0.739262157938 0.213979201264 -0.129850717858 -0.304559432280 -0.375027936814 -0.396313074394
 -0.834999989015 0.183924273361 0.395110958850 0.538753615165 0.301323628808 -0.141352988752 -0.388203819249 -0.459219912219 -0.452709899626
 -0.602554441480 0.328099785181 0.531706134904 0.526269978095 0.142327082911 -0.276887092094 -0.512192225340 -0.559964555617 -0.530489646924
 -0.0772440212138 0.863946072985 0.417198585753 0.153238607517 -0.204023824784 -0.489624356635 -0.639985540802 -0.655678723132 -0.609108236856
 0.114379729418 0.822192899572 0.580483539819 0.127589486136 -0.379645038992 -0.635796542986 -0.737666784526 -0.733231627554 -0.676981016619
 -0.143282773419 1.08510764763 0.638293564817 -0.0694115475090 -0.580523664351 -0.791662711819 -0.847527913958 -0.819763095232 -0.763918187115
 0.173468645391 1.08540017468 0.574242370673 -0.133616180489 -0.675003888941 -0.871916758777 -0.906482541201 -0.863722859230 -0.806526713890
 0.165797195983 1.16165550681 0.531731770763 -0.194065851692 -0.721559580450 -0.921540064665 -0.955953616165 -0.908383863917 -0.849925190920
 -0.237847726796 1.22609178019 0.656719557048 -0.153545631951 -0.747851916020 -0.962334125075 -1.00147522887 -0.953114976102 -0.893020681715
 -0.175734774673 1.27898432129 0.580999480868 -0.196765446648 -0.777474936610 -0.993209082634 -1.03269657567 -0.982812587539 -0.919522084816
 0.435245148139 1.03985216253 0.625981586632 -0.206033669908 -0.796819309254 -1.00788779880 -1.04278044484 -0.985262165884 -0.915268696470
 0.723163555558 1.06035693294 0.375780661173 -0.322054391081 -0.853732416121 -1.05319706320 -1.08060950362 -1.01178893990 -0.933260348594
 0.447724944077 1.16145125050 0.533281764140 -0.318125517557 -0.906167992257 -1.10609359874 -1.11880967127 -1.03109547170 -0.940444512452
 0.516214060426 1.25478841808 0.370460799109 -0.447020884736 -0.991604386491 -1.17067461528 -1.16424201499 -1.05397818313 -0.948159623129
 0.393755765692 1.27575095806 0.513104583060 -0.505762698342 -1.08422759217 -1.23951627158 -1.20227778751 -1.06601790417 -0.941650005771
 0.645588287768 1.17313303646 0.455851614506 -0.479436936324 -1.09524411386 -1.26465828995 -1.21538569869 -1.05486489956 -0.910031725769
 0.404010576637 1.32926733311 0.373068565340 -0.523618205213 -1.09570502233 -1.26761582056 -1.21790652028 -1.04229475890 -0.879357328757
 0.576818532990 1.23341876245 0.337985742501 -0.492463194903 -1.04363738376 -1.22547948832 -1.17726864572 -0.986661363956 -0.805818264414
 0.501004682962 1.16329067496 0.408715723648 -0.341940259006 -0.967753509620 -1.16522913411 -1.09758044410 -0.890055006582 -0.697552650351
 -0.0660050668831 1.19739872737 0.558633809461 -0.195456604695 -0.864426597980 -1.05813918260 -0.976504703086 -0.756916208872 -0.566495778344
 0.235832669809 1.04549627682 0.477390696520 -0.279522230718 -0.795722520610 -0.929043916311 -0.812557721382 -0.584823961204 -0.394365491834
 1.06763988913 0.601997272772 -0.0697863015720 -0.560017857382 -0.835460174242 -0.854772495775 -0.689835703440 -0.450631329659 -0.269187110694
 0.665551502512 0.910946446497 -0.0620069970900 -0.705101263155 -0.860055194180 -0.759454423988 -0.536324887028 -0.282088563365 -0.101295556790
 0.404558723923 0.916143884476 -0.154761726167 -0.714648343852 -0.796814015732 -0.639285876653 -0.370456614733 -0.101366325589 0.0800024605241
 0.259396582563 0.567718986716 -0.163348218841 -0.579265733051 -0.612645284782 -0.444740310350 -0.159624241364 0.123753625628 0.309616049633
 -0.673290587645 0.245520696490 -0.0852116159923 -0.329392914371 -0.304871347460 -0.196779231769 0.0480353024727 0.299614261170 0.480493136894
 -1.27281836531 -0.469307689550 -0.422128730922 -0.225355814621 -0.0179841784377 0.0490685196149 0.303115334178 0.415724075073 0.553100140847
 -0.934923020635 -0.331408790511 -0.715663683338 -0.643667410335 -0.297696006007 0.0197925088790 0.325613936535 0.545219684448 0.694575199486
 -0.313053603785 -1.22414408680 -1.26454122643 -0.863136323283 -0.373138629381 0.0519645008119 0.400761199249 0.635792260901 0.764158968822
 -1.48705050508 -1.58524372546 -1.44473010962 -0.840665603536 -0.238472294069 0.159062359848 0.523021287063 0.719179599430 0.789240403210
 -2.14375711775 -1.69454318074 -1.44127070518 -0.892816548099 -0.282874336278 0.215885443066 0.535617412699 0.741304818820 0.811475012519
 -2.21893849435 -2.19992288822 -1.90136234650 -1.22307803197 -0.402042604004 0.259368115090 0.679347800008 0.807703558357 0.768426361028
 -2.47441695607 -2.41324166242 -2.01520931050 -1.25591266915 -0.426866167411 0.267405755151 0.697090033738 0.812254519335 0.783056655159
 -2.42558203184 -2.29550950481 -1.82723596936 -1.14484406576 -0.434723492528 0.140379473229 0.554427155665 0.832527892526 0.913691905489
 -2.66234117092 -2.19629585064 -1.55433608441 -0.962818405004 -0.375501942753 0.113529699725 0.465826667726 0.777521207593 0.974289514838
 -2.70732502943 -2.16205094494 -1.53634284958 -0.929812395893 -0.356717781671 0.103937296062 0.463017954589 0.771461132785 0.973470361256
# log_selcoffs_fsh[2]:
 -2.32735796933 -0.412685895780 0.374120690225 0.740976162000 0.612579257099 0.194660957019 -0.146422964609 -0.391805189969 -0.549103759370 -0.670011168225
 -2.24105604436 -0.351292477829 -0.404561384160 0.180456789609 0.687589822717 0.631412881955 0.213933239698 -0.165289959277 -0.346636282083 -0.411869907852
 -2.79420468318 -0.932105093783 -0.493149446405 0.00186688039602 0.582293341320 0.705403733261 0.353743355811 -0.0103510348725 -0.153661341639 -0.167133771808
 -3.20470575429 -1.61740858287 -0.683970097074 -0.172327651434 0.446255458518 0.720849711768 0.395589329417 0.120871999910 0.0638147423463 0.110144233992
 -2.80770803807 -1.25404126080 -1.17006485671 -0.634057092001 0.168807746964 0.576760806073 0.414403607424 0.291969399205 0.347998973924 0.457810602997
 -2.41799494460 -1.28792667261 -1.06388290975 -0.943131916063 -0.413115238699 0.0548231114865 0.284210692315 0.452878445020 0.665803086260 0.848011902756
 -3.07055427241 -1.81093959390 -0.931824132916 -0.756219050087 -0.628361125836 -0.283872973624 0.0964713950165 0.453243873115 0.784170249063 1.02073340895
 -3.59587429282 -2.60652000370 -1.80277969405 -1.06059680596 -0.462803729272 -0.0712694418463 0.238604821178 0.443729617437 0.772748453564 1.04142795718
 -3.86441532521 -2.83432938230 -2.21087457046 -1.49094197271 -0.634436166687 -0.0638822598455 0.338459984063 0.617158274776 0.812785465404 0.958021779158
 -3.95148862364 -2.72502231632 -2.00127485024 -1.52303059024 -1.02879245929 -0.360327795370 0.229117995082 0.771012356746 0.981633350355 0.883302192249
 -3.78207089866 -2.28894417885 -1.54796126087 -1.08974594952 -0.759354911304 -0.498486765034 0.0237264289289 0.658271376526 0.985397104932 0.962072305459
 -3.70551554998 -2.19435804936 -1.37640664620 -0.916553078175 -0.552172683120 -0.254172736273 0.257202638512 0.643985700939 0.829817787878 0.862925706961
 -3.38978533934 -1.55210427031 -0.901306653179 -0.538664165756 -0.261674718066 -0.180490314789 0.183733186915 0.501428365096 0.716780376001 0.815228401171
 -2.95000716318 -1.22524435942 -0.573416163166 -0.285482324641 -0.164346578841 -0.0579744746444 0.176323122068 0.412872483889 0.602454144183 0.701131533025
 -2.55248578682 -0.549737223049 -0.296306707239 -0.278475601496 -0.310553391959 -0.172414990348 0.122392725591 0.370411909905 0.563754788269 0.659619592379
 -2.21570909198 -0.242079744192 -0.255434437463 -0.327822002907 -0.411202251596 -0.265068753659 0.0486765646546 0.327040394158 0.555076500629 0.694166937893
 -1.85868754293 -0.254749082652 -0.258464914335 -0.315257317947 -0.457406279258 -0.384599975394 -0.0785083567316 0.272425885939 0.585871595341 0.797206242387
 -2.13320694750 -0.452336951621 -0.156370067682 -0.252669352025 -0.439243400049 -0.403596216210 -0.125738181554 0.248722533982 0.592002387057 0.845508682473
 -2.40471770703 -0.603646613458 -0.218961008493 -0.214861995862 -0.398206230512 -0.355426268378 -0.0834606575827 0.272910806911 0.606424969163 0.838509541549
 -2.51435183001 -0.909847686936 -0.496269497397 -0.263617411127 -0.336900675232 -0.303819545523 -0.0321117550572 0.329900063396 0.656944347109 0.875195158200
 -2.59599855255 -0.983386434903 -0.512630131832 -0.237979239610 -0.327871391337 -0.343424549760 -0.0940367791870 0.299487847038 0.669250450366 0.925157837113
 -2.86340846123 -1.05641772177 -0.439122786227 -0.163948298829 -0.225682380783 -0.259763519638 -0.0594827418539 0.248057936551 0.609866860910 0.903676195478
 -3.15933871735 -1.64472417747 -0.560480252719 0.0283015479935 0.0283585080676 -0.0879773740228 0.0256597212179 0.247690564469 0.519008422408 0.803291295645
 -3.32927991153 -1.99634125575 -1.00578809971 -0.205986552641 0.195938195895 0.152833616409 0.258896456947 0.392562046758 0.505186939442 0.606282260462
 -3.45227659719 -1.84711911851 -1.02752217693 -0.554760228569 -0.0568137823208 0.250143977605 0.404980634311 0.551436271155 0.549207436463 0.520373078126
 -3.66388548929 -2.21191434120 -1.28438440998 -0.405532664068 0.0462058293384 0.254621729259 0.411652621429 0.565186348957 0.559142241282 0.448469128697
 -3.96171260116 -2.09985492758 -1.22509859548 -0.231468871467 0.185516363344 0.334622164728 0.430510731921 0.563565168548 0.453756960452 0.263105319814
 -4.05211221230 -2.03285060817 -1.13042303155 -0.259592061347 0.172668324808 0.249682886526 0.647649990309 0.604851007039 0.342098781665 0.126964200263
 -3.98386301667 -2.45917562081 -1.57141500346 -0.180569030436 0.378073672950 0.441329971513 0.676341519880 0.422722538402 0.225759483742 0.0889593409863
 -3.92245032621 -2.11664463640 -0.832298845704 -0.0471483880222 0.688107874924 0.505013944796 0.341280481144 0.180009650515 0.110269552135 0.0982762852888
 -3.65161269951 -1.50662813534 -0.341243456593 0.191384984986 0.198804682970 0.145316465256 0.201710367132 0.251921111549 0.341048412591 0.430368865851
 -3.53862006071 -1.57428351755 -0.589162521953 -0.134048311457 0.100329931228 0.0476372794561 0.0950234135802 0.323829936622 0.534180391496 0.689128736605
 -3.10586444918 -1.02687363054 -0.797825938526 -0.520176029444 -0.184595227839 -0.0661984809571 -5.80849875199e-05 0.328559526811 0.683483040132 0.881826915062
 -3.79308977833 -1.50543559821 -0.730007424019 -0.262268040752 -0.0129750616990 0.0919858363951 0.141756640534 0.336115694756 0.576728694804 0.736629476561
 -4.21510583466 -2.09560909579 -1.18843587008 -0.593528834826 -0.0352711406217 0.218012256551 0.348839252404 0.485224753712 0.609522935208 0.649561496328
 -4.63443329708 -2.67774350215 -1.50832466326 -0.762262990228 -0.222924838941 0.0998024139404 0.368610038075 0.576600866920 0.679050718082 0.756519372402
 -4.95646321700 -3.25150824564 -2.06245159044 -1.04609734933 -0.160360280050 0.210225157065 0.496360167789 0.661506208996 0.652430872104 0.636239722529
 -5.08324137476 -3.44306146639 -2.54508953890 -1.63174290800 -0.564959689029 0.206135688359 0.588858340786 0.758010038276 0.710276197742 0.652308249590
 -5.13838136943 -3.60642680435 -2.39098810927 -1.71203189360 -0.866013434998 -0.138957551054 0.425320616823 0.729477348218 0.838639179001 0.910981474170
 -5.07802995375 -3.75560333007 -2.51018954013 -1.59566176734 -1.03519138563 -0.456300580730 0.108049640537 0.585542228204 0.898867873464 1.20317797765
 -4.93510109170 -3.48423532820 -2.22785504659 -1.26629889086 -0.802243558782 -0.603329638255 -0.319330170733 0.145505875549 0.820820396254 1.48649440597
 -4.84352812194 -3.20070184936 -1.83906894529 -1.06344944588 -0.508918321363 -0.502705567753 -0.540631945228 -0.255567525081 0.574075589159 1.63095986159
 -4.81281011325 -3.21697240522 -1.82151542981 -0.913205854241 -0.521148360571 -0.496981527858 -0.549134934411 -0.272392272137 0.581920455810 1.62099166660
# log_selcoffs_fsh[3]:
 -1.98006493047 -1.19790519378 0.202994889470 1.03069384503 0.363570146883 -0.402064804309 -0.856502979795
 -2.34819224006 -1.24611065259 0.383389738542 0.992142898332 0.308398201838 -0.417558714098 -0.837748059661
 -2.17485264253 -1.03729514716 0.231983375449 0.963072122721 0.369625808068 -0.323381155981 -0.733466904858
 -3.01669550442 -1.55215614560 0.271737957630 1.05705816053 0.320787183940 -0.361642803021 -0.745772298568
 -3.42916498262 -1.77206499588 0.294512595249 0.964055648493 0.427585019841 -0.239591769218 -0.668798333651
 -3.61430508781 -1.94953981765 -0.223169178920 0.960298506118 0.664945860540 -0.0829791336982 -0.591469169380
 -3.65140750688 -1.90845687124 -0.293536405373 0.954208659570 0.649458220597 -0.0378183479236 -0.500696892290
 -3.51382785735 -1.58005456681 0.417261258778 0.715645576038 0.413190838707 -0.0142037630791 -0.351804684044
 -3.22631397551 -1.37137253906 0.230985957507 0.618368079269 0.519733387844 0.113799941316 -0.237378997796
 -2.96162014281 -0.894117459956 0.137290070977 0.681228421378 0.457360144458 0.0435245269774 -0.233890547375
 -2.99747414188 -1.25048071735 0.0595245758427 0.966772765095 0.414147040840 -0.185675349870 -0.463114757394
 -3.05096874878 -1.22162282690 0.194382595818 0.990965232759 0.389557192641 -0.310592411585 -0.615812734963
 -3.07836568675 -1.20822354359 0.322486380609 1.04989780500 0.258034956295 -0.469638998758 -0.697735840067
 -2.97220538796 -0.774445755906 0.740003641906 0.745526402339 0.0983077318882 -0.454241915139 -0.604906545622
 -2.94923326108 -0.960792550468 0.612903189605 0.799823624221 0.149793602547 -0.354644765757 -0.460318062135
 -2.95334152955 -0.943095262131 0.712597046288 0.796632677718 -0.0441383087954 -0.428060879713 -0.367474511388
 -2.95827719328 -0.701127629075 0.882542756046 0.647265217541 -0.199425640498 -0.514187832978 -0.345973089005
 -3.02707727607 -0.787527999601 1.03456830960 0.572017259665 -0.276612306977 -0.616380404998 -0.490039247183
 -2.90962163933 -0.318174650101 1.05069833285 0.439133851529 -0.315345676415 -0.642677850624 -0.594934394285
 -2.84197051078 -0.397257343719 1.14052971530 0.366008107839 -0.386173126064 -0.688309357708 -0.659598842137
 -2.74801905407 -0.174197300915 1.13879352609 0.278098242713 -0.451166779696 -0.705049924116 -0.651561052587
 -2.70085230819 -0.466085137053 1.18373206426 0.261267573900 -0.466771996762 -0.654207609849 -0.521880593960
 -2.47563474204 -0.702651978713 0.990609807407 0.373224079313 -0.309731521047 -0.413902298892 -0.127123367836
 -2.17955204269 -0.386749820681 0.674859912960 0.405331700859 -0.162583313128 -0.239035773816 0.101434207861
 -1.97343693344 -0.535806684736 0.446245548061 0.650315224141 -0.0487620026688 -0.244346706692 0.0597970085806
 -1.77193396171 0.273623250291 0.393525685176 0.311363598937 0.00643977629813 -0.264659060218 -0.112199708502
 -2.05654773843 0.0405504112433 0.987758915240 0.312476483796 -0.341306007418 -0.642539048124 -0.612657237818
 -2.32766529906 -0.381008597519 1.04455132851 0.611793334482 -0.341921074097 -0.835022122209 -0.943719183038
 -2.58670967312 -0.554887645543 1.02468914769 0.700184750805 -0.243682494709 -0.866749845332 -1.06076734143
 -2.70008745336 -0.657696924732 0.585698953589 0.997666573848 0.128279129273 -0.797429161527 -1.14190885861
 -2.59439390701 0.146494242544 0.623160344426 0.784628992420 0.00103663276425 -0.846394935147 -1.26890631565
 -2.86949281267 -0.709428646980 1.27278752793 0.505679724976 -0.389032734202 -1.11771447634 -1.52461842567
 -3.02774823434 -1.02273607032 0.962043160959 0.983580905992 -0.239537772483 -1.16422412141 -1.60069185116
 -3.04583783082 -1.06138249112 0.658348942438 1.12419912102 0.0239174743354 -1.03768477750 -1.52035109270
 -3.00453725665 -0.919358720700 0.887241627417 0.981074925280 -0.160247401591 -1.02116838434 -1.41135368015
 -2.80913454338 -0.176831116814 1.08298731520 0.528901410266 -0.268032950577 -0.921069714055 -1.24378906957
 -2.77151375400 -0.249018764560 1.05136069974 0.559223651116 -0.248301158241 -0.832986608732 -1.10220633847
 -2.77451691681 -0.0246960577057 1.00645717459 0.465434114141 -0.206838889794 -0.757408005234 -1.04586838982
 -3.03024965510 -0.493667372560 1.11421554732 0.536309980532 -0.203669897222 -0.798368452774 -1.14364619461
 -3.28317479232 -1.14138447383 0.948644894305 0.823914606598 -0.0130224425329 -0.728258611752 -1.16574582334
 -3.42285436535 -1.59128291766 0.253050471806 1.12641220368 0.364925627838 -0.496362312879 -1.07279636522
 -3.50333959264 -1.92780945575 -0.380473415068 0.973658203702 0.828029897783 -0.193213025311 -0.967122595886
 -3.58175758080 -2.08140655412 -0.462218629874 0.814921011101 0.908279973912 0.0449335364814 -0.838114448720
 -3.58057280777 -2.11684390229 -0.593524856881 0.579960597190 0.938073794442 0.361263412304 -0.647815041675
 -3.53021981467 -2.11251525117 -0.789122908290 0.338034591866 0.945498189876 0.573928836989 -0.440036857350
 -3.47292660344 -2.04577904024 -0.696054646567 0.388706393871 0.898348890909 0.514582971234 -0.304369146000
# log_selcoffs_fsh[4]:
 -2.01483582956 -1.63865738976 -1.23242966539 -0.781532611882 -0.310972651847 0.133523798751 0.493442378281 0.732116110847 0.845922351323
 -1.99865220050 -1.62969544523 -1.22756046361 -0.776833516103 -0.306754159985 0.134408202416 0.492209608507 0.730062333865 0.843633301126
 -1.96803563853 -1.61283318654 -1.22189991810 -0.767862475695 -0.293087516645 0.142329188736 0.493796443633 0.724058931790 0.833798453405
 -1.91418961244 -1.57696804168 -1.21238250808 -0.771547054721 -0.284562422040 0.158712861458 0.500016329828 0.717597772483 0.816937229397
 -1.83149783083 -1.50029511151 -1.15914197565 -0.757740123116 -0.298578554678 0.153674155707 0.507806861776 0.714567161238 0.798117148607
 -1.73448342753 -1.38987581413 -1.08780976231 -0.731142636591 -0.280300897530 0.155230075885 0.502897592775 0.701807815533 0.770897300747
 -1.63331079279 -1.29638416997 -0.960810124140 -0.648120323916 -0.263382551286 0.160275160433 0.493136645739 0.675104359170 0.733148538517
 -1.50851690554 -1.20406540095 -0.876954302797 -0.531458633284 -0.185499782175 0.171650817579 0.465506592444 0.631452903621 0.685055147972
 -1.32669423949 -1.04958290672 -0.775764890898 -0.474744460161 -0.129927155481 0.187383016589 0.437187446339 0.580743320966 0.632444742615
 -1.11656639586 -0.847006865865 -0.583604874724 -0.372765586942 -0.132769019554 0.151609315721 0.384738664078 0.527622912745 0.584274843273
 -0.915417020629 -0.652142745098 -0.403337712876 -0.199587779651 -0.0849370943620 0.0770739386385 0.289080915310 0.449116768736 0.525170934281
 -0.730812470665 -0.508714929604 -0.272040651923 -0.0767627994224 0.0251505696424 0.0566943490712 0.175223875818 0.337033007409 0.440305617429
 -0.556305305122 -0.375606021970 -0.204588998558 -0.0358913370904 0.0664823315565 0.0888509625311 0.125592918807 0.234340570560 0.336844359437
 -0.383325797102 -0.246016247980 -0.117529408181 -0.0114813355257 0.0464555270156 0.0640349365444 0.0942192293494 0.165674843562 0.235964923139
 -0.215467291245 -0.121332834283 -0.0383999186203 0.0156840452919 0.0321883226757 0.0275722326634 0.0392844031993 0.0840211010464 0.132408588923
 -0.0528404561796 -0.00268948411956 0.0349045559945 0.0397695501389 0.0148677912461 -0.0202824413921 -0.0330673322789 -0.00960679368228 0.0249358885553
 0.108865992816 0.114544952803 0.103149720552 0.0531314869452 -0.0130144956202 -0.0840930418825 -0.121841991003 -0.114520655994 -0.0867557048320
 0.235839211687 0.204487410704 0.172296989039 0.0629382254834 -0.0477355709621 -0.150883470626 -0.209733716304 -0.215916882653 -0.193335488245
 0.350348138002 0.222024836880 0.227905487877 0.0915452549710 -0.0913515992622 -0.205170117281 -0.278791123078 -0.295843631229 -0.284758817339
 0.359222955629 0.221491864264 0.200214579355 0.157607514163 -0.0426813132469 -0.218782782923 -0.298961338963 -0.335987400164 -0.343135281965
 0.264774988465 0.192969609308 0.0987240114852 0.103566542614 0.0388866193445 -0.111138841946 -0.218587033031 -0.258632224361 -0.273243414225
 -0.0169420111232 0.0137664116379 0.0467435875185 0.0587115704937 0.0997694351782 0.0367526138513 -0.0397555070720 -0.0990782365662 -0.121527962705
 -0.304754645822 -0.192223447071 -0.0344883034775 0.0539956102173 0.122158136723 0.137448744674 0.0937562200033 0.0383067975817 0.00137515396692
 -0.627901785257 -0.417365140209 -0.204962020407 0.0145979929993 0.171200854822 0.233393241985 0.210883591328 0.157936044236 0.115699860474
 -0.921070979974 -0.614041208116 -0.308848598977 -0.0160107452582 0.222948121201 0.298664252656 0.272446822352 0.218363907573 0.171693092720
 -1.23039645536 -0.843036754434 -0.484458721452 -0.119681558815 0.193039285638 0.359944471178 0.371050530981 0.317149868943 0.266619359566
 -1.51923069999 -1.02340792812 -0.680193923001 -0.243040395326 0.183146433310 0.395756581237 0.444186472505 0.394907825695 0.337205197582
 -1.82230713670 -1.32197842735 -0.850063231798 -0.272646343331 0.143675073876 0.306181501478 0.413743200087 0.490041571854 0.545458863601
 -1.44545168780 -1.39282232259 -1.01375084516 -0.552040290944 -0.0919803770233 0.239219899814 0.455366984958 0.600784582120 0.690481595174
 -1.84762183592 -1.49505568746 -1.21674875398 -0.735701361509 -0.196315294394 0.219774241795 0.491702608384 0.674752708509 0.777763049110
 -1.75535779679 -1.35757045243 -1.27381680765 -0.971820396712 -0.505484443522 -0.0172005656496 0.435053317479 0.774217740005 0.959968452263
 -1.58510611169 -0.973084573886 -1.02525213434 -1.01367831556 -0.711964057740 -0.222875787833 0.285970090627 0.757744723540 1.07846576120
 -1.40953718740 -0.331929308158 0.0798101358035 -0.285499913544 -0.426291356500 -0.317099256566 0.0156025155689 0.458359655302 0.799801332136
 -1.32822478076 0.000305476357141 0.0682908211351 -0.138264490835 -0.324063590960 -0.343207210416 -0.0850779590517 0.347778991170 0.706135908123
 -1.39358465266 -0.314071608065 0.173349772712 0.162781754098 -0.247600775705 -0.422537724588 -0.225087771046 0.273157996441 0.745113346847
 -1.39861300983 -0.461408904953 -0.0398878984872 -0.0647573990791 -0.258168104459 -0.503482514687 -0.374751959044 0.254485618570 1.05442655356
 -1.28791982728 -0.433093416613 -0.0842932313506 -0.109358139623 -0.316270200460 -0.474975920166 -0.289425342262 0.327684856871 1.01988553465
# log_sel_spl_fsh[1]:
 0.00000000000 0.00000000000 0.00000000000 0.00000000000
 0.00000000000 0.00000000000 0.00000000000 0.00000000000
 0.00000000000 0.00000000000 0.00000000000 0.00000000000
 0.00000000000 0.00000000000 0.00000000000 0.00000000000
 0.00000000000 0.00000000000 0.00000000000 0.00000000000
 0.00000000000 0.00000000000 0.00000000000 0.00000000000
 0.00000000000 0.00000000000 0.00000000000 0.00000000000
 0.00000000000 0.00000000000 0.00000000000 0.00000000000
 0.00000000000 0.00000000000 0.00000000000 0.00000000000
 0.00000000000 0.00000000000 0.00000000000 0.00000000000
 0.00000000000 0.00000000000 0.00000000000 0.00000000000
 0.00000000000 0.00000000000 0.00000000000 0.00000000000
 0.00000000000 0.00000000000 0.00000000000 0.00000000000
 0.00000000000 0.00000000000 0.00000000000 0.00000000000
 0.00000000000 0.00000000000 0.00000000000 0.00000000000
 0.00000000000 0.00000000000 0.00000000000 0.00000000000
 0.00000000000 0.00000000000 0.00000000000 0.00000000000
 0.00000000000 0.00000000000 0.00000000000 0.00000000000
 0.00000000000 0.00000000000 0.00000000000 0.00000000000
 0.00000000000 0.00000000000 0.00000000000 0.00000000000
 0.00000000000 0.00000000000 0.00000000000 0.00000000000
 0.00000000000 0.00000000000 0.00000000000 0.00000000000
 0.00000000000 0.00000000000 0.00000000000 0.00000000000
 0.00000000000 0.00000000000 0.00000000000 0.00000000000
 0.00000000000 0.00000000000 0.00000000000 0.00000000000
 0.00000000000 0.00000000000 0.00000000000 0.00000000000
 0.00000000000 0.00000000000 0.00000000000 0.00000000000
 0.00000000000 0.00000000000 0.00000000000 0.00000000000
 0.00000000000 0.00000000000 0.00000000000 0.00000000000
 0.00000000000 0.00000000000 0.00000000000 0.00000000000
 0.00000000000 0.00000000000 0.00000000000 0.00000000000
 0.00000000000 0.00000000000 0.00000000000 0.00000000000
 0.00000000000 0.00000000000 0.00000000000 0.00000000000
 0.00000000000 0.00000000000 0.00000000000 0.00000000000
 0.00000000000 0.00000000000 0.00000000000 0.00000000000
 0.00000000000 0.00000000000 0.00000000000 0.00000000000
 0.00000000000 0.00000000000 0.00000000000 0.00000000000
 0.00000000000 0.00000000000 0.00000000000 0.00000000000
 0.00000000000 0.00000000000 0.00000000000 0.00000000000
 0.00000000000 0.00000000000 0.00000000000 0.00000000000
 0.00000000000 0.00000000000 0.00000000000 0.00000000000
 0.00000000000 0.00000000000 0.00000000000 0.00000000000
 0.00000000000 0.00000000000 0.00000000000 0.00000000000
# log_sel_spl_fsh[2]:
 0.00000000000 0.00000000000 0.00000000000 0.00000000000
 0.00000000000 0.00000000000 0.00000000000 0.00000000000
 0.00000000000 0.00000000000 0.00000000000 0.00000000000
 0.00000000000 0.00000000000 0.00000000000 0.00000000000
 0.00000000000 0.00000000000 0.00000000000 0.00000000000
 0.00000000000 0.00000000000 0.00000000000 0.00000000000
 0.00000000000 0.00000000000 0.00000000000 0.00000000000
 0.00000000000 0.00000000000 0.00000000000 0.00000000000
 0.00000000000 0.00000000000 0.00000000000 0.00000000000
 0.00000000000 0.00000000000 0.00000000000 0.00000000000
 0.00000000000 0.00000000000 0.00000000000 0.00000000000
 0.00000000000 0.00000000000 0.00000000000 0.00000000000
 0.00000000000 0.00000000000 0.00000000000 0.00000000000
 0.00000000000 0.00000000000 0.00000000000 0.00000000000
 0.00000000000 0.00000000000 0.00000000000 0.00000000000
 0.00000000000 0.00000000000 0.00000000000 0.00000000000
 0.00000000000 0.00000000000 0.00000000000 0.00000000000
 0.00000000000 0.00000000000 0.00000000000 0.00000000000
 0.00000000000 0.00000000000 0.00000000000 0.00000000000
 0.00000000000 0.00000000000 0.00000000000 0.00000000000
 0.00000000000 0.00000000000 0.00000000000 0.00000000000
 0.00000000000 0.00000000000 0.00000000000 0.00000000000
 0.00000000000 0.00000000000 0.00000000000 0.00000000000
 0.00000000000 0.00000000000 0.00000000000 0.00000000000
 0.00000000000 0.00000000000 0.00000000000 0.00000000000
 0.00000000000 0.00000000000 0.00000000000 0.00000000000
 0.00000000000 0.00000000000 0.00000000000 0.00000000000
 0.00000000000 0.00000000000 0.00000000000 0.00000000000
 0.00000000000 0.00000000000 0.00000000000 0.00000000000
 0.00000000000 0.00000000000 0.00000000000 0.00000000000
 0.00000000000 0.00000000000 0.00000000000 0.00000000000
 0.00000000000 0.00000000000 0.00000000000 0.00000000000
 0.00000000000 0.00000000000 0.00000000000 0.00000000000
 0.00000000000 0.00000000000 0.00000000000 0.00000000000
 0.00000000000 0.00000000000 0.00000000000 0.00000000000
 0.00000000000 0.00000000000 0.00000000000 0.00000000000
 0.00000000000 0.00000000000 0.00000000000 0.00000000000
 0.00000000000 0.00000000000 0.00000000000 0.00000000000
 0.00000000000 0.00000000000 0.00000000000 0.00000000000
 0.00000000000 0.00000000000 0.00000000000 0.00000000000
 0.00000000000 0.00000000000 0.00000000000 0.00000000000
 0.00000000000 0.00000000000 0.00000000000 0.00000000000
 0.00000000000 0.00000000000 0.00000000000 0.00000000000
# log_sel_spl_fsh[3]:
 0.00000000000 0.00000000000 0.00000000000 0.00000000000
 0.00000000000 0.00000000000 0.00000000000 0.00000000000
 0.00000000000 0.00000000000 0.00000000000 0.00000000000
 0.00000000000 0.00000000000 0.00000000000 0.00000000000
 0.00000000000 0.00000000000 0.00000000000 0.00000000000
 0.00000000000 0.00000000000 0.00000000000 0.00000000000
 0.00000000000 0.00000000000 0.00000000000 0.00000000000
 0.00000000000 0.00000000000 0.00000000000 0.00000000000
 0.00000000000 0.00000000000 0.00000000000 0.00000000000
 0.00000000000 0.00000000000 0.00000000000 0.00000000000
 0.00000000000 0.00000000000 0.00000000000 0.00000000000
 0.00000000000 0.00000000000 0.00000000000 0.00000000000
 0.00000000000 0.00000000000 0.00000000000 0.00000000000
 0.00000000000 0.00000000000 0.00000000000 0.00000000000
 0.00000000000 0.00000000000 0.00000000000 0.00000000000
 0.00000000000 0.00000000000 0.00000000000 0.00000000000
 0.00000000000 0.00000000000 0.00000000000 0.00000000000
 0.00000000000 0.00000000000 0.00000000000 0.00000000000
 0.00000000000 0.00000000000 0.00000000000 0.00000000000
 0.00000000000 0.00000000000 0.00000000000 0.00000000000
 0.00000000000 0.00000000000 0.00000000000 0.00000000000
 0.00000000000 0.00000000000 0.00000000000 0.00000000000
 0.00000000000 0.00000000000 0.00000000000 0.00000000000
 0.00000000000 0.00000000000 0.00000000000 0.00000000000
 0.00000000000 0.00000000000 0.00000000000 0.00000000000
 0.00000000000 0.00000000000 0.00000000000 0.00000000000
 0.00000000000 0.00000000000 0.00000000000 0.00000000000
 0.00000000000 0.00000000000 0.00000000000 0.00000000000
 0.00000000000 0.00000000000 0.00000000000 0.00000000000
 0.00000000000 0.00000000000 0.00000000000 0.00000000000
 0.00000000000 0.00000000000 0.00000000000 0.00000000000
 0.00000000000 0.00000000000 0.00000000000 0.00000000000
 0.00000000000 0.00000000000 0.00000000000 0.00000000000
 0.00000000000 0.00000000000 0.00000000000 0.00000000000
 0.00000000000 0.00000000000 0.00000000000 0.00000000000
 0.00000000000 0.00000000000 0.00000000000 0.00000000000
 0.00000000000 0.00000000000 0.00000000000 0.00000000000
 0.00000000000 0.00000000000 0.00000000000 0.00000000000
 0.00000000000 0.00000000000 0.00000000000 0.00000000000
 0.00000000000 0.00000000000 0.00000000000 0.00000000000
 0.00000000000 0.00000000000 0.00000000000 0.00000000000
 0.00000000000 0.00000000000 0.00000000000 0.00000000000
 0.00000000000 0.00000000000 0.00000000000 0.00000000000
 0.00000000000 0.00000000000 0.00000000000 0.00000000000
 0.00000000000 0.00000000000 0.00000000000 0.00000000000
 0.00000000000 0.00000000000 0.00000000000 0.00000000000
# log_sel_spl_fsh[4]:
 0.00000000000 0.00000000000 0.00000000000 0.00000000000
 0.00000000000 0.00000000000 0.00000000000 0.00000000000
 0.00000000000 0.00000000000 0.00000000000 0.00000000000
 0.00000000000 0.00000000000 0.00000000000 0.00000000000
 0.00000000000 0.00000000000 0.00000000000 0.00000000000
 0.00000000000 0.00000000000 0.00000000000 0.00000000000
 0.00000000000 0.00000000000 0.00000000000 0.00000000000
 0.00000000000 0.00000000000 0.00000000000 0.00000000000
 0.00000000000 0.00000000000 0.00000000000 0.00000000000
 0.00000000000 0.00000000000 0.00000000000 0.00000000000
 0.00000000000 0.00000000000 0.00000000000 0.00000000000
 0.00000000000 0.00000000000 0.00000000000 0.00000000000
 0.00000000000 0.00000000000 0.00000000000 0.00000000000
 0.00000000000 0.00000000000 0.00000000000 0.00000000000
 0.00000000000 0.00000000000 0.00000000000 0.00000000000
 0.00000000000 0.00000000000 0.00000000000 0.00000000000
 0.00000000000 0.00000000000 0.00000000000 0.00000000000
 0.00000000000 0.00000000000 0.00000000000 0.00000000000
 0.00000000000 0.00000000000 0.00000000000 0.00000000000
 0.00000000000 0.00000000000 0.00000000000 0.00000000000
 0.00000000000 0.00000000000 0.00000000000 0.00000000000
 0.00000000000 0.00000000000 0.00000000000 0.00000000000
 0.00000000000 0.00000000000 0.00000000000 0.00000000000
 0.00000000000 0.00000000000 0.00000000000 0.00000000000
 0.00000000000 0.00000000000 0.00000000000 0.00000000000
 0.00000000000 0.00000000000 0.00000000000 0.00000000000
 0.00000000000 0.00000000000 0.00000000000 0.00000000000
 0.00000000000 0.00000000000 0.00000000000 0.00000000000
 0.00000000000 0.00000000000 0.00000000000 0.00000000000
 0.00000000000 0.00000000000 0.00000000000 0.00000000000
 0.00000000000 0.00000000000 0.00000000000 0.00000000000
 0.00000000000 0.00000000000 0.00000000000 0.00000000000
 0.00000000000 0.00000000000 0.00000000000 0.00000000000
 0.00000000000 0.00000000000 0.00000000000 0.00000000000
 0.00000000000 0.00000000000 0.00000000000 0.00000000000
 0.00000000000 0.00000000000 0.00000000000 0.00000000000
 0.00000000000 0.00000000000 0.00000000000 0.00000000000
# logsel_slope_fsh[1]:
 0.00000000000 0.00000000000 0.00000000000 0.00000000000 0.00000000000 0.00000000000 0.00000000000 0.00000000000 0.00000000000 0.00000000000 0.00000000000 0.00000000000 0.00000000000 0.00000000000 0.00000000000 0.00000000000 0.00000000000 0.00000000000 0.00000000000 0.00000000000 0.00000000000 0.00000000000 0.00000000000 0.00000000000 0.00000000000 0.00000000000 0.00000000000 0.00000000000 0.00000000000 0.00000000000 0.00000000000 0.00000000000 0.00000000000 0.00000000000 0.00000000000 0.00000000000 0.00000000000 0.00000000000 0.00000000000 0.00000000000 0.00000000000 0.00000000000 0.00000000000
# logsel_slope_fsh[2]:
 0.00000000000 0.00000000000 0.00000000000 0.00000000000 0.00000000000 0.00000000000 0.00000000000 0.00000000000 0.00000000000 0.00000000000 0.00000000000 0.00000000000 0.00000000000 0.00000000000 0.00000000000 0.00000000000 0.00000000000 0.00000000000 0.00000000000 0.00000000000 0.00000000000 0.00000000000 0.00000000000 0.00000000000 0.00000000000 0.00000000000 0.00000000000 0.00000000000 0.00000000000 0.00000000000 0.00000000000 0.00000000000 0.00000000000 0.00000000000 0.00000000000 0.00000000000 0.00000000000 0.00000000000 0.00000000000 0.00000000000 0.00000000000 0.00000000000 0.00000000000
# logsel_slope_fsh[3]:
 0.00000000000 0.00000000000 0.00000000000 0.00000000000 0.00000000000 0.00000000000 0.00000000000 0.00000000000 0.00000000000 0.00000000000 0.00000000000 0.00000000000 0.00000000000 0.00000000000 0.00000000000 0.00000000000 0.00000000000 0.00000000000 0.00000000000 0.00000000000 0.00000000000 0.00000000000 0.00000000000 0.00000000000 0.00000000000 0.00000000000 0.00000000000 0.00000000000 0.00000000000 0.00000000000 0.00000000000 0.00000000000 0.00000000000 0.00000000000 0.00000000000 0.00000000000 0.00000000000 0.00000000000 0.00000000000 0.00000000000 0.00000000000 0.00000000000 0.00000000000 0.00000000000 0.00000000000 0.00000000000
# logsel_slope_fsh[4]:
 0.00000000000 0.00000000000 0.00000000000 0.00000000000 0.00000000000 0.00000000000 0.00000000000 0.00000000000 0.00000000000 0.00000000000 0.00000000000 0.00000000000 0.00000000000 0.00000000000 0.00000000000 0.00000000000 0.00000000000 0.00000000000 0.00000000000 0.00000000000 0.00000000000 0.00000000000 0.00000000000 0.00000000000 0.00000000000 0.00000000000 0.00000000000 0.00000000000 0.00000000000 0.00000000000 0.00000000000 0.00000000000 0.00000000000 0.00000000000 0.00000000000 0.00000000000 0.00000000000
# sel50_fsh[1]:
 0.00000000000 0.00000000000 0.00000000000 0.00000000000 0.00000000000 0.00000000000 0.00000000000 0.00000000000 0.00000000000 0.00000000000 0.00000000000 0.00000000000 0.00000000000 0.00000000000 0.00000000000 0.00000000000 0.00000000000 0.00000000000 0.00000000000 0.00000000000 0.00000000000 0.00000000000 0.00000000000 0.00000000000 0.00000000000 0.00000000000 0.00000000000 0.00000000000 0.00000000000 0.00000000000 0.00000000000 0.00000000000 0.00000000000 0.00000000000 0.00000000000 0.00000000000 0.00000000000 0.00000000000 0.00000000000 0.00000000000 0.00000000000 0.00000000000 0.00000000000
# sel50_fsh[2]:
 0.00000000000 0.00000000000 0.00000000000 0.00000000000 0.00000000000 0.00000000000 0.00000000000 0.00000000000 0.00000000000 0.00000000000 0.00000000000 0.00000000000 0.00000000000 0.00000000000 0.00000000000 0.00000000000 0.00000000000 0.00000000000 0.00000000000 0.00000000000 0.00000000000 0.00000000000 0.00000000000 0.00000000000 0.00000000000 0.00000000000 0.00000000000 0.00000000000 0.00000000000 0.00000000000 0.00000000000 0.00000000000 0.00000000000 0.00000000000 0.00000000000 0.00000000000 0.00000000000 0.00000000000 0.00000000000 0.00000000000 0.00000000000 0.00000000000 0.00000000000
# sel50_fsh[3]:
 0.00000000000 0.00000000000 0.00000000000 0.00000000000 0.00000000000 0.00000000000 0.00000000000 0.00000000000 0.00000000000 0.00000000000 0.00000000000 0.00000000000 0.00000000000 0.00000000000 0.00000000000 0.00000000000 0.00000000000 0.00000000000 0.00000000000 0.00000000000 0.00000000000 0.00000000000 0.00000000000 0.00000000000 0.00000000000 0.00000000000 0.00000000000 0.00000000000 0.00000000000 0.00000000000 0.00000000000 0.00000000000 0.00000000000 0.00000000000 0.00000000000 0.00000000000 0.00000000000 0.00000000000 0.00000000000 0.00000000000 0.00000000000 0.00000000000 0.00000000000 0.00000000000 0.00000000000 0.00000000000
# sel50_fsh[4]:
 0.00000000000 0.00000000000 0.00000000000 0.00000000000 0.00000000000 0.00000000000 0.00000000000 0.00000000000 0.00000000000 0.00000000000 0.00000000000 0.00000000000 0.00000000000 0.00000000000 0.00000000000 0.00000000000 0.00000000000 0.00000000000 0.00000000000 0.00000000000 0.00000000000 0.00000000000 0.00000000000 0.00000000000 0.00000000000 0.00000000000 0.00000000000 0.00000000000 0.00000000000 0.00000000000 0.00000000000 0.00000000000 0.00000000000 0.00000000000 0.00000000000 0.00000000000 0.00000000000
# logsel_p1_fsh[1]:
 0.00000000000 0.00000000000 0.00000000000 0.00000000000 0.00000000000 0.00000000000 0.00000000000 0.00000000000 0.00000000000 0.00000000000 0.00000000000 0.00000000000 0.00000000000 0.00000000000 0.00000000000 0.00000000000 0.00000000000 0.00000000000 0.00000000000 0.00000000000 0.00000000000 0.00000000000 0.00000000000 0.00000000000 0.00000000000 0.00000000000 0.00000000000 0.00000000000 0.00000000000 0.00000000000 0.00000000000 0.00000000000 0.00000000000 0.00000000000 0.00000000000 0.00000000000 0.00000000000 0.00000000000 0.00000000000 0.00000000000 0.00000000000 0.00000000000 0.00000000000
# logsel_p1_fsh[2]:
 0.00000000000 0.00000000000 0.00000000000 0.00000000000 0.00000000000 0.00000000000 0.00000000000 0.00000000000 0.00000000000 0.00000000000 0.00000000000 0.00000000000 0.00000000000 0.00000000000 0.00000000000 0.00000000000 0.00000000000 0.00000000000 0.00000000000 0.00000000000 0.00000000000 0.00000000000 0.00000000000 0.00000000000 0.00000000000 0.00000000000 0.00000000000 0.00000000000 0.00000000000 0.00000000000 0.00000000000 0.00000000000 0.00000000000 0.00000000000 0.00000000000 0.00000000000 0.00000000000 0.00000000000 0.00000000000 0.00000000000 0.00000000000 0.00000000000 0.00000000000
# logsel_p1_fsh[3]:
 0.00000000000 0.00000000000 0.00000000000 0.00000000000 0.00000000000 0.00000000000 0.00000000000 0.00000000000 0.00000000000 0.00000000000 0.00000000000 0.00000000000 0.00000000000 0.00000000000 0.00000000000 0.00000000000 0.00000000000 0.00000000000 0.00000000000 0.00000000000 0.00000000000 0.00000000000 0.00000000000 0.00000000000 0.00000000000 0.00000000000 0.00000000000 0.00000000000 0.00000000000 0.00000000000 0.00000000000 0.00000000000 0.00000000000 0.00000000000 0.00000000000 0.00000000000 0.00000000000 0.00000000000 0.00000000000 0.00000000000 0.00000000000 0.00000000000 0.00000000000 0.00000000000 0.00000000000 0.00000000000
# logsel_p1_fsh[4]:
 0.00000000000 0.00000000000 0.00000000000 0.00000000000 0.00000000000 0.00000000000 0.00000000000 0.00000000000 0.00000000000 0.00000000000 0.00000000000 0.00000000000 0.00000000000 0.00000000000 0.00000000000 0.00000000000 0.00000000000 0.00000000000 0.00000000000 0.00000000000 0.00000000000 0.00000000000 0.00000000000 0.00000000000 0.00000000000 0.00000000000 0.00000000000 0.00000000000 0.00000000000 0.00000000000 0.00000000000 0.00000000000 0.00000000000 0.00000000000 0.00000000000 0.00000000000 0.00000000000
# logsel_p2_fsh[1]:
 0.00000000000 0.00000000000 0.00000000000 0.00000000000 0.00000000000 0.00000000000 0.00000000000 0.00000000000 0.00000000000 0.00000000000 0.00000000000 0.00000000000 0.00000000000 0.00000000000 0.00000000000 0.00000000000 0.00000000000 0.00000000000 0.00000000000 0.00000000000 0.00000000000 0.00000000000 0.00000000000 0.00000000000 0.00000000000 0.00000000000 0.00000000000 0.00000000000 0.00000000000 0.00000000000 0.00000000000 0.00000000000 0.00000000000 0.00000000000 0.00000000000 0.00000000000 0.00000000000 0.00000000000 0.00000000000 0.00000000000 0.00000000000 0.00000000000 0.00000000000
# logsel_p2_fsh[2]:
 0.00000000000 0.00000000000 0.00000000000 0.00000000000 0.00000000000 0.00000000000 0.00000000000 0.00000000000 0.00000000000 0.00000000000 0.00000000000 0.00000000000 0.00000000000 0.00000000000 0.00000000000 0.00000000000 0.00000000000 0.00000000000 0.00000000000 0.00000000000 0.00000000000 0.00000000000 0.00000000000 0.00000000000 0.00000000000 0.00000000000 0.00000000000 0.00000000000 0.00000000000 0.00000000000 0.00000000000 0.00000000000 0.00000000000 0.00000000000 0.00000000000 0.00000000000 0.00000000000 0.00000000000 0.00000000000 0.00000000000 0.00000000000 0.00000000000 0.00000000000
# logsel_p2_fsh[3]:
 0.00000000000 0.00000000000 0.00000000000 0.00000000000 0.00000000000 0.00000000000 0.00000000000 0.00000000000 0.00000000000 0.00000000000 0.00000000000 0.00000000000 0.00000000000 0.00000000000 0.00000000000 0.00000000000 0.00000000000 0.00000000000 0.00000000000 0.00000000000 0.00000000000 0.00000000000 0.00000000000 0.00000000000 0.00000000000 0.00000000000 0.00000000000 0.00000000000 0.00000000000 0.00000000000 0.00000000000 0.00000000000 0.00000000000 0.00000000000 0.00000000000 0.00000000000 0.00000000000 0.00000000000 0.00000000000 0.00000000000 0.00000000000 0.00000000000 0.00000000000 0.00000000000 0.00000000000 0.00000000000
# logsel_p2_fsh[4]:
 0.00000000000 0.00000000000 0.00000000000 0.00000000000 0.00000000000 0.00000000000 0.00000000000 0.00000000000 0.00000000000 0.00000000000 0.00000000000 0.00000000000 0.00000000000 0.00000000000 0.00000000000 0.00000000000 0.00000000000 0.00000000000 0.00000000000 0.00000000000 0.00000000000 0.00000000000 0.00000000000 0.00000000000 0.00000000000 0.00000000000 0.00000000000 0.00000000000 0.00000000000 0.00000000000 0.00000000000 0.00000000000 0.00000000000 0.00000000000 0.00000000000 0.00000000000 0.00000000000
# logsel_p3_fsh[1]:
 0.00000000000 0.00000000000 0.00000000000 0.00000000000 0.00000000000 0.00000000000 0.00000000000 0.00000000000 0.00000000000 0.00000000000 0.00000000000 0.00000000000 0.00000000000 0.00000000000 0.00000000000 0.00000000000 0.00000000000 0.00000000000 0.00000000000 0.00000000000 0.00000000000 0.00000000000 0.00000000000 0.00000000000 0.00000000000 0.00000000000 0.00000000000 0.00000000000 0.00000000000 0.00000000000 0.00000000000 0.00000000000 0.00000000000 0.00000000000 0.00000000000 0.00000000000 0.00000000000 0.00000000000 0.00000000000 0.00000000000 0.00000000000 0.00000000000 0.00000000000
# logsel_p3_fsh[2]:
 0.00000000000 0.00000000000 0.00000000000 0.00000000000 0.00000000000 0.00000000000 0.00000000000 0.00000000000 0.00000000000 0.00000000000 0.00000000000 0.00000000000 0.00000000000 0.00000000000 0.00000000000 0.00000000000 0.00000000000 0.00000000000 0.00000000000 0.00000000000 0.00000000000 0.00000000000 0.00000000000 0.00000000000 0.00000000000 0.00000000000 0.00000000000 0.00000000000 0.00000000000 0.00000000000 0.00000000000 0.00000000000 0.00000000000 0.00000000000 0.00000000000 0.00000000000 0.00000000000 0.00000000000 0.00000000000 0.00000000000 0.00000000000 0.00000000000 0.00000000000
# logsel_p3_fsh[3]:
 0.00000000000 0.00000000000 0.00000000000 0.00000000000 0.00000000000 0.00000000000 0.00000000000 0.00000000000 0.00000000000 0.00000000000 0.00000000000 0.00000000000 0.00000000000 0.00000000000 0.00000000000 0.00000000000 0.00000000000 0.00000000000 0.00000000000 0.00000000000 0.00000000000 0.00000000000 0.00000000000 0.00000000000 0.00000000000 0.00000000000 0.00000000000 0.00000000000 0.00000000000 0.00000000000 0.00000000000 0.00000000000 0.00000000000 0.00000000000 0.00000000000 0.00000000000 0.00000000000 0.00000000000 0.00000000000 0.00000000000 0.00000000000 0.00000000000 0.00000000000 0.00000000000 0.00000000000 0.00000000000
# logsel_p3_fsh[4]:
 0.00000000000 0.00000000000 0.00000000000 0.00000000000 0.00000000000 0.00000000000 0.00000000000 0.00000000000 0.00000000000 0.00000000000 0.00000000000 0.00000000000 0.00000000000 0.00000000000 0.00000000000 0.00000000000 0.00000000000 0.00000000000 0.00000000000 0.00000000000 0.00000000000 0.00000000000 0.00000000000 0.00000000000 0.00000000000 0.00000000000 0.00000000000 0.00000000000 0.00000000000 0.00000000000 0.00000000000 0.00000000000 0.00000000000 0.00000000000 0.00000000000 0.00000000000 0.00000000000
# rec_dev_future:
 0.00000000000 0.00000000000 0.00000000000 0.00000000000 0.00000000000 0.00000000000 0.00000000000 0.00000000000 0.00000000000 0.00000000000 0.00000000000 0.00000000000 0.00000000000 0.00000000000 0.00000000000 0.00000000000 0.00000000000 0.00000000000 0.00000000000 0.00000000000
# log_q_ind[1]:
0.709645431855
# log_q_ind[2]:
-2.87216909414
# log_q_ind[3]:
-9.29619783756
# log_q_ind[4]:
0.0250456396465
# log_q_ind[5]:
-5.42315905431
# log_q_ind[6]:
-7.65677377023
# log_q_ind[7]:
-1.34002702176
# log_q_power_ind[1]:
0.00000000000
# log_q_power_ind[2]:
0.00000000000
# log_q_power_ind[3]:
0.00000000000
# log_q_power_ind[4]:
0.00000000000
# log_q_power_ind[5]:
0.00000000000
# log_q_power_ind[6]:
0.00000000000
# log_q_power_ind[7]:
0.00000000000
# log_rw_q_ind[1]:
 -0.908594174727
# log_rw_q_ind[3]:
 -0.152492805539
# log_rw_q_ind[7]:
 -0.537635334221
# log_selcoffs_ind[1]:
 -2.46913737380 -1.62756082921 -0.995168069414 -0.529425656704 -0.192422526593 0.0787274271971 0.305863419577 0.491024588733 0.622712772906 0.691995462717
 -3.12164019953 -2.27637564537 -1.47716892371 -0.790833685292 -0.264873712312 0.125610770546 0.395661777271 0.573998268616 0.676490280245 0.714265702314
# log_selcoffs_ind[2]:
 0.853151754451 0.707954283269 0.336466468301 -0.0287996451463 -0.312404920706 -0.509399982419 -0.639418008812 -0.724686349506 -0.778001698757 -0.803877641910
 0.981614141575 0.520876711346 0.212629149991 -0.0118162165512 -0.216207090681 -0.404218490343 -0.567037171317 -0.698039019951 -0.791135677621 -0.840725474703
 0.812393293822 0.381418928445 0.195553680966 0.121123556385 -0.0102951511499 -0.205245201886 -0.418729805559 -0.606252005485 -0.734734773120 -0.797429887894
# log_selcoffs_ind[3]:
 -0.202940821038 0.0202027052767 0.0202027052767 0.0202027052767 0.0202027052767 0.0202027052767 0.0202027052767 0.0202027052767 0.0202027052767 0.0202027052767
# log_selcoffs_ind[4]:
 -1.06327149239 -0.774467646591 -0.508547308847 -0.288782492675 -0.106946607228 0.0555023593040 0.205775742146 0.341268011572 0.451042025440 0.520211052542
 -1.75039630866 -1.40460450108 -1.05224755447 -0.688937407612 -0.332771292842 -0.00418836771458 0.282963889573 0.512365378669 0.663924807042 0.731464471741
# log_selcoffs_ind[5]:
 -3.04452005677 -0.669616569639 0.101782682789 0.174353368097 0.174353368097 0.174353368097 0.174353368097 0.174353368097 0.174353368097 0.174353368097
# log_selcoffs_ind[6]:
 -3.04452005677 -0.669616569639 0.101782682789 0.174353368097 0.174353368097 0.174353368097 0.174353368097 0.174353368097 0.174353368097 0.174353368097
# log_selcoffs_ind[7]:
 -3.04452005677 -0.669616569639 0.101782682789 0.174353368097 0.174353368097 0.174353368097 0.174353368097 0.174353368097 0.174353368097 0.174353368097
# logsel_slope_ind[1]:
 0.00000000000 0.00000000000
# logsel_slope_ind[2]:
 0.00000000000 0.00000000000 0.00000000000
# logsel_slope_ind[3]:
 0.00000000000
# logsel_slope_ind[4]:
 0.00000000000 0.00000000000
# logsel_slope_ind[5]:
 0.00000000000
# logsel_slope_ind[6]:
 0.00000000000
# logsel_slope_ind[7]:
 0.00000000000
# sel50_ind[1]:
 0.00000000000 0.00000000000
# sel50_ind[2]:
 0.00000000000 0.00000000000 0.00000000000
# sel50_ind[3]:
 0.00000000000
# sel50_ind[4]:
 0.00000000000 0.00000000000
# sel50_ind[5]:
 0.00000000000
# sel50_ind[6]:
 0.00000000000
# sel50_ind[7]:
 0.00000000000
# logsel_p1_ind[1]:
 0.00000000000 0.00000000000
# logsel_p1_ind[2]:
 0.00000000000 0.00000000000 0.00000000000
# logsel_p1_ind[3]:
 0.00000000000
# logsel_p1_ind[4]:
 0.00000000000 0.00000000000
# logsel_p1_ind[5]:
 0.00000000000
# logsel_p1_ind[6]:
 0.00000000000
# logsel_p1_ind[7]:
 0.00000000000
# sel_p2_ind[1]:
 0.00000000000 0.00000000000
# sel_p2_ind[2]:
 0.00000000000 0.00000000000 0.00000000000
# sel_p2_ind[3]:
 0.00000000000
# sel_p2_ind[4]:
 0.00000000000 0.00000000000
# sel_p2_ind[5]:
 0.00000000000
# sel_p2_ind[6]:
 0.00000000000
# sel_p2_ind[7]:
 0.00000000000
# logsel_p3_ind[1]:
 0.00000000000 0.00000000000
# logsel_p3_ind[2]:
 0.00000000000 0.00000000000 0.00000000000
# logsel_p3_ind[3]:
 0.00000000000
# logsel_p3_ind[4]:
 0.00000000000 0.00000000000
# logsel_p3_ind[5]:
 0.00000000000
# logsel_p3_ind[6]:
 0.00000000000
# logsel_p3_ind[7]:
 0.00000000000
