# Number of parameters = 1656 Objective function value = 1431.72724944483  Maximum gradient component = 0.218529670623134
# Mest[1]:
0.230000000000
# log_Linf[1]:
4.30945594184
# log_k[1]:
-1.83258146375
# log_Lo[1]:
2.89037175790
# log_sdage[1]:
-2.40794560865
# mean_log_rec[1]:
9.60134865803
# steepness[1]:
0.650000000000
# log_Rzero[1]:
9.20546322938
# rec_dev:
 -0.450281419894 -0.524422029107 -0.604899304498 -0.692555058658 -0.784972651486 -0.878294431525 -0.848182076397 -0.854726378583 -0.705717165244 -0.648015181824 -0.562692880397 -0.394881650509 -0.427629991634 -0.377654988278 -0.329639843694 -0.127105698477 0.214043173752 0.387196503704 0.354799772701 0.394486471939 0.398920117659 0.441374719010 0.638945620690 0.790311197510 0.594752923796 1.08044842105 1.26984389487 0.673751828821 0.606979149705 0.782535011722 0.642347654884 0.726348695430 0.359255264474 0.390219219951 0.0418736620618 -0.0222153772583 0.248260904022 0.354554329543 0.657132555158 0.604974710688 0.771373391497 0.802526543166 0.390798724487 0.00812909992633 -0.566052603410 -0.543253814555 -0.795394378370 -0.771984148747 -1.15880846082 -1.27288167538 -0.686790246948 -0.468579962200 -1.06675398270 -0.544333837760 -0.720723990854 -0.436611357589 -0.449865967212 0.0677073548142 0.943935017798 0.530966002889 -0.275547297139 -0.154448775894
# log_sigmar[1]:
-0.510825623766
# fmort:
 0.0107435459389 0.0158047607268 0.00718015956832 0.00910778368034 0.0176279335012 0.0217967569276 0.0265279276662 0.0230211463605 0.0453498878504 0.0379831943559 0.0260317092831 0.0383061861496 0.0738537856502 0.0285289896436 0.0665546949913 0.0447920767891 0.00441535402034 0.0208804747745 0.0176162885145 0.0158539148762 0.0143078017232 0.0173381783053 0.0176202573487 0.0205851520780 0.0141395666751 0.0194470951897 0.0353212278706 0.0144433522686 0.00416388566340 0.00654869863764 0.00992810193619 0.0197289254373 0.00839828354943 0.0117092440095 0.0128007772382 0.0202963948831 0.0250239141162 0.0345947458373 0.0475465616940 0.0485454841555 0.0687780549056 0.0112643008717 0.00437850774397 0.00542016877127 0.00593036095602 0.00732691765361 0.00572351243899 0.00826685747466 0.00257180933614 0.00175213878922 0.00500786083500
 0.00135837979038 0.00208525235546 0.00318808710450 0.00529312451059 0.00381608553046 0.00691403220373 0.00897309662070 0.0131783995345 0.0214159432709 0.0266476167113 0.0243459421339 0.0488385207393 0.0676825056813 0.0549626995495 0.0732923895076 0.103297187476 0.115749370440 0.155298587215 0.213471096665 0.223817929824 0.227632955491 0.294602540474 0.398502592427 0.381887749430 0.483352887652 0.596500815971 0.545754782619 0.572724776209 0.354783945532 0.237810835770 0.177319566493 0.203966557895 0.197512691611 0.180662755906 0.176997925276 0.177912933133 0.190186279947 0.231103159357 0.197252787386 0.255065641378 0.139082760578 0.0986368969647 0.0943191920590 0.0728259237991 0.0642508303728 0.0655748124528 0.0726289804787 0.0689304310081 0.0768437932054 0.0724432365247 0.0579245424888
 0.000205979389958 0.000383324031473 0.000848275133864 0.00181441704470 0.00545834984763 0.00158545350393 0.00188380435642 0.0163033004301 0.0107050670953 0.00862713319546 0.0105507408587 0.0105702196873 0.00341045928560 0.00252974492765 0.00346346733179 0.00189801360477 0.000737997518239 0.000676052305403 0.00379027351422 0.00491482963691 0.00585230480020 0.00350480596840 0.00189779845644 0.00285561402860 0.00535827813518 0.0182984506988 0.0206842322716 0.0286074172110 0.0162691584201 0.00648539188439 0.00813258368928 0.0218985439335 0.00397572780228 0.00719037000871 0.00698311836077 0.00374219541700 0.0157617435863 0.0183841902404 0.0142588205267 0.00789256548006 0.00263961917403 0.0276800251741 0.0122577127492 0.00525049726466 0.00457442358343 0.00152743207356 0.000900506583433 0.000425142677433 0.00156666748829 0.00228034166788 0.00257268596009
 1.92346139016e-13 2.05946371068e-13 0.000528614867599 2.21489493413e-13 2.23987495218e-13 2.29261054585e-13 3.34904341592e-06 0.000228188121811 0.00478098778522 0.0297096962872 0.0265664172084 0.0338076927693 0.0764848806638 0.0898839091555 0.118693698232 0.0958229028204 0.0907506739888 0.0937230838496 0.0959178292019 0.0812925381566 0.0685653722867 0.0433891970528 0.00370998810781 2.02060590482e-13 2.28705943073e-13 2.88102874890e-13 3.13360448700e-13 5.24302823379e-13 6.52256026967e-13 3.07238929076e-06 0.000613611053342 0.00443253317604 0.0136318765525 0.0260632729512 0.0453978607614 0.0378542955525 0.0565179473362 0.0853687493866 0.105843911868 0.138317413867 0.122515474074 0.0311359824870 0.0203657756205 0.0203024113816 0.0216127389154 0.0274325408515 0.0166790042790 0.0127518804073 0.00904690094368 0.00830921816495 0.000366619397973
# log_selcoffs_fsh[1]:
 -4.85825406229 -3.70376281295 -2.44988998517 -1.21110807598 -0.266764171354 0.518837306113 1.09033243594 0.883741626481 -0.297990838781
 -4.53944021496 -3.29145797481 -1.97334220410 -0.810996249143 -0.158302029418 0.465801209187 0.952997196327 0.797117116225 0.103663540336
 -4.20507890892 -2.92742498598 -1.70405225693 -0.696564309655 -0.00442088999005 0.540127706198 0.829094110936 0.665104302355 0.265095979010
 -3.82646731482 -2.43604350165 -1.28589767747 -0.515034670545 -0.0690874115826 0.390017965078 0.768444220522 0.687514491533 0.379392878809
 -3.63323030967 -2.16376355422 -0.745497894724 0.0211977684014 0.207211501322 0.320310420309 0.484719287619 0.496101848372 0.398058774369
 -3.47698847771 -2.12993845231 -0.838334239067 0.103984607219 0.508705202749 0.470519113581 0.353652158243 0.290913019172 0.248711574181
 -3.29626348105 -2.06488179511 -1.01030190399 -0.131892532907 0.581300535337 0.717406853303 0.406352858351 0.164364403201 0.0752469761808
 -3.09462767239 -1.83427406809 -0.918464040750 -0.155288568387 0.557381390571 0.779707208601 0.423816874423 0.111186885256 -0.0331798290422
 -2.92815193436 -1.62643090050 -0.491845711153 0.0746373764701 0.421359627669 0.620068958947 0.482095812566 0.132124989724 -0.0865606872429
 -2.75480745963 -1.30823363983 -0.131373338685 0.211831292415 0.434348258163 0.539572437393 0.342630616755 0.0319513457409 -0.159104565317
 -2.59343814523 -0.945618940166 0.527013615034 0.474839845475 0.284610860146 0.204564709684 0.0376760518096 -0.147036972311 -0.251950491263
 -2.42828331335 -0.678725190081 0.480090490082 0.529039037050 0.432629880801 0.181286946557 -0.115047364935 -0.285502360749 -0.345308458857
 -2.35099380704 -0.612324588835 0.539464390095 0.712711069803 0.399885350946 0.0407846381762 -0.256642773892 -0.412663945990 -0.447498345773
 -2.31165950660 -0.714022508482 0.540811223272 0.881881956560 0.377742664515 -0.0653838191345 -0.361795391750 -0.504494674338 -0.540492521485
 -2.48475441615 -0.887143076041 0.629775640675 0.932989976749 0.356934961402 -0.110442700349 -0.410936860978 -0.572576393002 -0.627254588230
 -2.46446409933 -0.905814392691 0.666387114330 0.837586975896 0.431971434899 -0.0323446837681 -0.390364109562 -0.587923265393 -0.669420517489
 -2.26308882989 -0.690968834914 0.753439296939 0.762672955186 0.355723227891 -0.0428377585059 -0.377300044742 -0.589717789003 -0.690921203502
 -1.90691787402 -0.383815024752 0.538369670109 0.798131286292 0.429152011254 -0.0336552251445 -0.378811499462 -0.593280826028 -0.702062358183
 -1.75950703370 -0.338667974102 0.826644031049 0.743940966851 0.222567644762 -0.162246072710 -0.453923645622 -0.651285275359 -0.756544545706
 -1.51857687702 -0.207292583327 0.802876814180 0.726540449578 0.254769142729 -0.187272373451 -0.503588974352 -0.702118479737 -0.800610635897
 -1.45020944601 -0.104309062664 0.874112356467 0.730034836983 0.182625570298 -0.270694224925 -0.592739952179 -0.783141155414 -0.868361402267
 -1.41656223000 -0.181186624432 0.670889130601 0.967262647568 0.297305730052 -0.357355143108 -0.715373505899 -0.884118086285 -0.945138427704
 -1.35686145214 0.0537332810737 0.912681610163 0.798763242572 0.136945568334 -0.450048236931 -0.809015784370 -0.967547034056 -1.01095104070
 -1.44906345590 -0.160263679952 0.869818883942 1.02555934322 0.0703498865436 -0.556682481609 -0.903576435592 -1.05368429653 -1.08353403006
 -1.50892772573 -0.146977732160 0.904883367715 0.986814635075 0.110378957005 -0.541608030318 -0.920862895267 -1.08835848641 -1.11546442395
 -1.46910837973 0.188559717067 0.742794132184 0.857964587671 0.233572745572 -0.350549598520 -0.823093921898 -1.04021433495 -1.07192766181
 -1.58193537806 -0.192294289385 0.611701685928 0.954392767167 0.348050411188 -0.185851102364 -0.672890103484 -0.923162722266 -0.982143231168
 -1.48821771125 -0.00333577322940 0.409822806777 0.806064949007 0.445504201775 -0.0474443611693 -0.497776549574 -0.752316672607 -0.825923075049
 -1.20740023622 0.202736309860 0.540098510771 0.587947227741 0.270441015744 -0.0851645095032 -0.400661959103 -0.596656804656 -0.672595226272
 -1.18687528401 0.00153766152001 0.387816560350 0.782929084875 0.235214791021 -0.143063462926 -0.357969380552 -0.481653811969 -0.539700992487
 -1.03819951281 0.479870122352 0.523432164330 0.224399116092 0.00677851680527 -0.129687461241 -0.239584450015 -0.321644050252 -0.365889461947
 -1.05249983428 0.555820266571 0.182813077540 0.138150143739 0.0349211422832 -0.0450745332607 -0.107419262341 -0.162157773098 -0.199783134555
 -1.34394162092 -0.553738427425 -0.0462935367490 0.492832171642 0.378071441319 0.153822191515 0.0366619041284 -0.0236727698341 -0.0693695536743
 -1.72334407660 -0.925908068322 -0.263420131445 0.277081191567 0.322415696713 0.368853278152 0.259176577337 0.143344760528 0.0593469615963
 -1.68413113197 -0.775688886453 -0.269705277319 0.323885512342 0.307498591143 0.241416937672 0.208557077625 0.165815024071 0.150650559071
 -0.890554420831 -0.386803278588 -0.583040528014 -0.223519658211 0.0668415489156 0.266366926527 0.336147495351 0.334837038052 0.322700257884
 -0.487699962974 -0.917959504395 -1.03337928087 -0.440975909037 -0.0192895234789 0.358712699133 0.472747471543 0.412545692523 0.378425416109
# log_selcoffs_fsh[2]:
 -6.51019022971 -5.05042259228 -3.58290029253 -1.95315839203 -0.563621365870 0.339848891048 0.996122839382 1.13218699097 0.500554090907 -0.944757504883
 -6.42246612481 -4.96620293781 -3.46463136912 -2.03469859038 -0.857326283188 0.200017034191 0.980252289892 1.17284955301 0.519408049772 -0.500323017405
 -6.30308149112 -4.89331108471 -3.48466079688 -2.13294827876 -1.00443210250 0.0617969576422 0.932843467827 1.15176042116 0.607490985447 -0.139010556764
 -6.15112419125 -4.75759702594 -3.43972971839 -2.20906207672 -1.15293695273 -0.166817943643 0.784181868282 1.14750799757 0.754863868171 0.196451068929
 -6.00152832037 -4.54310390898 -3.21860887939 -2.16047508580 -1.29325009195 -0.397380298666 0.602124246464 1.09082414151 0.882860277255 0.509598034129
 -5.85640773887 -4.49643972651 -3.15707448594 -1.91424178630 -1.08285057357 -0.491633140544 0.283709821050 0.904073766687 1.00449883116 0.840489593044
 -5.71845985323 -4.45458539845 -3.23082327803 -2.08230005124 -1.08120072057 -0.329155187600 0.212872656359 0.686318949932 0.972706290268 1.06246396027
 -5.60629492221 -4.38924535420 -3.25206406542 -2.21843252599 -1.25718165409 -0.464193566447 0.205775055597 0.630873687368 0.940788870850 1.17976659446
 -5.53243043581 -4.29677389982 -3.14295936477 -2.19370061736 -1.39806013980 -0.626084746161 0.136879272938 0.690828490233 0.954257710745 1.19610682368
 -5.44117754565 -4.15461241922 -2.95740484218 -1.96407182209 -1.21581586570 -0.622766361191 -0.0615562182590 0.580971578175 0.980499709563 1.27002581211
 -5.36336051694 -3.96786803411 -2.62818551355 -1.54292401554 -0.876207898540 -0.435619392415 -0.0216958904671 0.403306931322 0.880222700362 1.31921225769
 -5.34600903020 -3.81592010337 -2.37466301239 -1.17848388629 -0.616170011104 -0.256608800607 -0.000372539530893 0.366826989926 0.878907633974 1.22603807624
 -5.35777209134 -3.65576814647 -2.02623948815 -0.738281557435 -0.251763788770 0.0344831430417 0.159727014598 0.333702385846 0.716456282903 1.07523624338
 -5.38492797104 -3.49112158401 -1.68103916627 -0.483516383948 0.106227324230 0.236532000036 0.230590289111 0.325204859208 0.574571835648 0.860019233671
 -5.38706710639 -3.31176954246 -1.36686869432 -0.0954248348758 0.343310257498 0.308363068493 0.164481033933 0.222291571164 0.469737167340 0.691641887118
 -5.35400917894 -3.13049658888 -1.05344107291 0.0691364673032 0.326860363292 0.282533134600 0.169996367951 0.214363733831 0.422819244366 0.624617373978
 -5.33721960102 -3.07487782562 -0.935904329718 0.0702791511161 0.346687641003 0.322260856844 0.189525574405 0.194686835525 0.380877872116 0.588987073494
 -5.32829145702 -3.24303912575 -1.26007033300 0.0666695373183 0.477510827377 0.423169456221 0.214635645194 0.165217383881 0.322819736029 0.509585358964
 -5.29262525349 -3.36471334625 -1.53413290626 -0.172495675016 0.543121199412 0.507301344587 0.253170746938 0.171896923360 0.317054164655 0.514190489337
 -5.22485389317 -3.40930468836 -1.66947285080 -0.339284444686 0.332534105444 0.459596856989 0.291556587864 0.242636647392 0.425791584752 0.662213487435
 -5.18881173528 -3.49637348877 -1.89452074365 -0.570116839442 0.210692904111 0.469371533551 0.360609139219 0.278117100225 0.463378355129 0.727772927832
 -5.18727780495 -3.57963554392 -2.07738938280 -0.871317268053 0.0108827399599 0.494467845572 0.472057599384 0.363192914349 0.502728030106 0.731345409781
 -5.20300092022 -3.64513339860 -2.23395815979 -1.07976352381 -0.227715965235 0.477341625899 0.524184780286 0.447851092773 0.564403238421 0.742433972780
 -5.26998303753 -3.69385320248 -2.24687708874 -1.08637517764 -0.351697336272 0.235375050358 0.571568164010 0.546602829895 0.652814136608 0.760142827306
 -5.34324869239 -3.72143846858 -2.14602269735 -0.810790762643 -0.198798532082 0.0640382241739 0.352204989454 0.571382137266 0.698816418660 0.841323112134
 -5.45011832848 -3.76873296297 -2.22721270114 -0.904225645912 -0.152252421241 0.285141690425 0.371040915148 0.472460676178 0.649873913134 0.834099472164
 -5.65698096845 -3.93411805881 -2.23732109342 -0.827206576243 -0.0372222260398 0.438930532254 0.506366922071 0.463980942578 0.540422084603 0.668877830872
 -5.84378414607 -4.10968864352 -2.28773951197 -0.550710871575 0.150809942796 0.505230347444 0.487532123740 0.398167796237 0.517437152114 0.523189935666
 -6.00317154462 -4.29534842352 -2.55591592470 -0.865174946581 0.0859625502183 0.757885747700 0.617290471938 0.390861792184 0.472612753104 0.281745319784
 -6.14131697839 -4.39838395705 -2.70002326631 -1.04260188939 0.283677491025 0.876894250919 0.769507856337 0.395173830747 0.169538944921 0.00625831184745
 -6.22174808982 -4.38651023735 -2.55282749259 -0.881267436560 0.257648921563 0.853500802365 0.776968409027 0.406517276687 0.146597817748 0.0172294459871
 -6.25655122603 -4.30957202320 -2.36290182573 -0.680853338389 0.164598782016 0.506265792831 0.729449274311 0.577127880178 0.357139145311 0.232870846975
 -6.27400959539 -4.23962233181 -2.12523987466 -0.459450790965 0.0217715767875 0.134556985527 0.480982082464 0.709208360489 0.612168931681 0.452447777310
 -6.31149211906 -4.31361175041 -2.33102750005 -0.676425947527 0.0339745925721 0.382480970637 0.501003669855 0.618175270649 0.581610589545 0.459867630109
 -6.32880854490 -4.39727725964 -2.42844795879 -0.863598230929 -0.107682705618 0.312919467624 0.611857930517 0.639408216159 0.585849425652 0.515834726193
 -6.32718969629 -4.56141735098 -2.78926420008 -1.08610382791 -0.131421428136 0.359501663003 0.621709697158 0.694993755418 0.579935299652 0.487093231487
 -6.32712269236 -4.67828507643 -3.08253550979 -1.46047988466 -0.297169993694 0.341321347561 0.744588676352 0.737889443320 0.622564850061 0.405753940099
 -6.31170200830 -4.66543804754 -3.05606067684 -1.55382621328 -0.398727184948 0.329116128982 0.721807683596 0.780075043637 0.634494672605 0.434046957796
# log_selcoffs_fsh[3]:
 -0.920638288786 -0.103418174453 1.17220623302 0.428128635140 -0.677647161063 -1.40716401308 -1.69365869969
 -1.15988759251 -0.125498210819 1.19713987733 0.439766152452 -0.671353499452 -1.40166994824 -1.69151216777
 -0.592671452487 -0.167476073537 1.10713798386 0.453173763068 -0.607448241496 -1.33466216755 -1.63791646789
 -1.48481266488 -0.288793487029 1.23788508033 0.438950505583 -0.596998176582 -1.29709678427 -1.60389861808
 -1.88049830445 -0.206648421624 1.17860698761 0.492274563915 -0.469664000187 -1.18749008347 -1.52278226980
 -1.96857002885 -0.500400995176 0.972333002340 0.796627330214 -0.223705677128 -1.04896065403 -1.41861112244
 -1.68373853122 -0.427969811157 0.757067675466 0.928569826418 -0.133430121777 -0.995645851419 -1.36643474071
 -1.32089230129 0.564895313563 0.826532181946 0.332671151897 -0.370329034054 -1.04698946493 -1.37725144856
 -1.38951315370 0.637724275629 0.893508693862 0.217179468266 -0.484070820615 -1.11727151618 -1.47430924646
 -1.58951580781 0.313585475073 0.995909235801 0.476168679980 -0.482925058370 -1.22113859419 -1.61594077203
 -1.85139480190 -0.381222496960 0.899933858858 0.898950192221 -0.256583535345 -1.22239372015 -1.74138139248
 -1.81359115858 -0.341054759075 0.824920990836 0.933820631413 -0.177027135431 -1.21919946849 -1.79109605250
 -1.65932955956 -0.105845031055 1.01694903241 0.707048863912 -0.379076031465 -1.31176942965 -1.81040156932
 -1.42122925418 0.587475236290 0.994835518014 0.275615423563 -0.645175183710 -1.39938418588 -1.79454280858
 -1.47134964173 0.226650658775 1.17923515109 0.324113970101 -0.743526358632 -1.45957548037 -1.75138787486
 -1.47890742468 0.259437930132 1.24950165301 0.174451127629 -0.918755785615 -1.53779699691 -1.69910841333
 -1.27448407785 0.579158851409 1.11772817062 0.0766611375983 -0.975747281123 -1.50571491893 -1.61172349235
 -1.18893705190 0.631620588626 1.08572075993 0.00708341735334 -0.932954468275 -1.42983837290 -1.54468228954
 -0.699095368938 1.08017866509 0.643432889028 -0.211247088282 -0.956572048173 -1.39885218681 -1.54133330551
 -0.534170320309 1.19875750896 0.508184408828 -0.407889926964 -1.08321778384 -1.46767334114 -1.60165711055
 -0.322360479126 1.16310947149 0.569904820485 -0.473437575469 -1.20863475246 -1.58745822074 -1.70545655140
 -0.389999741920 1.14168639200 0.675811794772 -0.505140119211 -1.31814061586 -1.69057077659 -1.77312624525
 -0.210862913618 0.859390462008 0.979346927801 -0.536780893708 -1.43026584579 -1.76062944124 -1.77273247099
 -0.142037615842 1.07807441355 0.715884334025 -0.536767064486 -1.42264427385 -1.80314653295 -1.85207852452
 -0.331095827254 0.575157702449 1.09460938297 -0.100579289266 -1.20941938711 -1.77154425032 -1.94013910350
 -0.0789788158627 0.707377051301 0.638234163691 0.289484883494 -0.737015773616 -1.57888601928 -2.01246663249
 -0.875971875500 0.763411131286 0.864206242141 0.161773447993 -0.629992013413 -1.45592550681 -2.09180546970
 -1.38806581199 0.272411529151 1.15248513965 0.368253997543 -0.690115951237 -1.55003351187 -2.18661219723
 -1.53255837405 0.0275301479589 1.24947144297 0.421544762196 -0.765309119381 -1.72898116538 -2.29623137676
 -1.46887380623 0.242979384776 0.826783212159 0.882037604674 -0.626795375799 -1.79901100035 -2.37259207562
 -1.41629842005 1.05071578959 0.753848921506 0.127054424746 -0.921306519014 -1.88275344882 -2.44323133535
 -1.65474099961 0.572985134132 1.22036597493 0.0751390514158 -1.04412497790 -1.97873308437 -2.54339505785
 -1.91027848087 -0.110984382188 1.39810447321 0.297982801042 -1.02321469602 -2.04647282171 -2.60745073890
 -1.82679697722 -0.0658032174569 1.08699984464 0.834417975235 -0.838728165121 -2.04855666001 -2.62088453655
 -1.65386361664 0.0859837079270 1.34915656917 0.282625127573 -1.07316513509 -2.09242600527 -2.61991563912
 -1.19941262283 1.10069830787 0.854999008446 -0.154499325829 -1.23320689618 -2.12574486297 -2.61119284768
 -1.09040771096 1.02444702598 0.971057971525 -0.234752717711 -1.35208272828 -2.16525676503 -2.61126845876
 -0.838924301935 1.05962891253 0.895047741686 -0.238027568904 -1.34447016259 -2.17819574335 -2.61773403434
 -0.923867281312 1.01011864321 0.929257383250 -0.138194990202 -1.31127657998 -2.18521774742 -2.63656971452
 -1.09663415643 0.465140709744 1.29469180345 -0.0237466141774 -1.32010356260 -2.20924691036 -2.65251925209
 -1.22481723556 0.302194262702 1.37743409266 -0.0497912651045 -1.35198957834 -2.22360780367 -2.65529719413
# log_selcoffs_fsh[4]:
 -5.97434445927 -4.82132557987 -3.64304465432 -2.40506485159 -1.12047050345 0.0804179104310 0.941978271981 1.12338390796 0.600378729404
 -5.96131484240 -4.80115254734 -3.60999417606 -2.32095709863 -0.987899359457 0.174779001219 0.949653890735 1.06020512199 0.603688632369
 -5.92546930773 -4.76161251931 -3.57519475029 -2.32068610596 -1.01101961953 0.154879577618 0.933543929528 1.06607671630 0.633251137656
 -5.85880880372 -4.68304702571 -3.50519582281 -2.29920015716 -1.05131398033 0.0868729843993 0.890042179690 1.08129550286 0.709782548325
 -5.78699971014 -4.58467828481 -3.39372871328 -2.22014597058 -1.01922721235 0.0909030718190 0.853705158646 1.05544596977 0.773309372824
 -5.71356561472 -4.52451838215 -3.32398937707 -2.12511097785 -1.00491158588 0.0241400723367 0.806800097736 1.06950625497 0.826476875417
 -5.62294297278 -4.44687902887 -3.25553474642 -2.04079135655 -0.927640142852 0.0430489563349 0.778324227340 1.03029095802 0.874221727995
 -5.50892784101 -4.32368470712 -3.17035855956 -2.00055306148 -0.896427302822 0.0212234757074 0.733419334891 1.02698475554 0.916752029109
 -5.39279654514 -4.16323351435 -3.03730306104 -1.99504597878 -0.968056710127 -0.0167243998500 0.721766539193 1.01923464890 0.956875200341
 -5.27956459718 -4.05717776996 -2.87930668595 -1.80288581771 -0.881936230231 -0.0407353992508 0.638525738694 0.995068807079 1.02387091794
 -5.18991719184 -3.96725849805 -2.79381196765 -1.70483689343 -0.733852756764 0.0431424107240 0.612830079869 0.930104935766 1.03955116096
 -5.12829516571 -3.86611728991 -2.68534475167 -1.63022543257 -0.668676239362 0.134465939517 0.637070868918 0.890495878708 1.00263987260
 -5.07860529512 -3.72870602027 -2.47635746254 -1.46194625677 -0.636358223264 0.118120461731 0.668226862446 0.889153306405 0.961445363197
 -5.02076373756 -3.54704112593 -2.10970876233 -1.05325213955 -0.389504596524 0.125579340501 0.549218479690 0.833730385320 0.974382084446
 -4.94397407489 -3.39045933533 -1.85739649505 -0.714614978173 -0.141623491159 0.160415214193 0.434582105129 0.744963444306 0.963591437505
 -4.84795135858 -3.24617897921 -1.62946444483 -0.452551358529 -0.0604549771627 0.125716711342 0.368213923015 0.685484679021 0.961651559095
 -4.77985238238 -3.20750465838 -1.63036058586 -0.452824663431 -0.0469496632537 0.176882526289 0.393067749518 0.664216632777 0.935050901189
 -4.72657394064 -3.28651645618 -1.95928249477 -0.939652756144 -0.226762387999 0.352943347154 0.604468332930 0.695156997158 0.861781027209
 -4.63901509531 -3.31075476199 -2.10209638184 -1.15818236674 -0.424050566302 0.214345623477 0.616397207803 0.822703920576 0.914391177572
 -4.58672347011 -3.32171542681 -2.18592163789 -1.27901491027 -0.604050956483 0.0247818164495 0.621627076944 0.942309070406 0.941373237953
 -4.52039111040 -3.25756488044 -2.11537164966 -1.29870080769 -0.678862588762 -0.129844086404 0.471985693617 1.00014466448 1.04727785530
 -4.42950553484 -3.15227285570 -1.83877461261 -1.12962741872 -0.675743359127 -0.142571047455 0.371346211794 0.844410399020 1.19723945062
 -4.33900028761 -3.20731581827 -2.11678410775 -1.23877487884 -0.633849800311 -0.0696167491615 0.368820284116 0.799647726377 1.22443601680
 -4.20969936322 -3.13173469907 -2.14930376722 -1.30764776471 -0.647305748700 -0.111130365768 0.319493182959 0.772754468554 1.27928157093
 -4.18052068785 -3.09371330230 -2.01866235148 -1.10659334973 -0.465499720537 0.104559580500 0.489468266981 0.792372944549 1.06393016625
 -4.00500443101 -2.86035777411 -1.65227388060 -0.885795599122 -0.501836124396 -0.0182031822313 0.471932191098 0.824231899457 1.04729486224
 -3.73823760746 -2.68405288482 -1.60937253788 -0.837945111019 -0.401051966574 -0.0283771634282 0.407357785233 0.816234221178 1.05391528736
 -3.32333190615 -2.37771688941 -1.47764417673 -0.785093810342 -0.385425070207 -0.0785671566081 0.208804270910 0.691953459503 1.20971677224
 -2.77891446299 -1.96842032646 -1.34263117071 -0.843239336831 -0.543339202096 -0.313271988794 0.0834439592295 0.647651064999 1.33416328086
 -2.83476500843 -2.18269445810 -1.35258447118 -0.763156546578 -0.538621632316 -0.386989894677 -0.0231900205496 0.664300795836 1.36632358987
 -2.57965314231 -1.98010431582 -1.64447194776 -1.12017502960 -0.686429269978 -0.428199667482 0.00865242666783 0.671956464190 1.42190306071
 -2.58012556902 -2.05416085414 -1.61897874683 -1.16074399484 -0.757925323662 -0.414555697782 0.0663252482729 0.745781476082 1.38096708156
# log_sel_spl_fsh[1]:
 0.00000000000 0.00000000000 0.00000000000 0.00000000000
 0.00000000000 0.00000000000 0.00000000000 0.00000000000
 0.00000000000 0.00000000000 0.00000000000 0.00000000000
 0.00000000000 0.00000000000 0.00000000000 0.00000000000
 0.00000000000 0.00000000000 0.00000000000 0.00000000000
 0.00000000000 0.00000000000 0.00000000000 0.00000000000
 0.00000000000 0.00000000000 0.00000000000 0.00000000000
 0.00000000000 0.00000000000 0.00000000000 0.00000000000
 0.00000000000 0.00000000000 0.00000000000 0.00000000000
 0.00000000000 0.00000000000 0.00000000000 0.00000000000
 0.00000000000 0.00000000000 0.00000000000 0.00000000000
 0.00000000000 0.00000000000 0.00000000000 0.00000000000
 0.00000000000 0.00000000000 0.00000000000 0.00000000000
 0.00000000000 0.00000000000 0.00000000000 0.00000000000
 0.00000000000 0.00000000000 0.00000000000 0.00000000000
 0.00000000000 0.00000000000 0.00000000000 0.00000000000
 0.00000000000 0.00000000000 0.00000000000 0.00000000000
 0.00000000000 0.00000000000 0.00000000000 0.00000000000
 0.00000000000 0.00000000000 0.00000000000 0.00000000000
 0.00000000000 0.00000000000 0.00000000000 0.00000000000
 0.00000000000 0.00000000000 0.00000000000 0.00000000000
 0.00000000000 0.00000000000 0.00000000000 0.00000000000
 0.00000000000 0.00000000000 0.00000000000 0.00000000000
 0.00000000000 0.00000000000 0.00000000000 0.00000000000
 0.00000000000 0.00000000000 0.00000000000 0.00000000000
 0.00000000000 0.00000000000 0.00000000000 0.00000000000
 0.00000000000 0.00000000000 0.00000000000 0.00000000000
 0.00000000000 0.00000000000 0.00000000000 0.00000000000
 0.00000000000 0.00000000000 0.00000000000 0.00000000000
 0.00000000000 0.00000000000 0.00000000000 0.00000000000
 0.00000000000 0.00000000000 0.00000000000 0.00000000000
 0.00000000000 0.00000000000 0.00000000000 0.00000000000
 0.00000000000 0.00000000000 0.00000000000 0.00000000000
 0.00000000000 0.00000000000 0.00000000000 0.00000000000
 0.00000000000 0.00000000000 0.00000000000 0.00000000000
 0.00000000000 0.00000000000 0.00000000000 0.00000000000
 0.00000000000 0.00000000000 0.00000000000 0.00000000000
# log_sel_spl_fsh[2]:
 0.00000000000 0.00000000000 0.00000000000 0.00000000000
 0.00000000000 0.00000000000 0.00000000000 0.00000000000
 0.00000000000 0.00000000000 0.00000000000 0.00000000000
 0.00000000000 0.00000000000 0.00000000000 0.00000000000
 0.00000000000 0.00000000000 0.00000000000 0.00000000000
 0.00000000000 0.00000000000 0.00000000000 0.00000000000
 0.00000000000 0.00000000000 0.00000000000 0.00000000000
 0.00000000000 0.00000000000 0.00000000000 0.00000000000
 0.00000000000 0.00000000000 0.00000000000 0.00000000000
 0.00000000000 0.00000000000 0.00000000000 0.00000000000
 0.00000000000 0.00000000000 0.00000000000 0.00000000000
 0.00000000000 0.00000000000 0.00000000000 0.00000000000
 0.00000000000 0.00000000000 0.00000000000 0.00000000000
 0.00000000000 0.00000000000 0.00000000000 0.00000000000
 0.00000000000 0.00000000000 0.00000000000 0.00000000000
 0.00000000000 0.00000000000 0.00000000000 0.00000000000
 0.00000000000 0.00000000000 0.00000000000 0.00000000000
 0.00000000000 0.00000000000 0.00000000000 0.00000000000
 0.00000000000 0.00000000000 0.00000000000 0.00000000000
 0.00000000000 0.00000000000 0.00000000000 0.00000000000
 0.00000000000 0.00000000000 0.00000000000 0.00000000000
 0.00000000000 0.00000000000 0.00000000000 0.00000000000
 0.00000000000 0.00000000000 0.00000000000 0.00000000000
 0.00000000000 0.00000000000 0.00000000000 0.00000000000
 0.00000000000 0.00000000000 0.00000000000 0.00000000000
 0.00000000000 0.00000000000 0.00000000000 0.00000000000
 0.00000000000 0.00000000000 0.00000000000 0.00000000000
 0.00000000000 0.00000000000 0.00000000000 0.00000000000
 0.00000000000 0.00000000000 0.00000000000 0.00000000000
 0.00000000000 0.00000000000 0.00000000000 0.00000000000
 0.00000000000 0.00000000000 0.00000000000 0.00000000000
 0.00000000000 0.00000000000 0.00000000000 0.00000000000
 0.00000000000 0.00000000000 0.00000000000 0.00000000000
 0.00000000000 0.00000000000 0.00000000000 0.00000000000
 0.00000000000 0.00000000000 0.00000000000 0.00000000000
 0.00000000000 0.00000000000 0.00000000000 0.00000000000
 0.00000000000 0.00000000000 0.00000000000 0.00000000000
 0.00000000000 0.00000000000 0.00000000000 0.00000000000
# log_sel_spl_fsh[3]:
 0.00000000000 0.00000000000 0.00000000000 0.00000000000
 0.00000000000 0.00000000000 0.00000000000 0.00000000000
 0.00000000000 0.00000000000 0.00000000000 0.00000000000
 0.00000000000 0.00000000000 0.00000000000 0.00000000000
 0.00000000000 0.00000000000 0.00000000000 0.00000000000
 0.00000000000 0.00000000000 0.00000000000 0.00000000000
 0.00000000000 0.00000000000 0.00000000000 0.00000000000
 0.00000000000 0.00000000000 0.00000000000 0.00000000000
 0.00000000000 0.00000000000 0.00000000000 0.00000000000
 0.00000000000 0.00000000000 0.00000000000 0.00000000000
 0.00000000000 0.00000000000 0.00000000000 0.00000000000
 0.00000000000 0.00000000000 0.00000000000 0.00000000000
 0.00000000000 0.00000000000 0.00000000000 0.00000000000
 0.00000000000 0.00000000000 0.00000000000 0.00000000000
 0.00000000000 0.00000000000 0.00000000000 0.00000000000
 0.00000000000 0.00000000000 0.00000000000 0.00000000000
 0.00000000000 0.00000000000 0.00000000000 0.00000000000
 0.00000000000 0.00000000000 0.00000000000 0.00000000000
 0.00000000000 0.00000000000 0.00000000000 0.00000000000
 0.00000000000 0.00000000000 0.00000000000 0.00000000000
 0.00000000000 0.00000000000 0.00000000000 0.00000000000
 0.00000000000 0.00000000000 0.00000000000 0.00000000000
 0.00000000000 0.00000000000 0.00000000000 0.00000000000
 0.00000000000 0.00000000000 0.00000000000 0.00000000000
 0.00000000000 0.00000000000 0.00000000000 0.00000000000
 0.00000000000 0.00000000000 0.00000000000 0.00000000000
 0.00000000000 0.00000000000 0.00000000000 0.00000000000
 0.00000000000 0.00000000000 0.00000000000 0.00000000000
 0.00000000000 0.00000000000 0.00000000000 0.00000000000
 0.00000000000 0.00000000000 0.00000000000 0.00000000000
 0.00000000000 0.00000000000 0.00000000000 0.00000000000
 0.00000000000 0.00000000000 0.00000000000 0.00000000000
 0.00000000000 0.00000000000 0.00000000000 0.00000000000
 0.00000000000 0.00000000000 0.00000000000 0.00000000000
 0.00000000000 0.00000000000 0.00000000000 0.00000000000
 0.00000000000 0.00000000000 0.00000000000 0.00000000000
 0.00000000000 0.00000000000 0.00000000000 0.00000000000
 0.00000000000 0.00000000000 0.00000000000 0.00000000000
 0.00000000000 0.00000000000 0.00000000000 0.00000000000
 0.00000000000 0.00000000000 0.00000000000 0.00000000000
 0.00000000000 0.00000000000 0.00000000000 0.00000000000
# log_sel_spl_fsh[4]:
 0.00000000000 0.00000000000 0.00000000000 0.00000000000
 0.00000000000 0.00000000000 0.00000000000 0.00000000000
 0.00000000000 0.00000000000 0.00000000000 0.00000000000
 0.00000000000 0.00000000000 0.00000000000 0.00000000000
 0.00000000000 0.00000000000 0.00000000000 0.00000000000
 0.00000000000 0.00000000000 0.00000000000 0.00000000000
 0.00000000000 0.00000000000 0.00000000000 0.00000000000
 0.00000000000 0.00000000000 0.00000000000 0.00000000000
 0.00000000000 0.00000000000 0.00000000000 0.00000000000
 0.00000000000 0.00000000000 0.00000000000 0.00000000000
 0.00000000000 0.00000000000 0.00000000000 0.00000000000
 0.00000000000 0.00000000000 0.00000000000 0.00000000000
 0.00000000000 0.00000000000 0.00000000000 0.00000000000
 0.00000000000 0.00000000000 0.00000000000 0.00000000000
 0.00000000000 0.00000000000 0.00000000000 0.00000000000
 0.00000000000 0.00000000000 0.00000000000 0.00000000000
 0.00000000000 0.00000000000 0.00000000000 0.00000000000
 0.00000000000 0.00000000000 0.00000000000 0.00000000000
 0.00000000000 0.00000000000 0.00000000000 0.00000000000
 0.00000000000 0.00000000000 0.00000000000 0.00000000000
 0.00000000000 0.00000000000 0.00000000000 0.00000000000
 0.00000000000 0.00000000000 0.00000000000 0.00000000000
 0.00000000000 0.00000000000 0.00000000000 0.00000000000
 0.00000000000 0.00000000000 0.00000000000 0.00000000000
 0.00000000000 0.00000000000 0.00000000000 0.00000000000
 0.00000000000 0.00000000000 0.00000000000 0.00000000000
 0.00000000000 0.00000000000 0.00000000000 0.00000000000
 0.00000000000 0.00000000000 0.00000000000 0.00000000000
 0.00000000000 0.00000000000 0.00000000000 0.00000000000
 0.00000000000 0.00000000000 0.00000000000 0.00000000000
 0.00000000000 0.00000000000 0.00000000000 0.00000000000
 0.00000000000 0.00000000000 0.00000000000 0.00000000000
# logsel_slope_fsh[1]:
 0.00000000000 0.00000000000 0.00000000000 0.00000000000 0.00000000000 0.00000000000 0.00000000000 0.00000000000 0.00000000000 0.00000000000 0.00000000000 0.00000000000 0.00000000000 0.00000000000 0.00000000000 0.00000000000 0.00000000000 0.00000000000 0.00000000000 0.00000000000 0.00000000000 0.00000000000 0.00000000000 0.00000000000 0.00000000000 0.00000000000 0.00000000000 0.00000000000 0.00000000000 0.00000000000 0.00000000000 0.00000000000 0.00000000000 0.00000000000 0.00000000000 0.00000000000 0.00000000000
# logsel_slope_fsh[2]:
 0.00000000000 0.00000000000 0.00000000000 0.00000000000 0.00000000000 0.00000000000 0.00000000000 0.00000000000 0.00000000000 0.00000000000 0.00000000000 0.00000000000 0.00000000000 0.00000000000 0.00000000000 0.00000000000 0.00000000000 0.00000000000 0.00000000000 0.00000000000 0.00000000000 0.00000000000 0.00000000000 0.00000000000 0.00000000000 0.00000000000 0.00000000000 0.00000000000 0.00000000000 0.00000000000 0.00000000000 0.00000000000 0.00000000000 0.00000000000 0.00000000000 0.00000000000 0.00000000000 0.00000000000
# logsel_slope_fsh[3]:
 0.00000000000 0.00000000000 0.00000000000 0.00000000000 0.00000000000 0.00000000000 0.00000000000 0.00000000000 0.00000000000 0.00000000000 0.00000000000 0.00000000000 0.00000000000 0.00000000000 0.00000000000 0.00000000000 0.00000000000 0.00000000000 0.00000000000 0.00000000000 0.00000000000 0.00000000000 0.00000000000 0.00000000000 0.00000000000 0.00000000000 0.00000000000 0.00000000000 0.00000000000 0.00000000000 0.00000000000 0.00000000000 0.00000000000 0.00000000000 0.00000000000 0.00000000000 0.00000000000 0.00000000000 0.00000000000 0.00000000000 0.00000000000
# logsel_slope_fsh[4]:
 0.00000000000 0.00000000000 0.00000000000 0.00000000000 0.00000000000 0.00000000000 0.00000000000 0.00000000000 0.00000000000 0.00000000000 0.00000000000 0.00000000000 0.00000000000 0.00000000000 0.00000000000 0.00000000000 0.00000000000 0.00000000000 0.00000000000 0.00000000000 0.00000000000 0.00000000000 0.00000000000 0.00000000000 0.00000000000 0.00000000000 0.00000000000 0.00000000000 0.00000000000 0.00000000000 0.00000000000 0.00000000000
# sel50_fsh[1]:
 0.00000000000 0.00000000000 0.00000000000 0.00000000000 0.00000000000 0.00000000000 0.00000000000 0.00000000000 0.00000000000 0.00000000000 0.00000000000 0.00000000000 0.00000000000 0.00000000000 0.00000000000 0.00000000000 0.00000000000 0.00000000000 0.00000000000 0.00000000000 0.00000000000 0.00000000000 0.00000000000 0.00000000000 0.00000000000 0.00000000000 0.00000000000 0.00000000000 0.00000000000 0.00000000000 0.00000000000 0.00000000000 0.00000000000 0.00000000000 0.00000000000 0.00000000000 0.00000000000
# sel50_fsh[2]:
 0.00000000000 0.00000000000 0.00000000000 0.00000000000 0.00000000000 0.00000000000 0.00000000000 0.00000000000 0.00000000000 0.00000000000 0.00000000000 0.00000000000 0.00000000000 0.00000000000 0.00000000000 0.00000000000 0.00000000000 0.00000000000 0.00000000000 0.00000000000 0.00000000000 0.00000000000 0.00000000000 0.00000000000 0.00000000000 0.00000000000 0.00000000000 0.00000000000 0.00000000000 0.00000000000 0.00000000000 0.00000000000 0.00000000000 0.00000000000 0.00000000000 0.00000000000 0.00000000000 0.00000000000
# sel50_fsh[3]:
 0.00000000000 0.00000000000 0.00000000000 0.00000000000 0.00000000000 0.00000000000 0.00000000000 0.00000000000 0.00000000000 0.00000000000 0.00000000000 0.00000000000 0.00000000000 0.00000000000 0.00000000000 0.00000000000 0.00000000000 0.00000000000 0.00000000000 0.00000000000 0.00000000000 0.00000000000 0.00000000000 0.00000000000 0.00000000000 0.00000000000 0.00000000000 0.00000000000 0.00000000000 0.00000000000 0.00000000000 0.00000000000 0.00000000000 0.00000000000 0.00000000000 0.00000000000 0.00000000000 0.00000000000 0.00000000000 0.00000000000 0.00000000000
# sel50_fsh[4]:
 0.00000000000 0.00000000000 0.00000000000 0.00000000000 0.00000000000 0.00000000000 0.00000000000 0.00000000000 0.00000000000 0.00000000000 0.00000000000 0.00000000000 0.00000000000 0.00000000000 0.00000000000 0.00000000000 0.00000000000 0.00000000000 0.00000000000 0.00000000000 0.00000000000 0.00000000000 0.00000000000 0.00000000000 0.00000000000 0.00000000000 0.00000000000 0.00000000000 0.00000000000 0.00000000000 0.00000000000 0.00000000000
# logsel_p1_fsh[1]:
 0.00000000000 0.00000000000 0.00000000000 0.00000000000 0.00000000000 0.00000000000 0.00000000000 0.00000000000 0.00000000000 0.00000000000 0.00000000000 0.00000000000 0.00000000000 0.00000000000 0.00000000000 0.00000000000 0.00000000000 0.00000000000 0.00000000000 0.00000000000 0.00000000000 0.00000000000 0.00000000000 0.00000000000 0.00000000000 0.00000000000 0.00000000000 0.00000000000 0.00000000000 0.00000000000 0.00000000000 0.00000000000 0.00000000000 0.00000000000 0.00000000000 0.00000000000 0.00000000000
# logsel_p1_fsh[2]:
 0.00000000000 0.00000000000 0.00000000000 0.00000000000 0.00000000000 0.00000000000 0.00000000000 0.00000000000 0.00000000000 0.00000000000 0.00000000000 0.00000000000 0.00000000000 0.00000000000 0.00000000000 0.00000000000 0.00000000000 0.00000000000 0.00000000000 0.00000000000 0.00000000000 0.00000000000 0.00000000000 0.00000000000 0.00000000000 0.00000000000 0.00000000000 0.00000000000 0.00000000000 0.00000000000 0.00000000000 0.00000000000 0.00000000000 0.00000000000 0.00000000000 0.00000000000 0.00000000000 0.00000000000
# logsel_p1_fsh[3]:
 0.00000000000 0.00000000000 0.00000000000 0.00000000000 0.00000000000 0.00000000000 0.00000000000 0.00000000000 0.00000000000 0.00000000000 0.00000000000 0.00000000000 0.00000000000 0.00000000000 0.00000000000 0.00000000000 0.00000000000 0.00000000000 0.00000000000 0.00000000000 0.00000000000 0.00000000000 0.00000000000 0.00000000000 0.00000000000 0.00000000000 0.00000000000 0.00000000000 0.00000000000 0.00000000000 0.00000000000 0.00000000000 0.00000000000 0.00000000000 0.00000000000 0.00000000000 0.00000000000 0.00000000000 0.00000000000 0.00000000000 0.00000000000
# logsel_p1_fsh[4]:
 0.00000000000 0.00000000000 0.00000000000 0.00000000000 0.00000000000 0.00000000000 0.00000000000 0.00000000000 0.00000000000 0.00000000000 0.00000000000 0.00000000000 0.00000000000 0.00000000000 0.00000000000 0.00000000000 0.00000000000 0.00000000000 0.00000000000 0.00000000000 0.00000000000 0.00000000000 0.00000000000 0.00000000000 0.00000000000 0.00000000000 0.00000000000 0.00000000000 0.00000000000 0.00000000000 0.00000000000 0.00000000000
# sel_p2_fsh[1]:
 0.00000000000 0.00000000000 0.00000000000 0.00000000000 0.00000000000 0.00000000000 0.00000000000 0.00000000000 0.00000000000 0.00000000000 0.00000000000 0.00000000000 0.00000000000 0.00000000000 0.00000000000 0.00000000000 0.00000000000 0.00000000000 0.00000000000 0.00000000000 0.00000000000 0.00000000000 0.00000000000 0.00000000000 0.00000000000 0.00000000000 0.00000000000 0.00000000000 0.00000000000 0.00000000000 0.00000000000 0.00000000000 0.00000000000 0.00000000000 0.00000000000 0.00000000000 0.00000000000
# sel_p2_fsh[2]:
 0.00000000000 0.00000000000 0.00000000000 0.00000000000 0.00000000000 0.00000000000 0.00000000000 0.00000000000 0.00000000000 0.00000000000 0.00000000000 0.00000000000 0.00000000000 0.00000000000 0.00000000000 0.00000000000 0.00000000000 0.00000000000 0.00000000000 0.00000000000 0.00000000000 0.00000000000 0.00000000000 0.00000000000 0.00000000000 0.00000000000 0.00000000000 0.00000000000 0.00000000000 0.00000000000 0.00000000000 0.00000000000 0.00000000000 0.00000000000 0.00000000000 0.00000000000 0.00000000000 0.00000000000
# sel_p2_fsh[3]:
 0.00000000000 0.00000000000 0.00000000000 0.00000000000 0.00000000000 0.00000000000 0.00000000000 0.00000000000 0.00000000000 0.00000000000 0.00000000000 0.00000000000 0.00000000000 0.00000000000 0.00000000000 0.00000000000 0.00000000000 0.00000000000 0.00000000000 0.00000000000 0.00000000000 0.00000000000 0.00000000000 0.00000000000 0.00000000000 0.00000000000 0.00000000000 0.00000000000 0.00000000000 0.00000000000 0.00000000000 0.00000000000 0.00000000000 0.00000000000 0.00000000000 0.00000000000 0.00000000000 0.00000000000 0.00000000000 0.00000000000 0.00000000000
# sel_p2_fsh[4]:
 0.00000000000 0.00000000000 0.00000000000 0.00000000000 0.00000000000 0.00000000000 0.00000000000 0.00000000000 0.00000000000 0.00000000000 0.00000000000 0.00000000000 0.00000000000 0.00000000000 0.00000000000 0.00000000000 0.00000000000 0.00000000000 0.00000000000 0.00000000000 0.00000000000 0.00000000000 0.00000000000 0.00000000000 0.00000000000 0.00000000000 0.00000000000 0.00000000000 0.00000000000 0.00000000000 0.00000000000 0.00000000000
# logsel_p3_fsh[1]:
 0.00000000000 0.00000000000 0.00000000000 0.00000000000 0.00000000000 0.00000000000 0.00000000000 0.00000000000 0.00000000000 0.00000000000 0.00000000000 0.00000000000 0.00000000000 0.00000000000 0.00000000000 0.00000000000 0.00000000000 0.00000000000 0.00000000000 0.00000000000 0.00000000000 0.00000000000 0.00000000000 0.00000000000 0.00000000000 0.00000000000 0.00000000000 0.00000000000 0.00000000000 0.00000000000 0.00000000000 0.00000000000 0.00000000000 0.00000000000 0.00000000000 0.00000000000 0.00000000000
# logsel_p3_fsh[2]:
 0.00000000000 0.00000000000 0.00000000000 0.00000000000 0.00000000000 0.00000000000 0.00000000000 0.00000000000 0.00000000000 0.00000000000 0.00000000000 0.00000000000 0.00000000000 0.00000000000 0.00000000000 0.00000000000 0.00000000000 0.00000000000 0.00000000000 0.00000000000 0.00000000000 0.00000000000 0.00000000000 0.00000000000 0.00000000000 0.00000000000 0.00000000000 0.00000000000 0.00000000000 0.00000000000 0.00000000000 0.00000000000 0.00000000000 0.00000000000 0.00000000000 0.00000000000 0.00000000000 0.00000000000
# logsel_p3_fsh[3]:
 0.00000000000 0.00000000000 0.00000000000 0.00000000000 0.00000000000 0.00000000000 0.00000000000 0.00000000000 0.00000000000 0.00000000000 0.00000000000 0.00000000000 0.00000000000 0.00000000000 0.00000000000 0.00000000000 0.00000000000 0.00000000000 0.00000000000 0.00000000000 0.00000000000 0.00000000000 0.00000000000 0.00000000000 0.00000000000 0.00000000000 0.00000000000 0.00000000000 0.00000000000 0.00000000000 0.00000000000 0.00000000000 0.00000000000 0.00000000000 0.00000000000 0.00000000000 0.00000000000 0.00000000000 0.00000000000 0.00000000000 0.00000000000
# logsel_p3_fsh[4]:
 0.00000000000 0.00000000000 0.00000000000 0.00000000000 0.00000000000 0.00000000000 0.00000000000 0.00000000000 0.00000000000 0.00000000000 0.00000000000 0.00000000000 0.00000000000 0.00000000000 0.00000000000 0.00000000000 0.00000000000 0.00000000000 0.00000000000 0.00000000000 0.00000000000 0.00000000000 0.00000000000 0.00000000000 0.00000000000 0.00000000000 0.00000000000 0.00000000000 0.00000000000 0.00000000000 0.00000000000 0.00000000000
# rec_dev_future:
 0.00000000000 0.00000000000 0.00000000000 0.00000000000 0.00000000000 0.00000000000 0.00000000000 0.00000000000 0.00000000000 0.00000000000 0.00000000000 0.00000000000 0.00000000000 0.00000000000 0.00000000000 0.00000000000 0.00000000000 0.00000000000 0.00000000000 0.00000000000
# log_q_ind[1]:
-0.100225026714
# log_q_ind[2]:
-3.06327809039
# log_q_ind[3]:
-9.56928030941
# log_q_ind[4]:
-0.752331774721
# log_q_ind[5]:
-6.19720326139
# log_q_ind[6]:
-8.43732363999
# log_q_ind[7]:
-8.32648597957
# log_q_ind[8]:
-1.20237859611
# log_q_power_ind[1]:
0.00000000000
# log_q_power_ind[2]:
0.00000000000
# log_q_power_ind[3]:
0.00000000000
# log_q_power_ind[4]:
0.00000000000
# log_q_power_ind[5]:
0.00000000000
# log_q_power_ind[6]:
0.00000000000
# log_q_power_ind[7]:
0.00000000000
# log_q_power_ind[8]:
0.00000000000
# log_rw_q_ind[1]:
 -1.21012350571
# log_rw_q_ind[3]:
 -0.380575373917
# log_selcoffs_ind[1]:
 -3.22426801699 -2.07138738806 -0.969222388439 -0.119930748406 0.327188633378 0.477394864877 0.436443070579 0.342260724296 0.277398713769 0.257658756974
 -3.15843046483 -2.24984403339 -1.37380699776 -0.574411619341 0.0739520584740 0.478323522811 0.588482424328 0.515281258354 0.396869491064 0.324449105795
# log_selcoffs_ind[2]:
 -0.700467044829 -0.187622192698 0.124952428772 0.213136615567 0.0926033860896 -0.0169747116024 -0.0316862934233 0.0311898733105 0.0968159564644 0.114868819852
 -0.171068911081 -0.00569536880168 0.0688988715573 0.139535338945 0.140961290757 0.0777473314389 -0.0110747998993 -0.0793889953781 -0.107228851112 -0.106882515282
 0.125473171170 0.0627242118245 0.100978740705 0.181886101633 0.169941495309 0.0598324828292 -0.0886630931235 -0.211176821106 -0.270444847085 -0.272948947871
# log_selcoffs_ind[3]:
 -0.202940821038 0.0202027052767 0.0202027052767 0.0202027052767 0.0202027052767 0.0202027052767 0.0202027052767 0.0202027052767 0.0202027052767 0.0202027052767
# log_selcoffs_ind[4]:
 -2.61773701473 -1.61440173077 -0.749186511347 -0.202452570629 0.0266246986394 0.166271783100 0.290877864966 0.408408016328 0.499568808320 0.554251398839
 -3.23624720841 -2.35645169525 -1.49604888287 -0.757061631078 -0.202109147383 0.194114107174 0.454327922222 0.607864795046 0.634157527729 0.612253425747
# log_selcoffs_ind[5]:
 -3.04452005677 -0.669616569639 0.101782682789 0.174353368097 0.174353368097 0.174353368097 0.174353368097 0.174353368097 0.174353368097 0.174353368097
# log_selcoffs_ind[6]:
 -3.04452005677 -0.669616569639 0.101782682789 0.174353368097 0.174353368097 0.174353368097 0.174353368097 0.174353368097 0.174353368097 0.174353368097
# log_selcoffs_ind[7]:
 -3.04452005677 -0.669616569639 0.101782682789 0.174353368097 0.174353368097 0.174353368097 0.174353368097 0.174353368097 0.174353368097 0.174353368097
# log_selcoffs_ind[8]:
 -3.04452005677 -0.669616569639 0.101782682789 0.174353368097 0.174353368097 0.174353368097 0.174353368097 0.174353368097 0.174353368097 0.174353368097
# logsel_slope_ind[1]:
 0.00000000000 0.00000000000
# logsel_slope_ind[2]:
 0.00000000000 0.00000000000 0.00000000000
# logsel_slope_ind[3]:
 0.00000000000
# logsel_slope_ind[4]:
 0.00000000000 0.00000000000
# logsel_slope_ind[5]:
 0.00000000000
# logsel_slope_ind[6]:
 0.00000000000
# logsel_slope_ind[7]:
 0.00000000000
# logsel_slope_ind[8]:
 0.00000000000
# sel50_ind[1]:
 0.00000000000 0.00000000000
# sel50_ind[2]:
 0.00000000000 0.00000000000 0.00000000000
# sel50_ind[3]:
 0.00000000000
# sel50_ind[4]:
 0.00000000000 0.00000000000
# sel50_ind[5]:
 0.00000000000
# sel50_ind[6]:
 0.00000000000
# sel50_ind[7]:
 0.00000000000
# sel50_ind[8]:
 0.00000000000
# logsel_p1_ind[1]:
 0.00000000000 0.00000000000
# logsel_p1_ind[2]:
 0.00000000000 0.00000000000 0.00000000000
# logsel_p1_ind[3]:
 0.00000000000
# logsel_p1_ind[4]:
 0.00000000000 0.00000000000
# logsel_p1_ind[5]:
 0.00000000000
# logsel_p1_ind[6]:
 0.00000000000
# logsel_p1_ind[7]:
 0.00000000000
# logsel_p1_ind[8]:
 0.00000000000
# sel_p2_ind[1]:
 0.00000000000 0.00000000000
# sel_p2_ind[2]:
 0.00000000000 0.00000000000 0.00000000000
# sel_p2_ind[3]:
 0.00000000000
# sel_p2_ind[4]:
 0.00000000000 0.00000000000
# sel_p2_ind[5]:
 0.00000000000
# sel_p2_ind[6]:
 0.00000000000
# sel_p2_ind[7]:
 0.00000000000
# sel_p2_ind[8]:
 0.00000000000
# logsel_p3_ind[1]:
 0.00000000000 0.00000000000
# logsel_p3_ind[2]:
 0.00000000000 0.00000000000 0.00000000000
# logsel_p3_ind[3]:
 0.00000000000
# logsel_p3_ind[4]:
 0.00000000000 0.00000000000
# logsel_p3_ind[5]:
 0.00000000000
# logsel_p3_ind[6]:
 0.00000000000
# logsel_p3_ind[7]:
 0.00000000000
# logsel_p3_ind[8]:
 0.00000000000
