# Number of parameters = 1695 Objective function value = 1263.57277112830  Maximum gradient component = 0.000149467225713239
# Mest[1]:
0.280000000000
# log_Linf[1]:
4.29810139974
# log_k[1]:
-1.83258146375
# log_Lo[1]:
2.60712428251
# log_sdage[1]:
-2.40794560865
# mean_log_rec[1]:
9.34505625008
# steepness[1]:
0.650000000000
# log_Rzero[1]:
9.53679471518
# rec_dev:
 -0.0803838026081 -0.103694895398 -0.132638833218 -0.168254001461 -0.211539147072 -0.263011284319 -0.321626660136 -0.386486696268 -0.459516691127 -0.539034213707 -0.617917755082 -0.685963298085 -0.756272929640 -0.836840955889 -0.948264600956 -0.932183525576 -0.668696010136 -0.446129101582 -0.0521421037479 0.174172682086 0.212228209259 0.252642602433 0.406925981086 0.551588831194 0.880789266806 0.601428811754 0.772821195843 1.57425722640 1.50927467185 0.808912017038 0.288460378428 0.411572748765 0.683255247891 0.793513056418 0.236579066717 0.320955133882 0.261012040755 0.274794010898 0.434223588361 0.415726299702 0.657919534013 0.594666409794 0.590029087793 0.486446745854 -0.0117092884619 -0.117648414505 -0.0434479175245 -0.607062886770 -1.69112301377 -0.691621540261 -0.230492233705 -0.767845024412 -0.960552562528 -1.05322650616 -0.968321050751 -0.430922309831 -0.377635978166 0.210222619744 0.658555850707 0.817158254831 0.240259419946 -0.520326273379 -0.111456666177
# log_sigmar[1]:
-0.510825623766
# fmort:
 -4.75385769942 -4.33043512324 -5.05202931383 -4.72019797807 -3.94419131551 -3.60588207252 -3.27378802484 -3.27593341499 -2.55707384272 -2.61104640071 -2.86938246902 -2.48922534042 -1.75723901056 -2.73516227680 -1.90743423821 -2.52873697567 -4.96952840069 -3.67195180833 -4.10663183462 -4.24106674273 -4.33084427561 -4.01439988330 -3.94557372204 -3.76951607210 -4.21801852105 -3.94672061339 -3.54230283416 -4.56433007491 -5.74844853621 -5.13560867605 -4.72693382488 -4.00852333943 -4.85922692387 -4.41131803995 -4.30731874191 -3.92771496491 -3.84292972093 -3.32806124488 -2.77506934977 -3.15854087354 -2.93660420011 -4.52631166715 -5.43227490462 -4.93275800060 -4.92320730358 -4.64953350469 -5.03404150533 -4.72001769676 -5.91425949527 -6.20609941066 -5.02016904854 -5.08928483598
 -7.14079024221 -6.69080198016 -6.20787667200 -5.60089269104 -5.80165442686 -5.07937943085 -4.55238781554 -4.19788341599 -3.70183111726 -3.48213206050 -3.36441890612 -2.61852713739 -2.39711395120 -2.70823045914 -2.30418698731 -1.92526522748 -1.74509479127 -1.42809624296 -1.23941268485 -1.11458198859 -1.10502271910 -0.873964019551 -0.579018518404 -0.540913155920 -0.346117946728 -0.0642820097876 -0.0998389270198 -0.102656053989 -0.621966747274 -1.11943263900 -1.57106122579 -1.43095554132 -1.36920283480 -1.46438862236 -1.46244957757 -1.43720498087 -1.33335294696 -1.11593112656 -1.25322499506 -0.953843563966 -1.53903612894 -1.91878770181 -2.25786954527 -2.44290694157 -2.45385515905 -2.27234816874 -2.25184669485 -2.23891396220 -2.17160794325 -2.30268787901 -2.40218401799 -2.49663338636
 -8.51181563459 -7.76708353917 -6.86949303529 -5.96606171586 -4.74894267568 -5.86263512496 -5.41125657398 -3.02931148670 -3.29851506136 -3.51778089145 -3.45633060660 -3.52118165426 -4.55259827019 -4.74008936032 -4.40901350569 -5.05457749866 -6.05939348888 -6.15823360352 -4.82674705465 -4.91187394494 -4.85243759301 -5.11477626667 -5.49141808203 -5.28615320874 -4.75028869685 -3.51709203011 -3.15167567580 -2.48973153839 -2.85276853556 -3.95127157860 -3.85935994436 -2.95168366557 -4.64608901020 -4.34092841787 -4.49510177886 -5.19949070156 -3.85710909663 -3.77025435602 -3.81023615312 -4.05310975857 -5.24424530283 -3.10591156840 -3.71247380786 -4.54709967990 -4.58625464669 -5.75204326800 -6.40018560443 -7.20659652360 -5.80705942687 -5.35424968820 -5.62373728214 -5.87461541337
 -9.68874159374 -9.62710665209 -7.85657893488 -9.49312464436 -9.41434984479 -9.32312016314 -9.18077300708 -8.27533612787 -4.99936640317 -2.80819762107 -2.67210598070 -2.21165408804 -1.41168305327 -0.977280329771 -0.726167867826 -1.08719247117 -1.36119654757 -1.70666136530 -2.04607740323 -2.35992881381 -2.63116368837 -3.21748020788 -5.76464320565 -9.25729101786 -9.07923150995 -8.79550990179 -8.42286281886 -8.05860295915 -7.88474073358 -7.99797063010 -7.50668740958 -5.63455496720 -4.51211977294 -3.96729354341 -3.35369691088 -3.48666350388 -3.00998519049 -2.60685452027 -2.39843654865 -2.12179761678 -2.31546827765 -3.60453575333 -3.98664576216 -4.01433016393 -3.64517636350 -3.48715073445 -3.99309723043 -4.12384343204 -4.19587707567 -4.40472435916 -6.93259212310 -4.26726014517
# log_selcoffs_fsh[1]:
 -3.88320228062 -2.29340860031 -1.29568169832 -0.259890920647 0.722340181240 1.03128072657 0.512177246197 -0.204137778920 -0.722630851450
 -3.40168042287 -1.76752764127 -1.10959253028 -0.316667674414 0.573674595040 0.944212348910 0.585471166131 -0.0233978363396 -0.479024990139
 -3.05506538440 -1.58628311647 -0.796505448434 -0.0539485407495 0.554012754445 0.772830464938 0.513073034328 0.0471689283092 -0.321601976438
 -2.64636454612 -1.36472121287 -0.717151327329 -0.116361053780 0.607090708495 0.745084068926 0.434561135565 0.0309598289214 -0.251141333392
 -2.00662201586 -0.482866725734 -0.191302526408 0.0563786821656 0.320139763853 0.464380288947 0.342280429343 0.0928247618466 -0.115531753912
 -1.88737606705 -0.661834693361 0.315518156339 0.539735003409 0.243604455193 0.138585895935 0.0597320925080 -0.0703027499450 -0.188797776884
 -1.58600098295 -0.517994541394 0.409260264267 0.663936852498 0.271770159156 -0.00558095963937 -0.135298938042 -0.213829304348 -0.269509007447
 -1.14266161276 -0.316943127111 0.462784495089 0.726010386365 0.211996382203 -0.121431635351 -0.281259033850 -0.336441098995 -0.347553961256
 -0.839675792120 0.171470256217 0.377213577799 0.525072799915 0.300796636002 -0.130730572898 -0.367965241545 -0.429173487801 -0.414415931010
 -0.598342236874 0.325737513553 0.522358789070 0.515236680785 0.138462446834 -0.271253625472 -0.498344017288 -0.539667439995 -0.504539064418
 -0.0708467963337 0.866606692634 0.412934427497 0.143958111600 -0.211759900938 -0.492180519205 -0.636412487266 -0.647192870067 -0.597224522030
 0.120170654355 0.827714069518 0.581614902012 0.122207102651 -0.388611636588 -0.644052499412 -0.743207879991 -0.735754238582 -0.678400435470
 -0.138810189816 1.09113023486 0.643116241458 -0.0710004073181 -0.589518738946 -0.804033654271 -0.861008882276 -0.833932145334 -0.778879404862
 0.180163459943 1.09356600353 0.581067255423 -0.134022720778 -0.685176663565 -0.888462322167 -0.927603377642 -0.889606175821 -0.835713196480
 0.176435404839 1.17312717400 0.538673504845 -0.196431608475 -0.735289983382 -0.943380299584 -0.985045504167 -0.946048789135 -0.893555015753
 -0.221754239903 1.24185701505 0.663113202750 -0.159256692190 -0.766421784218 -0.990292774337 -1.03879923462 -1.00257348429 -0.951154918318
 -0.151292932521 1.29762924547 0.586780640623 -0.206315369607 -0.801814751046 -1.02826941694 -1.07919262907 -1.04503736729 -0.993329908389
 0.469554000906 1.06206647361 0.629685204057 -0.220917715103 -0.828280843971 -1.05157963805 -1.10033971444 -1.06265286256 -1.00759986286
 0.757159763629 1.08281180731 0.377897382672 -0.340312307643 -0.890296071032 -1.10374012809 -1.14769639560 -1.10286285355 -1.04240134031
 0.483969812949 1.18673377413 0.540006523136 -0.335183967551 -0.944701791828 -1.16138476829 -1.19454528502 -1.13588750977 -1.06686974474
 0.553810355160 1.27786214938 0.377720479730 -0.461634090128 -1.02978203765 -1.22840130082 -1.24810033529 -1.17249682728 -1.09220601973
 0.436165789812 1.30065123963 0.519882398485 -0.519646048354 -1.12133153783 -1.29819303067 -1.29545703644 -1.19964883478 -1.10550458804
 0.702977936559 1.19592557193 0.457548294237 -0.497970519686 -1.13547691840 -1.32769825625 -1.31981460470 -1.20759862142 -1.09897573224
 0.484529719668 1.35516676682 0.367713300317 -0.547307853041 -1.14024773796 -1.33741730443 -1.33549498673 -1.21615571954 -1.09484854038
 0.681831081295 1.26250480961 0.318049833387 -0.526715246528 -1.09422291072 -1.30667664477 -1.31623811825 -1.19293562703 -1.06054898186
 0.633344785983 1.20339141198 0.390232329958 -0.379321082239 -1.01864443288 -1.25085354389 -1.25767780461 -1.13291819821 -0.996137661420
 0.0450143562343 1.26021887276 0.587563303681 -0.196315831301 -0.899302218042 -1.13876711782 -1.14622137682 -1.02878551137 -0.906167445116
 0.332518797837 1.12271184617 0.538362230126 -0.249637111252 -0.815820541167 -1.00774565629 -0.999135680216 -0.891483959090 -0.788550487615
 1.15670952633 0.690849112019 0.00470817358498 -0.509967574441 -0.835860698224 -0.923866065797 -0.876858923325 -0.766476373793 -0.675926859813
 0.773490068878 1.01850030159 0.0376352091862 -0.631349535842 -0.835345438624 -0.819642254861 -0.723675614112 -0.609032437504 -0.527190643738
 0.534144615144 1.05048818173 -0.0191432548396 -0.602363290457 -0.741493084729 -0.679073265670 -0.548411095448 -0.432670608507 -0.362003343283
 0.424240630028 0.763104836025 0.0299714136317 -0.414748627549 -0.511926926153 -0.451315417851 -0.318478792115 -0.207972448293 -0.150706251726
 -0.458528943343 0.479192614653 0.164084384833 -0.106485194055 -0.147881356691 -0.151543202465 -0.0708927139322 -0.00640997321602 0.0282259293902
 -0.999375281572 -0.190418284836 -0.145256223549 0.0365652909619 0.183989433453 0.142797383121 0.224520835779 0.148214517765 0.127734198428
 -0.552107656685 0.0124089584972 -0.397168826572 -0.360584657754 -0.0679374665259 0.142681488360 0.274418011438 0.284538745515 0.269794086846
 0.234713730212 -0.790486867474 -0.921098103097 -0.582864653576 -0.150844034425 0.176049269515 0.354697636333 0.372105311937 0.333924033263
 -0.643639659043 -1.02256711844 -1.06373325227 -0.560483328353 -0.00708944495386 0.313679629149 0.526416240887 0.503294266173 0.399079302794
 -0.993905241090 -0.946526193693 -1.03346949939 -0.655269451988 -0.0715566965370 0.380658593890 0.569350751731 0.541223456132 0.396958139742
# log_selcoffs_fsh[2]:
 -2.33245752890 -0.428240519914 0.355450584716 0.722291960279 0.598421024750 0.199711467711 -0.115809501780 -0.350069437007 -0.511710123395 -0.634369510745
 -2.23254042834 -0.347858498435 -0.414713787048 0.159130034452 0.665485714955 0.628509912198 0.238168897027 -0.132114604277 -0.326210165557 -0.405777701728
 -2.77719400237 -0.929103673632 -0.500616345010 -0.0180502866327 0.560110740567 0.703817933056 0.381367589735 0.0229297892078 -0.144701410581 -0.186898565552
 -3.18828358631 -1.61350369166 -0.696125707269 -0.192059265015 0.424520900114 0.721306273685 0.429365398339 0.158404803439 0.0668315347836 0.0702566707627
 -2.79831339747 -1.24470887134 -1.17408086180 -0.648500416346 0.158671551575 0.585459659817 0.450696529295 0.328017255992 0.341307064123 0.396732491535
 -2.41596662944 -1.28031936647 -1.05737416467 -0.947262098116 -0.419181306379 0.0691227577883 0.328590156986 0.499015106060 0.664595999489 0.783279424375
 -3.07158857418 -1.80776039893 -0.923737912070 -0.745655785306 -0.620866665113 -0.268131262202 0.135896607334 0.499574594101 0.788818719055 0.963751157429
 -3.60324714448 -2.61558137147 -1.81024405022 -1.05854373258 -0.449213838466 -0.0567127010581 0.265735407578 0.487585570218 0.784117187851 0.986871273306
 -3.87209820847 -2.84764290981 -2.22542491642 -1.49758279786 -0.625495734882 -0.0427694567792 0.359619615338 0.643567993588 0.823478635463 0.909035922155
 -3.95484920344 -2.73268923487 -2.01322320892 -1.53375123827 -1.02405874816 -0.334626003214 0.260222341971 0.790039950366 0.979424577284 0.845072005671
 -3.78493599496 -2.29251318506 -1.55548233012 -1.10290087081 -0.772899229026 -0.498733918676 0.0458377215019 0.688205246993 0.988664591000 0.932015770857
 -3.70664519949 -2.19332546584 -1.37589122138 -0.923044476108 -0.567766413316 -0.268980362247 0.255970350221 0.660270644211 0.840207363213 0.849786307792
 -3.39152408240 -1.55141476388 -0.899113177120 -0.540255097456 -0.272525620659 -0.197520525707 0.174076077670 0.504611140733 0.726005094204 0.819494615004
 -2.95607688362 -1.23293989319 -0.582711573160 -0.292663949244 -0.176770809707 -0.0715350152679 0.169322026530 0.416831622081 0.612515319639 0.711103602959
 -2.56187484818 -0.568908325011 -0.318128789072 -0.296966710549 -0.316976696049 -0.175312325695 0.126932199709 0.381841038791 0.574375185200 0.663840271598
 -2.21044564569 -0.256752927560 -0.275901651955 -0.333617707573 -0.398811677834 -0.242472926293 0.0675083175328 0.342054231110 0.556166235217 0.675045432927
 -1.79616073752 -0.215449593414 -0.230951935740 -0.267736315576 -0.395331258899 -0.323255623160 -0.0298144016585 0.284162844577 0.550142771168 0.712448755473
 -1.91515037047 -0.212919077035 0.0567840576183 -0.0801891288878 -0.310549288149 -0.305359771690 -0.0657070762200 0.233178274290 0.460094115486 0.593300674972
 -2.13050465002 -0.317964339321 0.0436062010480 0.00258368772075 -0.225431946605 -0.224680299664 -0.00549286226118 0.254371439381 0.437680246441 0.516535669532
 -2.22455436299 -0.616992533060 -0.218000582084 -0.0255340511326 -0.135244817626 -0.133327098052 0.0855603861917 0.337375241710 0.487849917969 0.533754078361
 -2.31951687354 -0.707581470164 -0.247436870775 0.00493466173934 -0.116407569766 -0.150267048653 0.0654388045049 0.344580131334 0.504553700626 0.552295712073
 -2.61123449520 -0.823089073368 -0.222775643476 0.0386088906272 -0.0342298511915 -0.0750616389310 0.113026138787 0.330103210373 0.461408565690 0.504833283083
 -2.91444993075 -1.44660128721 -0.390350191050 0.177707514979 0.169349183203 0.0644882047922 0.176362603427 0.332809267835 0.403660434589 0.407401707535
 -3.05313066210 -1.79481786337 -0.850950738311 -0.0741098439472 0.295648572354 0.247547483457 0.361939457836 0.445372030642 0.399484591562 0.276067012523
 -3.13131020603 -1.60471078029 -0.842100305295 -0.384735012877 0.0954999967239 0.340497335977 0.459212247275 0.559120295033 0.428625224318 0.239800368200
 -3.29566283903 -1.91857140062 -1.05752960720 -0.217117866795 0.233801922609 0.399994978593 0.440184381076 0.493897895457 0.398518429797 0.204963135618
 -3.57719411116 -1.75406483573 -0.937510689794 -0.00747607634255 0.370883105732 0.493837442636 0.481951541503 0.403229148026 0.190971979764 0.000910855687387
 -3.68684346763 -1.66741399288 -0.792640499420 0.0391999596324 0.389784856053 0.401630028640 0.667240646846 0.450906025265 0.0167520579950 -0.239288900912
 -3.65250283058 -2.13277896927 -1.27313543941 0.107218634166 0.611629234202 0.556016377976 0.664022047415 0.248041778627 -0.0858189918180 -0.310026016040
 -3.62112112446 -1.83647591753 -0.590288515191 0.112598337018 0.805406234339 0.575088974348 0.322455472063 0.0504895938171 -0.123393529673 -0.211449133621
 -3.39088442952 -1.24839103438 -0.102685408199 0.377003442619 0.293454914589 0.199825163686 0.212888718251 0.177052789774 0.154613000639 0.147251859652
 -3.31117724309 -1.32645002072 -0.346929956857 0.0709789550526 0.230832417621 0.0943343095600 0.110756434513 0.300353705275 0.416355826532 0.454405034004
 -2.89605382557 -0.820603490202 -0.562444812437 -0.307767852425 -0.0345918599955 0.00223103758920 -0.00733128449187 0.297494321565 0.609462578900 0.719224752363
 -3.57089175356 -1.32772166883 -0.570506470220 -0.0734879604819 0.137475560197 0.159190034221 0.126116434632 0.257723324825 0.478465850022 0.615442866394
 -3.91623489720 -1.89657422157 -1.01666412560 -0.443231730179 0.123593942832 0.316511709160 0.353107423297 0.409556592331 0.495698714815 0.560230672413
 -4.18775298042 -2.39603657924 -1.30974459854 -0.581364163782 -0.0793010037267 0.241615148990 0.428327734960 0.524732270663 0.560187697381 0.637610709542
 -4.28686452393 -2.81169586360 -1.79249515006 -0.874818787155 -0.0223815179148 0.288327295600 0.563982860086 0.642960725368 0.547328649775 0.496045409824
 -4.20580565914 -2.73479249202 -2.09775788853 -1.37991244997 -0.419883875608 0.306101089076 0.621932541355 0.775720102615 0.633266290008 0.477584861113
 -4.17017180705 -2.64467181341 -1.68237627394 -1.34804273637 -0.637794741571 0.0282231139937 0.568279797232 0.759167017949 0.765416778354 0.620117428503
# log_selcoffs_fsh[3]:
 -1.97500155138 -1.19899402836 0.200054948749 1.03418181814 0.370207544875 -0.409457834322 -0.883285262740
 -2.33794855153 -1.24289934117 0.383576580808 0.996500799243 0.313547190965 -0.428557509641 -0.870124504026
 -2.15579725497 -1.02805375539 0.236314682206 0.970231759642 0.374221928634 -0.342460871382 -0.782028065533
 -2.98558355741 -1.53259209322 0.281057459574 1.06616278653 0.325398244963 -0.389693323678 -0.814355601607
 -3.39228507869 -1.74248031892 0.314018907816 0.981419312314 0.433595909727 -0.286541287291 -0.775496640854
 -3.57643455094 -1.91343023543 -0.186344803279 0.996160309650 0.673333008473 -0.159128899022 -0.748762357294
 -3.61294592402 -1.86583194399 -0.250046297846 1.00153540495 0.662546109589 -0.129003877571 -0.696469498850
 -3.48860011671 -1.53613335347 0.469102135596 0.771767305406 0.436303949309 -0.116340175619 -0.588879825295
 -3.21931414924 -1.33621398549 0.294729374314 0.693919990375 0.557900178653 0.00328751461610 -0.506540951654
 -2.96375043252 -0.873797026127 0.190485578633 0.763056982779 0.497869762049 -0.0681648909941 -0.515784219366
 -2.98248965850 -1.23523306060 0.0826576510087 1.01539667727 0.448210645828 -0.279537131236 -0.712745340917
 -3.02446174651 -1.20692072153 0.202399975538 1.02006628483 0.431631421519 -0.379627012556 -0.842346016460
 -3.04301137916 -1.18543887629 0.335777504079 1.07401418518 0.286654156569 -0.532814204667 -0.912176629916
 -2.93929429799 -0.745368839413 0.770764721385 0.782514409993 0.110240470581 -0.547546081344 -0.845736595753
 -2.92326777440 -0.926675582154 0.657944688118 0.854488456614 0.161017650921 -0.479942864407 -0.742634590797
 -2.93211809570 -0.905929531008 0.766850043196 0.858079482460 -0.0379499792649 -0.572055712119 -0.685527473785
 -2.93580013278 -0.663478679619 0.940639658875 0.710371989819 -0.200169121088 -0.668847824166 -0.683995093554
 -2.98249754114 -0.741762793767 1.08325346776 0.618448798655 -0.288964465976 -0.766317423799 -0.800781655202
 -2.84621079522 -0.264703663447 1.09745164156 0.473828129116 -0.341832779543 -0.798934905233 -0.887759280242
 -2.75822909453 -0.337245545605 1.18303897619 0.394227236685 -0.418884339897 -0.846893785345 -0.944636708850
 -2.64130443057 -0.105142591979 1.17825092055 0.305499256432 -0.483460045743 -0.869888619019 -0.949584393582
 -2.57472213687 -0.376740103240 1.22977069028 0.301233358365 -0.490139505780 -0.835050897263 -0.869007736728
 -2.36968727267 -0.591567315832 1.09926561733 0.453695956191 -0.332049453280 -0.654069541976 -0.616976465684
 -2.07862437337 -0.251982045978 0.825129086974 0.538422544398 -0.153429647476 -0.493292260929 -0.456041092368
 -1.86733989220 -0.400987663098 0.586354984969 0.789945097184 -0.0219398504171 -0.498418631817 -0.528790033615
 -1.67209475485 0.388878523407 0.518141871584 0.446188288316 0.0305073838471 -0.538849829275 -0.731525590006
 -1.92992562160 0.106233196895 1.03399356051 0.387115276007 -0.334557550404 -0.874145297630 -1.12428081985
 -2.18461618330 -0.320812709065 1.07908125790 0.659655838554 -0.366539846791 -1.06252438454 -1.39793307857
 -2.41909277830 -0.465035238013 1.06363080541 0.737176549669 -0.289379091105 -1.11187687773 -1.52179574706
 -2.52352743549 -0.513856017902 0.654686745174 1.02925616505 0.0522025434584 -1.06507682425 -1.61030827516
 -2.44075231053 0.292996243435 0.717806550709 0.760479492158 -0.129786890798 -1.12946320749 -1.70515613285
 -2.73467463237 -0.617654243648 1.31094578439 0.501827186365 -0.479730890498 -1.34134754363 -1.87069257464
 -2.90999573288 -0.941761496805 1.01072982700 0.984443948259 -0.315662149337 -1.36603488007 -1.91574195203
 -2.94495074097 -0.982003727549 0.719070791164 1.14252149188 -0.0564930448974 -1.25616597141 -1.85898135308
 -2.91951442682 -0.854906844937 0.935585728050 1.00454193164 -0.236720250046 -1.25661989176 -1.78660026075
 -2.72449707066 -0.124351534501 1.13608338025 0.555390074389 -0.353934872178 -1.18944457613 -1.67198437789
 -2.65914151882 -0.180929754886 1.10693797730 0.599518868781 -0.334040242029 -1.12269715608 -1.57142882144
 -2.59036829112 0.0653396958250 1.07215252252 0.489519872035 -0.302487555108 -1.05679697755 -1.52442315896
 -2.71581501406 -0.343317247386 1.16080002060 0.552091651685 -0.293907706704 -1.07060501200 -1.57541794143
 -2.80967151053 -0.884080284214 1.02510163034 0.825148169001 -0.112658608417 -1.01436638921 -1.60447046529
 -2.80323068026 -1.15982285023 0.454953225515 1.15526948864 0.222412794877 -0.861959049005 -1.59235951684
 -2.77358632240 -1.32784288160 -0.00739620820044 1.11506255888 0.652713999355 -0.682637765801 -1.58917038406
# log_selcoffs_fsh[4]:
 -2.97464639106 -2.48586193987 -1.96295979371 -1.37794818522 -0.739770808654 -0.0949673697828 0.475652235120 0.893000073944 1.11021405663
 -2.96131699026 -2.48005319931 -1.96292720930 -1.38002082754 -0.742012160959 -0.0975345252905 0.474500351674 0.893502171767 1.11132474471
 -2.93568206844 -2.46849245889 -1.96414304772 -1.38313977979 -0.741287954779 -0.0962188007755 0.476853656529 0.893161608027 1.10939515868
 -2.89400152706 -2.44446362250 -1.96428962164 -1.39772252032 -0.746828679480 -0.0881125696040 0.484768519948 0.894853286395 1.10199249510
 -2.83031294464 -2.38851912879 -1.92999787981 -1.39623349725 -0.768415129157 -0.0965386748578 0.499101975347 0.900809473678 1.09058196806
 -2.74900775585 -2.29845266147 -1.86827630584 -1.36925799858 -0.741309195836 -0.0818718054108 0.509123093356 0.900172309206 1.06649229975
 -2.66165992940 -2.20537244626 -1.74183378722 -1.27241344040 -0.698788973106 -0.0395552635571 0.533312268984 0.886956699263 1.02025495372
 -2.55955507774 -2.10951875904 -1.63993455778 -1.13486067398 -0.588337311617 0.00717488348887 0.535231234520 0.860100483719 0.975394469440
 -2.40339699392 -1.95587536167 -1.50896131530 -1.03176805817 -0.482769602883 0.0707622875925 0.536913204881 0.818914878452 0.924845940753
 -2.21620957235 -1.73572986170 -1.27084101637 -0.859881059060 -0.422071732793 0.0791570994285 0.509472538151 0.779297451895 0.887267341572
 -2.03557542803 -1.51568215321 -1.01675360305 -0.589472084229 -0.284565825086 0.0499853919466 0.432336776739 0.716427279602 0.850916460265
 -1.88028749435 -1.35183367656 -0.827205788699 -0.374974961873 -0.0737544383102 0.0940055710307 0.336840799059 0.612846434909 0.784108501937
 -1.75013947057 -1.22154228095 -0.719991558705 -0.273794567009 0.0390226756608 0.195014019399 0.323919524685 0.516254999396 0.678455832676
 -1.62896390505 -1.09959338384 -0.606472864777 -0.199097457492 0.0761065404256 0.228541941506 0.339805389823 0.466988271055 0.571216534438
 -1.51511687151 -0.979911818494 -0.492513740518 -0.112161909686 0.128965963229 0.253054980008 0.328173953099 0.402758342210 0.463673722697
 -1.41183473249 -0.862946040502 -0.375311730879 -0.0184280604948 0.186195584009 0.268329982862 0.297016681555 0.325186041202 0.352773552957
 -1.31892115612 -0.741695494554 -0.248313018453 0.0776225678929 0.239717487047 0.267360592277 0.248119141734 0.237134365288 0.238083183992
 -1.25134490158 -0.624110543632 -0.0887629422961 0.201427385842 0.291717930784 0.239175553183 0.164533351694 0.122385233499 0.115089264105
 -1.21455461402 -0.551299041974 0.0646153653296 0.345586199007 0.318955212640 0.203403557210 0.0680754557342 -0.00165582963268 -0.0229184155458
 -1.22390254656 -0.543442572275 0.0866823324665 0.480432671944 0.407906094321 0.169968196732 -0.0102144937452 -0.121510670467 -0.158412065030
 -1.23408926445 -0.565576452157 -0.0205161763777 0.412276439805 0.504641047657 0.255484024235 0.00185037458898 -0.135648241892 -0.188206211195
 -1.27042415098 -0.619087584491 -0.0862736203183 0.241220752162 0.456256351005 0.348943063839 0.137599367411 -0.0372085909605 -0.123306708423
 -1.35215557561 -0.751199378301 -0.202334946060 0.142640389184 0.336746574691 0.363087529512 0.253737511140 0.123225089238 0.0404344532705
 -1.46044140019 -0.909695759837 -0.413900449680 -0.0102628749576 0.259850084694 0.372904533741 0.345692695526 0.271152611878 0.216109432038
 -1.56767708153 -1.03611834309 -0.544076660325 -0.117296220010 0.207046175284 0.361235988704 0.382941591144 0.359642469449 0.338179109152
 -1.67815660776 -1.15425951973 -0.680925412078 -0.236102425793 0.129957486908 0.346520983942 0.417202783727 0.439596178630 0.457066124371
 -1.78252692069 -1.23111898671 -0.830353629289 -0.367962082248 0.0652880736914 0.310202926978 0.430267934438 0.512271962186 0.573161616721
 -1.94032084989 -1.43914840651 -0.967803893958 -0.388087355943 0.0166372639609 0.182763774958 0.348239966648 0.557345535283 0.779798220959
 -1.43113615148 -1.44163249728 -1.11558839601 -0.695242350496 -0.255771546186 0.0821404739302 0.365557715622 0.653963787121 0.905574387316
 -1.68517539281 -1.45991831805 -1.28298993080 -0.876576526670 -0.388769203163 0.0413613244708 0.392013021820 0.717812944999 0.970361758453
 -1.40829661214 -1.19238393250 -1.25512565810 -1.09291510805 -0.709338389866 -0.229777482975 0.307313938622 0.780823359750 1.09926167378
 -1.13762368536 -0.626673711795 -0.856388326825 -1.10225489878 -0.935821804515 -0.463652852847 0.133950579093 0.727920311213 1.14831891026
 -1.21289370539 -0.503563067565 -0.372263130827 -0.937235767680 -0.991726789214 -0.600633065973 0.0211419935811 0.663193063672 1.14284031062
# log_sel_spl_fsh[1]:
 0.00000000000 0.00000000000 0.00000000000 0.00000000000
 0.00000000000 0.00000000000 0.00000000000 0.00000000000
 0.00000000000 0.00000000000 0.00000000000 0.00000000000
 0.00000000000 0.00000000000 0.00000000000 0.00000000000
 0.00000000000 0.00000000000 0.00000000000 0.00000000000
 0.00000000000 0.00000000000 0.00000000000 0.00000000000
 0.00000000000 0.00000000000 0.00000000000 0.00000000000
 0.00000000000 0.00000000000 0.00000000000 0.00000000000
 0.00000000000 0.00000000000 0.00000000000 0.00000000000
 0.00000000000 0.00000000000 0.00000000000 0.00000000000
 0.00000000000 0.00000000000 0.00000000000 0.00000000000
 0.00000000000 0.00000000000 0.00000000000 0.00000000000
 0.00000000000 0.00000000000 0.00000000000 0.00000000000
 0.00000000000 0.00000000000 0.00000000000 0.00000000000
 0.00000000000 0.00000000000 0.00000000000 0.00000000000
 0.00000000000 0.00000000000 0.00000000000 0.00000000000
 0.00000000000 0.00000000000 0.00000000000 0.00000000000
 0.00000000000 0.00000000000 0.00000000000 0.00000000000
 0.00000000000 0.00000000000 0.00000000000 0.00000000000
 0.00000000000 0.00000000000 0.00000000000 0.00000000000
 0.00000000000 0.00000000000 0.00000000000 0.00000000000
 0.00000000000 0.00000000000 0.00000000000 0.00000000000
 0.00000000000 0.00000000000 0.00000000000 0.00000000000
 0.00000000000 0.00000000000 0.00000000000 0.00000000000
 0.00000000000 0.00000000000 0.00000000000 0.00000000000
 0.00000000000 0.00000000000 0.00000000000 0.00000000000
 0.00000000000 0.00000000000 0.00000000000 0.00000000000
 0.00000000000 0.00000000000 0.00000000000 0.00000000000
 0.00000000000 0.00000000000 0.00000000000 0.00000000000
 0.00000000000 0.00000000000 0.00000000000 0.00000000000
 0.00000000000 0.00000000000 0.00000000000 0.00000000000
 0.00000000000 0.00000000000 0.00000000000 0.00000000000
 0.00000000000 0.00000000000 0.00000000000 0.00000000000
 0.00000000000 0.00000000000 0.00000000000 0.00000000000
 0.00000000000 0.00000000000 0.00000000000 0.00000000000
 0.00000000000 0.00000000000 0.00000000000 0.00000000000
 0.00000000000 0.00000000000 0.00000000000 0.00000000000
 0.00000000000 0.00000000000 0.00000000000 0.00000000000
# log_sel_spl_fsh[2]:
 0.00000000000 0.00000000000 0.00000000000 0.00000000000
 0.00000000000 0.00000000000 0.00000000000 0.00000000000
 0.00000000000 0.00000000000 0.00000000000 0.00000000000
 0.00000000000 0.00000000000 0.00000000000 0.00000000000
 0.00000000000 0.00000000000 0.00000000000 0.00000000000
 0.00000000000 0.00000000000 0.00000000000 0.00000000000
 0.00000000000 0.00000000000 0.00000000000 0.00000000000
 0.00000000000 0.00000000000 0.00000000000 0.00000000000
 0.00000000000 0.00000000000 0.00000000000 0.00000000000
 0.00000000000 0.00000000000 0.00000000000 0.00000000000
 0.00000000000 0.00000000000 0.00000000000 0.00000000000
 0.00000000000 0.00000000000 0.00000000000 0.00000000000
 0.00000000000 0.00000000000 0.00000000000 0.00000000000
 0.00000000000 0.00000000000 0.00000000000 0.00000000000
 0.00000000000 0.00000000000 0.00000000000 0.00000000000
 0.00000000000 0.00000000000 0.00000000000 0.00000000000
 0.00000000000 0.00000000000 0.00000000000 0.00000000000
 0.00000000000 0.00000000000 0.00000000000 0.00000000000
 0.00000000000 0.00000000000 0.00000000000 0.00000000000
 0.00000000000 0.00000000000 0.00000000000 0.00000000000
 0.00000000000 0.00000000000 0.00000000000 0.00000000000
 0.00000000000 0.00000000000 0.00000000000 0.00000000000
 0.00000000000 0.00000000000 0.00000000000 0.00000000000
 0.00000000000 0.00000000000 0.00000000000 0.00000000000
 0.00000000000 0.00000000000 0.00000000000 0.00000000000
 0.00000000000 0.00000000000 0.00000000000 0.00000000000
 0.00000000000 0.00000000000 0.00000000000 0.00000000000
 0.00000000000 0.00000000000 0.00000000000 0.00000000000
 0.00000000000 0.00000000000 0.00000000000 0.00000000000
 0.00000000000 0.00000000000 0.00000000000 0.00000000000
 0.00000000000 0.00000000000 0.00000000000 0.00000000000
 0.00000000000 0.00000000000 0.00000000000 0.00000000000
 0.00000000000 0.00000000000 0.00000000000 0.00000000000
 0.00000000000 0.00000000000 0.00000000000 0.00000000000
 0.00000000000 0.00000000000 0.00000000000 0.00000000000
 0.00000000000 0.00000000000 0.00000000000 0.00000000000
 0.00000000000 0.00000000000 0.00000000000 0.00000000000
 0.00000000000 0.00000000000 0.00000000000 0.00000000000
 0.00000000000 0.00000000000 0.00000000000 0.00000000000
# log_sel_spl_fsh[3]:
 0.00000000000 0.00000000000 0.00000000000 0.00000000000
 0.00000000000 0.00000000000 0.00000000000 0.00000000000
 0.00000000000 0.00000000000 0.00000000000 0.00000000000
 0.00000000000 0.00000000000 0.00000000000 0.00000000000
 0.00000000000 0.00000000000 0.00000000000 0.00000000000
 0.00000000000 0.00000000000 0.00000000000 0.00000000000
 0.00000000000 0.00000000000 0.00000000000 0.00000000000
 0.00000000000 0.00000000000 0.00000000000 0.00000000000
 0.00000000000 0.00000000000 0.00000000000 0.00000000000
 0.00000000000 0.00000000000 0.00000000000 0.00000000000
 0.00000000000 0.00000000000 0.00000000000 0.00000000000
 0.00000000000 0.00000000000 0.00000000000 0.00000000000
 0.00000000000 0.00000000000 0.00000000000 0.00000000000
 0.00000000000 0.00000000000 0.00000000000 0.00000000000
 0.00000000000 0.00000000000 0.00000000000 0.00000000000
 0.00000000000 0.00000000000 0.00000000000 0.00000000000
 0.00000000000 0.00000000000 0.00000000000 0.00000000000
 0.00000000000 0.00000000000 0.00000000000 0.00000000000
 0.00000000000 0.00000000000 0.00000000000 0.00000000000
 0.00000000000 0.00000000000 0.00000000000 0.00000000000
 0.00000000000 0.00000000000 0.00000000000 0.00000000000
 0.00000000000 0.00000000000 0.00000000000 0.00000000000
 0.00000000000 0.00000000000 0.00000000000 0.00000000000
 0.00000000000 0.00000000000 0.00000000000 0.00000000000
 0.00000000000 0.00000000000 0.00000000000 0.00000000000
 0.00000000000 0.00000000000 0.00000000000 0.00000000000
 0.00000000000 0.00000000000 0.00000000000 0.00000000000
 0.00000000000 0.00000000000 0.00000000000 0.00000000000
 0.00000000000 0.00000000000 0.00000000000 0.00000000000
 0.00000000000 0.00000000000 0.00000000000 0.00000000000
 0.00000000000 0.00000000000 0.00000000000 0.00000000000
 0.00000000000 0.00000000000 0.00000000000 0.00000000000
 0.00000000000 0.00000000000 0.00000000000 0.00000000000
 0.00000000000 0.00000000000 0.00000000000 0.00000000000
 0.00000000000 0.00000000000 0.00000000000 0.00000000000
 0.00000000000 0.00000000000 0.00000000000 0.00000000000
 0.00000000000 0.00000000000 0.00000000000 0.00000000000
 0.00000000000 0.00000000000 0.00000000000 0.00000000000
 0.00000000000 0.00000000000 0.00000000000 0.00000000000
 0.00000000000 0.00000000000 0.00000000000 0.00000000000
 0.00000000000 0.00000000000 0.00000000000 0.00000000000
 0.00000000000 0.00000000000 0.00000000000 0.00000000000
# log_sel_spl_fsh[4]:
 0.00000000000 0.00000000000 0.00000000000 0.00000000000
 0.00000000000 0.00000000000 0.00000000000 0.00000000000
 0.00000000000 0.00000000000 0.00000000000 0.00000000000
 0.00000000000 0.00000000000 0.00000000000 0.00000000000
 0.00000000000 0.00000000000 0.00000000000 0.00000000000
 0.00000000000 0.00000000000 0.00000000000 0.00000000000
 0.00000000000 0.00000000000 0.00000000000 0.00000000000
 0.00000000000 0.00000000000 0.00000000000 0.00000000000
 0.00000000000 0.00000000000 0.00000000000 0.00000000000
 0.00000000000 0.00000000000 0.00000000000 0.00000000000
 0.00000000000 0.00000000000 0.00000000000 0.00000000000
 0.00000000000 0.00000000000 0.00000000000 0.00000000000
 0.00000000000 0.00000000000 0.00000000000 0.00000000000
 0.00000000000 0.00000000000 0.00000000000 0.00000000000
 0.00000000000 0.00000000000 0.00000000000 0.00000000000
 0.00000000000 0.00000000000 0.00000000000 0.00000000000
 0.00000000000 0.00000000000 0.00000000000 0.00000000000
 0.00000000000 0.00000000000 0.00000000000 0.00000000000
 0.00000000000 0.00000000000 0.00000000000 0.00000000000
 0.00000000000 0.00000000000 0.00000000000 0.00000000000
 0.00000000000 0.00000000000 0.00000000000 0.00000000000
 0.00000000000 0.00000000000 0.00000000000 0.00000000000
 0.00000000000 0.00000000000 0.00000000000 0.00000000000
 0.00000000000 0.00000000000 0.00000000000 0.00000000000
 0.00000000000 0.00000000000 0.00000000000 0.00000000000
 0.00000000000 0.00000000000 0.00000000000 0.00000000000
 0.00000000000 0.00000000000 0.00000000000 0.00000000000
 0.00000000000 0.00000000000 0.00000000000 0.00000000000
 0.00000000000 0.00000000000 0.00000000000 0.00000000000
 0.00000000000 0.00000000000 0.00000000000 0.00000000000
 0.00000000000 0.00000000000 0.00000000000 0.00000000000
 0.00000000000 0.00000000000 0.00000000000 0.00000000000
 0.00000000000 0.00000000000 0.00000000000 0.00000000000
# logsel_slope_fsh[1]:
 0.00000000000 0.00000000000 0.00000000000 0.00000000000 0.00000000000 0.00000000000 0.00000000000 0.00000000000 0.00000000000 0.00000000000 0.00000000000 0.00000000000 0.00000000000 0.00000000000 0.00000000000 0.00000000000 0.00000000000 0.00000000000 0.00000000000 0.00000000000 0.00000000000 0.00000000000 0.00000000000 0.00000000000 0.00000000000 0.00000000000 0.00000000000 0.00000000000 0.00000000000 0.00000000000 0.00000000000 0.00000000000 0.00000000000 0.00000000000 0.00000000000 0.00000000000 0.00000000000 0.00000000000
# logsel_slope_fsh[2]:
 0.00000000000 0.00000000000 0.00000000000 0.00000000000 0.00000000000 0.00000000000 0.00000000000 0.00000000000 0.00000000000 0.00000000000 0.00000000000 0.00000000000 0.00000000000 0.00000000000 0.00000000000 0.00000000000 0.00000000000 0.00000000000 0.00000000000 0.00000000000 0.00000000000 0.00000000000 0.00000000000 0.00000000000 0.00000000000 0.00000000000 0.00000000000 0.00000000000 0.00000000000 0.00000000000 0.00000000000 0.00000000000 0.00000000000 0.00000000000 0.00000000000 0.00000000000 0.00000000000 0.00000000000 0.00000000000
# logsel_slope_fsh[3]:
 0.00000000000 0.00000000000 0.00000000000 0.00000000000 0.00000000000 0.00000000000 0.00000000000 0.00000000000 0.00000000000 0.00000000000 0.00000000000 0.00000000000 0.00000000000 0.00000000000 0.00000000000 0.00000000000 0.00000000000 0.00000000000 0.00000000000 0.00000000000 0.00000000000 0.00000000000 0.00000000000 0.00000000000 0.00000000000 0.00000000000 0.00000000000 0.00000000000 0.00000000000 0.00000000000 0.00000000000 0.00000000000 0.00000000000 0.00000000000 0.00000000000 0.00000000000 0.00000000000 0.00000000000 0.00000000000 0.00000000000 0.00000000000 0.00000000000
# logsel_slope_fsh[4]:
 0.00000000000 0.00000000000 0.00000000000 0.00000000000 0.00000000000 0.00000000000 0.00000000000 0.00000000000 0.00000000000 0.00000000000 0.00000000000 0.00000000000 0.00000000000 0.00000000000 0.00000000000 0.00000000000 0.00000000000 0.00000000000 0.00000000000 0.00000000000 0.00000000000 0.00000000000 0.00000000000 0.00000000000 0.00000000000 0.00000000000 0.00000000000 0.00000000000 0.00000000000 0.00000000000 0.00000000000 0.00000000000 0.00000000000
# sel50_fsh[1]:
 0.00000000000 0.00000000000 0.00000000000 0.00000000000 0.00000000000 0.00000000000 0.00000000000 0.00000000000 0.00000000000 0.00000000000 0.00000000000 0.00000000000 0.00000000000 0.00000000000 0.00000000000 0.00000000000 0.00000000000 0.00000000000 0.00000000000 0.00000000000 0.00000000000 0.00000000000 0.00000000000 0.00000000000 0.00000000000 0.00000000000 0.00000000000 0.00000000000 0.00000000000 0.00000000000 0.00000000000 0.00000000000 0.00000000000 0.00000000000 0.00000000000 0.00000000000 0.00000000000 0.00000000000
# sel50_fsh[2]:
 0.00000000000 0.00000000000 0.00000000000 0.00000000000 0.00000000000 0.00000000000 0.00000000000 0.00000000000 0.00000000000 0.00000000000 0.00000000000 0.00000000000 0.00000000000 0.00000000000 0.00000000000 0.00000000000 0.00000000000 0.00000000000 0.00000000000 0.00000000000 0.00000000000 0.00000000000 0.00000000000 0.00000000000 0.00000000000 0.00000000000 0.00000000000 0.00000000000 0.00000000000 0.00000000000 0.00000000000 0.00000000000 0.00000000000 0.00000000000 0.00000000000 0.00000000000 0.00000000000 0.00000000000 0.00000000000
# sel50_fsh[3]:
 0.00000000000 0.00000000000 0.00000000000 0.00000000000 0.00000000000 0.00000000000 0.00000000000 0.00000000000 0.00000000000 0.00000000000 0.00000000000 0.00000000000 0.00000000000 0.00000000000 0.00000000000 0.00000000000 0.00000000000 0.00000000000 0.00000000000 0.00000000000 0.00000000000 0.00000000000 0.00000000000 0.00000000000 0.00000000000 0.00000000000 0.00000000000 0.00000000000 0.00000000000 0.00000000000 0.00000000000 0.00000000000 0.00000000000 0.00000000000 0.00000000000 0.00000000000 0.00000000000 0.00000000000 0.00000000000 0.00000000000 0.00000000000 0.00000000000
# sel50_fsh[4]:
 0.00000000000 0.00000000000 0.00000000000 0.00000000000 0.00000000000 0.00000000000 0.00000000000 0.00000000000 0.00000000000 0.00000000000 0.00000000000 0.00000000000 0.00000000000 0.00000000000 0.00000000000 0.00000000000 0.00000000000 0.00000000000 0.00000000000 0.00000000000 0.00000000000 0.00000000000 0.00000000000 0.00000000000 0.00000000000 0.00000000000 0.00000000000 0.00000000000 0.00000000000 0.00000000000 0.00000000000 0.00000000000 0.00000000000
# logsel_p1_fsh[1]:
 0.00000000000 0.00000000000 0.00000000000 0.00000000000 0.00000000000 0.00000000000 0.00000000000 0.00000000000 0.00000000000 0.00000000000 0.00000000000 0.00000000000 0.00000000000 0.00000000000 0.00000000000 0.00000000000 0.00000000000 0.00000000000 0.00000000000 0.00000000000 0.00000000000 0.00000000000 0.00000000000 0.00000000000 0.00000000000 0.00000000000 0.00000000000 0.00000000000 0.00000000000 0.00000000000 0.00000000000 0.00000000000 0.00000000000 0.00000000000 0.00000000000 0.00000000000 0.00000000000 0.00000000000
# logsel_p1_fsh[2]:
 0.00000000000 0.00000000000 0.00000000000 0.00000000000 0.00000000000 0.00000000000 0.00000000000 0.00000000000 0.00000000000 0.00000000000 0.00000000000 0.00000000000 0.00000000000 0.00000000000 0.00000000000 0.00000000000 0.00000000000 0.00000000000 0.00000000000 0.00000000000 0.00000000000 0.00000000000 0.00000000000 0.00000000000 0.00000000000 0.00000000000 0.00000000000 0.00000000000 0.00000000000 0.00000000000 0.00000000000 0.00000000000 0.00000000000 0.00000000000 0.00000000000 0.00000000000 0.00000000000 0.00000000000 0.00000000000
# logsel_p1_fsh[3]:
 0.00000000000 0.00000000000 0.00000000000 0.00000000000 0.00000000000 0.00000000000 0.00000000000 0.00000000000 0.00000000000 0.00000000000 0.00000000000 0.00000000000 0.00000000000 0.00000000000 0.00000000000 0.00000000000 0.00000000000 0.00000000000 0.00000000000 0.00000000000 0.00000000000 0.00000000000 0.00000000000 0.00000000000 0.00000000000 0.00000000000 0.00000000000 0.00000000000 0.00000000000 0.00000000000 0.00000000000 0.00000000000 0.00000000000 0.00000000000 0.00000000000 0.00000000000 0.00000000000 0.00000000000 0.00000000000 0.00000000000 0.00000000000 0.00000000000
# logsel_p1_fsh[4]:
 0.00000000000 0.00000000000 0.00000000000 0.00000000000 0.00000000000 0.00000000000 0.00000000000 0.00000000000 0.00000000000 0.00000000000 0.00000000000 0.00000000000 0.00000000000 0.00000000000 0.00000000000 0.00000000000 0.00000000000 0.00000000000 0.00000000000 0.00000000000 0.00000000000 0.00000000000 0.00000000000 0.00000000000 0.00000000000 0.00000000000 0.00000000000 0.00000000000 0.00000000000 0.00000000000 0.00000000000 0.00000000000 0.00000000000
# logsel_p2_fsh[1]:
 0.00000000000 0.00000000000 0.00000000000 0.00000000000 0.00000000000 0.00000000000 0.00000000000 0.00000000000 0.00000000000 0.00000000000 0.00000000000 0.00000000000 0.00000000000 0.00000000000 0.00000000000 0.00000000000 0.00000000000 0.00000000000 0.00000000000 0.00000000000 0.00000000000 0.00000000000 0.00000000000 0.00000000000 0.00000000000 0.00000000000 0.00000000000 0.00000000000 0.00000000000 0.00000000000 0.00000000000 0.00000000000 0.00000000000 0.00000000000 0.00000000000 0.00000000000 0.00000000000 0.00000000000
# logsel_p2_fsh[2]:
 0.00000000000 0.00000000000 0.00000000000 0.00000000000 0.00000000000 0.00000000000 0.00000000000 0.00000000000 0.00000000000 0.00000000000 0.00000000000 0.00000000000 0.00000000000 0.00000000000 0.00000000000 0.00000000000 0.00000000000 0.00000000000 0.00000000000 0.00000000000 0.00000000000 0.00000000000 0.00000000000 0.00000000000 0.00000000000 0.00000000000 0.00000000000 0.00000000000 0.00000000000 0.00000000000 0.00000000000 0.00000000000 0.00000000000 0.00000000000 0.00000000000 0.00000000000 0.00000000000 0.00000000000 0.00000000000
# logsel_p2_fsh[3]:
 0.00000000000 0.00000000000 0.00000000000 0.00000000000 0.00000000000 0.00000000000 0.00000000000 0.00000000000 0.00000000000 0.00000000000 0.00000000000 0.00000000000 0.00000000000 0.00000000000 0.00000000000 0.00000000000 0.00000000000 0.00000000000 0.00000000000 0.00000000000 0.00000000000 0.00000000000 0.00000000000 0.00000000000 0.00000000000 0.00000000000 0.00000000000 0.00000000000 0.00000000000 0.00000000000 0.00000000000 0.00000000000 0.00000000000 0.00000000000 0.00000000000 0.00000000000 0.00000000000 0.00000000000 0.00000000000 0.00000000000 0.00000000000 0.00000000000
# logsel_p2_fsh[4]:
 0.00000000000 0.00000000000 0.00000000000 0.00000000000 0.00000000000 0.00000000000 0.00000000000 0.00000000000 0.00000000000 0.00000000000 0.00000000000 0.00000000000 0.00000000000 0.00000000000 0.00000000000 0.00000000000 0.00000000000 0.00000000000 0.00000000000 0.00000000000 0.00000000000 0.00000000000 0.00000000000 0.00000000000 0.00000000000 0.00000000000 0.00000000000 0.00000000000 0.00000000000 0.00000000000 0.00000000000 0.00000000000 0.00000000000
# logsel_p3_fsh[1]:
 0.00000000000 0.00000000000 0.00000000000 0.00000000000 0.00000000000 0.00000000000 0.00000000000 0.00000000000 0.00000000000 0.00000000000 0.00000000000 0.00000000000 0.00000000000 0.00000000000 0.00000000000 0.00000000000 0.00000000000 0.00000000000 0.00000000000 0.00000000000 0.00000000000 0.00000000000 0.00000000000 0.00000000000 0.00000000000 0.00000000000 0.00000000000 0.00000000000 0.00000000000 0.00000000000 0.00000000000 0.00000000000 0.00000000000 0.00000000000 0.00000000000 0.00000000000 0.00000000000 0.00000000000
# logsel_p3_fsh[2]:
 0.00000000000 0.00000000000 0.00000000000 0.00000000000 0.00000000000 0.00000000000 0.00000000000 0.00000000000 0.00000000000 0.00000000000 0.00000000000 0.00000000000 0.00000000000 0.00000000000 0.00000000000 0.00000000000 0.00000000000 0.00000000000 0.00000000000 0.00000000000 0.00000000000 0.00000000000 0.00000000000 0.00000000000 0.00000000000 0.00000000000 0.00000000000 0.00000000000 0.00000000000 0.00000000000 0.00000000000 0.00000000000 0.00000000000 0.00000000000 0.00000000000 0.00000000000 0.00000000000 0.00000000000 0.00000000000
# logsel_p3_fsh[3]:
 0.00000000000 0.00000000000 0.00000000000 0.00000000000 0.00000000000 0.00000000000 0.00000000000 0.00000000000 0.00000000000 0.00000000000 0.00000000000 0.00000000000 0.00000000000 0.00000000000 0.00000000000 0.00000000000 0.00000000000 0.00000000000 0.00000000000 0.00000000000 0.00000000000 0.00000000000 0.00000000000 0.00000000000 0.00000000000 0.00000000000 0.00000000000 0.00000000000 0.00000000000 0.00000000000 0.00000000000 0.00000000000 0.00000000000 0.00000000000 0.00000000000 0.00000000000 0.00000000000 0.00000000000 0.00000000000 0.00000000000 0.00000000000 0.00000000000
# logsel_p3_fsh[4]:
 0.00000000000 0.00000000000 0.00000000000 0.00000000000 0.00000000000 0.00000000000 0.00000000000 0.00000000000 0.00000000000 0.00000000000 0.00000000000 0.00000000000 0.00000000000 0.00000000000 0.00000000000 0.00000000000 0.00000000000 0.00000000000 0.00000000000 0.00000000000 0.00000000000 0.00000000000 0.00000000000 0.00000000000 0.00000000000 0.00000000000 0.00000000000 0.00000000000 0.00000000000 0.00000000000 0.00000000000 0.00000000000 0.00000000000
# rec_dev_future:
 0.00000000000 0.00000000000 0.00000000000 0.00000000000 0.00000000000 0.00000000000 0.00000000000 0.00000000000 0.00000000000 0.00000000000 0.00000000000 0.00000000000 0.00000000000 0.00000000000 0.00000000000 0.00000000000 0.00000000000 0.00000000000 0.00000000000 0.00000000000
# log_q_ind[1]:
0.411449975417
# log_q_ind[2]:
-2.34964529912
# log_q_ind[3]:
-9.29533607991
# log_q_ind[4]:
-0.331559189160
# log_q_ind[5]:
-5.59841613595
# log_q_ind[6]:
-8.02533013788
# log_q_ind[7]:
-1.20557922694
# log_q_power_ind[1]:
0.00000000000
# log_q_power_ind[2]:
0.00000000000
# log_q_power_ind[3]:
0.00000000000
# log_q_power_ind[4]:
0.00000000000
# log_q_power_ind[5]:
0.00000000000
# log_q_power_ind[6]:
0.00000000000
# log_q_power_ind[7]:
0.00000000000
# log_rw_q_ind[1]:
 -0.984501168102
# log_rw_q_ind[3]:
 -0.658806599817
# log_selcoffs_ind[1]:
 -2.10049440460 -1.28932549658 -0.688488215144 -0.261311502002 0.0200603052153 0.211630224251 0.336701974453 0.411971582998 0.450481111348 0.466646658767
 -2.72264659389 -1.92109180353 -1.16443180719 -0.519183262674 -0.0376787114495 0.288541180579 0.462205074009 0.523907851418 0.518707541264 0.486863783642
# log_selcoffs_ind[2]:
 -0.962189243676 -1.07848476482 -1.35640939128 -1.53955247625 -1.48479123724 -1.13744634981 -0.538303001640 0.195844471096 0.909328337221 1.38024015136
 0.167129279165 -0.309611816476 -0.656640360497 -0.865018607204 -0.899475219764 -0.712096514192 -0.320972825659 0.167926249991 0.622511299061 0.906415997481
 0.580487686411 0.186382432780 -0.145927262492 -0.416541362397 -0.591093540016 -0.595964492688 -0.417451843263 -0.114121794238 0.218176068845 0.460731233763
# log_selcoffs_ind[3]:
 -0.202940821038 0.0202027052767 0.0202027052767 0.0202027052767 0.0202027052767 0.0202027052767 0.0202027052767 0.0202027052767 0.0202027052767 0.0202027052767
# log_selcoffs_ind[4]:
 -0.583272463585 -0.420603835147 -0.272812010685 -0.156378397238 -0.0600094900617 0.0340070129034 0.130710650163 0.225835151207 0.308326381062 0.363468593713
 -1.33755449975 -1.06316131383 -0.781348708324 -0.485540133088 -0.194547213958 0.0682175801597 0.287880688142 0.451556493895 0.547923523798 0.582875494313
# log_selcoffs_ind[5]:
 -3.04452005677 -0.669616569639 0.101782682789 0.174353368097 0.174353368097 0.174353368097 0.174353368097 0.174353368097 0.174353368097 0.174353368097
# log_selcoffs_ind[6]:
 -3.04452005677 -0.669616569639 0.101782682789 0.174353368097 0.174353368097 0.174353368097 0.174353368097 0.174353368097 0.174353368097 0.174353368097
# log_selcoffs_ind[7]:
 -3.04452005677 -0.669616569639 0.101782682789 0.174353368097 0.174353368097 0.174353368097 0.174353368097 0.174353368097 0.174353368097 0.174353368097
# logsel_slope_ind[1]:
 0.00000000000 0.00000000000
# logsel_slope_ind[2]:
 0.00000000000 0.00000000000 0.00000000000
# logsel_slope_ind[3]:
 0.00000000000
# logsel_slope_ind[4]:
 0.00000000000 0.00000000000
# logsel_slope_ind[5]:
 0.00000000000
# logsel_slope_ind[6]:
 0.00000000000
# logsel_slope_ind[7]:
 0.00000000000
# sel50_ind[1]:
 0.00000000000 0.00000000000
# sel50_ind[2]:
 0.00000000000 0.00000000000 0.00000000000
# sel50_ind[3]:
 0.00000000000
# sel50_ind[4]:
 0.00000000000 0.00000000000
# sel50_ind[5]:
 0.00000000000
# sel50_ind[6]:
 0.00000000000
# sel50_ind[7]:
 0.00000000000
# logsel_p1_ind[1]:
 0.00000000000 0.00000000000
# logsel_p1_ind[2]:
 0.00000000000 0.00000000000 0.00000000000
# logsel_p1_ind[3]:
 0.00000000000
# logsel_p1_ind[4]:
 0.00000000000 0.00000000000
# logsel_p1_ind[5]:
 0.00000000000
# logsel_p1_ind[6]:
 0.00000000000
# logsel_p1_ind[7]:
 0.00000000000
# sel_p2_ind[1]:
 0.00000000000 0.00000000000
# sel_p2_ind[2]:
 0.00000000000 0.00000000000 0.00000000000
# sel_p2_ind[3]:
 0.00000000000
# sel_p2_ind[4]:
 0.00000000000 0.00000000000
# sel_p2_ind[5]:
 0.00000000000
# sel_p2_ind[6]:
 0.00000000000
# sel_p2_ind[7]:
 0.00000000000
# logsel_p3_ind[1]:
 0.00000000000 0.00000000000
# logsel_p3_ind[2]:
 0.00000000000 0.00000000000 0.00000000000
# logsel_p3_ind[3]:
 0.00000000000
# logsel_p3_ind[4]:
 0.00000000000 0.00000000000
# logsel_p3_ind[5]:
 0.00000000000
# logsel_p3_ind[6]:
 0.00000000000
# logsel_p3_ind[7]:
 0.00000000000
