# Number of parameters = 1735 Objective function value = 1275.96387142252  Maximum gradient component = 0.000489439359649978
# Mest[1]:
0.280000000000
# log_Linf[1]:
4.29810139974
# log_k[1]:
-1.83258146375
# log_Lo[1]:
2.60712428251
# log_sdage[1]:
-2.40794560865
# mean_log_rec[1]:
9.39282596421
# steepness[1]:
0.650000000000
# log_Rzero[1]:
9.31220287324
# rec_dev:
 -0.0846146617802 -0.109029381797 -0.139279454916 -0.176410145145 -0.221433738080 -0.274876945361 -0.335626136593 -0.402613250614 -0.477763966078 -0.559469848943 -0.640489118243 -0.710683935864 -0.782884402473 -0.865223617151 -0.978434563639 -0.965704403882 -0.708611758572 -0.490354722962 -0.0994883843766 0.125530314698 0.162784042711 0.202497889196 0.356503845283 0.501544686260 0.831127361851 0.553040941235 0.724911701497 1.52595974349 1.46108014131 0.761496048228 0.242107811218 0.364773569712 0.636024190427 0.746168243118 0.190396644005 0.274544964272 0.214746155153 0.228683389354 0.388194491474 0.369490289413 0.610920328769 0.544257800470 0.539070295715 0.435488968880 -0.0631064257660 -0.167366379999 -0.0906624223767 -0.655118670871 -1.74254663671 -0.736613928682 -0.270098299466 -0.807167763631 -1.00104581317 -1.10190923198 -1.02716462309 -0.496584122613 -0.447673083470 0.151039319400 0.612855000554 0.855592225406 0.342793275598 -0.541770789849 0.313697040167 -0.174308559344
# log_sigmar[1]:
-0.510825623766
# fmort:
 -4.75797571747 -4.33854582531 -5.06304993152 -4.73327202568 -3.95864701052 -3.62127923624 -3.28985365275 -3.29256999006 -2.57415529369 -2.62821296570 -2.88512231848 -2.50303000848 -1.77049574245 -2.74752033686 -1.91782908787 -2.53694093705 -4.97557446446 -3.67729485211 -4.11026939098 -4.24353515475 -4.33265979913 -4.01596695675 -3.94699800921 -3.77065702468 -4.21913045656 -3.94804244049 -3.54393575463 -4.56645415980 -5.75091663090 -5.13776570925 -4.72754432193 -4.00671136007 -4.85621053094 -4.40776469641 -4.30353828096 -3.92529804965 -3.84171753054 -3.32709288679 -2.77507463032 -3.15921782068 -2.94056785572 -4.53124077043 -5.43496465924 -4.93068296339 -4.91517255186 -4.63740413367 -5.01847512768 -4.69800607210 -5.90286514588 -6.20500996538 -5.03803422620 -5.05416537040 -5.19648961770
 -7.14079349096 -6.69545667176 -6.21597371692 -5.61144493395 -5.81390337980 -5.09274515483 -4.56624152826 -4.21149410580 -3.71441942123 -3.49330894769 -3.37387100237 -2.62663827434 -2.40440582650 -2.71493483503 -2.31005527804 -1.92996805515 -1.74890020902 -1.43151677060 -1.24273458859 -1.11745886929 -1.10723972263 -0.875547367855 -0.580153130390 -0.541720618019 -0.346556875174 -0.0646527192584 -0.100477723482 -0.103357100178 -0.622330659239 -1.11767394678 -1.56388015780 -1.42208550136 -1.35896778722 -1.45343964559 -1.45153533121 -1.42672354161 -1.32428058209 -1.10681104346 -1.24305414378 -0.943520764345 -1.52996274199 -1.91245044241 -2.25509082103 -2.43876714567 -2.44894537303 -2.27184536229 -2.26542528746 -2.27649326839 -2.25440770428 -2.33469914172 -2.40912321909 -2.49718664649 -2.46692023915
 -8.51535673627 -7.77419370635 -6.87736575788 -5.97721560108 -4.76146496332 -5.87561784933 -5.42540388471 -3.04275500671 -3.31113078946 -3.52919057970 -3.46592494551 -3.52869415352 -4.55994416956 -4.74534882411 -4.41321621450 -5.05779677162 -6.06179315011 -6.16048911656 -4.82885901944 -4.91369541268 -4.85347726593 -5.11571497199 -5.49264256114 -5.28735507271 -4.75156908187 -3.51871899169 -3.15406211693 -2.49311938784 -2.85724597837 -3.95606512651 -3.86384534804 -2.95591250141 -4.64980907148 -4.34321857976 -4.49693494637 -5.19917162556 -3.85552841602 -3.76925928241 -3.80985938267 -4.05282629503 -5.24550453542 -3.11119847718 -3.71898575464 -4.55099981323 -4.58265322194 -5.78896996799 -6.45303046122 -7.23350843190 -5.80736233851 -5.36742432488 -5.65433077295 -5.98515392457 -5.58558643525
 -9.64823855711 -9.60251971690 -7.84397717743 -9.48955678085 -9.41765461870 -9.33166176559 -9.19329895153 -8.29111255038 -5.01802335540 -2.82939403938 -2.69430495684 -2.23231616530 -1.42888121208 -0.984839823104 -0.722176493105 -1.07723390377 -1.34916901273 -1.69517806609 -2.03636098790 -2.35296950988 -2.62744952778 -3.21647055763 -5.76348632597 -9.25605914950 -9.07799716709 -8.79446040207 -8.42187523132 -8.05758568565 -7.88376731821 -7.99677496421 -7.50647698615 -5.63588050490 -4.51452895812 -3.97106985713 -3.35750336687 -3.48977079051 -3.01329663909 -2.61122382313 -2.40449949665 -2.12522360278 -2.32378354708 -3.61981804656 -4.00264402168 -4.02362224104 -3.64998844727 -3.49288113337 -4.00475861541 -4.15046957295 -4.23903397623 -4.48544362557 -7.10684201527 -4.51204203981 -4.64660591363
# log_selcoffs_fsh[1]:
 -3.87281472736 -2.28211957282 -1.28435968504 -0.249687336769 0.729215240018 1.03135005411 0.505478349398 -0.215284372835 -0.736331718475
 -3.39323353554 -1.75871650276 -1.10078127055 -0.308413261747 0.579937794668 0.945435899107 0.580807369119 -0.0328319446436 -0.491240222484
 -3.04836261246 -1.57945937695 -0.789583255948 -0.0473351905021 0.559179307645 0.773901823930 0.509299927281 0.0391082227802 -0.332371814431
 -2.64104696630 -1.35951353768 -0.711942734362 -0.111248956764 0.611065282212 0.746035805685 0.431731230399 0.0244148689020 -0.260238184347
 -2.00262381294 -0.478704684846 -0.187133955868 0.0605693101747 0.323660456880 0.465392377027 0.339856821874 0.0868368844721 -0.124002214838
 -1.88456054149 -0.659030462812 0.318260400417 0.542288852175 0.245573062185 0.138964249085 0.0575029509328 -0.0753753327333 -0.195944335413
 -1.58417306152 -0.516290623531 0.411017452642 0.665686490918 0.273064775090 -0.00541659803773 -0.137085373478 -0.217915485590 -0.275355032654
 -1.14152487672 -0.316080943150 0.463706578941 0.727239707656 0.213080248872 -0.121205078723 -0.282553292488 -0.339594643804 -0.352257266025
 -0.838866288340 0.172013153334 0.377642012801 0.525825515522 0.301735602304 -0.130327986684 -0.368775039922 -0.431462960287 -0.418154462091
 -0.597756015167 0.326222827643 0.522618673634 0.515582231401 0.139025083089 -0.270910510275 -0.498810624009 -0.541283916722 -0.507349695506
 -0.0707298550442 0.866991150401 0.413142314662 0.144126258429 -0.211498782289 -0.492019736214 -0.636724054056 -0.648300857617 -0.599219811179
 0.120225168965 0.827766805976 0.581832346605 0.122415293838 -0.388424277919 -0.643936243844 -0.743333748118 -0.736410822147 -0.679623144056
 -0.138662141800 1.09118538708 0.643035271400 -0.0709411748937 -0.589397256918 -0.803918329648 -0.860996266135 -0.834157255146 -0.779360623248
 0.180332483200 1.09361919137 0.580844002956 -0.134260649414 -0.685213966629 -0.888369780614 -0.927456211419 -0.889403383254 -0.835516874807
 0.176840162737 1.17316405862 0.538208124355 -0.196997645329 -0.735545256561 -0.943305985709 -0.984684867029 -0.945373312343 -0.892683563934
 -0.220901526889 1.24196684786 0.662365199989 -0.160132860183 -0.766808722599 -0.990163809628 -1.03817546175 -1.00138011663 -0.949583951782
 -0.150075868566 1.29767501962 0.585673130271 -0.207465998640 -0.802238231006 -1.02798819219 -1.07822955647 -1.04327602344 -0.991027849516
 0.471136549628 1.06164272716 0.628202593828 -0.222217661051 -0.828598410600 -1.05101187841 -1.09892032701 -1.06022121887 -1.00447859572
 0.757654523140 1.08223149283 0.376595938190 -0.341371703516 -0.890331878955 -1.10279820844 -1.14577746788 -1.09977079336 -1.03851247472
 0.483592324379 1.18619123606 0.539166450076 -0.335828590877 -0.944277094620 -1.15992156198 -1.19199050804 -1.13201122603 -1.06209759894
 0.552653433961 1.27703969888 0.377332274679 -0.461451136990 -1.02858989906 -1.22621143599 -1.24476840374 -1.16775742106 -1.08650885980
 0.433847896709 1.29969314033 0.519818679280 -0.518693443218 -1.11924722557 -1.29517287570 -1.29114807534 -1.19394224288 -1.09880499939
 0.699733866076 1.19464069813 0.458238262131 -0.495825381275 -1.13215955224 -1.32346715998 -1.31431927696 -1.20068809570 -1.09103968139
 0.481549414297 1.35323580423 0.368239343355 -0.544487776017 -1.13590098699 -1.33216008011 -1.32900726459 -1.20817660886 -1.08576131781
 0.678569791279 1.26040019409 0.318248254272 -0.523600181727 -1.08922568451 -1.30055102176 -1.30885594439 -1.18378569693 -1.05009682671
 0.628675325604 1.20077249796 0.391152395310 -0.375778813023 -1.01349712365 -1.24455192822 -1.24974291559 -1.12262879881 -0.984208289233
 0.0399239746371 1.25719741534 0.587450287846 -0.194170774243 -0.895719221887 -1.13382429010 -1.13902609857 -1.01823434682 -0.893246970138
 0.329472104486 1.11973532189 0.537655369510 -0.249614815376 -0.814782367098 -1.00501777461 -0.992943965488 -0.880824449094 -0.774499471839
 1.15661048433 0.688349439957 0.000795097758804 -0.513814937182 -0.838847269264 -0.924706870129 -0.873048934760 -0.756931165510 -0.662050231612
 0.777786041000 1.01594055080 0.0313902635317 -0.639352938893 -0.842794631690 -0.824204286826 -0.722463000086 -0.600498574120 -0.513015130397
 0.541285312388 1.04919148697 -0.0266233703520 -0.613152132956 -0.753103263132 -0.687673829412 -0.550046775043 -0.425057544086 -0.347044937386
 0.431321868174 0.763640551612 0.0236761608525 -0.426039323900 -0.525748546408 -0.463505352376 -0.322863410098 -0.200539446110 -0.133490786618
 -0.455420463058 0.481930330734 0.161787459534 -0.114390024312 -0.160229087578 -0.164148846955 -0.0766104711401 0.00182489450960 0.0492281042267
 -1.01141315467 -0.192601359701 -0.145267825019 0.0340189412828 0.176169147620 0.132365800304 0.219638562992 0.156513347941 0.150892119465
 -0.593451604249 -0.00540410386696 -0.397863955034 -0.355653816817 -0.0677537140752 0.136122863213 0.270148494582 0.295677522797 0.297133332932
 0.139052668913 -0.824200700944 -0.914661066229 -0.559378027910 -0.132838680001 0.181960709326 0.358544520945 0.392376771866 0.373698920126
 -0.808189261075 -1.09480760996 -1.05611203586 -0.522463111143 0.0174556773836 0.314981886960 0.516246977925 0.510618045655 0.437594838619
 -1.25193039049 -1.03810676076 -0.999103987245 -0.571239318478 -0.0360026637768 0.376766379304 0.540417164174 0.538451343929 0.454009700461
 -1.30422133157 -1.34513822491 -1.30417110781 -0.862022614501 -0.138071823429 0.428557065957 0.702045599609 0.610647014601 0.411335942914
# log_selcoffs_fsh[2]:
 -2.32570005061 -0.421281718355 0.361871017953 0.727427297336 0.600413819278 0.196836231398 -0.122700619685 -0.359189905183 -0.522249715263 -0.646369211413
 -2.22751110770 -0.342772389338 -0.409867446674 0.163629359863 0.668705633554 0.628775485841 0.235095862662 -0.137667349341 -0.333406543906 -0.414049647893
 -2.77320779109 -0.925296977864 -0.496708900480 -0.0144155538876 0.563026037251 0.704911273916 0.379980735899 0.0193805165464 -0.149801827747 -0.192908547203
 -3.18477356044 -1.61028222669 -0.692990488900 -0.188864571008 0.427222977936 0.722875350621 0.429026970574 0.156111835724 0.0629957817720 0.0655247599833
 -2.79513755286 -1.24147759558 -1.17106869153 -0.645612617630 0.161420823415 0.587473686892 0.451305623041 0.326851815766 0.338471536699 0.392842407639
 -2.41333030631 -1.27726823523 -1.05430907367 -0.944462062207 -0.416508648064 0.0716078904306 0.330215996286 0.499101463910 0.662859354933 0.780215868348
 -3.06965489476 -1.80545496631 -0.921125727793 -0.743070349351 -0.618493142559 -0.265886575741 0.137781961075 0.500334783427 0.787771446624 0.961137692697
 -3.60191491305 -2.61417390692 -1.80857379934 -1.05654128121 -0.447146024436 -0.0548526555057 0.267450035812 0.488685948409 0.783456206529 0.984343793987
 -3.87114532500 -2.84669357853 -2.22444371853 -1.49630556807 -0.623822860865 -0.0410574790081 0.361015062948 0.644480839560 0.823060864552 0.906699788132
 -3.95415676885 -2.73193023423 -2.01249662915 -1.53296495080 -1.02288228691 -0.333017072139 0.261690920590 0.790779735580 0.979001211551 0.843217029821
 -3.78471349916 -2.29201818929 -1.55495715604 -1.10245134623 -0.772361923450 -0.497784623540 0.0471262594190 0.689178075423 0.988445685509 0.930503081672
 -3.70670819204 -2.19327763440 -1.37559792437 -0.922695870389 -0.567490683755 -0.268685823910 0.256543872980 0.660965694574 0.840120430394 0.848724282811
 -3.39159043518 -1.55132979574 -0.899090362081 -0.540004479501 -0.272211856936 -0.197357111392 0.174052047307 0.504571263165 0.725930357590 0.819364589727
 -2.95615825610 -1.23273106996 -0.582782869683 -0.292974650836 -0.176941214245 -0.0718603197304 0.168763957930 0.416385167464 0.612672180364 0.711942602431
 -2.56196981079 -0.568936456810 -0.318744556438 -0.298399749180 -0.318747388270 -0.176956834258 0.125513032368 0.381189585503 0.575339172770 0.666438980121
 -2.21058970238 -0.257290892473 -0.277803139495 -0.336849730401 -0.402656143134 -0.246102096082 0.0647632570517 0.341111330776 0.558320165128 0.680175422369
 -1.79726549407 -0.217296874742 -0.234955009968 -0.273573880515 -0.401652696548 -0.328979825739 -0.0340024237230 0.283043620090 0.553755347162 0.720722378613
 -1.91920477934 -0.219531957502 0.0484929083865 -0.0894758061385 -0.318987427402 -0.312164866733 -0.0697309921578 0.233942170675 0.467528440937 0.607195725731
 -2.13587287587 -0.324634046294 0.0351173144917 -0.00725080707800 -0.235290972502 -0.232741921444 -0.0100217397935 0.255589999482 0.446684027263 0.532672935910
 -2.23112569434 -0.624057943836 -0.226070794885 -0.0354205700357 -0.145959999594 -0.143161832719 0.0793148216281 0.337642349703 0.497069419765 0.551052764488
 -2.32686185194 -0.714734869195 -0.254867093259 -0.00353707524716 -0.126265463324 -0.160278626106 0.0576623573072 0.343228086166 0.513276270709 0.570243181074
 -2.61990944793 -0.830693679650 -0.229597627120 0.0317776425822 -0.0420215153582 -0.0835688111678 0.105666701306 0.327911896189 0.469443796717 0.522953495258
 -2.92466413624 -1.45569944468 -0.397889538558 0.171325868895 0.163345214415 0.0580558949192 0.170567889226 0.331186642388 0.411121989099 0.425360674292
 -3.06494226642 -1.80593074316 -0.860345972736 -0.0808468572076 0.290813401805 0.243507362492 0.358264038554 0.444687314568 0.406190845941 0.291554092414
 -3.14454114214 -1.61747137978 -0.854174999125 -0.393559960372 0.0902105682318 0.337909487565 0.457735155272 0.559139570568 0.434272488766 0.253334157138
 -3.31017541829 -1.93271085441 -1.07085424920 -0.228330418122 0.226974956768 0.396789167943 0.440041937259 0.496199903129 0.405167844715 0.217948536437
 -3.59308001834 -1.77005439566 -0.951785708716 -0.0189184117901 0.363066399897 0.490302690468 0.482516358775 0.408747371054 0.201336827583 0.0160667671762
 -3.70112147021 -1.68538427837 -0.808850383329 0.0274308537888 0.381121131313 0.396918448167 0.668292215241 0.458425890426 0.0306289245183 -0.220642703850
 -3.66161328260 -2.14760179730 -1.29160461731 0.0922416895778 0.603074840642 0.550977674970 0.664563282626 0.257835326017 -0.0675464488929 -0.286408492279
 -3.62168983822 -1.84461785173 -0.604116365343 0.0946035715679 0.794505919779 0.572377061740 0.325753307758 0.0620640054619 -0.102433776965 -0.184124633406
 -3.38111735539 -1.24742386817 -0.111486939253 0.361068434871 0.273487593619 0.186980117490 0.210868773134 0.186850313312 0.176744770604 0.178743509803
 -3.29334410373 -1.31529708278 -0.346077958923 0.0606863233846 0.211895132164 0.0723728146806 0.0979144076288 0.301953027734 0.432100256228 0.480896082003
 -2.87382625206 -0.799823514951 -0.548516030546 -0.304933386429 -0.0435140521131 -0.0152545461148 -0.0267864676370 0.288127040942 0.614198249440 0.732934973867
 -3.55127265927 -1.29617471034 -0.539830861544 -0.0504198186335 0.150275511528 0.160276697139 0.116922577244 0.243004804787 0.467426384121 0.605997412978
 -3.90869858526 -1.85487124959 -0.959819436477 -0.388482083238 0.171416104892 0.346496164161 0.362209289180 0.395883351367 0.458793415565 0.504987498855
 -4.22001351510 -2.33476561137 -1.20306002703 -0.462620893234 0.0442887525015 0.318770386402 0.462165286086 0.511460778177 0.492748842475 0.498227151652
 -4.35764938543 -2.85296965847 -1.78203173544 -0.837256409652 0.0284226904424 0.332782965585 0.591397063462 0.643692188569 0.511663738602 0.423030473449
 -4.29848398607 -2.84062416180 -2.16878164491 -1.38484892534 -0.399350669711 0.332175296201 0.638465079690 0.776184874382 0.618534303675 0.454666206935
 -4.27949646162 -2.78418945318 -1.79732989543 -1.36704508837 -0.618227802730 0.0347823153523 0.552892475055 0.750564607833 0.767009967204 0.652164220753
 -4.19296621327 -2.85980789345 -1.81279875600 -1.11872940204 -0.537473528461 -0.0323660242149 0.418237271366 0.714535115919 0.790490198432 0.750641500907
# log_selcoffs_fsh[3]:
 -1.96786621946 -1.19202536682 0.206295094143 1.03736479959 0.366733614373 -0.420910154287 -0.900688156765
 -2.33164202887 -1.23685074990 0.388702085754 0.999102592624 0.310761454511 -0.438677993767 -0.885988915384
 -2.15072571793 -1.02286477301 0.241312516660 0.973389673829 0.371839762162 -0.352126508453 -0.797119734205
 -2.98119115024 -1.52834825505 0.284886713151 1.06836191944 0.323738595871 -0.397124961552 -0.826407212616
 -3.38872818493 -1.73914078164 0.317067514862 0.983484082056 0.432595269903 -0.292378923054 -0.785288440725
 -3.57349732330 -1.91083499905 -0.183966084099 0.998067406843 0.673070314997 -0.163288721799 -0.756309584435
 -3.61064827028 -1.86393255671 -0.248409839615 1.00306543615 0.662602141115 -0.132207596879 -0.702704532072
 -3.48693918003 -1.53470682819 0.470308408408 0.773037178348 0.436608602422 -0.119015233889 -0.594536006359
 -3.21824249726 -1.33510703108 0.295954462242 0.695248793483 0.558421539136 0.000893459293668 -0.511788015302
 -2.96310338810 -0.873116605116 0.191447111054 0.764294588700 0.498305263525 -0.0702886355543 -0.520607124363
 -2.98184052066 -1.23491525974 0.0829965963737 1.01612185095 0.448577021416 -0.281125183766 -0.716566501558
 -3.02378610292 -1.20671556880 0.202372569026 1.02046599225 0.432172679715 -0.380641068953 -0.845391864701
 -3.04226987832 -1.18504483623 0.335857497687 1.07428363564 0.286944162181 -0.533575288514 -0.914660468006
 -2.93863711552 -0.744900502287 0.771134366562 0.782780236041 0.110222805720 -0.548540089403 -0.848170178628
 -2.92261842320 -0.926338394891 0.658402883275 0.854916155276 0.160966294659 -0.481186700976 -0.745221209057
 -2.93121347740 -0.905443741087 0.767176553730 0.858542063609 -0.0379457180797 -0.573320506547 -0.688169757102
 -2.93441947488 -0.662605999849 0.941076929473 0.710557866597 -0.200288918092 -0.670071215952 -0.686569319999
 -2.98043160577 -0.740465112682 1.08374184274 0.618358044236 -0.289434757747 -0.767612645863 -0.803109924310
 -2.84346463958 -0.263053114767 1.09781496644 0.473595454753 -0.342525510963 -0.800445368654 -0.890122870364
 -2.75497148536 -0.335271498742 1.18343737067 0.393927705365 -0.419766218063 -0.848770938724 -0.947443583994
 -2.63781768905 -0.103017191263 1.17877951119 0.305099698239 -0.484690541442 -0.872489415609 -0.953450838952
 -2.57183514848 -0.374601890307 1.23084330881 0.301096566342 -0.491912274910 -0.838924148068 -0.874777423761
 -2.36845494718 -0.589013744955 1.10214004491 0.453851213478 -0.335039602323 -0.660346189920 -0.626325297601
 -2.07847031585 -0.249902750520 0.827563322241 0.539973852651 -0.154910312218 -0.498635146133 -0.464496477732
 -1.87045659486 -0.401604911239 0.588310519991 0.793147772710 -0.0221010176544 -0.503964372632 -0.539322724142
 -1.67636314690 0.386710581793 0.518913997713 0.449148712750 0.0325096351162 -0.540704337466 -0.737610778420
 -1.93455890709 0.102863549623 1.03316490247 0.389116116091 -0.331151703439 -0.871530159080 -1.12348762542
 -2.19026564244 -0.325391556566 1.07728340408 0.660849345930 -0.362420812086 -1.05598062520 -1.39070180323
 -2.42510396886 -0.470506233175 1.05981852967 0.738479859514 -0.282937502176 -1.09996429126 -1.50599646876
 -2.52978136682 -0.519323650130 0.648805815612 1.02728936718 0.0608512968401 -1.04706876452 -1.58495643273
 -2.44599723297 0.288874792209 0.713849986860 0.757007110937 -0.121465430207 -1.10610296458 -1.67001121251
 -2.73943730210 -0.621036086638 1.30688672441 0.500665611450 -0.471444789928 -1.31461793692 -1.82724036983
 -2.91456393017 -0.945112858818 1.00587944881 0.980778841331 -0.306386036608 -1.33146782905 -1.85724737693
 -2.95046553895 -0.984966395146 0.713565575197 1.13431125691 -0.0447333271794 -1.20862679068 -1.77735178311
 -2.92946381625 -0.859968288139 0.926556131874 0.996930707165 -0.225025096336 -1.19607647953 -1.67783845737
 -2.74392551861 -0.131099143518 1.12593763633 0.539758963091 -0.340285098559 -1.10771438331 -1.52338972311
 -2.69758471702 -0.194643013492 1.09083045378 0.580851297534 -0.311456943465 -1.01633766909 -1.38269437064
 -2.66591844266 0.0245598177572 1.04670039544 0.478796963837 -0.257431776859 -0.919211674537 -1.30429427088
 -2.84776467762 -0.410981135852 1.13178806890 0.547537327744 -0.236887172667 -0.917773635406 -1.34571783285
 -3.00468873337 -1.00414144437 0.976936588228 0.820743009723 -0.0375614386603 -0.834419210144 -1.35351320960
 -3.06281699011 -1.35020826477 0.345259904388 1.12817212774 0.326749711322 -0.627917021584 -1.30364235598
 -3.10521058410 -1.61176335127 -0.202701286043 1.00320881477 0.804805592410 -0.364873372874 -1.26740022104
 -3.16962867072 -1.79256336877 -0.344018638848 0.868522035849 0.962123254797 -0.224750401604 -1.26166046159
# log_selcoffs_fsh[4]:
 -2.99163391586 -2.50105635542 -1.97641429783 -1.38949904036 -0.748749009582 -0.100497227287 0.474195292136 0.895239080237 1.11449992055
 -2.97843359663 -2.49539684807 -1.97661395126 -1.39193896292 -0.751392426630 -0.103324743883 0.472951947128 0.895798523333 1.11578890986
 -2.95303705650 -2.48412946053 -1.97821765152 -1.39578136870 -0.751601646269 -0.102661638721 0.475055547931 0.895623654927 1.11430742571
 -2.91185449821 -2.46075752385 -1.97896109200 -1.41102690632 -0.758222450409 -0.0955667576596 0.482611186415 0.897529043566 1.10755894631
 -2.84891738481 -2.40612968785 -1.94624839612 -1.41072726003 -0.780416077670 -0.104476072915 0.496637540958 0.903625564141 1.09675040720
 -2.76761584990 -2.31697918665 -1.88543519459 -1.38449554062 -0.753978870352 -0.0899411214163 0.506897637293 0.903319557942 1.07295745314
 -2.67970527287 -2.22283173804 -1.75848753292 -1.28711205911 -0.710559849051 -0.0466586119259 0.531990470364 0.890443256249 1.02619706106
 -2.57692596114 -2.12551466534 -1.65472268724 -1.14813019885 -0.598824631454 0.00110489680688 0.534540413506 0.863704705851 0.980987466011
 -2.42033859083 -1.97070359144 -1.52178661911 -1.04270939549 -0.491281681138 0.0661547678709 0.536867801490 0.822346823174 0.929886340886
 -2.23294849929 -1.74949108196 -1.28187773413 -0.868374779159 -0.428168980458 0.0761126409765 0.509953951195 0.782427301106 0.891589472265
 -2.05234928405 -1.52837629507 -1.02572657200 -0.595368350314 -0.288047356144 0.0486355653134 0.433270387999 0.719169996317 0.854499934531
 -1.89752863955 -1.36374462623 -0.834347401397 -0.378358566919 -0.0746836069356 0.0944468390306 0.338242736133 0.614996245758 0.786636918158
 -1.76833149693 -1.23326567987 -0.725781876871 -0.275093683400 0.0402974752291 0.197100756520 0.325798447663 0.517572171941 0.679313640214
 -1.64836381685 -1.11141448090 -0.611316308747 -0.198593275138 0.0794926351827 0.232270543108 0.342112499766 0.467268513256 0.570005179163
 -1.53588425443 -0.991975324659 -0.496436895751 -0.109796239193 0.134491475140 0.258307672910 0.330676400011 0.401712879205 0.460076513082
 -1.43409492057 -0.875411706132 -0.378434687287 -0.0141816371539 0.193883228539 0.274993186544 0.299453615162 0.322471975752 0.346417939173
 -1.34269618449 -0.754694789311 -0.250636941181 0.0837187192759 0.249548450775 0.275264332626 0.250208601940 0.232400882371 0.228595889556
 -1.27509254875 -0.636272381174 -0.0891573343215 0.209959007928 0.303093318531 0.246736771020 0.164814655504 0.115123249491 0.102497788029
 -1.23724703503 -0.562225948390 0.0666327083614 0.357045669635 0.330536111664 0.209218165730 0.0655436327383 -0.0122590384213 -0.0388532364223
 -1.24317434510 -0.552797463640 0.0908400698952 0.495597700270 0.419072368188 0.171409222016 -0.0175207986642 -0.136140159988 -0.178238511378
 -1.24700473213 -0.568560876054 -0.0143403482146 0.424856090297 0.514128256696 0.254998571438 -0.00684868179236 -0.149628842309 -0.205400281782
 -1.27467955417 -0.611858079329 -0.0732302337901 0.252179977039 0.462464493862 0.346570496577 0.127817855076 -0.0500470822654 -0.136736432285
 -1.34992263691 -0.739603234427 -0.185592438978 0.155114819618 0.340083777721 0.358116653226 0.244467386703 0.113427539670 0.0317725900929
 -1.45265603325 -0.895466138531 -0.397057360500 0.00165257016707 0.260840734175 0.365532835153 0.337574625989 0.265913058621 0.213672307527
 -1.55654909871 -1.02187049362 -0.531248363296 -0.112510982980 0.200563300977 0.351482444961 0.377669354446 0.360896238312 0.344298180067
 -1.66439303947 -1.13785706063 -0.666815262473 -0.231309343816 0.122117952405 0.332607411929 0.409938944580 0.442694565445 0.467027324408
 -1.76582368293 -1.21058862964 -0.810413907248 -0.356206825723 0.0640734566992 0.299522279896 0.418920960841 0.509942421877 0.579435367289
 -1.92535645993 -1.41314022203 -0.938096455954 -0.363282130398 0.0287722813528 0.181218422930 0.337683926712 0.545552591095 0.774224663593
 -1.41719358699 -1.40641638403 -1.06786365453 -0.649311436451 -0.224551876813 0.0949684382594 0.361795896160 0.638192858102 0.883345401412
 -1.68035780293 -1.41816236684 -1.22262193430 -0.815255207836 -0.343784453644 0.0654570162607 0.394753282817 0.700606449568 0.939549961830
 -1.36560159805 -1.12366946362 -1.15820884747 -1.00048333962 -0.638776465795 -0.190019831107 0.318664899948 0.761270077903 1.05318719797
 -0.981866549048 -0.448817526372 -0.680150868308 -0.952099395024 -0.831312706773 -0.414517911022 0.138798713438 0.682743649181 1.05438385943
 -0.967529213233 -0.174953088013 -0.149407123637 -0.786341142207 -0.918395978334 -0.601182364394 -0.0272380741385 0.580451561988 1.01394705196
 -0.338422936497 0.477003302599 -0.140264925122 -0.903816451898 -1.19414070979 -0.921929519533 -0.298987490881 0.404272706640 0.900658132699
# log_sel_spl_fsh[1]:
 0.00000000000 0.00000000000 0.00000000000 0.00000000000
 0.00000000000 0.00000000000 0.00000000000 0.00000000000
 0.00000000000 0.00000000000 0.00000000000 0.00000000000
 0.00000000000 0.00000000000 0.00000000000 0.00000000000
 0.00000000000 0.00000000000 0.00000000000 0.00000000000
 0.00000000000 0.00000000000 0.00000000000 0.00000000000
 0.00000000000 0.00000000000 0.00000000000 0.00000000000
 0.00000000000 0.00000000000 0.00000000000 0.00000000000
 0.00000000000 0.00000000000 0.00000000000 0.00000000000
 0.00000000000 0.00000000000 0.00000000000 0.00000000000
 0.00000000000 0.00000000000 0.00000000000 0.00000000000
 0.00000000000 0.00000000000 0.00000000000 0.00000000000
 0.00000000000 0.00000000000 0.00000000000 0.00000000000
 0.00000000000 0.00000000000 0.00000000000 0.00000000000
 0.00000000000 0.00000000000 0.00000000000 0.00000000000
 0.00000000000 0.00000000000 0.00000000000 0.00000000000
 0.00000000000 0.00000000000 0.00000000000 0.00000000000
 0.00000000000 0.00000000000 0.00000000000 0.00000000000
 0.00000000000 0.00000000000 0.00000000000 0.00000000000
 0.00000000000 0.00000000000 0.00000000000 0.00000000000
 0.00000000000 0.00000000000 0.00000000000 0.00000000000
 0.00000000000 0.00000000000 0.00000000000 0.00000000000
 0.00000000000 0.00000000000 0.00000000000 0.00000000000
 0.00000000000 0.00000000000 0.00000000000 0.00000000000
 0.00000000000 0.00000000000 0.00000000000 0.00000000000
 0.00000000000 0.00000000000 0.00000000000 0.00000000000
 0.00000000000 0.00000000000 0.00000000000 0.00000000000
 0.00000000000 0.00000000000 0.00000000000 0.00000000000
 0.00000000000 0.00000000000 0.00000000000 0.00000000000
 0.00000000000 0.00000000000 0.00000000000 0.00000000000
 0.00000000000 0.00000000000 0.00000000000 0.00000000000
 0.00000000000 0.00000000000 0.00000000000 0.00000000000
 0.00000000000 0.00000000000 0.00000000000 0.00000000000
 0.00000000000 0.00000000000 0.00000000000 0.00000000000
 0.00000000000 0.00000000000 0.00000000000 0.00000000000
 0.00000000000 0.00000000000 0.00000000000 0.00000000000
 0.00000000000 0.00000000000 0.00000000000 0.00000000000
 0.00000000000 0.00000000000 0.00000000000 0.00000000000
 0.00000000000 0.00000000000 0.00000000000 0.00000000000
# log_sel_spl_fsh[2]:
 0.00000000000 0.00000000000 0.00000000000 0.00000000000
 0.00000000000 0.00000000000 0.00000000000 0.00000000000
 0.00000000000 0.00000000000 0.00000000000 0.00000000000
 0.00000000000 0.00000000000 0.00000000000 0.00000000000
 0.00000000000 0.00000000000 0.00000000000 0.00000000000
 0.00000000000 0.00000000000 0.00000000000 0.00000000000
 0.00000000000 0.00000000000 0.00000000000 0.00000000000
 0.00000000000 0.00000000000 0.00000000000 0.00000000000
 0.00000000000 0.00000000000 0.00000000000 0.00000000000
 0.00000000000 0.00000000000 0.00000000000 0.00000000000
 0.00000000000 0.00000000000 0.00000000000 0.00000000000
 0.00000000000 0.00000000000 0.00000000000 0.00000000000
 0.00000000000 0.00000000000 0.00000000000 0.00000000000
 0.00000000000 0.00000000000 0.00000000000 0.00000000000
 0.00000000000 0.00000000000 0.00000000000 0.00000000000
 0.00000000000 0.00000000000 0.00000000000 0.00000000000
 0.00000000000 0.00000000000 0.00000000000 0.00000000000
 0.00000000000 0.00000000000 0.00000000000 0.00000000000
 0.00000000000 0.00000000000 0.00000000000 0.00000000000
 0.00000000000 0.00000000000 0.00000000000 0.00000000000
 0.00000000000 0.00000000000 0.00000000000 0.00000000000
 0.00000000000 0.00000000000 0.00000000000 0.00000000000
 0.00000000000 0.00000000000 0.00000000000 0.00000000000
 0.00000000000 0.00000000000 0.00000000000 0.00000000000
 0.00000000000 0.00000000000 0.00000000000 0.00000000000
 0.00000000000 0.00000000000 0.00000000000 0.00000000000
 0.00000000000 0.00000000000 0.00000000000 0.00000000000
 0.00000000000 0.00000000000 0.00000000000 0.00000000000
 0.00000000000 0.00000000000 0.00000000000 0.00000000000
 0.00000000000 0.00000000000 0.00000000000 0.00000000000
 0.00000000000 0.00000000000 0.00000000000 0.00000000000
 0.00000000000 0.00000000000 0.00000000000 0.00000000000
 0.00000000000 0.00000000000 0.00000000000 0.00000000000
 0.00000000000 0.00000000000 0.00000000000 0.00000000000
 0.00000000000 0.00000000000 0.00000000000 0.00000000000
 0.00000000000 0.00000000000 0.00000000000 0.00000000000
 0.00000000000 0.00000000000 0.00000000000 0.00000000000
 0.00000000000 0.00000000000 0.00000000000 0.00000000000
 0.00000000000 0.00000000000 0.00000000000 0.00000000000
 0.00000000000 0.00000000000 0.00000000000 0.00000000000
# log_sel_spl_fsh[3]:
 0.00000000000 0.00000000000 0.00000000000 0.00000000000
 0.00000000000 0.00000000000 0.00000000000 0.00000000000
 0.00000000000 0.00000000000 0.00000000000 0.00000000000
 0.00000000000 0.00000000000 0.00000000000 0.00000000000
 0.00000000000 0.00000000000 0.00000000000 0.00000000000
 0.00000000000 0.00000000000 0.00000000000 0.00000000000
 0.00000000000 0.00000000000 0.00000000000 0.00000000000
 0.00000000000 0.00000000000 0.00000000000 0.00000000000
 0.00000000000 0.00000000000 0.00000000000 0.00000000000
 0.00000000000 0.00000000000 0.00000000000 0.00000000000
 0.00000000000 0.00000000000 0.00000000000 0.00000000000
 0.00000000000 0.00000000000 0.00000000000 0.00000000000
 0.00000000000 0.00000000000 0.00000000000 0.00000000000
 0.00000000000 0.00000000000 0.00000000000 0.00000000000
 0.00000000000 0.00000000000 0.00000000000 0.00000000000
 0.00000000000 0.00000000000 0.00000000000 0.00000000000
 0.00000000000 0.00000000000 0.00000000000 0.00000000000
 0.00000000000 0.00000000000 0.00000000000 0.00000000000
 0.00000000000 0.00000000000 0.00000000000 0.00000000000
 0.00000000000 0.00000000000 0.00000000000 0.00000000000
 0.00000000000 0.00000000000 0.00000000000 0.00000000000
 0.00000000000 0.00000000000 0.00000000000 0.00000000000
 0.00000000000 0.00000000000 0.00000000000 0.00000000000
 0.00000000000 0.00000000000 0.00000000000 0.00000000000
 0.00000000000 0.00000000000 0.00000000000 0.00000000000
 0.00000000000 0.00000000000 0.00000000000 0.00000000000
 0.00000000000 0.00000000000 0.00000000000 0.00000000000
 0.00000000000 0.00000000000 0.00000000000 0.00000000000
 0.00000000000 0.00000000000 0.00000000000 0.00000000000
 0.00000000000 0.00000000000 0.00000000000 0.00000000000
 0.00000000000 0.00000000000 0.00000000000 0.00000000000
 0.00000000000 0.00000000000 0.00000000000 0.00000000000
 0.00000000000 0.00000000000 0.00000000000 0.00000000000
 0.00000000000 0.00000000000 0.00000000000 0.00000000000
 0.00000000000 0.00000000000 0.00000000000 0.00000000000
 0.00000000000 0.00000000000 0.00000000000 0.00000000000
 0.00000000000 0.00000000000 0.00000000000 0.00000000000
 0.00000000000 0.00000000000 0.00000000000 0.00000000000
 0.00000000000 0.00000000000 0.00000000000 0.00000000000
 0.00000000000 0.00000000000 0.00000000000 0.00000000000
 0.00000000000 0.00000000000 0.00000000000 0.00000000000
 0.00000000000 0.00000000000 0.00000000000 0.00000000000
 0.00000000000 0.00000000000 0.00000000000 0.00000000000
# log_sel_spl_fsh[4]:
 0.00000000000 0.00000000000 0.00000000000 0.00000000000
 0.00000000000 0.00000000000 0.00000000000 0.00000000000
 0.00000000000 0.00000000000 0.00000000000 0.00000000000
 0.00000000000 0.00000000000 0.00000000000 0.00000000000
 0.00000000000 0.00000000000 0.00000000000 0.00000000000
 0.00000000000 0.00000000000 0.00000000000 0.00000000000
 0.00000000000 0.00000000000 0.00000000000 0.00000000000
 0.00000000000 0.00000000000 0.00000000000 0.00000000000
 0.00000000000 0.00000000000 0.00000000000 0.00000000000
 0.00000000000 0.00000000000 0.00000000000 0.00000000000
 0.00000000000 0.00000000000 0.00000000000 0.00000000000
 0.00000000000 0.00000000000 0.00000000000 0.00000000000
 0.00000000000 0.00000000000 0.00000000000 0.00000000000
 0.00000000000 0.00000000000 0.00000000000 0.00000000000
 0.00000000000 0.00000000000 0.00000000000 0.00000000000
 0.00000000000 0.00000000000 0.00000000000 0.00000000000
 0.00000000000 0.00000000000 0.00000000000 0.00000000000
 0.00000000000 0.00000000000 0.00000000000 0.00000000000
 0.00000000000 0.00000000000 0.00000000000 0.00000000000
 0.00000000000 0.00000000000 0.00000000000 0.00000000000
 0.00000000000 0.00000000000 0.00000000000 0.00000000000
 0.00000000000 0.00000000000 0.00000000000 0.00000000000
 0.00000000000 0.00000000000 0.00000000000 0.00000000000
 0.00000000000 0.00000000000 0.00000000000 0.00000000000
 0.00000000000 0.00000000000 0.00000000000 0.00000000000
 0.00000000000 0.00000000000 0.00000000000 0.00000000000
 0.00000000000 0.00000000000 0.00000000000 0.00000000000
 0.00000000000 0.00000000000 0.00000000000 0.00000000000
 0.00000000000 0.00000000000 0.00000000000 0.00000000000
 0.00000000000 0.00000000000 0.00000000000 0.00000000000
 0.00000000000 0.00000000000 0.00000000000 0.00000000000
 0.00000000000 0.00000000000 0.00000000000 0.00000000000
 0.00000000000 0.00000000000 0.00000000000 0.00000000000
 0.00000000000 0.00000000000 0.00000000000 0.00000000000
# logsel_slope_fsh[1]:
 0.00000000000 0.00000000000 0.00000000000 0.00000000000 0.00000000000 0.00000000000 0.00000000000 0.00000000000 0.00000000000 0.00000000000 0.00000000000 0.00000000000 0.00000000000 0.00000000000 0.00000000000 0.00000000000 0.00000000000 0.00000000000 0.00000000000 0.00000000000 0.00000000000 0.00000000000 0.00000000000 0.00000000000 0.00000000000 0.00000000000 0.00000000000 0.00000000000 0.00000000000 0.00000000000 0.00000000000 0.00000000000 0.00000000000 0.00000000000 0.00000000000 0.00000000000 0.00000000000 0.00000000000 0.00000000000
# logsel_slope_fsh[2]:
 0.00000000000 0.00000000000 0.00000000000 0.00000000000 0.00000000000 0.00000000000 0.00000000000 0.00000000000 0.00000000000 0.00000000000 0.00000000000 0.00000000000 0.00000000000 0.00000000000 0.00000000000 0.00000000000 0.00000000000 0.00000000000 0.00000000000 0.00000000000 0.00000000000 0.00000000000 0.00000000000 0.00000000000 0.00000000000 0.00000000000 0.00000000000 0.00000000000 0.00000000000 0.00000000000 0.00000000000 0.00000000000 0.00000000000 0.00000000000 0.00000000000 0.00000000000 0.00000000000 0.00000000000 0.00000000000 0.00000000000
# logsel_slope_fsh[3]:
 0.00000000000 0.00000000000 0.00000000000 0.00000000000 0.00000000000 0.00000000000 0.00000000000 0.00000000000 0.00000000000 0.00000000000 0.00000000000 0.00000000000 0.00000000000 0.00000000000 0.00000000000 0.00000000000 0.00000000000 0.00000000000 0.00000000000 0.00000000000 0.00000000000 0.00000000000 0.00000000000 0.00000000000 0.00000000000 0.00000000000 0.00000000000 0.00000000000 0.00000000000 0.00000000000 0.00000000000 0.00000000000 0.00000000000 0.00000000000 0.00000000000 0.00000000000 0.00000000000 0.00000000000 0.00000000000 0.00000000000 0.00000000000 0.00000000000 0.00000000000
# logsel_slope_fsh[4]:
 0.00000000000 0.00000000000 0.00000000000 0.00000000000 0.00000000000 0.00000000000 0.00000000000 0.00000000000 0.00000000000 0.00000000000 0.00000000000 0.00000000000 0.00000000000 0.00000000000 0.00000000000 0.00000000000 0.00000000000 0.00000000000 0.00000000000 0.00000000000 0.00000000000 0.00000000000 0.00000000000 0.00000000000 0.00000000000 0.00000000000 0.00000000000 0.00000000000 0.00000000000 0.00000000000 0.00000000000 0.00000000000 0.00000000000 0.00000000000
# sel50_fsh[1]:
 0.00000000000 0.00000000000 0.00000000000 0.00000000000 0.00000000000 0.00000000000 0.00000000000 0.00000000000 0.00000000000 0.00000000000 0.00000000000 0.00000000000 0.00000000000 0.00000000000 0.00000000000 0.00000000000 0.00000000000 0.00000000000 0.00000000000 0.00000000000 0.00000000000 0.00000000000 0.00000000000 0.00000000000 0.00000000000 0.00000000000 0.00000000000 0.00000000000 0.00000000000 0.00000000000 0.00000000000 0.00000000000 0.00000000000 0.00000000000 0.00000000000 0.00000000000 0.00000000000 0.00000000000 0.00000000000
# sel50_fsh[2]:
 0.00000000000 0.00000000000 0.00000000000 0.00000000000 0.00000000000 0.00000000000 0.00000000000 0.00000000000 0.00000000000 0.00000000000 0.00000000000 0.00000000000 0.00000000000 0.00000000000 0.00000000000 0.00000000000 0.00000000000 0.00000000000 0.00000000000 0.00000000000 0.00000000000 0.00000000000 0.00000000000 0.00000000000 0.00000000000 0.00000000000 0.00000000000 0.00000000000 0.00000000000 0.00000000000 0.00000000000 0.00000000000 0.00000000000 0.00000000000 0.00000000000 0.00000000000 0.00000000000 0.00000000000 0.00000000000 0.00000000000
# sel50_fsh[3]:
 0.00000000000 0.00000000000 0.00000000000 0.00000000000 0.00000000000 0.00000000000 0.00000000000 0.00000000000 0.00000000000 0.00000000000 0.00000000000 0.00000000000 0.00000000000 0.00000000000 0.00000000000 0.00000000000 0.00000000000 0.00000000000 0.00000000000 0.00000000000 0.00000000000 0.00000000000 0.00000000000 0.00000000000 0.00000000000 0.00000000000 0.00000000000 0.00000000000 0.00000000000 0.00000000000 0.00000000000 0.00000000000 0.00000000000 0.00000000000 0.00000000000 0.00000000000 0.00000000000 0.00000000000 0.00000000000 0.00000000000 0.00000000000 0.00000000000 0.00000000000
# sel50_fsh[4]:
 0.00000000000 0.00000000000 0.00000000000 0.00000000000 0.00000000000 0.00000000000 0.00000000000 0.00000000000 0.00000000000 0.00000000000 0.00000000000 0.00000000000 0.00000000000 0.00000000000 0.00000000000 0.00000000000 0.00000000000 0.00000000000 0.00000000000 0.00000000000 0.00000000000 0.00000000000 0.00000000000 0.00000000000 0.00000000000 0.00000000000 0.00000000000 0.00000000000 0.00000000000 0.00000000000 0.00000000000 0.00000000000 0.00000000000 0.00000000000
# logsel_p1_fsh[1]:
 0.00000000000 0.00000000000 0.00000000000 0.00000000000 0.00000000000 0.00000000000 0.00000000000 0.00000000000 0.00000000000 0.00000000000 0.00000000000 0.00000000000 0.00000000000 0.00000000000 0.00000000000 0.00000000000 0.00000000000 0.00000000000 0.00000000000 0.00000000000 0.00000000000 0.00000000000 0.00000000000 0.00000000000 0.00000000000 0.00000000000 0.00000000000 0.00000000000 0.00000000000 0.00000000000 0.00000000000 0.00000000000 0.00000000000 0.00000000000 0.00000000000 0.00000000000 0.00000000000 0.00000000000 0.00000000000
# logsel_p1_fsh[2]:
 0.00000000000 0.00000000000 0.00000000000 0.00000000000 0.00000000000 0.00000000000 0.00000000000 0.00000000000 0.00000000000 0.00000000000 0.00000000000 0.00000000000 0.00000000000 0.00000000000 0.00000000000 0.00000000000 0.00000000000 0.00000000000 0.00000000000 0.00000000000 0.00000000000 0.00000000000 0.00000000000 0.00000000000 0.00000000000 0.00000000000 0.00000000000 0.00000000000 0.00000000000 0.00000000000 0.00000000000 0.00000000000 0.00000000000 0.00000000000 0.00000000000 0.00000000000 0.00000000000 0.00000000000 0.00000000000 0.00000000000
# logsel_p1_fsh[3]:
 0.00000000000 0.00000000000 0.00000000000 0.00000000000 0.00000000000 0.00000000000 0.00000000000 0.00000000000 0.00000000000 0.00000000000 0.00000000000 0.00000000000 0.00000000000 0.00000000000 0.00000000000 0.00000000000 0.00000000000 0.00000000000 0.00000000000 0.00000000000 0.00000000000 0.00000000000 0.00000000000 0.00000000000 0.00000000000 0.00000000000 0.00000000000 0.00000000000 0.00000000000 0.00000000000 0.00000000000 0.00000000000 0.00000000000 0.00000000000 0.00000000000 0.00000000000 0.00000000000 0.00000000000 0.00000000000 0.00000000000 0.00000000000 0.00000000000 0.00000000000
# logsel_p1_fsh[4]:
 0.00000000000 0.00000000000 0.00000000000 0.00000000000 0.00000000000 0.00000000000 0.00000000000 0.00000000000 0.00000000000 0.00000000000 0.00000000000 0.00000000000 0.00000000000 0.00000000000 0.00000000000 0.00000000000 0.00000000000 0.00000000000 0.00000000000 0.00000000000 0.00000000000 0.00000000000 0.00000000000 0.00000000000 0.00000000000 0.00000000000 0.00000000000 0.00000000000 0.00000000000 0.00000000000 0.00000000000 0.00000000000 0.00000000000 0.00000000000
# logsel_p2_fsh[1]:
 0.00000000000 0.00000000000 0.00000000000 0.00000000000 0.00000000000 0.00000000000 0.00000000000 0.00000000000 0.00000000000 0.00000000000 0.00000000000 0.00000000000 0.00000000000 0.00000000000 0.00000000000 0.00000000000 0.00000000000 0.00000000000 0.00000000000 0.00000000000 0.00000000000 0.00000000000 0.00000000000 0.00000000000 0.00000000000 0.00000000000 0.00000000000 0.00000000000 0.00000000000 0.00000000000 0.00000000000 0.00000000000 0.00000000000 0.00000000000 0.00000000000 0.00000000000 0.00000000000 0.00000000000 0.00000000000
# logsel_p2_fsh[2]:
 0.00000000000 0.00000000000 0.00000000000 0.00000000000 0.00000000000 0.00000000000 0.00000000000 0.00000000000 0.00000000000 0.00000000000 0.00000000000 0.00000000000 0.00000000000 0.00000000000 0.00000000000 0.00000000000 0.00000000000 0.00000000000 0.00000000000 0.00000000000 0.00000000000 0.00000000000 0.00000000000 0.00000000000 0.00000000000 0.00000000000 0.00000000000 0.00000000000 0.00000000000 0.00000000000 0.00000000000 0.00000000000 0.00000000000 0.00000000000 0.00000000000 0.00000000000 0.00000000000 0.00000000000 0.00000000000 0.00000000000
# logsel_p2_fsh[3]:
 0.00000000000 0.00000000000 0.00000000000 0.00000000000 0.00000000000 0.00000000000 0.00000000000 0.00000000000 0.00000000000 0.00000000000 0.00000000000 0.00000000000 0.00000000000 0.00000000000 0.00000000000 0.00000000000 0.00000000000 0.00000000000 0.00000000000 0.00000000000 0.00000000000 0.00000000000 0.00000000000 0.00000000000 0.00000000000 0.00000000000 0.00000000000 0.00000000000 0.00000000000 0.00000000000 0.00000000000 0.00000000000 0.00000000000 0.00000000000 0.00000000000 0.00000000000 0.00000000000 0.00000000000 0.00000000000 0.00000000000 0.00000000000 0.00000000000 0.00000000000
# logsel_p2_fsh[4]:
 0.00000000000 0.00000000000 0.00000000000 0.00000000000 0.00000000000 0.00000000000 0.00000000000 0.00000000000 0.00000000000 0.00000000000 0.00000000000 0.00000000000 0.00000000000 0.00000000000 0.00000000000 0.00000000000 0.00000000000 0.00000000000 0.00000000000 0.00000000000 0.00000000000 0.00000000000 0.00000000000 0.00000000000 0.00000000000 0.00000000000 0.00000000000 0.00000000000 0.00000000000 0.00000000000 0.00000000000 0.00000000000 0.00000000000 0.00000000000
# logsel_p3_fsh[1]:
 0.00000000000 0.00000000000 0.00000000000 0.00000000000 0.00000000000 0.00000000000 0.00000000000 0.00000000000 0.00000000000 0.00000000000 0.00000000000 0.00000000000 0.00000000000 0.00000000000 0.00000000000 0.00000000000 0.00000000000 0.00000000000 0.00000000000 0.00000000000 0.00000000000 0.00000000000 0.00000000000 0.00000000000 0.00000000000 0.00000000000 0.00000000000 0.00000000000 0.00000000000 0.00000000000 0.00000000000 0.00000000000 0.00000000000 0.00000000000 0.00000000000 0.00000000000 0.00000000000 0.00000000000 0.00000000000
# logsel_p3_fsh[2]:
 0.00000000000 0.00000000000 0.00000000000 0.00000000000 0.00000000000 0.00000000000 0.00000000000 0.00000000000 0.00000000000 0.00000000000 0.00000000000 0.00000000000 0.00000000000 0.00000000000 0.00000000000 0.00000000000 0.00000000000 0.00000000000 0.00000000000 0.00000000000 0.00000000000 0.00000000000 0.00000000000 0.00000000000 0.00000000000 0.00000000000 0.00000000000 0.00000000000 0.00000000000 0.00000000000 0.00000000000 0.00000000000 0.00000000000 0.00000000000 0.00000000000 0.00000000000 0.00000000000 0.00000000000 0.00000000000 0.00000000000
# logsel_p3_fsh[3]:
 0.00000000000 0.00000000000 0.00000000000 0.00000000000 0.00000000000 0.00000000000 0.00000000000 0.00000000000 0.00000000000 0.00000000000 0.00000000000 0.00000000000 0.00000000000 0.00000000000 0.00000000000 0.00000000000 0.00000000000 0.00000000000 0.00000000000 0.00000000000 0.00000000000 0.00000000000 0.00000000000 0.00000000000 0.00000000000 0.00000000000 0.00000000000 0.00000000000 0.00000000000 0.00000000000 0.00000000000 0.00000000000 0.00000000000 0.00000000000 0.00000000000 0.00000000000 0.00000000000 0.00000000000 0.00000000000 0.00000000000 0.00000000000 0.00000000000 0.00000000000
# logsel_p3_fsh[4]:
 0.00000000000 0.00000000000 0.00000000000 0.00000000000 0.00000000000 0.00000000000 0.00000000000 0.00000000000 0.00000000000 0.00000000000 0.00000000000 0.00000000000 0.00000000000 0.00000000000 0.00000000000 0.00000000000 0.00000000000 0.00000000000 0.00000000000 0.00000000000 0.00000000000 0.00000000000 0.00000000000 0.00000000000 0.00000000000 0.00000000000 0.00000000000 0.00000000000 0.00000000000 0.00000000000 0.00000000000 0.00000000000 0.00000000000 0.00000000000
# rec_dev_future:
 0.00000000000 0.00000000000 0.00000000000 0.00000000000 0.00000000000 0.00000000000 0.00000000000 0.00000000000 0.00000000000 0.00000000000 0.00000000000 0.00000000000 0.00000000000 0.00000000000 0.00000000000 0.00000000000 0.00000000000 0.00000000000 0.00000000000 0.00000000000
# log_q_ind[1]:
0.412224915228
# log_q_ind[2]:
-2.34963134036
# log_q_ind[3]:
-9.29325109401
# log_q_ind[4]:
-0.327085014790
# log_q_ind[5]:
-5.60042958358
# log_q_ind[6]:
-8.03643700898
# log_q_ind[7]:
-1.22219035558
# log_q_power_ind[1]:
0.00000000000
# log_q_power_ind[2]:
0.00000000000
# log_q_power_ind[3]:
0.00000000000
# log_q_power_ind[4]:
0.00000000000
# log_q_power_ind[5]:
0.00000000000
# log_q_power_ind[6]:
0.00000000000
# log_q_power_ind[7]:
0.00000000000
# log_rw_q_ind[1]:
 -0.980516560059
# log_rw_q_ind[3]:
 -0.646282365340
# log_selcoffs_ind[1]:
 -2.10682614592 -1.29557271535 -0.694714223483 -0.267266138634 0.0150261692008 0.208453096138 0.336156598133 0.414259648472 0.455074139401 0.472463031811
 -2.73182744540 -1.92958110395 -1.17217875171 -0.525915346310 -0.0427354129443 0.285766592879 0.461925021057 0.525901879353 0.522408230966 0.491547922568
# log_selcoffs_ind[2]:
 -0.960067855494 -1.07276682943 -1.34822201087 -1.53021636072 -1.47483015258 -1.12744484286 -0.529766598576 0.200740539410 0.908848289671 1.37464970852
 0.185306798940 -0.295510066034 -0.643772130313 -0.851366723497 -0.885812249109 -0.701003882425 -0.315169676981 0.166299309953 0.612783839524 0.890153082419
 0.613671255230 0.196936630612 -0.127504415050 -0.384885785468 -0.561267059706 -0.582593805235 -0.424506955821 -0.138316350747 0.182308722936 0.419026944461
# log_selcoffs_ind[3]:
 -0.202940821038 0.0202027052767 0.0202027052767 0.0202027052767 0.0202027052767 0.0202027052767 0.0202027052767 0.0202027052767 0.0202027052767 0.0202027052767
# log_selcoffs_ind[4]:
 -0.598031844351 -0.430304509640 -0.277938185814 -0.157919211129 -0.0591381569212 0.0362699866377 0.133651352366 0.229042686322 0.311597439848 0.366742557849
 -1.34766090920 -1.07075078597 -0.786578904730 -0.488748824653 -0.196212471776 0.0677095492107 0.288329603353 0.452932684157 0.550132363483 0.585627578904
# log_selcoffs_ind[5]:
 -3.04452005677 -0.669616569639 0.101782682789 0.174353368097 0.174353368097 0.174353368097 0.174353368097 0.174353368097 0.174353368097 0.174353368097
# log_selcoffs_ind[6]:
 -3.04452005677 -0.669616569639 0.101782682789 0.174353368097 0.174353368097 0.174353368097 0.174353368097 0.174353368097 0.174353368097 0.174353368097
# log_selcoffs_ind[7]:
 -3.04452005677 -0.669616569639 0.101782682789 0.174353368097 0.174353368097 0.174353368097 0.174353368097 0.174353368097 0.174353368097 0.174353368097
# logsel_slope_ind[1]:
 0.00000000000 0.00000000000
# logsel_slope_ind[2]:
 0.00000000000 0.00000000000 0.00000000000
# logsel_slope_ind[3]:
 0.00000000000
# logsel_slope_ind[4]:
 0.00000000000 0.00000000000
# logsel_slope_ind[5]:
 0.00000000000
# logsel_slope_ind[6]:
 0.00000000000
# logsel_slope_ind[7]:
 0.00000000000
# sel50_ind[1]:
 0.00000000000 0.00000000000
# sel50_ind[2]:
 0.00000000000 0.00000000000 0.00000000000
# sel50_ind[3]:
 0.00000000000
# sel50_ind[4]:
 0.00000000000 0.00000000000
# sel50_ind[5]:
 0.00000000000
# sel50_ind[6]:
 0.00000000000
# sel50_ind[7]:
 0.00000000000
# logsel_p1_ind[1]:
 0.00000000000 0.00000000000
# logsel_p1_ind[2]:
 0.00000000000 0.00000000000 0.00000000000
# logsel_p1_ind[3]:
 0.00000000000
# logsel_p1_ind[4]:
 0.00000000000 0.00000000000
# logsel_p1_ind[5]:
 0.00000000000
# logsel_p1_ind[6]:
 0.00000000000
# logsel_p1_ind[7]:
 0.00000000000
# sel_p2_ind[1]:
 0.00000000000 0.00000000000
# sel_p2_ind[2]:
 0.00000000000 0.00000000000 0.00000000000
# sel_p2_ind[3]:
 0.00000000000
# sel_p2_ind[4]:
 0.00000000000 0.00000000000
# sel_p2_ind[5]:
 0.00000000000
# sel_p2_ind[6]:
 0.00000000000
# sel_p2_ind[7]:
 0.00000000000
# logsel_p3_ind[1]:
 0.00000000000 0.00000000000
# logsel_p3_ind[2]:
 0.00000000000 0.00000000000 0.00000000000
# logsel_p3_ind[3]:
 0.00000000000
# logsel_p3_ind[4]:
 0.00000000000 0.00000000000
# logsel_p3_ind[5]:
 0.00000000000
# logsel_p3_ind[6]:
 0.00000000000
# logsel_p3_ind[7]:
 0.00000000000
