# Number of parameters = 1665 Objective function value = 1178.37300197517  Maximum gradient component = 0.000166361344901274
# Mest[1]:
0.280000000000
# log_Linf[1]:
4.29810139974
# log_k[1]:
-1.83258146375
# log_Lo[1]:
2.60712428251
# log_sdage[1]:
-2.40794560865
# mean_log_rec[1]:
9.34952701002
# steepness[1]:
0.650000000000
# log_Rzero[1]:
9.45548698375
# rec_dev:
 -0.0655790598285 -0.0849414185027 -0.109197308572 -0.139337990082 -0.176398977624 -0.221126129136 -0.272912609379 -0.330876835867 -0.396885687353 -0.470413264518 -0.545937226750 -0.611936721142 -0.681014329472 -0.759402522942 -0.867154287713 -0.845059963608 -0.581128564203 -0.384822661644 -0.0118998868040 0.202115406981 0.231102331223 0.262004871934 0.410154066225 0.559396978174 0.895335488529 0.607146315426 0.785465466092 1.59442377712 1.51473314431 0.799175765948 0.272233870796 0.400861254730 0.666423142559 0.772942669864 0.219929057930 0.305120242072 0.247081896577 0.263044563394 0.420843069233 0.387350996373 0.612719588103 0.546458543120 0.537956633543 0.434193185902 -0.0599718470148 -0.171528901602 -0.0861441229493 -0.600701985556 -1.67278757939 -0.675409616846 -0.222307384187 -0.766665857486 -1.05370251581 -1.18426003277 -1.11592490511 -0.582625747437 -0.552502987706 0.0289716544372 0.404101403223 0.570473368414 -0.0111473115668 -0.571460297105
# log_sigmar[1]:
-0.510825623766
# fmort:
 -4.77814439871 -4.36147239025 -5.08945636319 -4.76353563582 -3.99278200049 -3.65948404060 -3.33356953634 -3.34549351286 -2.64460823432 -2.72341111508 -2.99720239819 -2.61945000191 -1.89683756632 -2.87574066658 -2.06640092377 -2.67871273178 -5.10482720916 -3.79653079767 -4.20131205612 -4.31133903475 -4.37915962185 -4.04641647942 -3.96269355169 -3.77726694848 -4.22167392655 -3.94767156404 -3.54048703519 -4.55755842384 -5.73250416746 -5.10541096009 -4.68199139909 -3.95349269672 -4.79578449995 -4.34247465484 -4.23004867702 -3.84392713347 -3.75906422178 -3.24581632320 -2.65927173597 -3.01092950388 -2.77059515520 -4.34318531241 -5.23262957913 -4.70548716427 -4.68600961303 -4.42189871515 -4.81651263679 -4.51534024574 -5.71872561724 -6.08033100498 -4.94155747346
 -7.17149858885 -6.72832541830 -6.25160637890 -5.65002234239 -5.85585227339 -5.13970515541 -4.62156573989 -4.27856727890 -3.79303023962 -3.57768194502 -3.45589179926 -2.70496519628 -2.48079919007 -2.78678049146 -2.39352493572 -2.01456934445 -1.83869610948 -1.51426314249 -1.31817635760 -1.17786232705 -1.17120303751 -0.936049497743 -0.637286081811 -0.607026425623 -0.409046725860 -0.122210520721 -0.145045741977 -0.133999180543 -0.625821192657 -1.04821454999 -1.30527998962 -1.10346390114 -1.01513719236 -1.09690109128 -1.11362438944 -1.12672891755 -1.06277933807 -0.813208788835 -0.886203558629 -0.500111162242 -0.968132545027 -1.34605250808 -1.76638653892 -1.93773756940 -1.92100520920 -1.75723553421 -1.78134774341 -1.79537430182 -1.70243620685 -1.85316640060 -1.99064293563
 -8.54436348455 -7.80644268384 -6.91126881739 -6.01571933070 -4.80363827638 -5.92117934857 -5.47912071645 -3.10673885448 -3.38641318183 -3.60462216117 -3.53277123437 -3.58610185111 -4.61612095288 -4.78536614793 -4.44379443253 -5.07710967785 -6.07184652590 -6.16278534605 -4.82194894859 -4.89807270901 -4.84423980972 -5.10612634374 -5.48194496714 -5.27432349219 -4.73130029978 -3.49259039930 -3.12695834860 -2.46087709641 -2.81800622368 -3.90916183975 -3.80484235557 -2.88033886993 -4.54799294590 -4.22691117737 -4.37922915454 -5.08698235342 -3.74643893133 -3.65068714924 -3.67820357724 -3.87895591300 -5.08769830596 -2.97630647970 -3.57883382277 -4.36303349864 -4.41539639834 -5.58368571983 -6.23622532544 -7.04194532199 -5.64485256937 -5.17269867943 -5.41982267059
 -9.68094838222 -9.62746572307 -7.86459797827 -9.50854177666 -9.43676974140 -9.35325834203 -9.22108930591 -8.33157253665 -5.08140075905 -2.94164098869 -2.88235248200 -2.51232502194 -1.83178176441 -1.53217836160 -1.34385446093 -1.69018366949 -1.92744494899 -2.22012248274 -2.49497087267 -2.71756561152 -2.89142162678 -3.40741758530 -5.95362415398 -9.44497861123 -9.27290116943 -9.00006944826 -8.64996729715 -8.32844042026 -8.18909425357 -8.31138763006 -7.78288903051 -5.85157058056 -4.67456272015 -4.05383413395 -3.38310349608 -3.48433374502 -2.95583555630 -2.46382388421 -2.20949720282 -2.02620443902 -2.16218661239 -3.34507758416 -3.64551065222 -3.64648068298 -3.24833561480 -3.09331036102 -3.59154807212 -3.69632017384 -3.74130515464 -3.93086948973 -6.42856935415
# log_selcoffs_fsh[1]:
 -3.77898262881 -2.18540468987 -1.18940659743 -0.166920046337 0.781729832425 1.02769633620 0.447878062752 -0.305368442300 -0.838534855742
 -3.30525985500 -1.66656084906 -1.00398957849 -0.213513633422 0.647706754379 0.948768419977 0.520639425918 -0.131049677123 -0.604584970318
 -2.96698392198 -1.49141979992 -0.699092552432 0.0417800787162 0.624068238684 0.773150667879 0.449110133972 -0.0582795468261 -0.445667814777
 -2.56481576946 -1.27796591249 -0.627288642851 -0.0336781509037 0.664571940658 0.744788292809 0.379811251038 -0.0635103253132 -0.366125194827
 -1.93349768835 -0.408511076458 -0.112361720598 0.132468542905 0.369986598991 0.460663148480 0.286843252823 -0.00233348831404 -0.232397545369
 -1.82434480092 -0.604432942270 0.366204953237 0.587334391167 0.270055150057 0.127160963633 0.00657034197615 -0.157217330150 -0.295567827417
 -1.53357651709 -0.470304066562 0.448500702844 0.693257135249 0.286289466383 -0.0175626881285 -0.180796278425 -0.288870218027 -0.363182457625
 -1.10278187896 -0.278970194794 0.495692122832 0.746823879172 0.216641166810 -0.135678984858 -0.321126310414 -0.401906388804 -0.430515352652
 -0.811387007587 0.198987862775 0.403843066002 0.544143963421 0.302999959741 -0.146277654244 -0.403484141882 -0.485459954477 -0.488322669230
 -0.580050908187 0.343893732333 0.540066310894 0.529700858794 0.140724857775 -0.284687942564 -0.528979800282 -0.587266951825 -0.567837808839
 -0.0601768426132 0.878166403063 0.424852853395 0.153603089560 -0.210541753273 -0.502575163861 -0.661294494936 -0.686861637035 -0.649945885324
 0.127116317124 0.835534326892 0.590706670861 0.129205188012 -0.388289639602 -0.652326016954 -0.762727516043 -0.768638563161 -0.721274189325
 -0.134552484926 1.09620775863 0.648458480349 -0.0665435797100 -0.589509775840 -0.809965638536 -0.874776989890 -0.858254074199 -0.810678204720
 0.182277577433 1.09685378795 0.584865517069 -0.131417324553 -0.685336210683 -0.892400901082 -0.936763747972 -0.906167796021 -0.857628494514
 0.177988092859 1.17422378496 0.540665050286 -0.194687628004 -0.734857453448 -0.944842640408 -0.989436625173 -0.954807061965 -0.905521002449
 -0.217027554489 1.24069078824 0.662532700483 -0.158467649041 -0.764732146769 -0.988643198247 -1.03796417675 -1.00328724807 -0.953072408100
 -0.146382631360 1.29566869350 0.582779726031 -0.207070853977 -0.798833875826 -1.02327544761 -1.07298878747 -1.03778335313 -0.985453848270
 0.468949028559 1.05853522973 0.624831621111 -0.221972809540 -0.823479613870 -1.04284207930 -1.08842725849 -1.04720976942 -0.989783997386
 0.752963402368 1.07702243572 0.374215346354 -0.339497582751 -0.882887369692 -1.09100390274 -1.13000773156 -1.07927285189 -1.01480030347
 0.473631379606 1.18030290241 0.536922425811 -0.331858211347 -0.933810275700 -1.14428827307 -1.17082706058 -1.10389180722 -1.02915196185
 0.537787621208 1.27049548294 0.377311901063 -0.454818241064 -1.01444013899 -1.20616558506 -1.21783516689 -1.13182252125 -1.04417405664
 0.414197770342 1.29019453280 0.521751153128 -0.507683676220 -1.10015610977 -1.26963844744 -1.25664106696 -1.14924780904 -1.04625444217
 0.667251718582 1.18657271840 0.464323648204 -0.478034664157 -1.10495973352 -1.28924729464 -1.26957333426 -1.14459198714 -1.02625829768
 0.428892680507 1.34278066718 0.381480028068 -0.519675898612 -1.09935588620 -1.28620063723 -1.27095550252 -1.13801607318 -1.00736355635
 0.626862070571 1.24259657243 0.334998222277 -0.492080243004 -1.04330187149 -1.23976293165 -1.23206096117 -1.09333590186 -0.952299273196
 0.568459715439 1.18058932602 0.395701553874 -0.347279989152 -0.964129119983 -1.17633869048 -1.15795132367 -1.01344273421 -0.869142148686
 -0.0370116736520 1.22075986891 0.583923087380 -0.165643555574 -0.839842268409 -1.05819710259 -1.03926666605 -0.896969761272 -0.764024275895
 0.273934326429 1.06351657004 0.525419617835 -0.220508508922 -0.748334060011 -0.917016387578 -0.881009955595 -0.747559344037 -0.626789740921
 1.12061679929 0.631898190574 -0.0215511040196 -0.494293372666 -0.780891280248 -0.843166810710 -0.770685128321 -0.639630583774 -0.536367125449
 0.743153687680 0.971437572512 -0.00262219792554 -0.629047686304 -0.792647122442 -0.748447056509 -0.631204909438 -0.501716866431 -0.412432800319
 0.500753754196 1.01041940034 -0.0558376365813 -0.611444231066 -0.711396976381 -0.620344819940 -0.473711932982 -0.349744243651 -0.276080810991
 0.386182734424 0.723156808327 -0.00150657310348 -0.423952758859 -0.492527659126 -0.406684941396 -0.262315172169 -0.151057392811 -0.0956660024382
 -0.484123895775 0.443882642382 0.136978358602 -0.113357350632 -0.134643182482 -0.125969818120 -0.0391646818651 0.0200177432980 0.0467878576579
 -1.00321444674 -0.201742879600 -0.149760767060 0.0460487335555 0.199904855534 0.154444017721 0.224708523995 0.140769475769 0.110238374417
 -0.505702502358 0.0332647502275 -0.358369901850 -0.310244295251 -0.0300170269619 0.148474279967 0.247089571901 0.240867350148 0.221441018337
 0.298743086406 -0.699358352447 -0.807440536125 -0.469094340165 -0.0805539054929 0.175228130089 0.291062270112 0.289544246999 0.258955720467
 -0.570614374770 -0.846570410651 -0.828839499685 -0.344271008065 0.120750293952 0.316041267349 0.421136279332 0.383945335193 0.313977550689
 -1.02930621963 -0.625389815064 -0.589766830808 -0.239555332835 0.132039557026 0.350196647143 0.358372890731 0.342241956250 0.312368215737
# log_selcoffs_fsh[2]:
 -2.27759645016 -0.370312879666 0.409243461459 0.762615378807 0.610313841203 0.164677890048 -0.191304764941 -0.434186350044 -0.578815710744 -0.686885539188
 -2.18357093525 -0.303000967108 -0.365765111066 0.209027482985 0.696868878426 0.615403053638 0.181257825146 -0.198209097470 -0.369140375371 -0.423871365523
 -2.73066636050 -0.879852055015 -0.453589845587 0.0304489297092 0.596104212606 0.695805110100 0.328477056329 -0.0365312257312 -0.171606115007 -0.176650975083
 -3.13745197791 -1.55931276879 -0.638879247317 -0.142041789560 0.461050967730 0.716804962884 0.376862596702 0.0995809578041 0.0479705330261 0.100466577110
 -2.74211003528 -1.19284659539 -1.11821895551 -0.595445188464 0.189214416904 0.577706364047 0.401416754067 0.274696525180 0.332102707039 0.444568635030
 -2.35799157174 -1.23135644837 -1.01193637579 -0.899163931195 -0.381078060334 0.0687294140785 0.281813904244 0.441198805666 0.649742653012 0.830143944586
 -3.01721230117 -1.76238381152 -0.886993382782 -0.714693449957 -0.591208559717 -0.255633733589 0.109271467080 0.450473180847 0.768417415367 0.996667820689
 -3.54780306356 -2.56538560817 -1.76677294603 -1.02707521481 -0.429691369580 -0.0389154460188 0.263890811552 0.452095051208 0.758733102488 1.00930310159
 -3.81880825369 -2.79652379727 -2.18013014924 -1.46485443682 -0.610013746586 -0.0378878534194 0.364724724726 0.632996635444 0.803407183027 0.920371065490
 -3.90380956950 -2.68363327941 -1.96796012080 -1.49586406878 -1.00625500511 -0.339867774114 0.250182897175 0.786043574715 0.974788240662 0.850455074216
 -3.73396782121 -2.24078592680 -1.50607111800 -1.05776324810 -0.733788281024 -0.476588928997 0.0404968805676 0.667653323666 0.978323703588 0.935604183387
 -3.65994798156 -2.14598271058 -1.32943302699 -0.878368067850 -0.526662163421 -0.235076664742 0.269569442872 0.643512145298 0.816748864629 0.841764670129
 -3.35177263630 -1.51037584713 -0.859666296232 -0.503255904614 -0.236803470036 -0.166680648994 0.191428883147 0.496418648234 0.699148733127 0.795174267520
 -2.92080893567 -1.19404301991 -0.543697146211 -0.258588996770 -0.146254971119 -0.0475841805793 0.180286941068 0.407486116623 0.586148518122 0.680700603457
 -2.52969899571 -0.530455506631 -0.278739198600 -0.264603267657 -0.297605276800 -0.162917933864 0.126927281565 0.366275153590 0.551150670740 0.643190934174
 -2.18769237493 -0.226010786916 -0.248847762133 -0.323824117888 -0.405741582837 -0.257845389289 0.0524626075286 0.324029182054 0.546858514386 0.684850226064
 -1.81702122666 -0.229406857639 -0.256492365611 -0.321243558502 -0.461466185501 -0.384595616650 -0.0770645609900 0.269908919049 0.580169861449 0.793163044837
 -2.07543464934 -0.409580988673 -0.141863580071 -0.263305365001 -0.455330802618 -0.415011611622 -0.131212564140 0.245572518683 0.587973140363 0.843303731117
 -2.33725391871 -0.547521755876 -0.189022065035 -0.220795171077 -0.424614707558 -0.380954706383 -0.0992236989634 0.266046708340 0.605184587979 0.839936509875
 -2.44377475265 -0.843524886365 -0.448244525831 -0.252265802649 -0.358981944279 -0.338544725165 -0.0584729702301 0.316793596851 0.655232818331 0.881484670229
 -2.53026472550 -0.919693389446 -0.457071488294 -0.207619011885 -0.332571381641 -0.371610672477 -0.125731596135 0.278313857397 0.661259754796 0.927976423823
 -2.80829208517 -1.00586523592 -0.393589261360 -0.129230612077 -0.213656325777 -0.270771878411 -0.0813811062464 0.227312899700 0.596721889070 0.898910556056
 -3.11554858106 -1.60995822795 -0.530169178390 0.0545255244416 0.0459292533555 -0.0840099496211 0.0179610080596 0.234015236337 0.505041336817 0.791154437036
 -3.29293522778 -1.97619680945 -0.990331587803 -0.189301138402 0.207523136703 0.158166320213 0.257826895938 0.387051628457 0.496491321973 0.595307280903
 -3.41213283056 -1.83928595939 -1.03749662914 -0.557657828935 -0.0496247725201 0.253856066570 0.408051320411 0.551081686524 0.546776074007 0.515185669276
 -3.61770117415 -2.19796283556 -1.29802488798 -0.420544135209 0.0474314764824 0.263232153967 0.415560190836 0.564229518454 0.554742539608 0.449710998355
 -3.93802164253 -2.07960531768 -1.21839485462 -0.233992110198 0.177027779804 0.332811463799 0.434051919953 0.560447558783 0.452581209549 0.272003891438
 -4.06056785403 -2.04919762256 -1.13640952477 -0.263931173422 0.156177921674 0.242974725329 0.646172705155 0.607905431156 0.350691148628 0.144969026308
 -3.99453234856 -2.49275270299 -1.59218802860 -0.173010664330 0.369880769630 0.420547755327 0.666392458120 0.423621182408 0.245136152375 0.123506974654
 -3.92570148060 -2.13075471139 -0.866718851680 -0.0790356861183 0.673775971641 0.488959167822 0.328522298200 0.185435151197 0.146770280795 0.160583546904
 -3.64941374425 -1.49986226922 -0.351865577269 0.140512920965 0.138833757173 0.0992579950655 0.173034783712 0.252952144390 0.390008362573 0.524484485575
 -3.54698808824 -1.56863052131 -0.587449080359 -0.163604342355 0.0180147193044 -0.0383490658978 0.0371672554016 0.306057417311 0.575543594538 0.790028279950
 -3.11513914654 -1.05811311960 -0.803510419372 -0.539170172787 -0.245437099286 -0.166954027444 -0.0928738070053 0.284931921250 0.712352719572 0.981766695926
 -3.76612250191 -1.52817500452 -0.770544700975 -0.273404705550 -0.0448152608737 0.0191424664471 0.0506434149372 0.280659882414 0.608414705457 0.853314084137
 -4.08282639836 -2.08503277768 -1.20820100307 -0.629502933813 -0.0488016843217 0.177683473191 0.276603438842 0.422771137253 0.624803239343 0.773677059519
 -4.33810279207 -2.54778751785 -1.49555883222 -0.769340578772 -0.257499672820 0.0861335265027 0.323235974880 0.511217032954 0.662582599437 0.862722170694
 -4.45520761203 -2.96936984070 -1.94764787833 -1.04163225413 -0.171496607172 0.168927517783 0.487014112121 0.642073498661 0.644085079595 0.684616248177
 -4.40879835284 -2.94188205090 -2.33160855642 -1.51750515804 -0.522460938201 0.255429049283 0.574364333138 0.786145159257 0.677862030342 0.584452852482
# log_selcoffs_fsh[3]:
 -1.93692409740 -1.16204157879 0.230148245279 1.04301922826 0.348578335814 -0.452328293030 -0.933307064142
 -2.30447464809 -1.20984389377 0.410045064104 1.00372372113 0.293596477973 -0.468623824484 -0.917464193407
 -2.13033906851 -0.999009108381 0.263611243420 0.980208503975 0.353955975692 -0.381386727154 -0.823896633474
 -2.96730064242 -1.51186558036 0.302028269504 1.07234622819 0.308426582746 -0.416929895774 -0.837285567680
 -3.37649862236 -1.72848462695 0.327902621411 0.984490271282 0.418317583277 -0.298574386783 -0.771107361939
 -3.55925405084 -1.90090287653 -0.181905653706 0.990867755391 0.661707653503 -0.146511188134 -0.707164416144
 -3.59635830422 -1.85670643619 -0.248320948367 0.988657113611 0.650187996369 -0.104739192555 -0.630740429359
 -3.46781305435 -1.53134292765 0.463767404794 0.754183198927 0.417853466905 -0.0889180447299 -0.505798997430
 -3.19108937020 -1.32744847691 0.282164340081 0.670051011960 0.537566927509 0.0369381989466 -0.409592366398
 -2.93378733175 -0.858258697070 0.183951312218 0.733799583031 0.478002047775 -0.0340428803020 -0.417655539219
 -2.96133732768 -1.21946885333 0.0881605088104 0.999593539260 0.429280812494 -0.254389899494 -0.631147706894
 -3.01074519923 -1.19422468896 0.211940097493 1.01304448596 0.408842212897 -0.367859944139 -0.775504662721
 -3.03543145295 -1.17836836046 0.341076348194 1.06863074593 0.270650338849 -0.525707172944 -0.857171278654
 -2.93447762815 -0.741964792076 0.769524657248 0.773217104407 0.100426764872 -0.533703562943 -0.791582988825
 -2.91998944843 -0.925960153598 0.654798836165 0.843127032324 0.152315870782 -0.459015936833 -0.682989165070
 -2.93047620437 -0.907958379444 0.760562438679 0.845826843565 -0.0437984642171 -0.546637979024 -0.620158538897
 -2.93581429571 -0.667409337537 0.932114109046 0.697624108667 -0.203190289592 -0.639742661006 -0.613451774179
 -2.98657325065 -0.749439549426 1.07393077588 0.609376017686 -0.287136357307 -0.734828840797 -0.732373439413
 -2.85133675661 -0.274416252451 1.08635781425 0.467402445139 -0.334501574220 -0.762407820894 -0.819444403613
 -2.76476004950 -0.345002436109 1.17241161124 0.387488566855 -0.410093119715 -0.808154323036 -0.875932424812
 -2.65367822407 -0.113623050500 1.16927548257 0.296530395749 -0.476709395640 -0.830486229046 -0.878246303919
 -2.59443590313 -0.391177217722 1.22114338051 0.290064772003 -0.486898942013 -0.793690657890 -0.787957446523
 -2.39024271629 -0.610163348893 1.07989147271 0.437689416221 -0.328160199560 -0.601216325762 -0.505415908703
 -2.10625775692 -0.278461889047 0.799937060758 0.515953307930 -0.151729609146 -0.437621792549 -0.334166974593
 -1.90830307093 -0.433986251344 0.563445745527 0.772409153924 -0.0189063806579 -0.445730824207 -0.414866353107
 -1.72655281771 0.355412688558 0.499949011001 0.438960337447 0.0440571610707 -0.483358784546 -0.627635601186
 -2.00181591415 0.0728042382558 1.02889361999 0.389684685386 -0.316031508416 -0.828857377519 -1.05176031698
 -2.26551533751 -0.362261582915 1.07153109174 0.667133415690 -0.342641633382 -1.02028758955 -1.34227993975
 -2.51150461723 -0.520301516200 1.04588402537 0.756892668747 -0.255083800267 -1.06940474046 -1.47450153779
 -2.62407262278 -0.580758853057 0.630569924235 1.04390854292 0.0825139938794 -1.03113624297 -1.57781209967
 -2.52582833094 0.243582503575 0.719433729620 0.778995641730 -0.103418149138 -1.11415198366 -1.70539563542
 -2.79114676963 -0.645229601649 1.32298355381 0.495534164900 -0.488749923796 -1.36145298269 -1.90754231166
 -2.94244027821 -0.947103009095 1.03339084442 0.976168350069 -0.337731079735 -1.41064165830 -1.98646166722
 -2.96071494772 -0.985419966923 0.725050535557 1.15652875394 -0.0787520645523 -1.32181095816 -1.96397313333
 -2.92253460924 -0.855368900823 0.939826200322 1.02074196419 -0.252640882262 -1.33412711364 -1.92310749933
 -2.71517988338 -0.118106763181 1.14894567493 0.573218748965 -0.378635075681 -1.29486033302 -1.84743128090
 -2.63531049102 -0.161034418690 1.12902212441 0.615385626346 -0.379622375574 -1.26366168232 -1.78795010960
 -2.54660131563 0.0991233359614 1.10868582166 0.499663316054 -0.382481467055 -1.24410103441 -1.78055848904
 -2.66202968943 -0.275940234083 1.21134567099 0.547951891956 -0.420358224360 -1.30712177772 -1.85649675932
 -2.75768958792 -0.778744857777 1.12674603313 0.813816654507 -0.324094033598 -1.32939765048 -1.91285813885
 -2.76336234942 -0.953648561940 0.705850206648 1.17658515297 -0.145431354974 -1.30214727132 -1.92316606816
# log_selcoffs_fsh[4]:
 -2.31029225082 -1.87127407070 -1.40578224380 -0.900589123575 -0.379363052881 0.111223387032 0.509496375116 0.774324296127 0.900085961967
 -2.29781992690 -1.86521036912 -1.40339212952 -0.897977477777 -0.376281057214 0.112226169147 0.509174886234 0.773242268116 0.898383771001
 -2.27437845021 -1.85403585489 -1.40207980764 -0.893250929585 -0.365382489977 0.120246017744 0.512625110130 0.769364680001 0.890094315413
 -2.23355850173 -1.82890151808 -1.39942440761 -0.901189137341 -0.359693491593 0.136886413660 0.521620860342 0.765845955262 0.875169073264
 -2.16991436633 -1.77066072764 -1.36063263536 -0.894543754187 -0.374781751016 0.134074342223 0.533946061191 0.766928262501 0.858911869078
 -2.09286726381 -1.68275552781 -1.30449174223 -0.875309178167 -0.357887003789 0.139264600458 0.535293625504 0.760374405507 0.836015370146
 -2.01149212118 -1.60377080368 -1.19468780171 -0.801954208772 -0.342621932904 0.149709478829 0.534541221207 0.741872564996 0.804640225901
 -1.91038266751 -1.52443245713 -1.11796648672 -0.691315413089 -0.263772132254 0.167732001035 0.516659959771 0.708019366381 0.765103636793
 -1.75912297759 -1.38960205035 -1.02264074950 -0.632849677480 -0.201410508648 0.195005808994 0.500333308757 0.667236672888 0.721199576727
 -1.57611294257 -1.20043794078 -0.832558809997 -0.520637274743 -0.192045734039 0.172500419877 0.461833857495 0.628509469777 0.687001522260
 -1.39723815884 -1.01212157245 -0.641898139111 -0.325906552276 -0.120711466411 0.111764404994 0.379300382320 0.567077667222 0.648254838952
 -1.23479392827 -0.870173540963 -0.499223888362 -0.179940398906 0.0205463839358 0.113797512689 0.276228788301 0.468311079712 0.582872968080
 -1.08526197544 -0.744214321643 -0.420110450901 -0.121004652629 0.0836443062081 0.171271863923 0.243889375463 0.376645324389 0.492516650023
 -0.937527075593 -0.619767442435 -0.323329974531 -0.0771735239512 0.0845317931056 0.167939217725 0.234623687067 0.325954425085 0.405474350786
 -0.794976876433 -0.497767568950 -0.229614852644 -0.0259322240624 0.0964563870899 0.156475964929 0.202500182820 0.263574616322 0.318164470866
 -0.658976402426 -0.378106771892 -0.135700267203 0.0276269049771 0.109719682824 0.136456890027 0.154266779773 0.190659792796 0.228986555446
 -0.527067966328 -0.253504416189 -0.0367207657633 0.0771871280508 0.116499369318 0.102262716883 0.0911463835721 0.108646055229 0.137997433408
 -0.428932177404 -0.148155045787 0.0722687443628 0.129651607544 0.115071892085 0.0563064592986 0.0180817143433 0.0230378731853 0.0504033553973
 -0.355072179295 -0.0969474165736 0.164760389379 0.192221804525 0.0918554400898 0.0160195635909 -0.0423051017094 -0.0460055749993 -0.0260823605594
 -0.366756077599 -0.0915394124045 0.157508672134 0.274814439793 0.145421286718 -0.0101730084428 -0.0741158030322 -0.0924890984399 -0.0823060684984
 -0.418583711440 -0.157037223799 0.0209778222041 0.225930076391 0.238769328871 0.0760982243517 -0.0366277819571 -0.0534468018647 -0.0492776449944
 -0.592671793446 -0.356698492036 -0.118881507178 0.0625113338104 0.217762031930 0.184675228860 0.125970560466 0.0976099511220 0.106023835150
 -0.840463950597 -0.553140028439 -0.243116463410 -0.0287336368918 0.135626295875 0.221017319944 0.238450354871 0.247372893594 0.258477665032
 -1.11648688930 -0.787201152917 -0.465018205029 -0.153814081118 0.0912636362186 0.247477835690 0.326940670905 0.378698410626 0.411082373123
 -1.36434930911 -0.981638079632 -0.604258760200 -0.238299195607 0.0748185824172 0.255687683006 0.363052850384 0.451094074657 0.505932486100
 -1.61084963940 -1.18408134473 -0.788602693234 -0.385363633781 -0.0189823473310 0.243892363684 0.411007131075 0.540883211689 0.629306755567
 -1.82598366680 -1.32842454612 -0.969455449273 -0.525059634216 -0.0757829213827 0.222095682390 0.429810416082 0.601495054944 0.725477712473
 -2.04307255824 -1.57373133632 -1.12834757687 -0.556333450385 -0.130310962747 0.0879053178385 0.330058112183 0.632894704330 0.925216964544
 -1.55646766542 -1.60969361523 -1.30892528225 -0.887437106243 -0.413782875923 -0.0145025447709 0.346608773995 0.715931120925 1.02970900301
 -1.84254013516 -1.65256256756 -1.51361756602 -1.09902729735 -0.552893522895 -0.0448364571776 0.383045891880 0.775374137990 1.07402361187
 -1.60113443800 -1.44395883239 -1.55729766444 -1.37025197784 -0.882585774812 -0.295666475046 0.319667833145 0.836450962243 1.18019681140
 -1.34567327784 -0.958593142091 -1.32159230345 -1.46333669352 -1.08021324241 -0.437435273058 0.227103257253 0.819113074966 1.20877251789
# log_sel_spl_fsh[1]:
 0.00000000000 0.00000000000 0.00000000000 0.00000000000
 0.00000000000 0.00000000000 0.00000000000 0.00000000000
 0.00000000000 0.00000000000 0.00000000000 0.00000000000
 0.00000000000 0.00000000000 0.00000000000 0.00000000000
 0.00000000000 0.00000000000 0.00000000000 0.00000000000
 0.00000000000 0.00000000000 0.00000000000 0.00000000000
 0.00000000000 0.00000000000 0.00000000000 0.00000000000
 0.00000000000 0.00000000000 0.00000000000 0.00000000000
 0.00000000000 0.00000000000 0.00000000000 0.00000000000
 0.00000000000 0.00000000000 0.00000000000 0.00000000000
 0.00000000000 0.00000000000 0.00000000000 0.00000000000
 0.00000000000 0.00000000000 0.00000000000 0.00000000000
 0.00000000000 0.00000000000 0.00000000000 0.00000000000
 0.00000000000 0.00000000000 0.00000000000 0.00000000000
 0.00000000000 0.00000000000 0.00000000000 0.00000000000
 0.00000000000 0.00000000000 0.00000000000 0.00000000000
 0.00000000000 0.00000000000 0.00000000000 0.00000000000
 0.00000000000 0.00000000000 0.00000000000 0.00000000000
 0.00000000000 0.00000000000 0.00000000000 0.00000000000
 0.00000000000 0.00000000000 0.00000000000 0.00000000000
 0.00000000000 0.00000000000 0.00000000000 0.00000000000
 0.00000000000 0.00000000000 0.00000000000 0.00000000000
 0.00000000000 0.00000000000 0.00000000000 0.00000000000
 0.00000000000 0.00000000000 0.00000000000 0.00000000000
 0.00000000000 0.00000000000 0.00000000000 0.00000000000
 0.00000000000 0.00000000000 0.00000000000 0.00000000000
 0.00000000000 0.00000000000 0.00000000000 0.00000000000
 0.00000000000 0.00000000000 0.00000000000 0.00000000000
 0.00000000000 0.00000000000 0.00000000000 0.00000000000
 0.00000000000 0.00000000000 0.00000000000 0.00000000000
 0.00000000000 0.00000000000 0.00000000000 0.00000000000
 0.00000000000 0.00000000000 0.00000000000 0.00000000000
 0.00000000000 0.00000000000 0.00000000000 0.00000000000
 0.00000000000 0.00000000000 0.00000000000 0.00000000000
 0.00000000000 0.00000000000 0.00000000000 0.00000000000
 0.00000000000 0.00000000000 0.00000000000 0.00000000000
 0.00000000000 0.00000000000 0.00000000000 0.00000000000
 0.00000000000 0.00000000000 0.00000000000 0.00000000000
# log_sel_spl_fsh[2]:
 0.00000000000 0.00000000000 0.00000000000 0.00000000000
 0.00000000000 0.00000000000 0.00000000000 0.00000000000
 0.00000000000 0.00000000000 0.00000000000 0.00000000000
 0.00000000000 0.00000000000 0.00000000000 0.00000000000
 0.00000000000 0.00000000000 0.00000000000 0.00000000000
 0.00000000000 0.00000000000 0.00000000000 0.00000000000
 0.00000000000 0.00000000000 0.00000000000 0.00000000000
 0.00000000000 0.00000000000 0.00000000000 0.00000000000
 0.00000000000 0.00000000000 0.00000000000 0.00000000000
 0.00000000000 0.00000000000 0.00000000000 0.00000000000
 0.00000000000 0.00000000000 0.00000000000 0.00000000000
 0.00000000000 0.00000000000 0.00000000000 0.00000000000
 0.00000000000 0.00000000000 0.00000000000 0.00000000000
 0.00000000000 0.00000000000 0.00000000000 0.00000000000
 0.00000000000 0.00000000000 0.00000000000 0.00000000000
 0.00000000000 0.00000000000 0.00000000000 0.00000000000
 0.00000000000 0.00000000000 0.00000000000 0.00000000000
 0.00000000000 0.00000000000 0.00000000000 0.00000000000
 0.00000000000 0.00000000000 0.00000000000 0.00000000000
 0.00000000000 0.00000000000 0.00000000000 0.00000000000
 0.00000000000 0.00000000000 0.00000000000 0.00000000000
 0.00000000000 0.00000000000 0.00000000000 0.00000000000
 0.00000000000 0.00000000000 0.00000000000 0.00000000000
 0.00000000000 0.00000000000 0.00000000000 0.00000000000
 0.00000000000 0.00000000000 0.00000000000 0.00000000000
 0.00000000000 0.00000000000 0.00000000000 0.00000000000
 0.00000000000 0.00000000000 0.00000000000 0.00000000000
 0.00000000000 0.00000000000 0.00000000000 0.00000000000
 0.00000000000 0.00000000000 0.00000000000 0.00000000000
 0.00000000000 0.00000000000 0.00000000000 0.00000000000
 0.00000000000 0.00000000000 0.00000000000 0.00000000000
 0.00000000000 0.00000000000 0.00000000000 0.00000000000
 0.00000000000 0.00000000000 0.00000000000 0.00000000000
 0.00000000000 0.00000000000 0.00000000000 0.00000000000
 0.00000000000 0.00000000000 0.00000000000 0.00000000000
 0.00000000000 0.00000000000 0.00000000000 0.00000000000
 0.00000000000 0.00000000000 0.00000000000 0.00000000000
 0.00000000000 0.00000000000 0.00000000000 0.00000000000
# log_sel_spl_fsh[3]:
 0.00000000000 0.00000000000 0.00000000000 0.00000000000
 0.00000000000 0.00000000000 0.00000000000 0.00000000000
 0.00000000000 0.00000000000 0.00000000000 0.00000000000
 0.00000000000 0.00000000000 0.00000000000 0.00000000000
 0.00000000000 0.00000000000 0.00000000000 0.00000000000
 0.00000000000 0.00000000000 0.00000000000 0.00000000000
 0.00000000000 0.00000000000 0.00000000000 0.00000000000
 0.00000000000 0.00000000000 0.00000000000 0.00000000000
 0.00000000000 0.00000000000 0.00000000000 0.00000000000
 0.00000000000 0.00000000000 0.00000000000 0.00000000000
 0.00000000000 0.00000000000 0.00000000000 0.00000000000
 0.00000000000 0.00000000000 0.00000000000 0.00000000000
 0.00000000000 0.00000000000 0.00000000000 0.00000000000
 0.00000000000 0.00000000000 0.00000000000 0.00000000000
 0.00000000000 0.00000000000 0.00000000000 0.00000000000
 0.00000000000 0.00000000000 0.00000000000 0.00000000000
 0.00000000000 0.00000000000 0.00000000000 0.00000000000
 0.00000000000 0.00000000000 0.00000000000 0.00000000000
 0.00000000000 0.00000000000 0.00000000000 0.00000000000
 0.00000000000 0.00000000000 0.00000000000 0.00000000000
 0.00000000000 0.00000000000 0.00000000000 0.00000000000
 0.00000000000 0.00000000000 0.00000000000 0.00000000000
 0.00000000000 0.00000000000 0.00000000000 0.00000000000
 0.00000000000 0.00000000000 0.00000000000 0.00000000000
 0.00000000000 0.00000000000 0.00000000000 0.00000000000
 0.00000000000 0.00000000000 0.00000000000 0.00000000000
 0.00000000000 0.00000000000 0.00000000000 0.00000000000
 0.00000000000 0.00000000000 0.00000000000 0.00000000000
 0.00000000000 0.00000000000 0.00000000000 0.00000000000
 0.00000000000 0.00000000000 0.00000000000 0.00000000000
 0.00000000000 0.00000000000 0.00000000000 0.00000000000
 0.00000000000 0.00000000000 0.00000000000 0.00000000000
 0.00000000000 0.00000000000 0.00000000000 0.00000000000
 0.00000000000 0.00000000000 0.00000000000 0.00000000000
 0.00000000000 0.00000000000 0.00000000000 0.00000000000
 0.00000000000 0.00000000000 0.00000000000 0.00000000000
 0.00000000000 0.00000000000 0.00000000000 0.00000000000
 0.00000000000 0.00000000000 0.00000000000 0.00000000000
 0.00000000000 0.00000000000 0.00000000000 0.00000000000
 0.00000000000 0.00000000000 0.00000000000 0.00000000000
 0.00000000000 0.00000000000 0.00000000000 0.00000000000
# log_sel_spl_fsh[4]:
 0.00000000000 0.00000000000 0.00000000000 0.00000000000
 0.00000000000 0.00000000000 0.00000000000 0.00000000000
 0.00000000000 0.00000000000 0.00000000000 0.00000000000
 0.00000000000 0.00000000000 0.00000000000 0.00000000000
 0.00000000000 0.00000000000 0.00000000000 0.00000000000
 0.00000000000 0.00000000000 0.00000000000 0.00000000000
 0.00000000000 0.00000000000 0.00000000000 0.00000000000
 0.00000000000 0.00000000000 0.00000000000 0.00000000000
 0.00000000000 0.00000000000 0.00000000000 0.00000000000
 0.00000000000 0.00000000000 0.00000000000 0.00000000000
 0.00000000000 0.00000000000 0.00000000000 0.00000000000
 0.00000000000 0.00000000000 0.00000000000 0.00000000000
 0.00000000000 0.00000000000 0.00000000000 0.00000000000
 0.00000000000 0.00000000000 0.00000000000 0.00000000000
 0.00000000000 0.00000000000 0.00000000000 0.00000000000
 0.00000000000 0.00000000000 0.00000000000 0.00000000000
 0.00000000000 0.00000000000 0.00000000000 0.00000000000
 0.00000000000 0.00000000000 0.00000000000 0.00000000000
 0.00000000000 0.00000000000 0.00000000000 0.00000000000
 0.00000000000 0.00000000000 0.00000000000 0.00000000000
 0.00000000000 0.00000000000 0.00000000000 0.00000000000
 0.00000000000 0.00000000000 0.00000000000 0.00000000000
 0.00000000000 0.00000000000 0.00000000000 0.00000000000
 0.00000000000 0.00000000000 0.00000000000 0.00000000000
 0.00000000000 0.00000000000 0.00000000000 0.00000000000
 0.00000000000 0.00000000000 0.00000000000 0.00000000000
 0.00000000000 0.00000000000 0.00000000000 0.00000000000
 0.00000000000 0.00000000000 0.00000000000 0.00000000000
 0.00000000000 0.00000000000 0.00000000000 0.00000000000
 0.00000000000 0.00000000000 0.00000000000 0.00000000000
 0.00000000000 0.00000000000 0.00000000000 0.00000000000
 0.00000000000 0.00000000000 0.00000000000 0.00000000000
# logsel_slope_fsh[1]:
 0.00000000000 0.00000000000 0.00000000000 0.00000000000 0.00000000000 0.00000000000 0.00000000000 0.00000000000 0.00000000000 0.00000000000 0.00000000000 0.00000000000 0.00000000000 0.00000000000 0.00000000000 0.00000000000 0.00000000000 0.00000000000 0.00000000000 0.00000000000 0.00000000000 0.00000000000 0.00000000000 0.00000000000 0.00000000000 0.00000000000 0.00000000000 0.00000000000 0.00000000000 0.00000000000 0.00000000000 0.00000000000 0.00000000000 0.00000000000 0.00000000000 0.00000000000 0.00000000000 0.00000000000
# logsel_slope_fsh[2]:
 0.00000000000 0.00000000000 0.00000000000 0.00000000000 0.00000000000 0.00000000000 0.00000000000 0.00000000000 0.00000000000 0.00000000000 0.00000000000 0.00000000000 0.00000000000 0.00000000000 0.00000000000 0.00000000000 0.00000000000 0.00000000000 0.00000000000 0.00000000000 0.00000000000 0.00000000000 0.00000000000 0.00000000000 0.00000000000 0.00000000000 0.00000000000 0.00000000000 0.00000000000 0.00000000000 0.00000000000 0.00000000000 0.00000000000 0.00000000000 0.00000000000 0.00000000000 0.00000000000 0.00000000000
# logsel_slope_fsh[3]:
 0.00000000000 0.00000000000 0.00000000000 0.00000000000 0.00000000000 0.00000000000 0.00000000000 0.00000000000 0.00000000000 0.00000000000 0.00000000000 0.00000000000 0.00000000000 0.00000000000 0.00000000000 0.00000000000 0.00000000000 0.00000000000 0.00000000000 0.00000000000 0.00000000000 0.00000000000 0.00000000000 0.00000000000 0.00000000000 0.00000000000 0.00000000000 0.00000000000 0.00000000000 0.00000000000 0.00000000000 0.00000000000 0.00000000000 0.00000000000 0.00000000000 0.00000000000 0.00000000000 0.00000000000 0.00000000000 0.00000000000 0.00000000000
# logsel_slope_fsh[4]:
 0.00000000000 0.00000000000 0.00000000000 0.00000000000 0.00000000000 0.00000000000 0.00000000000 0.00000000000 0.00000000000 0.00000000000 0.00000000000 0.00000000000 0.00000000000 0.00000000000 0.00000000000 0.00000000000 0.00000000000 0.00000000000 0.00000000000 0.00000000000 0.00000000000 0.00000000000 0.00000000000 0.00000000000 0.00000000000 0.00000000000 0.00000000000 0.00000000000 0.00000000000 0.00000000000 0.00000000000 0.00000000000
# sel50_fsh[1]:
 0.00000000000 0.00000000000 0.00000000000 0.00000000000 0.00000000000 0.00000000000 0.00000000000 0.00000000000 0.00000000000 0.00000000000 0.00000000000 0.00000000000 0.00000000000 0.00000000000 0.00000000000 0.00000000000 0.00000000000 0.00000000000 0.00000000000 0.00000000000 0.00000000000 0.00000000000 0.00000000000 0.00000000000 0.00000000000 0.00000000000 0.00000000000 0.00000000000 0.00000000000 0.00000000000 0.00000000000 0.00000000000 0.00000000000 0.00000000000 0.00000000000 0.00000000000 0.00000000000 0.00000000000
# sel50_fsh[2]:
 0.00000000000 0.00000000000 0.00000000000 0.00000000000 0.00000000000 0.00000000000 0.00000000000 0.00000000000 0.00000000000 0.00000000000 0.00000000000 0.00000000000 0.00000000000 0.00000000000 0.00000000000 0.00000000000 0.00000000000 0.00000000000 0.00000000000 0.00000000000 0.00000000000 0.00000000000 0.00000000000 0.00000000000 0.00000000000 0.00000000000 0.00000000000 0.00000000000 0.00000000000 0.00000000000 0.00000000000 0.00000000000 0.00000000000 0.00000000000 0.00000000000 0.00000000000 0.00000000000 0.00000000000
# sel50_fsh[3]:
 0.00000000000 0.00000000000 0.00000000000 0.00000000000 0.00000000000 0.00000000000 0.00000000000 0.00000000000 0.00000000000 0.00000000000 0.00000000000 0.00000000000 0.00000000000 0.00000000000 0.00000000000 0.00000000000 0.00000000000 0.00000000000 0.00000000000 0.00000000000 0.00000000000 0.00000000000 0.00000000000 0.00000000000 0.00000000000 0.00000000000 0.00000000000 0.00000000000 0.00000000000 0.00000000000 0.00000000000 0.00000000000 0.00000000000 0.00000000000 0.00000000000 0.00000000000 0.00000000000 0.00000000000 0.00000000000 0.00000000000 0.00000000000
# sel50_fsh[4]:
 0.00000000000 0.00000000000 0.00000000000 0.00000000000 0.00000000000 0.00000000000 0.00000000000 0.00000000000 0.00000000000 0.00000000000 0.00000000000 0.00000000000 0.00000000000 0.00000000000 0.00000000000 0.00000000000 0.00000000000 0.00000000000 0.00000000000 0.00000000000 0.00000000000 0.00000000000 0.00000000000 0.00000000000 0.00000000000 0.00000000000 0.00000000000 0.00000000000 0.00000000000 0.00000000000 0.00000000000 0.00000000000
# logsel_p1_fsh[1]:
 0.00000000000 0.00000000000 0.00000000000 0.00000000000 0.00000000000 0.00000000000 0.00000000000 0.00000000000 0.00000000000 0.00000000000 0.00000000000 0.00000000000 0.00000000000 0.00000000000 0.00000000000 0.00000000000 0.00000000000 0.00000000000 0.00000000000 0.00000000000 0.00000000000 0.00000000000 0.00000000000 0.00000000000 0.00000000000 0.00000000000 0.00000000000 0.00000000000 0.00000000000 0.00000000000 0.00000000000 0.00000000000 0.00000000000 0.00000000000 0.00000000000 0.00000000000 0.00000000000 0.00000000000
# logsel_p1_fsh[2]:
 0.00000000000 0.00000000000 0.00000000000 0.00000000000 0.00000000000 0.00000000000 0.00000000000 0.00000000000 0.00000000000 0.00000000000 0.00000000000 0.00000000000 0.00000000000 0.00000000000 0.00000000000 0.00000000000 0.00000000000 0.00000000000 0.00000000000 0.00000000000 0.00000000000 0.00000000000 0.00000000000 0.00000000000 0.00000000000 0.00000000000 0.00000000000 0.00000000000 0.00000000000 0.00000000000 0.00000000000 0.00000000000 0.00000000000 0.00000000000 0.00000000000 0.00000000000 0.00000000000 0.00000000000
# logsel_p1_fsh[3]:
 0.00000000000 0.00000000000 0.00000000000 0.00000000000 0.00000000000 0.00000000000 0.00000000000 0.00000000000 0.00000000000 0.00000000000 0.00000000000 0.00000000000 0.00000000000 0.00000000000 0.00000000000 0.00000000000 0.00000000000 0.00000000000 0.00000000000 0.00000000000 0.00000000000 0.00000000000 0.00000000000 0.00000000000 0.00000000000 0.00000000000 0.00000000000 0.00000000000 0.00000000000 0.00000000000 0.00000000000 0.00000000000 0.00000000000 0.00000000000 0.00000000000 0.00000000000 0.00000000000 0.00000000000 0.00000000000 0.00000000000 0.00000000000
# logsel_p1_fsh[4]:
 0.00000000000 0.00000000000 0.00000000000 0.00000000000 0.00000000000 0.00000000000 0.00000000000 0.00000000000 0.00000000000 0.00000000000 0.00000000000 0.00000000000 0.00000000000 0.00000000000 0.00000000000 0.00000000000 0.00000000000 0.00000000000 0.00000000000 0.00000000000 0.00000000000 0.00000000000 0.00000000000 0.00000000000 0.00000000000 0.00000000000 0.00000000000 0.00000000000 0.00000000000 0.00000000000 0.00000000000 0.00000000000
# logsel_p2_fsh[1]:
 0.00000000000 0.00000000000 0.00000000000 0.00000000000 0.00000000000 0.00000000000 0.00000000000 0.00000000000 0.00000000000 0.00000000000 0.00000000000 0.00000000000 0.00000000000 0.00000000000 0.00000000000 0.00000000000 0.00000000000 0.00000000000 0.00000000000 0.00000000000 0.00000000000 0.00000000000 0.00000000000 0.00000000000 0.00000000000 0.00000000000 0.00000000000 0.00000000000 0.00000000000 0.00000000000 0.00000000000 0.00000000000 0.00000000000 0.00000000000 0.00000000000 0.00000000000 0.00000000000 0.00000000000
# logsel_p2_fsh[2]:
 0.00000000000 0.00000000000 0.00000000000 0.00000000000 0.00000000000 0.00000000000 0.00000000000 0.00000000000 0.00000000000 0.00000000000 0.00000000000 0.00000000000 0.00000000000 0.00000000000 0.00000000000 0.00000000000 0.00000000000 0.00000000000 0.00000000000 0.00000000000 0.00000000000 0.00000000000 0.00000000000 0.00000000000 0.00000000000 0.00000000000 0.00000000000 0.00000000000 0.00000000000 0.00000000000 0.00000000000 0.00000000000 0.00000000000 0.00000000000 0.00000000000 0.00000000000 0.00000000000 0.00000000000
# logsel_p2_fsh[3]:
 0.00000000000 0.00000000000 0.00000000000 0.00000000000 0.00000000000 0.00000000000 0.00000000000 0.00000000000 0.00000000000 0.00000000000 0.00000000000 0.00000000000 0.00000000000 0.00000000000 0.00000000000 0.00000000000 0.00000000000 0.00000000000 0.00000000000 0.00000000000 0.00000000000 0.00000000000 0.00000000000 0.00000000000 0.00000000000 0.00000000000 0.00000000000 0.00000000000 0.00000000000 0.00000000000 0.00000000000 0.00000000000 0.00000000000 0.00000000000 0.00000000000 0.00000000000 0.00000000000 0.00000000000 0.00000000000 0.00000000000 0.00000000000
# logsel_p2_fsh[4]:
 0.00000000000 0.00000000000 0.00000000000 0.00000000000 0.00000000000 0.00000000000 0.00000000000 0.00000000000 0.00000000000 0.00000000000 0.00000000000 0.00000000000 0.00000000000 0.00000000000 0.00000000000 0.00000000000 0.00000000000 0.00000000000 0.00000000000 0.00000000000 0.00000000000 0.00000000000 0.00000000000 0.00000000000 0.00000000000 0.00000000000 0.00000000000 0.00000000000 0.00000000000 0.00000000000 0.00000000000 0.00000000000
# logsel_p3_fsh[1]:
 0.00000000000 0.00000000000 0.00000000000 0.00000000000 0.00000000000 0.00000000000 0.00000000000 0.00000000000 0.00000000000 0.00000000000 0.00000000000 0.00000000000 0.00000000000 0.00000000000 0.00000000000 0.00000000000 0.00000000000 0.00000000000 0.00000000000 0.00000000000 0.00000000000 0.00000000000 0.00000000000 0.00000000000 0.00000000000 0.00000000000 0.00000000000 0.00000000000 0.00000000000 0.00000000000 0.00000000000 0.00000000000 0.00000000000 0.00000000000 0.00000000000 0.00000000000 0.00000000000 0.00000000000
# logsel_p3_fsh[2]:
 0.00000000000 0.00000000000 0.00000000000 0.00000000000 0.00000000000 0.00000000000 0.00000000000 0.00000000000 0.00000000000 0.00000000000 0.00000000000 0.00000000000 0.00000000000 0.00000000000 0.00000000000 0.00000000000 0.00000000000 0.00000000000 0.00000000000 0.00000000000 0.00000000000 0.00000000000 0.00000000000 0.00000000000 0.00000000000 0.00000000000 0.00000000000 0.00000000000 0.00000000000 0.00000000000 0.00000000000 0.00000000000 0.00000000000 0.00000000000 0.00000000000 0.00000000000 0.00000000000 0.00000000000
# logsel_p3_fsh[3]:
 0.00000000000 0.00000000000 0.00000000000 0.00000000000 0.00000000000 0.00000000000 0.00000000000 0.00000000000 0.00000000000 0.00000000000 0.00000000000 0.00000000000 0.00000000000 0.00000000000 0.00000000000 0.00000000000 0.00000000000 0.00000000000 0.00000000000 0.00000000000 0.00000000000 0.00000000000 0.00000000000 0.00000000000 0.00000000000 0.00000000000 0.00000000000 0.00000000000 0.00000000000 0.00000000000 0.00000000000 0.00000000000 0.00000000000 0.00000000000 0.00000000000 0.00000000000 0.00000000000 0.00000000000 0.00000000000 0.00000000000 0.00000000000
# logsel_p3_fsh[4]:
 0.00000000000 0.00000000000 0.00000000000 0.00000000000 0.00000000000 0.00000000000 0.00000000000 0.00000000000 0.00000000000 0.00000000000 0.00000000000 0.00000000000 0.00000000000 0.00000000000 0.00000000000 0.00000000000 0.00000000000 0.00000000000 0.00000000000 0.00000000000 0.00000000000 0.00000000000 0.00000000000 0.00000000000 0.00000000000 0.00000000000 0.00000000000 0.00000000000 0.00000000000 0.00000000000 0.00000000000 0.00000000000
# rec_dev_future:
 0.00000000000 0.00000000000 0.00000000000 0.00000000000 0.00000000000 0.00000000000 0.00000000000 0.00000000000 0.00000000000 0.00000000000 0.00000000000 0.00000000000 0.00000000000 0.00000000000 0.00000000000 0.00000000000 0.00000000000 0.00000000000 0.00000000000 0.00000000000
# log_q_ind[1]:
0.606075661903
# log_q_ind[2]:
-2.87789680023
# log_q_ind[3]:
-9.36276132427
# log_q_ind[4]:
-0.0754793789317
# log_q_ind[5]:
-5.54417503022
# log_q_ind[6]:
-7.90627599547
# log_q_ind[7]:
-1.20827058788
# log_q_power_ind[1]:
0.00000000000
# log_q_power_ind[2]:
0.00000000000
# log_q_power_ind[3]:
0.00000000000
# log_q_power_ind[4]:
0.00000000000
# log_q_power_ind[5]:
0.00000000000
# log_q_power_ind[6]:
0.00000000000
# log_q_power_ind[7]:
0.00000000000
# log_rw_q_ind[1]:
 -0.899440692431
# log_rw_q_ind[3]:
 -0.160245794431
# log_rw_q_ind[7]:
 0.00000000000
# log_selcoffs_ind[1]:
 -2.38635940314 -1.55669327137 -0.936797647226 -0.484599399692 -0.162438660948 0.0935313845578 0.306107226434 0.478769297606 0.601184541760 0.665145295424
 -3.04058270591 -2.21200573425 -1.42740480901 -0.750098986587 -0.228703723218 0.154775984848 0.411177109225 0.570381956820 0.653039922337 0.677319138635
# log_selcoffs_ind[2]:
 0.594785188273 0.884438876281 0.718779678353 0.260209142540 -0.243164225246 -0.671683999426 -1.00480499311 -1.24916355925 -1.41088217503 -1.49243139002
 1.20077323812 0.789293216325 0.402540131639 -0.0132893758618 -0.445119530775 -0.845809192683 -1.18211831931 -1.44140279013 -1.61722463639 -1.70690092772
 1.39759308950 0.815830709677 0.262811742409 -0.250139415073 -0.697283885706 -1.07540453253 -1.38443870947 -1.61932996654 -1.77514378809 -1.85042067563
# log_selcoffs_ind[3]:
 -0.202940821038 0.0202027052767 0.0202027052767 0.0202027052767 0.0202027052767 0.0202027052767 0.0202027052767 0.0202027052767 0.0202027052767 0.0202027052767
# log_selcoffs_ind[4]:
 -0.996931007270 -0.718515659611 -0.463037487958 -0.254742920799 -0.0860085720254 0.0622963403683 0.198818480313 0.322487719137 0.423579343648 0.488106405161
 -1.67164062071 -1.33309397528 -0.988731573364 -0.635593248309 -0.293138061884 0.0183711302204 0.286915725023 0.499135432198 0.637710834882 0.698392841766
# log_selcoffs_ind[5]:
 -3.04452005677 -0.669616569639 0.101782682789 0.174353368097 0.174353368097 0.174353368097 0.174353368097 0.174353368097 0.174353368097 0.174353368097
# log_selcoffs_ind[6]:
 -3.04452005677 -0.669616569639 0.101782682789 0.174353368097 0.174353368097 0.174353368097 0.174353368097 0.174353368097 0.174353368097 0.174353368097
# log_selcoffs_ind[7]:
 -3.04452005677 -0.669616569639 0.101782682789 0.174353368097 0.174353368097 0.174353368097 0.174353368097 0.174353368097 0.174353368097 0.174353368097
# logsel_slope_ind[1]:
 0.00000000000 0.00000000000
# logsel_slope_ind[2]:
 0.00000000000 0.00000000000 0.00000000000
# logsel_slope_ind[3]:
 0.00000000000
# logsel_slope_ind[4]:
 0.00000000000 0.00000000000
# logsel_slope_ind[5]:
 0.00000000000
# logsel_slope_ind[6]:
 0.00000000000
# logsel_slope_ind[7]:
 0.00000000000
# sel50_ind[1]:
 0.00000000000 0.00000000000
# sel50_ind[2]:
 0.00000000000 0.00000000000 0.00000000000
# sel50_ind[3]:
 0.00000000000
# sel50_ind[4]:
 0.00000000000 0.00000000000
# sel50_ind[5]:
 0.00000000000
# sel50_ind[6]:
 0.00000000000
# sel50_ind[7]:
 0.00000000000
# logsel_p1_ind[1]:
 0.00000000000 0.00000000000
# logsel_p1_ind[2]:
 0.00000000000 0.00000000000 0.00000000000
# logsel_p1_ind[3]:
 0.00000000000
# logsel_p1_ind[4]:
 0.00000000000 0.00000000000
# logsel_p1_ind[5]:
 0.00000000000
# logsel_p1_ind[6]:
 0.00000000000
# logsel_p1_ind[7]:
 0.00000000000
# sel_p2_ind[1]:
 0.00000000000 0.00000000000
# sel_p2_ind[2]:
 0.00000000000 0.00000000000 0.00000000000
# sel_p2_ind[3]:
 0.00000000000
# sel_p2_ind[4]:
 0.00000000000 0.00000000000
# sel_p2_ind[5]:
 0.00000000000
# sel_p2_ind[6]:
 0.00000000000
# sel_p2_ind[7]:
 0.00000000000
# logsel_p3_ind[1]:
 0.00000000000 0.00000000000
# logsel_p3_ind[2]:
 0.00000000000 0.00000000000 0.00000000000
# logsel_p3_ind[3]:
 0.00000000000
# logsel_p3_ind[4]:
 0.00000000000 0.00000000000
# logsel_p3_ind[5]:
 0.00000000000
# logsel_p3_ind[6]:
 0.00000000000
# logsel_p3_ind[7]:
 0.00000000000
