# Number of parameters = 1865 Objective function value = 1187.23399574889  Maximum gradient component = 9.44518906207822e-05
# Mest[1]:
0.280000000000
# log_Linf[1]:
4.29810139974
# log_k[1]:
-1.83258146375
# log_Lo[1]:
2.60712428251
# log_sdage[1]:
-2.40794560865
# mean_log_rec[1]:
9.54846867498
# steepness[1]:
0.650000000000
# log_Rzero[1]:
9.98483400228
# rec_dev:
 -0.0565941196200 -0.0735251675139 -0.0949209157996 -0.121748642690 -0.155067108361 -0.195813802932 -0.243999663610 -0.299039835509 -0.362423065103 -0.434490453628 -0.510914924673 -0.579622133684 -0.652199854213 -0.736469064752 -0.857783437362 -0.855372641198 -0.616033076886 -0.460493192865 -0.128568225682 0.0609831387660 0.0740862086788 0.0924526596479 0.239407064922 0.391289701557 0.723833935873 0.438602175793 0.604824451060 1.39224512077 1.30457512196 0.585513533598 0.0564621459506 0.173507884209 0.429420710256 0.532786804645 -0.0138738390785 0.0800331332504 0.0407302498733 0.0698305284570 0.246919093462 0.226222966999 0.455317034842 0.402976990872 0.361229056324 0.230313695805 -0.283116961996 -0.415491050030 -0.340153567908 -0.812194918468 -1.87116616801 -0.890384659254 -0.439051746728 -0.712227614911 -0.823676194460 -0.843067283518 -0.656017648802 -0.0525912331328 0.00127389223850 0.484435443183 0.867955696856 1.07486067006 0.765078890603 0.460140072549 0.798264518532 0.261224449379 -0.205881280881 0.214163221984 0.470447888020
# log_sigmar[1]:
-0.510825623766
# fmort:
 -5.02270272894 -4.60396051917 -5.32943664928 -5.00031557309 -4.22884736342 -3.89685383660 -3.57290138375 -3.58967674831 -2.90352931378 -3.00007289242 -3.27382758803 -2.88555802937 -2.17353044743 -3.15314559699 -2.35571195373 -2.96106606322 -5.35880326171 -4.01250608228 -4.35293652476 -4.41397738997 -4.44891322454 -4.09552657552 -3.99272776322 -3.78246655160 -4.21639077519 -3.93777473304 -3.53708634538 -4.56601072595 -5.75636003100 -5.14140691191 -4.72846023482 -4.00079050144 -4.82995927026 -4.35237146468 -4.22141961601 -3.82174483654 -3.73209905475 -3.24061115091 -2.66614203728 -3.00405133727 -2.80198121786 -4.55086043294 -5.56220340431 -5.10585031890 -5.15818207149 -4.96028985028 -5.40205083140 -5.11456344059 -6.36220115849 -6.74317604738 -5.64753864646 -5.68255724334 -5.83167789109 -5.96666082927 -5.60865054040 -5.69155968155
 -7.39597997837 -6.94720796570 -6.46521881345 -5.85823655405 -6.05941300436 -5.33959552541 -4.82057579071 -4.48218847530 -4.00431659326 -3.79413823917 -3.66858593005 -2.91326536240 -2.69540222954 -3.00610243151 -2.67125219093 -2.36653919990 -2.27352020583 -2.00876016531 -1.95715636887 -1.87202612934 -1.83812106392 -1.43552023198 -1.01224325940 -0.943881443250 -0.612617569985 -0.163934090792 -0.00445025747561 0.120538006593 -0.393325169778 -0.922046401128 -1.29492011509 -1.12811846528 -1.11424710040 -1.26535225441 -1.26817305991 -1.23837044909 -1.07652785067 -0.763421746178 -0.756587721311 -0.226389214295 -0.614767292465 -1.11871317390 -1.53805352345 -2.00123508560 -2.39356452395 -2.47911535522 -2.55942867748 -2.70094376344 -2.85897399110 -3.09469741075 -3.29984817755 -3.52841119986 -3.84714460925 -3.88148241995 -3.51159709632 -3.32298810630
 -8.77416267526 -8.03208963317 -7.12727802091 -6.23195205485 -5.01790098954 -6.13061487681 -5.68994346825 -3.31596526628 -3.59990350472 -3.81287520920 -3.72340490425 -3.75911661150 -4.79985331011 -4.95759022550 -4.62325335355 -5.26494033858 -6.24980443893 -6.32779986489 -4.97702866530 -5.03346495720 -4.93408012073 -5.16876823865 -5.52515556995 -5.31420262105 -4.79046617710 -3.56817809082 -3.20617204752 -2.54436323082 -2.92904640698 -4.05624945167 -3.98376603002 -3.10414400186 -4.87410579243 -4.58816085244 -4.67111497994 -5.26645578250 -3.79924618760 -3.65992953276 -3.70184040079 -3.93205666597 -4.99589933644 -2.92313982235 -3.71143001197 -4.73760984574 -4.91199532123 -6.18918990730 -6.92170802050 -7.72032363330 -6.23994883293 -5.70795154729 -5.94485251423 -6.20680444298 -5.94055342270 -5.48768664685 -5.67553220702 -5.88278943149
 -9.99897479469 -9.93091087976 -8.15770951278 -9.79398788763 -9.71872217727 -9.63516100318 -9.50498219722 -8.62075364267 -5.38072296732 -3.25540967537 -3.20036721661 -2.82244099518 -2.14020486515 -1.80081102419 -1.54482294231 -1.81452351977 -1.95130736253 -2.16580459026 -2.38754524907 -2.58170909685 -2.75654688112 -3.28736067862 -5.83322619184 -9.31512363693 -9.11414862294 -8.79094744192 -8.38587523002 -8.00832170591 -7.84003869726 -7.96680350314 -7.45195833366 -5.54814285321 -4.39394934940 -3.81055274477 -3.18596678350 -3.30579981538 -2.77383674747 -2.29172398115 -2.00753276967 -1.69348628458 -1.93201315842 -3.35195433195 -3.93594552714 -4.13521837695 -3.97317899672 -4.00502296471 -4.82437831582 -5.10278865108 -5.34091111657 -5.73561814652 -8.35215710378 -5.96441193480 -5.74712890176 -5.42775430950 -6.50954550520 -7.58940674167
# log_selcoffs_fsh[1]:
 -3.55868459837 -1.97390297392 -0.992428979958 -0.00599392437609 0.866059907961 0.997410280899 0.331444568577 -0.467871465809 -1.02214635151
 -3.09081648061 -1.46274193968 -0.814540391308 -0.0525028829449 0.741741223487 0.929307538929 0.408204961098 -0.297177983118 -0.794360263876
 -2.75834693157 -1.29666604623 -0.522402344226 0.188101186394 0.705946765770 0.745241316046 0.336625211430 -0.222748310847 -0.635127436267
 -2.36510214756 -1.09516576375 -0.467120763694 0.0932211889397 0.730998312806 0.720980363495 0.282194631913 -0.213753744126 -0.544931314655
 -1.76024138921 -0.242158268396 0.0322755986444 0.241598713452 0.416986799049 0.420145135254 0.175789037912 -0.163622298810 -0.421342414364
 -1.68627674347 -0.482217639252 0.467447270859 0.654887656233 0.284659355886 0.0799656513355 -0.0995019578249 -0.307978582983 -0.471989393328
 -1.42612723741 -0.380548536742 0.520635571010 0.742050540505 0.293362086538 -0.0584928613549 -0.272997758573 -0.423234765403 -0.522883152565
 -1.02134699445 -0.214241470717 0.545166045216 0.781394494620 0.222754539743 -0.168293512531 -0.398567197685 -0.520096953414 -0.574542818309
 -0.749750124817 0.248441669629 0.440545439469 0.569071326321 0.308537193230 -0.170894706758 -0.467718070396 -0.588006378062 -0.617848066176
 -0.536844988811 0.380807622530 0.567421317015 0.546411462484 0.141208338471 -0.306887379319 -0.582731172026 -0.674005224025 -0.681704139190
 -0.0379550417864 0.901676456497 0.444320156296 0.165235784518 -0.212977224765 -0.523233328839 -0.706984552045 -0.760338336351 -0.748660474039
 0.133777551714 0.849905604548 0.609272050646 0.143228284528 -0.387571603232 -0.667887876826 -0.799398461194 -0.829623426792 -0.805099066350
 -0.139770441943 1.10235934400 0.663756163739 -0.0497438715939 -0.583124695013 -0.817668510180 -0.900270855148 -0.906478986126 -0.877987468282
 0.172249324249 1.09880206945 0.600605621798 -0.112668606019 -0.674547266838 -0.893666223100 -0.953513487036 -0.944018832044 -0.911796781679
 0.165691821832 1.17484375134 0.554406463522 -0.176961048082 -0.723670161459 -0.943193675324 -1.00045265963 -0.983767947813 -0.948117000397
 -0.226247033501 1.23972780817 0.671691357774 -0.145478886870 -0.756101018394 -0.987093493202 -1.04581770291 -1.02498458939 -0.985388038296
 -0.148628618675 1.29667679431 0.587307289067 -0.200959055657 -0.795124124818 -1.02371034310 -1.07954511912 -1.05364111138 -1.00866950376
 0.472557533719 1.06242037600 0.624494941594 -0.224245975858 -0.826296261726 -1.04675912683 -1.09498081523 -1.05865782595 -1.00535791701
 0.775384539755 1.07367240149 0.363332045508 -0.351455932431 -0.892574300981 -1.09867729040 -1.13682683781 -1.08649414998 -1.02291060613
 0.502155821443 1.18282818103 0.519676929106 -0.351097793317 -0.948410167539 -1.15442993006 -1.17701774518 -1.10635171396 -1.02952509846
 0.561439079913 1.27246407183 0.359304933794 -0.477566432740 -1.03203324648 -1.21754602932 -1.22253833878 -1.12924698673 -1.03691035022
 0.434527278833 1.29137820690 0.507499769459 -0.527706790693 -1.11664913517 -1.27972880006 -1.25703151960 -1.13978802552 -1.02999313138
 0.678004782543 1.18627763448 0.451263358531 -0.494780147926 -1.11743027495 -1.29532548323 -1.26409627103 -1.12704128467 -1.00028193665
 0.421721667863 1.34294068300 0.375604929822 -0.530018483241 -1.10514997395 -1.28458356895 -1.25688750492 -1.11071371416 -0.970561724405
 0.628008423337 1.23167358000 0.327826191823 -0.494272839885 -1.03819202389 -1.22699272874 -1.20639273129 -1.05328441726 -0.901720782283
 0.573966735423 1.16679902160 0.372807402808 -0.352711955380 -0.951092317771 -1.15320504075 -1.12052146546 -0.960043584907 -0.804086198757
 -0.0722302351280 1.19651438734 0.582918019356 -0.153138104355 -0.818238290600 -1.02682171503 -0.990918936248 -0.829500404368 -0.683205690911
 0.126874919995 1.05717450302 0.539863738567 -0.191432305185 -0.715416346946 -0.878091543597 -0.823217619151 -0.667259724138 -0.530593044339
 0.989173666716 0.628622054374 0.0534958069122 -0.416268700614 -0.712393747182 -0.771951680121 -0.680121161169 -0.523235527037 -0.400816079046
 0.596292518663 0.923278495270 0.0361598253807 -0.552608682764 -0.715259353154 -0.666844258721 -0.528299101163 -0.369631648876 -0.258980189427
 0.344223301753 0.941900308901 -0.0556105561596 -0.569258266787 -0.646099454203 -0.538706884445 -0.365411366430 -0.206840602755 -0.107858768164
 0.230440232152 0.621804662807 -0.0480181351133 -0.431122075066 -0.466664672233 -0.343634239652 -0.157728362241 -0.00272320006744 0.0843622323422
 -0.612328896332 0.313825402961 0.0399779990188 -0.176519015136 -0.164310506979 -0.108530655198 0.0410954680071 0.157954818601 0.224420084353
 -1.06526269406 -0.318536535783 -0.284262093922 -0.0670768229953 0.125426240941 0.128608299002 0.279726974598 0.269034801907 0.291259707569
 -0.573127368546 -0.0537571793000 -0.498872049962 -0.462875557365 -0.150306193397 0.0914885283244 0.281419845561 0.371053610776 0.419613126540
 0.162739547909 -0.829161762387 -0.952290007412 -0.627629949883 -0.219408732670 0.108786113765 0.333174697501 0.437036045511 0.473573949343
 -0.896511678986 -1.06607194446 -1.00692798713 -0.506848550706 -0.0238235318463 0.242546337811 0.474805519825 0.543254027437 0.530434561939
 -1.53065106257 -1.10770941029 -0.914904043459 -0.461930717705 0.00622111746488 0.334703237391 0.476031893501 0.540109926839 0.526521956628
 -1.63361463275 -1.61062647995 -1.33339424373 -0.719660748891 -0.0214200291016 0.448796806344 0.645485049839 0.591794968419 0.466962186946
 -1.95690439939 -1.88055884858 -1.47808987656 -0.746163836678 -0.00597494863527 0.521144402855 0.701913821432 0.582027651739 0.417837955134
 -1.96787450544 -1.83248589400 -1.35657773336 -0.674287679857 -0.00921918836556 0.443298598882 0.640580692539 0.621692612846 0.485416121886
 -2.24194437860 -1.77570811111 -1.13831930115 -0.549716299970 0.0196527925454 0.421945750834 0.590146488766 0.601689238375 0.502403762016
 -2.27967890633 -1.73731155180 -1.11361776282 -0.512261320756 0.0351887970114 0.408407773028 0.574296163373 0.585941129894 0.519617813227
# log_selcoffs_fsh[2]:
 -2.10915516836 -0.220605762549 0.542083976714 0.860556877790 0.642499038381 0.112598253597 -0.330457260602 -0.668420025269 -0.909816118748 -1.08339831124
 -1.97647544123 -0.127909325096 -0.208079499145 0.347296553395 0.793636578849 0.631052245262 0.0857710983742 -0.418916574970 -0.713269177527 -0.853868764555
 -2.45268351758 -0.633942005880 -0.231842009846 0.225453348824 0.738918122877 0.740075676349 0.245785621845 -0.261844836599 -0.544101173334 -0.655665090084
 -2.77900369141 -1.22082170855 -0.322589218123 0.142750869010 0.671857430430 0.798590311629 0.311944393604 -0.128135834845 -0.359887975797 -0.444172576168
 -2.34274332037 -0.811156083511 -0.750661464372 -0.264742289819 0.449012648405 0.753315116224 0.448893313361 0.127521492032 -0.0549338913434 -0.127599848737
 -1.90699867117 -0.746347243503 -0.532654685928 -0.447694286040 0.0338804076294 0.410894151206 0.474976438716 0.382373762688 0.271912943998 0.200815549042
 -2.57890601374 -1.26958439860 -0.368954430230 -0.205611813638 -0.106774392119 0.176751530399 0.406574104794 0.475372245004 0.419101551857 0.346884829834
 -3.15732138063 -2.13283495975 -1.29699158441 -0.530502571794 0.0607746295319 0.395422000880 0.591535436041 0.530741421803 0.428378954811 0.327796715925
 -3.47409936979 -2.43360377262 -1.80847049351 -1.09440641360 -0.253813225146 0.290981319596 0.634476442669 0.751188132917 0.600631160671 0.364817027267
 -3.61418759833 -2.38313549081 -1.66817161716 -1.20778822616 -0.742786275796 -0.106654750211 0.449007834247 0.902032738974 0.869217739205 0.471452321678
 -3.53815245174 -2.01092906494 -1.26763382211 -0.828745472319 -0.517937018297 -0.269853527371 0.229427968231 0.780918518868 0.894893518624 0.626635106500
 -3.56443658752 -2.02144119560 -1.18616150031 -0.737342978170 -0.398207186443 -0.113591104788 0.384266547785 0.707794162350 0.747740607886 0.631821478474
 -3.36391907815 -1.51217205144 -0.851725429983 -0.491940283977 -0.225111884645 -0.150463565359 0.220176600203 0.526482941724 0.694714616119 0.744655235088
 -3.03752594523 -1.32595362933 -0.670827671644 -0.369985990401 -0.254615004633 -0.135853401464 0.139129064767 0.431895989705 0.665369553411 0.789196062846
 -2.72312535404 -0.754610666403 -0.489428814511 -0.444571954359 -0.451904735387 -0.298795996404 0.0531232351884 0.395605482944 0.683413304946 0.837882414940
 -2.36873778253 -0.427539882148 -0.436580750634 -0.480027878808 -0.536215547415 -0.367055165692 -0.0138034423090 0.345562457298 0.664713159917 0.862275215657
 -1.92357953304 -0.337073731763 -0.363355739652 -0.418459445753 -0.546945569018 -0.454663184714 -0.117835622887 0.280796755651 0.648781684057 0.894883316017
 -2.10239432212 -0.420189264370 -0.158879308792 -0.293326057321 -0.496442270104 -0.451634740704 -0.150875336402 0.248872269309 0.612986424718 0.870576642364
 -2.31333666235 -0.555383059696 -0.200878225263 -0.233601929524 -0.440091450767 -0.391999020139 -0.101153352235 0.273049606656 0.615977694815 0.845275877120
 -2.36027050013 -0.771028889004 -0.389623350117 -0.204645962351 -0.327909703551 -0.321655655592 -0.0489347797979 0.314461622543 0.631653359804 0.834196309822
 -2.41705026866 -0.780465729141 -0.326427986634 -0.0910370689410 -0.242630250768 -0.313036907089 -0.0956039712675 0.268738693901 0.599220530874 0.817363864491
 -2.71025268387 -0.886622253494 -0.278707459498 -0.0226270738676 -0.119794784183 -0.201218764973 -0.0435297999207 0.222489573425 0.531317069836 0.776776854912
 -3.05986233581 -1.53248781803 -0.446226883276 0.139605754549 0.118349111620 -0.0317503043042 0.0453344537783 0.226624510040 0.450959188161 0.684262855912
 -3.29530421972 -1.96267725016 -0.976248823381 -0.183259976376 0.203101291518 0.149248267324 0.248985279897 0.380096250751 0.496894214478 0.608826714144
 -3.48849255692 -1.91212294140 -1.10103689916 -0.608597259823 -0.0955409954131 0.204866414843 0.366856329963 0.535518014240 0.584626385701 0.622167132730
 -3.77591602856 -2.35985705496 -1.45706849128 -0.557789084039 -0.0577571311777 0.177998088807 0.355980839301 0.554152241828 0.636036596068 0.632086462456
 -4.19113382609 -2.32606774402 -1.45126169021 -0.478711614087 -0.0695441412487 0.154757080692 0.348067834822 0.598978146377 0.635927438681 0.592101568415
 -4.44725679516 -2.37960134424 -1.44649701884 -0.534409919694 -0.139820251884 -0.000268533462582 0.556577910147 0.686291236849 0.594640907926 0.507805493649
 -4.45334616750 -2.88103625500 -1.83470916400 -0.365808277239 0.157530835058 0.291444834632 0.641398830386 0.506223140026 0.432134798312 0.386159764804
 -4.37447785939 -2.62451877889 -1.34499691627 -0.467537574086 0.419759646940 0.461926208967 0.404963462155 0.343673525944 0.380523715962 0.436127754611
 -4.00781086020 -1.87822642686 -0.705248552279 -0.139620347446 0.00318432745783 0.128710647241 0.294302456573 0.377705517498 0.503451880542 0.625508408496
 -3.77318913521 -1.74595208033 -0.688346760821 -0.198594682240 0.0684578232200 0.130885901272 0.196636663058 0.360838312687 0.524907969953 0.656184822733
 -3.17456405478 -1.08705128564 -0.788856861967 -0.461823253935 -0.120862242920 0.0181341325975 0.112871943257 0.375019962180 0.629251612073 0.779925692471
 -3.67239487684 -1.49346205488 -0.774868051852 -0.233073886296 0.0330886099581 0.107999023131 0.149705577448 0.338160299843 0.564844465063 0.706266078366
 -3.87086707220 -1.86582903862 -1.06052833099 -0.538189470061 0.0605530425940 0.286093405736 0.347859527770 0.433701015264 0.544033423223 0.598144506424
 -4.08135397534 -2.13621629869 -1.05600636709 -0.417535101757 0.0301901746945 0.308811864757 0.459446577863 0.502765023601 0.482460507808 0.475928396255
 -4.22962787396 -2.54795560691 -1.44259409658 -0.579433718899 0.164036038803 0.383846659391 0.604061405234 0.603307395261 0.403927707235 0.269346742746
 -4.23592521528 -2.57471318431 -1.73133551083 -0.941717317888 -0.0663842708496 0.507964885513 0.692707417839 0.718455540608 0.422837102892 0.155298605929
 -4.25618870646 -2.63531634830 -1.39107647064 -0.787381213647 -0.0879303154535 0.415560791182 0.713394222682 0.696291613272 0.447084138212 0.155540125145
 -4.22927415309 -2.75991482311 -1.40573468519 -0.468395007704 0.00535022480918 0.409361204949 0.669427174090 0.685969334299 0.387214559245 0.120481923649
 -4.15908221731 -2.54814047208 -1.14365166419 -0.0924797081740 0.359223865574 0.446526271940 0.507546222156 0.469894602536 0.289547997389 0.0805471479742
 -4.10884068505 -2.32236669422 -0.844925767522 0.00792830828019 0.608556798174 0.571087408775 0.377196874723 0.220768153389 0.107835751808 0.0207084997410
 -4.06608615190 -2.33837258473 -0.833240859710 0.146221336757 0.581387823179 0.594048132044 0.380200509801 0.164961029468 0.0485126229296 0.00281792222704
# log_selcoffs_fsh[3]:
 -1.82343783558 -1.05902117173 0.313297907879 1.07543870193 0.290361956316 -0.611023707966 -1.16212282013
 -2.19629409006 -1.11261411957 0.485560666386 1.03199761447 0.239861309726 -0.620497661185 -1.14073376413
 -2.02798931444 -0.904311331585 0.346119793762 1.01846321034 0.299002694486 -0.539117833292 -1.05183663674
 -2.86170222467 -1.42097707651 0.374330656925 1.10330529096 0.265342614905 -0.552239558069 -1.03935188427
 -3.26654974408 -1.63626836593 0.399248281891 1.01876820496 0.382427512217 -0.420689200531 -0.956488741651
 -3.44181816061 -1.80238735933 -0.106304439154 1.03291360506 0.639954071184 -0.248588224123 -0.871307101187
 -3.47744641941 -1.75569783359 -0.171801477382 1.02975185160 0.633186892205 -0.201455945480 -0.792599610035
 -3.36069758872 -1.43582774513 0.536963113835 0.793545019683 0.395868638625 -0.199965780322 -0.691323447455
 -3.10055858790 -1.23905355787 0.361869673683 0.727403454390 0.530092737392 -0.0812603017469 -0.618851251604
 -2.85984788888 -0.783850342710 0.257125656224 0.792533125785 0.474879374575 -0.157335845471 -0.650761894560
 -2.88867246036 -1.15913834225 0.137231260437 1.03995339496 0.427885984633 -0.364365622977 -0.853864021853
 -2.94395053581 -1.14496028399 0.245428482769 1.04367291804 0.416680320375 -0.467895486772 -0.999473639862
 -2.97673190647 -1.13345745372 0.372670334944 1.09618945338 0.274049829616 -0.627988850845 -1.09711642984
 -2.89229794886 -0.701927329919 0.810757937405 0.812097885065 0.0922740130588 -0.670592371854 -1.08290542499
 -2.89685585741 -0.891444928178 0.705962907893 0.902803919936 0.146875772345 -0.634549195536 -1.03831608309
 -2.92188020044 -0.880166999687 0.812684274746 0.913315631636 -0.0474475912231 -0.744433955631 -1.03207484948
 -2.93344786190 -0.646232746001 0.985236834384 0.771269208812 -0.208685012247 -0.853836356056 -1.06599132405
 -2.96967967901 -0.722583888131 1.12205833530 0.675479351816 -0.304632952100 -0.958034249620 -1.18417064091
 -2.81774697054 -0.238152665087 1.14060983737 0.529696956932 -0.372010090336 -1.01822236174 -1.29280274273
 -2.71071087332 -0.294791087408 1.22822894559 0.446607151037 -0.464287230221 -1.09845062494 -1.39159933248
 -2.58132048369 -0.0478646425828 1.23203635840 0.354002881044 -0.547930276550 -1.16984903835 -1.47167159212
 -2.51299169947 -0.305602738365 1.29791858333 0.363041631471 -0.572114579522 -1.20589841266 -1.51786823424
 -2.35649568056 -0.509290851242 1.22735874688 0.543427807023 -0.456052738813 -1.15772328945 -1.50399062693
 -2.11085622207 -0.171080953135 0.994070856232 0.681171767069 -0.257704729656 -1.04513953555 -1.45567987516
 -1.91432316057 -0.361271403499 0.708611316334 0.950252557896 -0.0730113826671 -0.979480660122 -1.45611276192
 -1.73175572550 0.379534051890 0.591368138340 0.625147753607 0.0529846821974 -0.904882089703 -1.48086910195
 -1.97052153638 0.0986617866759 1.05617072624 0.462625176292 -0.305366358200 -1.06367404392 -1.55444370011
 -2.21849300997 -0.330738798033 1.05653069082 0.701205283936 -0.301804109693 -1.10254505539 -1.56652010177
 -2.50615445735 -0.542361297423 1.00423430094 0.778177161209 -0.160813391615 -1.02189745106 -1.52157914202
 -2.67142456949 -0.677276482749 0.447903104481 1.05479996938 0.285474496574 -0.851613304672 -1.47272068848
 -2.66401448416 0.0355386813534 0.500118063829 0.859142269546 0.167638125646 -0.790107553640 -1.39513662546
 -2.94481316217 -0.814677934888 1.15312613565 0.606755286966 -0.130057861067 -0.929991786965 -1.47205302462
 -3.10382813046 -1.07792866922 0.952047208126 0.917193491456 -0.0793268221253 -0.979960099325 -1.50286065872
 -3.13168583208 -1.12770925959 0.623089613353 1.12749413744 0.0717737016496 -0.969483387513 -1.48588715358
 -3.07407933163 -0.964861370243 0.877943097143 0.986565533470 -0.138696773349 -0.995789604200 -1.40708921021
 -2.84008761002 -0.212190268980 1.09229417986 0.547901976504 -0.272299009310 -0.949429945357 -1.29661932070
 -2.74016877678 -0.235469537122 1.09077469270 0.548435472583 -0.304380054283 -0.913418194973 -1.20601760793
 -2.66549965681 0.0550577179833 1.02513341384 0.443375164124 -0.283021903521 -0.822865488607 -1.09143272115
 -2.85048983994 -0.388062352595 1.10262940256 0.487797068798 -0.242029756956 -0.750250687805 -1.00585154407
 -3.06784754484 -1.02051853127 0.936273137777 0.757505708183 -0.0299485531507 -0.624127300499 -0.907730709890
 -3.20577680830 -1.44453478579 0.307055759599 1.07136940928 0.287504030216 -0.421359278714 -0.786194497238
 -3.28517053667 -1.76437290572 -0.283004648769 0.951095562655 0.718069503646 -0.139094298908 -0.637533890579
 -3.34612398389 -1.90353348257 -0.329157807094 0.830759975482 0.742929406014 0.0533340099551 -0.439621272950
 -3.31325500603 -1.91884534319 -0.459958073869 0.621112546469 0.774694860433 0.289783216903 -0.200341722733
 -3.24384420335 -1.90116716804 -0.665548831931 0.347412653366 0.807188213437 0.494410668047 0.00107160032680
 -3.19808837109 -1.86261576626 -0.625965361581 0.325659690976 0.757284434472 0.518547953798 0.0696569577220
# log_selcoffs_fsh[4]:
 -2.47966103835 -1.99269719609 -1.48661642377 -0.952853923388 -0.411909288747 0.0943960374901 0.509798808784 0.792298651429 0.929531968781
 -2.47188911245 -1.99039944767 -1.48760449780 -0.953773857835 -0.411901670088 0.0940376503318 0.509694315844 0.792467943490 0.929452845433
 -2.45714850577 -1.98633791747 -1.49197969430 -0.956178206006 -0.408695844087 0.0976105051602 0.512454118820 0.791596830974 0.926038226332
 -2.43135205447 -1.97472239670 -1.49821469485 -0.970370891755 -0.411536531079 0.106422495087 0.519444608169 0.791928328073 0.919144564887
 -2.39017381436 -1.94205514482 -1.48289179656 -0.977942080026 -0.431703380356 0.0998486085330 0.529112576034 0.796702867802 0.913032102432
 -2.33637665834 -1.88592706674 -1.45284249177 -0.977615271614 -0.430775848945 0.0982824189545 0.531081888713 0.797351054010 0.903334762227
 -2.27728830690 -1.82771021155 -1.37591530738 -0.931822457423 -0.431263348221 0.0994766486761 0.532148020518 0.789996281070 0.887874335572
 -2.20617708300 -1.76909990887 -1.31764586922 -0.849172093837 -0.374422682086 0.109076615617 0.519729894992 0.770712075118 0.866279485253
 -2.10160814238 -1.67137920463 -1.24562483645 -0.804757369855 -0.325628001400 0.133615754853 0.511646169702 0.744921556948 0.839606980430
 -1.97134839103 -1.52637839395 -1.09185477842 -0.709037489504 -0.316115281039 0.116477020546 0.485414238815 0.722979389605 0.823201392110
 -1.84327074163 -1.37659060928 -0.926746903904 -0.530842105200 -0.241033529158 0.0703535524564 0.420555838761 0.683422108491 0.807885598822
 -1.73103546823 -1.26418556690 -0.798325858484 -0.386002864897 -0.0904786569396 0.0935392268674 0.339043978838 0.608084415377 0.769421628946
 -1.63602603557 -1.17213763741 -0.728345139656 -0.320870739409 -0.0125757361631 0.173896066890 0.331136800504 0.535232411291 0.697880418284
 -1.54490754589 -1.08231822918 -0.645739366588 -0.270221595126 0.00850605939641 0.194841463443 0.347052566770 0.504601462573 0.623527560149
 -1.45813022916 -0.992951561644 -0.562306365083 -0.209165987388 0.0434680791403 0.211216465534 0.341833399135 0.464107748229 0.552716145553
 -1.37822646760 -0.904649656374 -0.475581909553 -0.142261235705 0.0832536120302 0.222498504970 0.323089832662 0.415695633724 0.483381247140
 -1.30387682049 -0.811187652417 -0.383050328209 -0.0747370622189 0.121899194726 0.224070296158 0.293481244907 0.362364074780 0.415954925944
 -1.24321088514 -0.715018443119 -0.262206653450 0.00113622427984 0.144018448748 0.201993186560 0.248412267701 0.306592994181 0.359316723846
 -1.20111460239 -0.647181242461 -0.151373817259 0.0867940049632 0.136693115520 0.175510390359 0.201275505491 0.260697228358 0.312104019720
 -1.22091243283 -0.614865782425 -0.114031037017 0.174567109060 0.180511523552 0.130681970178 0.162270938970 0.218985818437 0.279854339342
 -1.28303101381 -0.663433008927 -0.164122008239 0.191816358131 0.253168385596 0.168322854742 0.139668234567 0.204021886409 0.262365590164
 -1.24834963464 -0.721039652232 -0.255770755989 0.0566379851572 0.262561505553 0.241295901329 0.221047617391 0.232506614801 0.271467173814
 -1.28658175113 -0.782502180563 -0.311845499903 0.0113668512190 0.208619193573 0.277825822823 0.279525210095 0.278257378936 0.283252348076
 -1.34919925472 -0.850456958729 -0.395464298655 -0.0262672631336 0.200249276380 0.302200627227 0.324637144750 0.311699655146 0.294218791655
 -1.42083811970 -0.926725561826 -0.466468598868 -0.0776524335965 0.198728004311 0.334206363881 0.363327852587 0.337839815979 0.302647096820
 -1.49750508697 -1.00291518350 -0.547173153595 -0.128470460153 0.195442331295 0.367448473203 0.402183137769 0.362862189500 0.306796523571
 -1.57589516664 -1.05589168231 -0.645605921720 -0.195651548441 0.197730815486 0.396280725465 0.441786267417 0.393233022935 0.304896456694
 -1.57794756439 -1.11601479740 -0.657280338872 -0.0910424036338 0.283430451825 0.376418043070 0.393638986364 0.356425223844 0.292272916957
 -0.995580934243 -1.00715856974 -0.682426067940 -0.270238932619 0.143350174430 0.378242896310 0.434250956111 0.383761474280 0.315683731292
 -1.20167407235 -0.903385549820 -0.696562273095 -0.294273022557 0.145753691861 0.427312099353 0.472294199000 0.375708610664 0.263142040894
 -0.939899763549 -0.550342522047 -0.526211887661 -0.327161955820 0.00877751326171 0.299872136100 0.441799389384 0.397024100700 0.277159679662
 -0.733114678755 -0.0383202484860 -0.151093959299 -0.291150667428 -0.132455412276 0.116561892511 0.272247713084 0.298026628342 0.254902878607
 -0.848946087898 0.179257216850 0.541263007314 0.121507981486 -0.103598684126 -0.178525393045 -0.145933599092 -0.0702359473983 -0.00606509828708
 -0.827584284764 0.389437064264 0.438889256280 0.229111203800 -0.0296396199968 -0.230596972364 -0.257859049433 -0.179893901523 -0.0994189496646
 -0.906126842606 0.0498386978381 0.493748274730 0.570938921643 0.106460548156 -0.256003576185 -0.366693978797 -0.301229653095 -0.202073117056
 -0.952884341539 -0.0264845994021 0.490107120635 0.578592467752 0.269207759464 -0.190440953187 -0.418140518319 -0.395129208606 -0.278249281471
 -0.836182445963 0.0445259077842 0.473727846902 0.513897056763 0.231954543236 -0.148978988815 -0.376060582635 -0.381671847570 -0.285799449483
# log_sel_spl_fsh[1]:
 0.00000000000 0.00000000000 0.00000000000 0.00000000000
 0.00000000000 0.00000000000 0.00000000000 0.00000000000
 0.00000000000 0.00000000000 0.00000000000 0.00000000000
 0.00000000000 0.00000000000 0.00000000000 0.00000000000
 0.00000000000 0.00000000000 0.00000000000 0.00000000000
 0.00000000000 0.00000000000 0.00000000000 0.00000000000
 0.00000000000 0.00000000000 0.00000000000 0.00000000000
 0.00000000000 0.00000000000 0.00000000000 0.00000000000
 0.00000000000 0.00000000000 0.00000000000 0.00000000000
 0.00000000000 0.00000000000 0.00000000000 0.00000000000
 0.00000000000 0.00000000000 0.00000000000 0.00000000000
 0.00000000000 0.00000000000 0.00000000000 0.00000000000
 0.00000000000 0.00000000000 0.00000000000 0.00000000000
 0.00000000000 0.00000000000 0.00000000000 0.00000000000
 0.00000000000 0.00000000000 0.00000000000 0.00000000000
 0.00000000000 0.00000000000 0.00000000000 0.00000000000
 0.00000000000 0.00000000000 0.00000000000 0.00000000000
 0.00000000000 0.00000000000 0.00000000000 0.00000000000
 0.00000000000 0.00000000000 0.00000000000 0.00000000000
 0.00000000000 0.00000000000 0.00000000000 0.00000000000
 0.00000000000 0.00000000000 0.00000000000 0.00000000000
 0.00000000000 0.00000000000 0.00000000000 0.00000000000
 0.00000000000 0.00000000000 0.00000000000 0.00000000000
 0.00000000000 0.00000000000 0.00000000000 0.00000000000
 0.00000000000 0.00000000000 0.00000000000 0.00000000000
 0.00000000000 0.00000000000 0.00000000000 0.00000000000
 0.00000000000 0.00000000000 0.00000000000 0.00000000000
 0.00000000000 0.00000000000 0.00000000000 0.00000000000
 0.00000000000 0.00000000000 0.00000000000 0.00000000000
 0.00000000000 0.00000000000 0.00000000000 0.00000000000
 0.00000000000 0.00000000000 0.00000000000 0.00000000000
 0.00000000000 0.00000000000 0.00000000000 0.00000000000
 0.00000000000 0.00000000000 0.00000000000 0.00000000000
 0.00000000000 0.00000000000 0.00000000000 0.00000000000
 0.00000000000 0.00000000000 0.00000000000 0.00000000000
 0.00000000000 0.00000000000 0.00000000000 0.00000000000
 0.00000000000 0.00000000000 0.00000000000 0.00000000000
 0.00000000000 0.00000000000 0.00000000000 0.00000000000
 0.00000000000 0.00000000000 0.00000000000 0.00000000000
 0.00000000000 0.00000000000 0.00000000000 0.00000000000
 0.00000000000 0.00000000000 0.00000000000 0.00000000000
 0.00000000000 0.00000000000 0.00000000000 0.00000000000
 0.00000000000 0.00000000000 0.00000000000 0.00000000000
# log_sel_spl_fsh[2]:
 0.00000000000 0.00000000000 0.00000000000 0.00000000000
 0.00000000000 0.00000000000 0.00000000000 0.00000000000
 0.00000000000 0.00000000000 0.00000000000 0.00000000000
 0.00000000000 0.00000000000 0.00000000000 0.00000000000
 0.00000000000 0.00000000000 0.00000000000 0.00000000000
 0.00000000000 0.00000000000 0.00000000000 0.00000000000
 0.00000000000 0.00000000000 0.00000000000 0.00000000000
 0.00000000000 0.00000000000 0.00000000000 0.00000000000
 0.00000000000 0.00000000000 0.00000000000 0.00000000000
 0.00000000000 0.00000000000 0.00000000000 0.00000000000
 0.00000000000 0.00000000000 0.00000000000 0.00000000000
 0.00000000000 0.00000000000 0.00000000000 0.00000000000
 0.00000000000 0.00000000000 0.00000000000 0.00000000000
 0.00000000000 0.00000000000 0.00000000000 0.00000000000
 0.00000000000 0.00000000000 0.00000000000 0.00000000000
 0.00000000000 0.00000000000 0.00000000000 0.00000000000
 0.00000000000 0.00000000000 0.00000000000 0.00000000000
 0.00000000000 0.00000000000 0.00000000000 0.00000000000
 0.00000000000 0.00000000000 0.00000000000 0.00000000000
 0.00000000000 0.00000000000 0.00000000000 0.00000000000
 0.00000000000 0.00000000000 0.00000000000 0.00000000000
 0.00000000000 0.00000000000 0.00000000000 0.00000000000
 0.00000000000 0.00000000000 0.00000000000 0.00000000000
 0.00000000000 0.00000000000 0.00000000000 0.00000000000
 0.00000000000 0.00000000000 0.00000000000 0.00000000000
 0.00000000000 0.00000000000 0.00000000000 0.00000000000
 0.00000000000 0.00000000000 0.00000000000 0.00000000000
 0.00000000000 0.00000000000 0.00000000000 0.00000000000
 0.00000000000 0.00000000000 0.00000000000 0.00000000000
 0.00000000000 0.00000000000 0.00000000000 0.00000000000
 0.00000000000 0.00000000000 0.00000000000 0.00000000000
 0.00000000000 0.00000000000 0.00000000000 0.00000000000
 0.00000000000 0.00000000000 0.00000000000 0.00000000000
 0.00000000000 0.00000000000 0.00000000000 0.00000000000
 0.00000000000 0.00000000000 0.00000000000 0.00000000000
 0.00000000000 0.00000000000 0.00000000000 0.00000000000
 0.00000000000 0.00000000000 0.00000000000 0.00000000000
 0.00000000000 0.00000000000 0.00000000000 0.00000000000
 0.00000000000 0.00000000000 0.00000000000 0.00000000000
 0.00000000000 0.00000000000 0.00000000000 0.00000000000
 0.00000000000 0.00000000000 0.00000000000 0.00000000000
 0.00000000000 0.00000000000 0.00000000000 0.00000000000
 0.00000000000 0.00000000000 0.00000000000 0.00000000000
# log_sel_spl_fsh[3]:
 0.00000000000 0.00000000000 0.00000000000 0.00000000000
 0.00000000000 0.00000000000 0.00000000000 0.00000000000
 0.00000000000 0.00000000000 0.00000000000 0.00000000000
 0.00000000000 0.00000000000 0.00000000000 0.00000000000
 0.00000000000 0.00000000000 0.00000000000 0.00000000000
 0.00000000000 0.00000000000 0.00000000000 0.00000000000
 0.00000000000 0.00000000000 0.00000000000 0.00000000000
 0.00000000000 0.00000000000 0.00000000000 0.00000000000
 0.00000000000 0.00000000000 0.00000000000 0.00000000000
 0.00000000000 0.00000000000 0.00000000000 0.00000000000
 0.00000000000 0.00000000000 0.00000000000 0.00000000000
 0.00000000000 0.00000000000 0.00000000000 0.00000000000
 0.00000000000 0.00000000000 0.00000000000 0.00000000000
 0.00000000000 0.00000000000 0.00000000000 0.00000000000
 0.00000000000 0.00000000000 0.00000000000 0.00000000000
 0.00000000000 0.00000000000 0.00000000000 0.00000000000
 0.00000000000 0.00000000000 0.00000000000 0.00000000000
 0.00000000000 0.00000000000 0.00000000000 0.00000000000
 0.00000000000 0.00000000000 0.00000000000 0.00000000000
 0.00000000000 0.00000000000 0.00000000000 0.00000000000
 0.00000000000 0.00000000000 0.00000000000 0.00000000000
 0.00000000000 0.00000000000 0.00000000000 0.00000000000
 0.00000000000 0.00000000000 0.00000000000 0.00000000000
 0.00000000000 0.00000000000 0.00000000000 0.00000000000
 0.00000000000 0.00000000000 0.00000000000 0.00000000000
 0.00000000000 0.00000000000 0.00000000000 0.00000000000
 0.00000000000 0.00000000000 0.00000000000 0.00000000000
 0.00000000000 0.00000000000 0.00000000000 0.00000000000
 0.00000000000 0.00000000000 0.00000000000 0.00000000000
 0.00000000000 0.00000000000 0.00000000000 0.00000000000
 0.00000000000 0.00000000000 0.00000000000 0.00000000000
 0.00000000000 0.00000000000 0.00000000000 0.00000000000
 0.00000000000 0.00000000000 0.00000000000 0.00000000000
 0.00000000000 0.00000000000 0.00000000000 0.00000000000
 0.00000000000 0.00000000000 0.00000000000 0.00000000000
 0.00000000000 0.00000000000 0.00000000000 0.00000000000
 0.00000000000 0.00000000000 0.00000000000 0.00000000000
 0.00000000000 0.00000000000 0.00000000000 0.00000000000
 0.00000000000 0.00000000000 0.00000000000 0.00000000000
 0.00000000000 0.00000000000 0.00000000000 0.00000000000
 0.00000000000 0.00000000000 0.00000000000 0.00000000000
 0.00000000000 0.00000000000 0.00000000000 0.00000000000
 0.00000000000 0.00000000000 0.00000000000 0.00000000000
 0.00000000000 0.00000000000 0.00000000000 0.00000000000
 0.00000000000 0.00000000000 0.00000000000 0.00000000000
 0.00000000000 0.00000000000 0.00000000000 0.00000000000
# log_sel_spl_fsh[4]:
 0.00000000000 0.00000000000 0.00000000000 0.00000000000
 0.00000000000 0.00000000000 0.00000000000 0.00000000000
 0.00000000000 0.00000000000 0.00000000000 0.00000000000
 0.00000000000 0.00000000000 0.00000000000 0.00000000000
 0.00000000000 0.00000000000 0.00000000000 0.00000000000
 0.00000000000 0.00000000000 0.00000000000 0.00000000000
 0.00000000000 0.00000000000 0.00000000000 0.00000000000
 0.00000000000 0.00000000000 0.00000000000 0.00000000000
 0.00000000000 0.00000000000 0.00000000000 0.00000000000
 0.00000000000 0.00000000000 0.00000000000 0.00000000000
 0.00000000000 0.00000000000 0.00000000000 0.00000000000
 0.00000000000 0.00000000000 0.00000000000 0.00000000000
 0.00000000000 0.00000000000 0.00000000000 0.00000000000
 0.00000000000 0.00000000000 0.00000000000 0.00000000000
 0.00000000000 0.00000000000 0.00000000000 0.00000000000
 0.00000000000 0.00000000000 0.00000000000 0.00000000000
 0.00000000000 0.00000000000 0.00000000000 0.00000000000
 0.00000000000 0.00000000000 0.00000000000 0.00000000000
 0.00000000000 0.00000000000 0.00000000000 0.00000000000
 0.00000000000 0.00000000000 0.00000000000 0.00000000000
 0.00000000000 0.00000000000 0.00000000000 0.00000000000
 0.00000000000 0.00000000000 0.00000000000 0.00000000000
 0.00000000000 0.00000000000 0.00000000000 0.00000000000
 0.00000000000 0.00000000000 0.00000000000 0.00000000000
 0.00000000000 0.00000000000 0.00000000000 0.00000000000
 0.00000000000 0.00000000000 0.00000000000 0.00000000000
 0.00000000000 0.00000000000 0.00000000000 0.00000000000
 0.00000000000 0.00000000000 0.00000000000 0.00000000000
 0.00000000000 0.00000000000 0.00000000000 0.00000000000
 0.00000000000 0.00000000000 0.00000000000 0.00000000000
 0.00000000000 0.00000000000 0.00000000000 0.00000000000
 0.00000000000 0.00000000000 0.00000000000 0.00000000000
 0.00000000000 0.00000000000 0.00000000000 0.00000000000
 0.00000000000 0.00000000000 0.00000000000 0.00000000000
 0.00000000000 0.00000000000 0.00000000000 0.00000000000
 0.00000000000 0.00000000000 0.00000000000 0.00000000000
 0.00000000000 0.00000000000 0.00000000000 0.00000000000
# logsel_slope_fsh[1]:
 0.00000000000 0.00000000000 0.00000000000 0.00000000000 0.00000000000 0.00000000000 0.00000000000 0.00000000000 0.00000000000 0.00000000000 0.00000000000 0.00000000000 0.00000000000 0.00000000000 0.00000000000 0.00000000000 0.00000000000 0.00000000000 0.00000000000 0.00000000000 0.00000000000 0.00000000000 0.00000000000 0.00000000000 0.00000000000 0.00000000000 0.00000000000 0.00000000000 0.00000000000 0.00000000000 0.00000000000 0.00000000000 0.00000000000 0.00000000000 0.00000000000 0.00000000000 0.00000000000 0.00000000000 0.00000000000 0.00000000000 0.00000000000 0.00000000000 0.00000000000
# logsel_slope_fsh[2]:
 0.00000000000 0.00000000000 0.00000000000 0.00000000000 0.00000000000 0.00000000000 0.00000000000 0.00000000000 0.00000000000 0.00000000000 0.00000000000 0.00000000000 0.00000000000 0.00000000000 0.00000000000 0.00000000000 0.00000000000 0.00000000000 0.00000000000 0.00000000000 0.00000000000 0.00000000000 0.00000000000 0.00000000000 0.00000000000 0.00000000000 0.00000000000 0.00000000000 0.00000000000 0.00000000000 0.00000000000 0.00000000000 0.00000000000 0.00000000000 0.00000000000 0.00000000000 0.00000000000 0.00000000000 0.00000000000 0.00000000000 0.00000000000 0.00000000000 0.00000000000
# logsel_slope_fsh[3]:
 0.00000000000 0.00000000000 0.00000000000 0.00000000000 0.00000000000 0.00000000000 0.00000000000 0.00000000000 0.00000000000 0.00000000000 0.00000000000 0.00000000000 0.00000000000 0.00000000000 0.00000000000 0.00000000000 0.00000000000 0.00000000000 0.00000000000 0.00000000000 0.00000000000 0.00000000000 0.00000000000 0.00000000000 0.00000000000 0.00000000000 0.00000000000 0.00000000000 0.00000000000 0.00000000000 0.00000000000 0.00000000000 0.00000000000 0.00000000000 0.00000000000 0.00000000000 0.00000000000 0.00000000000 0.00000000000 0.00000000000 0.00000000000 0.00000000000 0.00000000000 0.00000000000 0.00000000000 0.00000000000
# logsel_slope_fsh[4]:
 0.00000000000 0.00000000000 0.00000000000 0.00000000000 0.00000000000 0.00000000000 0.00000000000 0.00000000000 0.00000000000 0.00000000000 0.00000000000 0.00000000000 0.00000000000 0.00000000000 0.00000000000 0.00000000000 0.00000000000 0.00000000000 0.00000000000 0.00000000000 0.00000000000 0.00000000000 0.00000000000 0.00000000000 0.00000000000 0.00000000000 0.00000000000 0.00000000000 0.00000000000 0.00000000000 0.00000000000 0.00000000000 0.00000000000 0.00000000000 0.00000000000 0.00000000000 0.00000000000
# sel50_fsh[1]:
 0.00000000000 0.00000000000 0.00000000000 0.00000000000 0.00000000000 0.00000000000 0.00000000000 0.00000000000 0.00000000000 0.00000000000 0.00000000000 0.00000000000 0.00000000000 0.00000000000 0.00000000000 0.00000000000 0.00000000000 0.00000000000 0.00000000000 0.00000000000 0.00000000000 0.00000000000 0.00000000000 0.00000000000 0.00000000000 0.00000000000 0.00000000000 0.00000000000 0.00000000000 0.00000000000 0.00000000000 0.00000000000 0.00000000000 0.00000000000 0.00000000000 0.00000000000 0.00000000000 0.00000000000 0.00000000000 0.00000000000 0.00000000000 0.00000000000 0.00000000000
# sel50_fsh[2]:
 0.00000000000 0.00000000000 0.00000000000 0.00000000000 0.00000000000 0.00000000000 0.00000000000 0.00000000000 0.00000000000 0.00000000000 0.00000000000 0.00000000000 0.00000000000 0.00000000000 0.00000000000 0.00000000000 0.00000000000 0.00000000000 0.00000000000 0.00000000000 0.00000000000 0.00000000000 0.00000000000 0.00000000000 0.00000000000 0.00000000000 0.00000000000 0.00000000000 0.00000000000 0.00000000000 0.00000000000 0.00000000000 0.00000000000 0.00000000000 0.00000000000 0.00000000000 0.00000000000 0.00000000000 0.00000000000 0.00000000000 0.00000000000 0.00000000000 0.00000000000
# sel50_fsh[3]:
 0.00000000000 0.00000000000 0.00000000000 0.00000000000 0.00000000000 0.00000000000 0.00000000000 0.00000000000 0.00000000000 0.00000000000 0.00000000000 0.00000000000 0.00000000000 0.00000000000 0.00000000000 0.00000000000 0.00000000000 0.00000000000 0.00000000000 0.00000000000 0.00000000000 0.00000000000 0.00000000000 0.00000000000 0.00000000000 0.00000000000 0.00000000000 0.00000000000 0.00000000000 0.00000000000 0.00000000000 0.00000000000 0.00000000000 0.00000000000 0.00000000000 0.00000000000 0.00000000000 0.00000000000 0.00000000000 0.00000000000 0.00000000000 0.00000000000 0.00000000000 0.00000000000 0.00000000000 0.00000000000
# sel50_fsh[4]:
 0.00000000000 0.00000000000 0.00000000000 0.00000000000 0.00000000000 0.00000000000 0.00000000000 0.00000000000 0.00000000000 0.00000000000 0.00000000000 0.00000000000 0.00000000000 0.00000000000 0.00000000000 0.00000000000 0.00000000000 0.00000000000 0.00000000000 0.00000000000 0.00000000000 0.00000000000 0.00000000000 0.00000000000 0.00000000000 0.00000000000 0.00000000000 0.00000000000 0.00000000000 0.00000000000 0.00000000000 0.00000000000 0.00000000000 0.00000000000 0.00000000000 0.00000000000 0.00000000000
# logsel_p1_fsh[1]:
 0.00000000000 0.00000000000 0.00000000000 0.00000000000 0.00000000000 0.00000000000 0.00000000000 0.00000000000 0.00000000000 0.00000000000 0.00000000000 0.00000000000 0.00000000000 0.00000000000 0.00000000000 0.00000000000 0.00000000000 0.00000000000 0.00000000000 0.00000000000 0.00000000000 0.00000000000 0.00000000000 0.00000000000 0.00000000000 0.00000000000 0.00000000000 0.00000000000 0.00000000000 0.00000000000 0.00000000000 0.00000000000 0.00000000000 0.00000000000 0.00000000000 0.00000000000 0.00000000000 0.00000000000 0.00000000000 0.00000000000 0.00000000000 0.00000000000 0.00000000000
# logsel_p1_fsh[2]:
 0.00000000000 0.00000000000 0.00000000000 0.00000000000 0.00000000000 0.00000000000 0.00000000000 0.00000000000 0.00000000000 0.00000000000 0.00000000000 0.00000000000 0.00000000000 0.00000000000 0.00000000000 0.00000000000 0.00000000000 0.00000000000 0.00000000000 0.00000000000 0.00000000000 0.00000000000 0.00000000000 0.00000000000 0.00000000000 0.00000000000 0.00000000000 0.00000000000 0.00000000000 0.00000000000 0.00000000000 0.00000000000 0.00000000000 0.00000000000 0.00000000000 0.00000000000 0.00000000000 0.00000000000 0.00000000000 0.00000000000 0.00000000000 0.00000000000 0.00000000000
# logsel_p1_fsh[3]:
 0.00000000000 0.00000000000 0.00000000000 0.00000000000 0.00000000000 0.00000000000 0.00000000000 0.00000000000 0.00000000000 0.00000000000 0.00000000000 0.00000000000 0.00000000000 0.00000000000 0.00000000000 0.00000000000 0.00000000000 0.00000000000 0.00000000000 0.00000000000 0.00000000000 0.00000000000 0.00000000000 0.00000000000 0.00000000000 0.00000000000 0.00000000000 0.00000000000 0.00000000000 0.00000000000 0.00000000000 0.00000000000 0.00000000000 0.00000000000 0.00000000000 0.00000000000 0.00000000000 0.00000000000 0.00000000000 0.00000000000 0.00000000000 0.00000000000 0.00000000000 0.00000000000 0.00000000000 0.00000000000
# logsel_p1_fsh[4]:
 0.00000000000 0.00000000000 0.00000000000 0.00000000000 0.00000000000 0.00000000000 0.00000000000 0.00000000000 0.00000000000 0.00000000000 0.00000000000 0.00000000000 0.00000000000 0.00000000000 0.00000000000 0.00000000000 0.00000000000 0.00000000000 0.00000000000 0.00000000000 0.00000000000 0.00000000000 0.00000000000 0.00000000000 0.00000000000 0.00000000000 0.00000000000 0.00000000000 0.00000000000 0.00000000000 0.00000000000 0.00000000000 0.00000000000 0.00000000000 0.00000000000 0.00000000000 0.00000000000
# logsel_p2_fsh[1]:
 0.00000000000 0.00000000000 0.00000000000 0.00000000000 0.00000000000 0.00000000000 0.00000000000 0.00000000000 0.00000000000 0.00000000000 0.00000000000 0.00000000000 0.00000000000 0.00000000000 0.00000000000 0.00000000000 0.00000000000 0.00000000000 0.00000000000 0.00000000000 0.00000000000 0.00000000000 0.00000000000 0.00000000000 0.00000000000 0.00000000000 0.00000000000 0.00000000000 0.00000000000 0.00000000000 0.00000000000 0.00000000000 0.00000000000 0.00000000000 0.00000000000 0.00000000000 0.00000000000 0.00000000000 0.00000000000 0.00000000000 0.00000000000 0.00000000000 0.00000000000
# logsel_p2_fsh[2]:
 0.00000000000 0.00000000000 0.00000000000 0.00000000000 0.00000000000 0.00000000000 0.00000000000 0.00000000000 0.00000000000 0.00000000000 0.00000000000 0.00000000000 0.00000000000 0.00000000000 0.00000000000 0.00000000000 0.00000000000 0.00000000000 0.00000000000 0.00000000000 0.00000000000 0.00000000000 0.00000000000 0.00000000000 0.00000000000 0.00000000000 0.00000000000 0.00000000000 0.00000000000 0.00000000000 0.00000000000 0.00000000000 0.00000000000 0.00000000000 0.00000000000 0.00000000000 0.00000000000 0.00000000000 0.00000000000 0.00000000000 0.00000000000 0.00000000000 0.00000000000
# logsel_p2_fsh[3]:
 0.00000000000 0.00000000000 0.00000000000 0.00000000000 0.00000000000 0.00000000000 0.00000000000 0.00000000000 0.00000000000 0.00000000000 0.00000000000 0.00000000000 0.00000000000 0.00000000000 0.00000000000 0.00000000000 0.00000000000 0.00000000000 0.00000000000 0.00000000000 0.00000000000 0.00000000000 0.00000000000 0.00000000000 0.00000000000 0.00000000000 0.00000000000 0.00000000000 0.00000000000 0.00000000000 0.00000000000 0.00000000000 0.00000000000 0.00000000000 0.00000000000 0.00000000000 0.00000000000 0.00000000000 0.00000000000 0.00000000000 0.00000000000 0.00000000000 0.00000000000 0.00000000000 0.00000000000 0.00000000000
# logsel_p2_fsh[4]:
 0.00000000000 0.00000000000 0.00000000000 0.00000000000 0.00000000000 0.00000000000 0.00000000000 0.00000000000 0.00000000000 0.00000000000 0.00000000000 0.00000000000 0.00000000000 0.00000000000 0.00000000000 0.00000000000 0.00000000000 0.00000000000 0.00000000000 0.00000000000 0.00000000000 0.00000000000 0.00000000000 0.00000000000 0.00000000000 0.00000000000 0.00000000000 0.00000000000 0.00000000000 0.00000000000 0.00000000000 0.00000000000 0.00000000000 0.00000000000 0.00000000000 0.00000000000 0.00000000000
# logsel_p3_fsh[1]:
 0.00000000000 0.00000000000 0.00000000000 0.00000000000 0.00000000000 0.00000000000 0.00000000000 0.00000000000 0.00000000000 0.00000000000 0.00000000000 0.00000000000 0.00000000000 0.00000000000 0.00000000000 0.00000000000 0.00000000000 0.00000000000 0.00000000000 0.00000000000 0.00000000000 0.00000000000 0.00000000000 0.00000000000 0.00000000000 0.00000000000 0.00000000000 0.00000000000 0.00000000000 0.00000000000 0.00000000000 0.00000000000 0.00000000000 0.00000000000 0.00000000000 0.00000000000 0.00000000000 0.00000000000 0.00000000000 0.00000000000 0.00000000000 0.00000000000 0.00000000000
# logsel_p3_fsh[2]:
 0.00000000000 0.00000000000 0.00000000000 0.00000000000 0.00000000000 0.00000000000 0.00000000000 0.00000000000 0.00000000000 0.00000000000 0.00000000000 0.00000000000 0.00000000000 0.00000000000 0.00000000000 0.00000000000 0.00000000000 0.00000000000 0.00000000000 0.00000000000 0.00000000000 0.00000000000 0.00000000000 0.00000000000 0.00000000000 0.00000000000 0.00000000000 0.00000000000 0.00000000000 0.00000000000 0.00000000000 0.00000000000 0.00000000000 0.00000000000 0.00000000000 0.00000000000 0.00000000000 0.00000000000 0.00000000000 0.00000000000 0.00000000000 0.00000000000 0.00000000000
# logsel_p3_fsh[3]:
 0.00000000000 0.00000000000 0.00000000000 0.00000000000 0.00000000000 0.00000000000 0.00000000000 0.00000000000 0.00000000000 0.00000000000 0.00000000000 0.00000000000 0.00000000000 0.00000000000 0.00000000000 0.00000000000 0.00000000000 0.00000000000 0.00000000000 0.00000000000 0.00000000000 0.00000000000 0.00000000000 0.00000000000 0.00000000000 0.00000000000 0.00000000000 0.00000000000 0.00000000000 0.00000000000 0.00000000000 0.00000000000 0.00000000000 0.00000000000 0.00000000000 0.00000000000 0.00000000000 0.00000000000 0.00000000000 0.00000000000 0.00000000000 0.00000000000 0.00000000000 0.00000000000 0.00000000000 0.00000000000
# logsel_p3_fsh[4]:
 0.00000000000 0.00000000000 0.00000000000 0.00000000000 0.00000000000 0.00000000000 0.00000000000 0.00000000000 0.00000000000 0.00000000000 0.00000000000 0.00000000000 0.00000000000 0.00000000000 0.00000000000 0.00000000000 0.00000000000 0.00000000000 0.00000000000 0.00000000000 0.00000000000 0.00000000000 0.00000000000 0.00000000000 0.00000000000 0.00000000000 0.00000000000 0.00000000000 0.00000000000 0.00000000000 0.00000000000 0.00000000000 0.00000000000 0.00000000000 0.00000000000 0.00000000000 0.00000000000
# rec_dev_future:
 0.00000000000 0.00000000000 0.00000000000 0.00000000000 0.00000000000 0.00000000000 0.00000000000 0.00000000000 0.00000000000 0.00000000000 0.00000000000 0.00000000000 0.00000000000 0.00000000000 0.00000000000 0.00000000000 0.00000000000 0.00000000000 0.00000000000 0.00000000000
# log_q_ind[1]:
0.695428231563
# log_q_ind[2]:
-2.67695471339
# log_q_ind[3]:
-9.66533074906
# log_q_ind[4]:
-0.173704722925
# log_q_ind[5]:
-5.66554125054
# log_q_ind[6]:
-8.18307732672
# log_q_ind[7]:
-2.03158349544
# log_q_power_ind[1]:
0.00000000000
# log_q_power_ind[2]:
0.00000000000
# log_q_power_ind[3]:
0.00000000000
# log_q_power_ind[4]:
0.00000000000
# log_q_power_ind[5]:
0.00000000000
# log_q_power_ind[6]:
0.00000000000
# log_q_power_ind[7]:
0.00000000000
# log_rw_q_ind[1]:
 -0.957863198788
# log_rw_q_ind[3]:
 -0.451137753321
# log_rw_q_ind[7]:
 -0.884460878241
# log_selcoffs_ind[1]:
 -2.45777435952 -1.63996221151 -1.02996516851 -0.580333668602 -0.248005211180 0.0332687346791 0.282596721837 0.496468436087 0.654881798779 0.739590795416
 -3.12552914154 -2.30410151211 -1.52324380612 -0.842238475794 -0.309077867055 0.0938225944129 0.379716604657 0.577668790096 0.699457442556 0.750750854604
# log_selcoffs_ind[2]:
 0.252899049387 0.491934320362 0.323827445565 -0.0185129662793 -0.278785984897 -0.373556983903 -0.341110444395 -0.248094355284 -0.150331285076 -0.0877053034160
 0.561228478891 0.210996068617 -0.0160433226162 -0.156032102584 -0.218674678701 -0.212274710740 -0.165765986359 -0.117116505212 -0.0913452896021 -0.0933248647140
 0.716711499539 0.209931960008 0.00510139346279 -0.0469627470665 -0.112492098992 -0.194268231635 -0.260432505309 -0.292385228717 -0.284872353851 -0.257308626730
# log_selcoffs_ind[3]:
 -0.202940821038 0.0202027052767 0.0202027052767 0.0202027052767 0.0202027052767 0.0202027052767 0.0202027052767 0.0202027052767 0.0202027052767 0.0202027052767
# log_selcoffs_ind[4]:
 -0.798420596329 -0.570806410080 -0.363563806404 -0.197977799777 -0.0648062822972 0.0550036722604 0.169331640286 0.276386806909 0.366469660641 0.425275568356
 -1.49567358749 -1.18473440566 -0.867723444532 -0.542673533584 -0.230166751406 0.0502119115612 0.287891860048 0.471384593645 0.587350568923 0.635540226271
# log_selcoffs_ind[5]:
 -3.04452005677 -0.669616569639 0.101782682789 0.174353368097 0.174353368097 0.174353368097 0.174353368097 0.174353368097 0.174353368097 0.174353368097
# log_selcoffs_ind[6]:
 -3.04452005677 -0.669616569639 0.101782682789 0.174353368097 0.174353368097 0.174353368097 0.174353368097 0.174353368097 0.174353368097 0.174353368097
# log_selcoffs_ind[7]:
 -3.04452005677 -0.669616569639 0.101782682789 0.174353368097 0.174353368097 0.174353368097 0.174353368097 0.174353368097 0.174353368097 0.174353368097
# logsel_slope_ind[1]:
 0.00000000000 0.00000000000
# logsel_slope_ind[2]:
 0.00000000000 0.00000000000 0.00000000000
# logsel_slope_ind[3]:
 0.00000000000
# logsel_slope_ind[4]:
 0.00000000000 0.00000000000
# logsel_slope_ind[5]:
 0.00000000000
# logsel_slope_ind[6]:
 0.00000000000
# logsel_slope_ind[7]:
 0.00000000000
# sel50_ind[1]:
 0.00000000000 0.00000000000
# sel50_ind[2]:
 0.00000000000 0.00000000000 0.00000000000
# sel50_ind[3]:
 0.00000000000
# sel50_ind[4]:
 0.00000000000 0.00000000000
# sel50_ind[5]:
 0.00000000000
# sel50_ind[6]:
 0.00000000000
# sel50_ind[7]:
 0.00000000000
# logsel_p1_ind[1]:
 0.00000000000 0.00000000000
# logsel_p1_ind[2]:
 0.00000000000 0.00000000000 0.00000000000
# logsel_p1_ind[3]:
 0.00000000000
# logsel_p1_ind[4]:
 0.00000000000 0.00000000000
# logsel_p1_ind[5]:
 0.00000000000
# logsel_p1_ind[6]:
 0.00000000000
# logsel_p1_ind[7]:
 0.00000000000
# sel_p2_ind[1]:
 0.00000000000 0.00000000000
# sel_p2_ind[2]:
 0.00000000000 0.00000000000 0.00000000000
# sel_p2_ind[3]:
 0.00000000000
# sel_p2_ind[4]:
 0.00000000000 0.00000000000
# sel_p2_ind[5]:
 0.00000000000
# sel_p2_ind[6]:
 0.00000000000
# sel_p2_ind[7]:
 0.00000000000
# logsel_p3_ind[1]:
 0.00000000000 0.00000000000
# logsel_p3_ind[2]:
 0.00000000000 0.00000000000 0.00000000000
# logsel_p3_ind[3]:
 0.00000000000
# logsel_p3_ind[4]:
 0.00000000000 0.00000000000
# logsel_p3_ind[5]:
 0.00000000000
# logsel_p3_ind[6]:
 0.00000000000
# logsel_p3_ind[7]:
 0.00000000000
