# Number of parameters = 1575 Objective function value = 1188.57845786018  Maximum gradient component = 0.00118885169925180
# Mest[1]:
0.280000000000
# log_Linf[1]:
4.38701417618
# log_k[1]:
-1.83258146375
# log_Lo[1]:
2.75684036527
# log_sdage[1]:
-2.40794560865
# mean_log_rec[1]:
9.39553291951
# steepness[1]:
0.650000000000
# log_Rzero[1]:
9.38476764616
# rec_dev:
 -0.0711327363508 -0.0919953910408 -0.118050502264 -0.150311491606 -0.189820074617 -0.237275655977 -0.291994461449 -0.353048394056 -0.422512218449 -0.499580439445 -0.578009685357 -0.646648755069 -0.717957443263 -0.793270166761 -0.911038886263 -0.911971731167 -0.588725429578 -0.374245741866 -0.108218923585 0.194056588041 0.207509437892 0.174338601534 0.312783300122 0.496660352263 0.854538766585 0.595707813524 0.670992475322 1.48746226745 1.47160142067 0.855482328467 0.235510005792 0.483061863251 0.565977189206 0.769913425934 0.258865329915 0.225477983304 0.233905107975 0.220352032586 0.419613100777 0.424976044054 0.590548216341 0.666473259052 0.449373171621 0.499063853226 -0.0886170126542 -0.278446872488 -0.0332575233550 -0.495663950308 -1.69803056224 -0.754207928025 -0.296837290908 -0.339887440219 -0.730321547552 -0.688603791274 -0.966278500153 -0.316687979654 -0.536769079619 -0.0607893061535 0.541942685326 -0.278471205096
# log_sigmar[1]:
-0.510825623766
# fmort:
 0.00823818184356 0.0124897396439 0.00603348163086 0.00836712394282 0.0180956449094 0.0252952302381 0.0351988897688 0.0347662628817 0.0698755936418 0.0654115158279 0.0506937618852 0.0750917418525 0.156647908483 0.0599484483431 0.139145357391 0.0759024882810 0.00668751769458 0.0245221287351 0.0161321292796 0.0141123212316 0.0126713961874 0.0173004638042 0.0185981433688 0.0222981396187 0.0142638661356 0.0189958439174 0.0285711386163 0.0103680498209 0.00313161130553 0.00572188957253 0.00852463458827 0.0178662391256 0.00777330668908 0.0119180170321 0.0135778306808 0.0199363425156 0.0205041469247 0.0325653887998 0.0575130488369 0.0411319197622 0.0467486683971 0.00787906306562 0.00288674299467 0.00480977776440 0.00476662225484 0.00576994584738 0.00389473732628 0.00519047101839 0.00127323105105
 0.000761616382393 0.00118712048156 0.00191436888935 0.00349919634844 0.00285619037908 0.00587628049331 0.00987370152146 0.0138802989148 0.0228383036166 0.0285110668824 0.0320186699073 0.0678467164048 0.0863490444485 0.0638210475489 0.0934246706514 0.138286684847 0.170714728666 0.228110596980 0.281851485470 0.326334534270 0.342661260187 0.421524720497 0.551494476298 0.579311884469 0.696646594557 0.898557116839 0.844731959947 0.846816487777 0.516439900984 0.329425768863 0.212310186168 0.240918164031 0.262583884427 0.244348659591 0.244953760437 0.248443861171 0.264412046819 0.329812667146 0.292372449889 0.404381591886 0.232443260111 0.159611813439 0.104729112547 0.0920890459521 0.100026215322 0.121554852804 0.110470782426 0.101023854667 0.103197575452
 0.000225284602737 0.000472438201228 0.00118623804170 0.00285749395469 0.00961496898517 0.00318827397754 0.00469778705685 0.0473624296106 0.0339082822607 0.0252165897305 0.0262949781740 0.0253782288693 0.00899433343644 0.00698898993053 0.00934827911760 0.00464515256910 0.00181833327547 0.00162113050665 0.00575047897351 0.00579893150069 0.00753145080739 0.00622727627942 0.00384019976608 0.00453528543607 0.00751319619616 0.0275675022428 0.0369397097972 0.0679054767125 0.0434442945315 0.0155036086898 0.0172569651877 0.0444438689380 0.00740638632583 0.0102563633419 0.00912052988929 0.00521573349794 0.0216382684424 0.0226031919041 0.0216913371188 0.0168097414771 0.00424252241996 0.0380965125038 0.0172236481694 0.00749114340024 0.00732880143544 0.00239454590443 0.00133178040340 0.000681275803132 0.00290064700012
 6.18183053883e-05 6.46446268429e-05 0.000374383098097 7.20118872580e-05 7.70545134207e-05 8.35291580109e-05 9.53643818671e-05 0.000232719742739 0.00604377188449 0.0528670091694 0.0594551146620 0.0934512436387 0.207756744903 0.333609170032 0.460779220830 0.340968177361 0.269923415486 0.193801347363 0.138403898261 0.101656308747 0.0772346024366 0.0425875674512 0.00329086148439 9.88326740017e-05 0.000116776012020 0.000154237729186 0.000222412553997 0.000319229188514 0.000382697333501 0.000349260468235 0.000581865742194 0.00384516097490 0.0118651432895 0.0206271757064 0.0379124940464 0.0332535363613 0.0537334646275 0.0801823562814 0.0978345842948 0.133621187928 0.112743442650 0.0297012485349 0.0189281748209 0.0182647956837 0.0257564863165 0.0291565663647 0.0167431045978 0.0135479279958 0.0122041176048
# log_selcoffs_fsh[1]:
 -3.81895270824 -2.21201188524 -1.18709178101 -0.144771870664 0.772058669187 1.01505543204 0.451283401475 -0.281644817131 -0.799305905392
 -3.35629624863 -1.72098289046 -1.03228693143 -0.214983909662 0.630316209560 0.939400947813 0.534600055964 -0.0965581678424 -0.558398621509
 -3.00948898371 -1.55804772493 -0.759912092416 0.00938798839838 0.607727507186 0.776529078680 0.471887032761 -0.0205861316219 -0.400196178617
 -2.60513121841 -1.32197719806 -0.694204409442 -0.0894981124353 0.642194947516 0.757770881719 0.410769302719 -0.0223708308915 -0.320730100556
 -1.99182190780 -0.439585523916 -0.149587364550 0.0818957712008 0.341748578068 0.473301725507 0.323770868454 0.0444319068199 -0.183456949509
 -1.89868749022 -0.651946741654 0.351989352918 0.569185760515 0.255501965965 0.136886435045 0.0369992854132 -0.117466714062 -0.253843318877
 -1.59840857520 -0.535587869681 0.418935558777 0.697113361469 0.293154215108 -0.00443307453101 -0.155967049467 -0.257127701619 -0.329778526575
 -1.15212436833 -0.326140975282 0.452253572605 0.749459842516 0.242623928651 -0.109073745868 -0.294065777266 -0.372763812499 -0.401499775240
 -0.813873658065 0.155251489491 0.383263221308 0.532952806843 0.321033400273 -0.116042284962 -0.374194892234 -0.458742969262 -0.463655834675
 -0.587603515279 0.356626016326 0.513752297788 0.523321797133 0.141179459752 -0.270278531279 -0.508928080718 -0.569327247368 -0.553695563869
 -0.0745803721244 0.877034972940 0.437393440903 0.148527438014 -0.214893489949 -0.502328649995 -0.655777504099 -0.681583966769 -0.648719811900
 0.146953363339 0.822426007167 0.597728994159 0.141415555130 -0.394246542338 -0.659928241825 -0.769675809625 -0.775539632351 -0.731676098747
 -0.139049290431 1.11466613807 0.644529235119 -0.0678361881674 -0.598783147821 -0.828116755754 -0.895295276345 -0.881829903653 -0.837251901180
 0.174435291591 1.10129463046 0.611745086505 -0.124048927672 -0.698486901847 -0.915686691673 -0.966871255722 -0.942797097671 -0.898943666605
 0.147113073606 1.19370986886 0.563637985147 -0.184673176074 -0.750694292647 -0.975503938256 -1.02950498098 -1.00545692052 -0.963158702534
 -0.249822155789 1.25254909460 0.693786765503 -0.147697721574 -0.781174008222 -1.02298822553 -1.08583204075 -1.06596484050 -1.02600964449
 -0.148893309103 1.30308429561 0.615484037593 -0.194792049721 -0.815849725730 -1.05955954112 -1.12619027960 -1.11137056205 -1.07322524814
 0.439073288908 1.09846627756 0.646787501314 -0.220471389360 -0.846930415639 -1.08545620913 -1.15074321158 -1.13593520723 -1.09771787453
 0.802323274109 1.07491950189 0.389636913471 -0.343358958629 -0.909171729255 -1.13617962948 -1.19763472879 -1.17899647315 -1.13849244573
 0.460299542339 1.22138762180 0.548579421338 -0.337251999691 -0.961630847660 -1.19251263408 -1.24554569349 -1.21768646561 -1.17242895914
 0.575596215893 1.27182843147 0.413083358539 -0.443236764316 -1.03306372931 -1.25087256734 -1.29493544147 -1.25586261266 -1.20364417067
 0.464195758183 1.30862277150 0.514715748339 -0.498779266370 -1.11389064752 -1.31236748007 -1.34028696614 -1.28860666671 -1.22801994025
 0.646357306152 1.23144375674 0.488134235764 -0.468659804355 -1.11585325518 -1.33200153984 -1.36147258311 -1.30331063743 -1.23567151107
 0.413956111256 1.36301965372 0.440384103160 -0.481748341453 -1.10053555877 -1.32819890187 -1.37029511371 -1.31574066784 -1.24384980307
 0.675268449709 1.23460558076 0.396701066988 -0.430263976220 -1.03056846873 -1.28299063435 -1.34439372578 -1.29854474030 -1.22577278914
 0.657231386036 1.18790198408 0.402405426558 -0.288020869286 -0.947682944211 -1.22493658284 -1.29234838323 -1.25604516047 -1.18946557907
 0.0143491418525 1.26031511743 0.629470573070 -0.114980844583 -0.830486186287 -1.12087576758 -1.19992567481 -1.18203504107 -1.13534004777
 0.160787806600 1.17693231196 0.624398190375 -0.154007122438 -0.751520229774 -1.00557016422 -1.08472132997 -1.08839784580 -1.06556322839
 1.17826324134 0.692083029074 0.121330030024 -0.394445147726 -0.777925395747 -0.940077764901 -0.997222608070 -1.00829771374 -1.00334439601
 0.825138568691 1.08877241266 0.100025267388 -0.542761418203 -0.800563786108 -0.874136840036 -0.905281003939 -0.923548939856 -0.933933449770
 0.757287250014 1.09797952943 0.0444647748868 -0.551819565886 -0.738284379160 -0.778156061500 -0.797603525215 -0.829345313771 -0.857743398310
 0.658584207779 0.963748400337 0.138349023076 -0.358861239851 -0.555339846538 -0.610998652736 -0.648044429352 -0.707184932143 -0.761834570264
 -0.0398481331593 0.785837105092 0.438665736722 0.0340136506741 -0.175742868454 -0.346120032272 -0.452152095826 -0.573067588270 -0.666944817678
 -0.511560330506 0.349415483002 0.306604331626 0.350788771914 0.227904474690 -0.0450853187108 -0.199966082979 -0.460328983144 -0.613419335042
 -0.330062829100 0.745081311597 0.333606757636 0.0531727772487 -0.0189190683128 -0.157228288670 -0.307483444897 -0.490278503520 -0.615474364994
# log_selcoffs_fsh[2]:
 -2.28208276483 -0.371070602051 0.427480018718 0.805757404713 0.616802333566 0.153515646130 -0.219825996494 -0.481306954381 -0.641392236978 -0.754933669213
 -2.19609697070 -0.310872059409 -0.339664055860 0.267545554125 0.729246692025 0.618852510444 0.161013270754 -0.241637927096 -0.437754964237 -0.508571062078
 -2.72320712393 -0.912901050582 -0.469764937325 0.0529330309881 0.630804905778 0.722666306251 0.337493760777 -0.0557061085493 -0.227221437435 -0.260797566159
 -3.14265350467 -1.57192496620 -0.702891261457 -0.190188369081 0.457189127452 0.755467121441 0.425117365699 0.120580012429 0.0234513427596 0.0366686588824
 -2.77154024268 -1.16921354426 -1.11612178827 -0.610773338813 0.200847319500 0.613680669716 0.441927367206 0.290449954698 0.300711141855 0.366819917784
 -2.44148491719 -1.25975265319 -0.999722773825 -0.908451070641 -0.398491001385 0.0795413530976 0.321768592368 0.478892020334 0.650574960147 0.785498045288
 -3.10032682376 -1.84308983565 -0.910049829663 -0.708494281277 -0.603216788541 -0.271227557050 0.118525431120 0.478871894265 0.783980477906 0.979076224206
 -3.63706199268 -2.64990701355 -1.85560104617 -1.07967716325 -0.458143739685 -0.0703968802327 0.235349117108 0.463787595651 0.790772719763 1.02314592705
 -3.88396630921 -2.88339218240 -2.24849717899 -1.51993760993 -0.630934432038 -0.0353393636193 0.358922229625 0.631683510625 0.819440626682 0.924275254735
 -3.96647944474 -2.72704519306 -2.03480483031 -1.53877665662 -1.03140432312 -0.318040042191 0.284915109744 0.794580543399 0.969724564062 0.835444738452
 -3.79756361200 -2.29233517391 -1.53251035693 -1.12569348594 -0.793226297846 -0.523055433206 0.0405263066857 0.693774843200 0.991590537526 0.937230672971
 -3.69513182770 -2.19890404970 -1.35739758999 -0.908184326861 -0.602204400335 -0.296903691562 0.221017107134 0.645580171616 0.852560172558 0.880806436964
 -3.37191104256 -1.50746523435 -0.889480259686 -0.504219646122 -0.275733639370 -0.230871421518 0.142480044227 0.476227555751 0.725583925210 0.853328053554
 -2.93971484259 -1.19437978541 -0.509947796830 -0.254142980433 -0.183117958718 -0.0909492945854 0.138281567607 0.388283136137 0.601435646303 0.729914434328
 -2.56474130792 -0.503547805905 -0.283360874032 -0.263422616087 -0.328454558072 -0.200226204232 0.0957815521480 0.352385672422 0.563362809119 0.682534540762
 -2.23860406376 -0.240075697517 -0.243127477229 -0.345047820568 -0.433167488053 -0.292247506029 0.0131672020976 0.306656865901 0.565163901749 0.735998713165
 -1.81630463780 -0.254825124579 -0.245835466908 -0.310053372298 -0.451732416114 -0.385808953017 -0.0974755254418 0.238962945619 0.578208229524 0.820018422951
 -1.97640271341 -0.199568091900 0.0207166052545 -0.147017338181 -0.385076798221 -0.380367083929 -0.129834539750 0.202701118471 0.500058699773 0.714107531974
 -2.11888121872 -0.341484180691 0.0653267540789 -0.0628223818467 -0.318074507260 -0.314713220632 -0.0744212318354 0.231268813168 0.486304322439 0.636672578346
 -2.25265587353 -0.567635549114 -0.222444855848 -0.0771173218938 -0.238618074175 -0.243620552260 0.00134621958054 0.309280115134 0.542896473408 0.665467377230
 -2.34710684818 -0.770565167483 -0.222131920048 -0.0325310261257 -0.202215647985 -0.266974606244 -0.0378635846905 0.303555487118 0.562351223250 0.702049982181
 -2.62612427032 -0.853145897759 -0.286080301535 0.0556522857806 -0.0728707432612 -0.153992552051 0.0202964938396 0.277138466291 0.504996985903 0.646738795813
 -2.97320362010 -1.44273333827 -0.401389727745 0.144196621966 0.169899908978 0.0269181138235 0.115231939980 0.282588854461 0.425937120014 0.528208578433
 -3.16778386947 -1.82888840606 -0.797086134581 -0.0403330873621 0.320289623195 0.257909230813 0.335526662316 0.399638879721 0.378558058601 0.310651006862
 -3.26422048371 -1.70735713862 -0.822374652565 -0.336772862165 0.125378069521 0.364022138805 0.460377680914 0.530456617707 0.400866084060 0.244349095277
 -3.42824187531 -2.03970640883 -1.15678028917 -0.198941437012 0.264167779266 0.413914193679 0.447100233809 0.501197538076 0.379942049972 0.191985172841
 -3.74711475431 -1.86886544317 -1.05673295543 -0.0977915103276 0.387417107685 0.500788553798 0.489708780462 0.434012684396 0.225862945528 0.0156886150917
 -3.99833968860 -1.81420900676 -0.920977059489 -0.0923344923335 0.300346296175 0.375899903168 0.690039824281 0.519284845398 0.127684034371 -0.115056992994
 -3.99190207365 -2.52607733849 -1.48584644999 -0.0739787734472 0.483978429291 0.430121774735 0.672076489973 0.402558934969 0.151080237300 -0.0309097339434
 -3.89465954330 -2.14731141148 -0.910449127230 -0.0162329407282 0.717808904275 0.467786283319 0.286446992437 0.154383295601 0.133931585463 0.172504635782
 -3.51916178708 -1.52247196248 -0.404427724330 -0.0230168283323 0.0447491515267 0.000248011117060 0.0893793742162 0.233704512303 0.487196576158 0.730959566009
 -3.33144098400 -1.46358198345 -0.715700810892 -0.352896039063 -0.306611091525 -0.285405682844 -0.158308290896 0.232916182864 0.684857550554 1.08328047115
 -2.76555986371 -0.925830296487 -0.716417843562 -0.688144068952 -0.534093087376 -0.577542355742 -0.449626061632 0.0635369386691 0.758249825989 1.27098745363
 -3.23724438216 -1.13620288001 -0.575512835593 -0.149175057072 -0.178408257335 -0.307056939703 -0.388053447763 -0.0487358917808 0.589217476728 1.16635257997
 -3.39473744386 -1.49402687111 -0.766987778326 -0.417553530462 0.0414993705632 -0.0524092281170 -0.154939157171 -0.00494267575353 0.533091610164 1.12228812814
 -3.22829629898 -1.81441813542 -0.943794313893 -0.470957058796 -0.189270426566 -0.125980050833 -0.152228670877 0.0460449873438 0.571355409813 1.22322109788
# log_selcoffs_fsh[3]:
 -1.21581602522 -0.426020549662 1.08132337842 0.586155177203 -0.333223760160 -1.05189857886 -1.43170791714
 -1.57500616741 -0.439736447411 1.13927766484 0.560966142224 -0.373000108686 -1.06690946780 -1.43055175171
 -1.20408435791 -0.385738542393 1.05986069690 0.577686327325 -0.307344900273 -1.00528053340 -1.38283448438
 -2.17887042522 -0.652896644399 1.19280583213 0.554527302971 -0.330389848648 -1.01351740438 -1.39724943249
 -2.54783317584 -0.720804982890 1.10252939547 0.659735249507 -0.175037515522 -0.927248108983 -1.36936909994
 -2.70351388897 -0.919249792332 0.762911603208 0.964568505146 0.0658230527360 -0.829491115678 -1.34041645904
 -2.70356540138 -0.874953317011 0.685677579901 1.00487901321 0.0814392813943 -0.803549425412 -1.32097634525
 -2.43103663680 -0.339569681500 0.882762481059 0.717690383138 -0.00612466592870 -0.772660139918 -1.28360078673
 -2.12479032705 -0.111967295967 0.697295785330 0.744031051539 0.101330525582 -0.723208524239 -1.26614132099
 -1.96878990107 0.183624410602 0.832396674653 0.556369585651 -0.0847429363328 -0.836225463461 -1.33344237105
 -2.12746189655 -0.347358058306 0.935819375555 0.803403043133 -0.216461902367 -1.02536516203 -1.47906423521
 -2.22736106762 -0.409366524043 0.931167396470 0.852287703270 -0.209681294893 -1.10963399388 -1.58416408446
 -2.22519522885 -0.347976986663 1.08406265443 0.710374152555 -0.355632887879 -1.20558482324 -1.63900914634
 -1.99826815881 0.306981363959 1.05466765791 0.428739649895 -0.484372787706 -1.24607044100 -1.63446826759
 -2.00616918987 -0.0450018559504 1.16888754000 0.487572715516 -0.532411506981 -1.27885483649 -1.62359274521
 -2.02511606323 -0.0285127057322 1.28292146673 0.304403867814 -0.728701379917 -1.36939740795 -1.62781986251
 -1.95483889257 0.285113220357 1.21368312947 0.250469176194 -0.816000918184 -1.42202921926 -1.63684497792
 -1.94364553643 0.318880780504 1.22803913629 0.192045621370 -0.830869905702 -1.45310962945 -1.68488180026
 -1.65424893956 0.852838759714 0.926013732342 0.0900781170416 -0.830811046245 -1.46200676356 -1.73548798554
 -1.48934216992 0.876107829030 0.929100822096 0.0291204505871 -0.870838049891 -1.49393007429 -1.78334117723
 -1.40954724068 0.922316463342 0.924314245354 -0.0464137115620 -0.937285810092 -1.54318169072 -1.82970799138
 -1.40571497994 0.791597319393 1.03469522266 -0.0171204239350 -0.958684680663 -1.56630915724 -1.84260255981
 -1.41923207769 0.241893401859 1.29758300367 0.0602582211455 -0.945297357324 -1.55505006899 -1.81923539617
 -1.21091693416 0.608394947433 1.08665370022 0.106318606714 -0.877839258902 -1.54367953476 -1.84005701721
 -1.13657151003 0.264936477131 1.17868235564 0.289901506676 -0.822511021004 -1.58414840639 -1.93170988225
 -0.996534253534 0.762774478178 0.766926114875 0.424077059389 -0.729103682513 -1.63069741281 -2.06218800579
 -1.35266768251 0.731689060191 1.03267644877 0.140112865274 -0.871500611451 -1.73355885722 -2.21725516725
 -1.66946867007 0.300271129738 1.29275656919 0.163865258191 -0.960474548897 -1.82706319443 -2.33344213748
 -2.02504040617 -0.0353968370564 1.34841230854 0.333101272139 -0.892490838538 -1.86320268143 -2.39266794564
 -2.21138035170 -0.185610389685 0.946545151594 1.00026003676 -0.654998511096 -1.85380744813 -2.43052740969
 -2.03257926378 0.725085887430 0.846348838581 0.552196352232 -0.705764665653 -1.85060944227 -2.46465742554
 -2.11892674087 0.144618026177 1.34455554618 0.250740617527 -0.963218643005 -1.95647012141 -2.52867389002
 -2.18500385770 -0.261500603115 1.41762507597 0.335814774739 -0.975803444244 -1.99698279777 -2.54329596386
 -2.05262391080 -0.111819160459 1.19416480377 0.713106597277 -0.872238115529 -1.98488549786 -2.51496864208
 -1.92760502659 0.00384866678410 1.39847776083 0.223225283603 -1.08493529056 -2.02683946992 -2.50300202869
 -1.48562840330 0.938701223966 1.00868468269 -0.0470780146360 -1.18138767501 -2.03964227698 -2.47636338417
 -1.31382368613 0.935191584657 1.03159229302 -0.125844494962 -1.26118482975 -2.05937062773 -2.46070998824
 -1.06135408163 1.05842574349 0.919562478346 -0.253129185868 -1.29030863535 -2.06264644909 -2.46135647336
 -0.888587825313 1.09234004467 0.851304017903 -0.247646543958 -1.29571842250 -2.06905798255 -2.47479380029
# log_selcoffs_fsh[4]:
 -2.99474463594 -2.49407006007 -1.96565302469 -1.38662959588 -0.758497381145 -0.117106282489 0.461634396064 0.895281943319 1.12650163155
 -2.98352549508 -2.48893255227 -1.96479422005 -1.38877904136 -0.762630092604 -0.121862697675 0.459749236246 0.896263439357 1.12849747428
 -2.96216348422 -2.47841097235 -1.96502067130 -1.39157030227 -0.767625875610 -0.125434742665 0.459822019810 0.896984159646 1.12925907754
 -2.92793310710 -2.45900983174 -1.96194970157 -1.40568317225 -0.778588781253 -0.126325503116 0.464342391789 0.899887376981 1.12639424196
 -2.87704756925 -2.41164100326 -1.93638912924 -1.40416653085 -0.805215222511 -0.138755815313 0.473953373852 0.906632865610 1.11988441797
 -2.80834981034 -2.33785709894 -1.88124213479 -1.37992538896 -0.786109530110 -0.131083920328 0.483480913872 0.907528877466 1.10077809961
 -2.72945837338 -2.25473265088 -1.76970080432 -1.29333042891 -0.740970332129 -0.0889719756481 0.507512625849 0.897809458451 1.05716741474
 -2.63427527466 -2.16384967200 -1.67721235604 -1.16460454425 -0.630002691125 -0.0409618142759 0.509919617966 0.872814260021 1.01637335485
 -2.49305418948 -2.01892556638 -1.56045162786 -1.07083731974 -0.523651252291 0.0280355939061 0.515623418060 0.834089790482 0.968350551328
 -2.32984112204 -1.81506627060 -1.33099284491 -0.919733452026 -0.468011865968 0.0457534308382 0.496795300685 0.798214732821 0.931747383889
 -2.17529523863 -1.61287685040 -1.08090388433 -0.650340211288 -0.341437525671 0.0175675643713 0.428331863938 0.742872982276 0.900495985594
 -2.04675091574 -1.46577120215 -0.895114866037 -0.423797923083 -0.127418237541 0.0574568071671 0.336939124754 0.648151869240 0.843576730815
 -1.94589636769 -1.35616255278 -0.799003091805 -0.319408879491 -0.00163740011801 0.164746677162 0.326513230088 0.558281036390 0.747581933597
 -1.85611893765 -1.25626949070 -0.702612862917 -0.256061193964 0.0386249348807 0.210415298188 0.353534797014 0.518020249463 0.648808161942
 -1.77518916131 -1.15799709243 -0.601210204541 -0.174194215841 0.0948074464975 0.244081325118 0.352690701358 0.464782174195 0.552561582134
 -1.70760040021 -1.06141942923 -0.492218037388 -0.0805854972241 0.156982144770 0.267078133259 0.331852659789 0.399891837337 0.455880639952
 -1.65446817916 -0.961190157290 -0.370470659109 0.0237660835850 0.215677153433 0.273499388106 0.293089242567 0.326005864159 0.358138945736
 -1.63110652075 -0.853699332154 -0.196735543713 0.157804785940 0.285114969465 0.241479595333 0.212578813967 0.223886959620 0.258715729581
 -1.63976557539 -0.802527430028 -0.0120657516412 0.308821096331 0.302246081741 0.219159610321 0.119427966552 0.116521367328 0.148072242489
 -1.68007456254 -0.833493009352 -0.0300039591845 0.495252145790 0.381012308253 0.170579286147 0.0556106592576 0.0156557304097 0.0440507361563
 -1.70278247264 -0.906328421785 -0.183970089544 0.406981927391 0.521945467856 0.248762739973 0.0586485671001 0.0174175317731 0.0333070938978
 -1.67370611109 -0.956939476503 -0.312148055178 0.163930391782 0.471725266399 0.360882191279 0.196379228437 0.124830099260 0.123174252923
 -1.63948310546 -1.00842274269 -0.420004437172 -0.00226115616826 0.255977555664 0.331118348105 0.307456792617 0.304804186593 0.326256479961
 -1.62327686633 -1.08860942161 -0.606427482029 -0.201977426673 0.0842064283903 0.256424302119 0.360722124767 0.458327376815 0.535153067417
 -1.60015863276 -1.13485528490 -0.710694928472 -0.350595876614 -0.0616908362745 0.161911257303 0.355224099790 0.550668824222 0.695271675979
 -1.58088529256 -1.15559170813 -0.791015829204 -0.465722690085 -0.185971219061 0.0572815879695 0.317184551681 0.606289973404 0.833842271981
 -1.54865633974 -1.13608556412 -0.839135335062 -0.536505747398 -0.238344272848 -0.0293180385151 0.241450855436 0.618858110335 0.940234061053
 -1.57636265448 -1.20020151066 -0.876718437914 -0.437965854376 -0.219973326991 -0.145353247164 0.0768040747079 0.556491757918 1.07807541283
 -1.00099850382 -1.10085087369 -0.898532922926 -0.661902848104 -0.409266429821 -0.224918189331 0.0765375741986 0.566036048880 1.12276208021
 -1.05389041378 -1.06115022981 -0.915346042851 -0.690455906685 -0.454983781190 -0.221674959145 0.121813087993 0.620983271709 1.09115260349
# log_sel_spl_fsh[1]:
 0.00000000000 0.00000000000 0.00000000000 0.00000000000
 0.00000000000 0.00000000000 0.00000000000 0.00000000000
 0.00000000000 0.00000000000 0.00000000000 0.00000000000
 0.00000000000 0.00000000000 0.00000000000 0.00000000000
 0.00000000000 0.00000000000 0.00000000000 0.00000000000
 0.00000000000 0.00000000000 0.00000000000 0.00000000000
 0.00000000000 0.00000000000 0.00000000000 0.00000000000
 0.00000000000 0.00000000000 0.00000000000 0.00000000000
 0.00000000000 0.00000000000 0.00000000000 0.00000000000
 0.00000000000 0.00000000000 0.00000000000 0.00000000000
 0.00000000000 0.00000000000 0.00000000000 0.00000000000
 0.00000000000 0.00000000000 0.00000000000 0.00000000000
 0.00000000000 0.00000000000 0.00000000000 0.00000000000
 0.00000000000 0.00000000000 0.00000000000 0.00000000000
 0.00000000000 0.00000000000 0.00000000000 0.00000000000
 0.00000000000 0.00000000000 0.00000000000 0.00000000000
 0.00000000000 0.00000000000 0.00000000000 0.00000000000
 0.00000000000 0.00000000000 0.00000000000 0.00000000000
 0.00000000000 0.00000000000 0.00000000000 0.00000000000
 0.00000000000 0.00000000000 0.00000000000 0.00000000000
 0.00000000000 0.00000000000 0.00000000000 0.00000000000
 0.00000000000 0.00000000000 0.00000000000 0.00000000000
 0.00000000000 0.00000000000 0.00000000000 0.00000000000
 0.00000000000 0.00000000000 0.00000000000 0.00000000000
 0.00000000000 0.00000000000 0.00000000000 0.00000000000
 0.00000000000 0.00000000000 0.00000000000 0.00000000000
 0.00000000000 0.00000000000 0.00000000000 0.00000000000
 0.00000000000 0.00000000000 0.00000000000 0.00000000000
 0.00000000000 0.00000000000 0.00000000000 0.00000000000
 0.00000000000 0.00000000000 0.00000000000 0.00000000000
 0.00000000000 0.00000000000 0.00000000000 0.00000000000
 0.00000000000 0.00000000000 0.00000000000 0.00000000000
 0.00000000000 0.00000000000 0.00000000000 0.00000000000
 0.00000000000 0.00000000000 0.00000000000 0.00000000000
 0.00000000000 0.00000000000 0.00000000000 0.00000000000
# log_sel_spl_fsh[2]:
 0.00000000000 0.00000000000 0.00000000000 0.00000000000
 0.00000000000 0.00000000000 0.00000000000 0.00000000000
 0.00000000000 0.00000000000 0.00000000000 0.00000000000
 0.00000000000 0.00000000000 0.00000000000 0.00000000000
 0.00000000000 0.00000000000 0.00000000000 0.00000000000
 0.00000000000 0.00000000000 0.00000000000 0.00000000000
 0.00000000000 0.00000000000 0.00000000000 0.00000000000
 0.00000000000 0.00000000000 0.00000000000 0.00000000000
 0.00000000000 0.00000000000 0.00000000000 0.00000000000
 0.00000000000 0.00000000000 0.00000000000 0.00000000000
 0.00000000000 0.00000000000 0.00000000000 0.00000000000
 0.00000000000 0.00000000000 0.00000000000 0.00000000000
 0.00000000000 0.00000000000 0.00000000000 0.00000000000
 0.00000000000 0.00000000000 0.00000000000 0.00000000000
 0.00000000000 0.00000000000 0.00000000000 0.00000000000
 0.00000000000 0.00000000000 0.00000000000 0.00000000000
 0.00000000000 0.00000000000 0.00000000000 0.00000000000
 0.00000000000 0.00000000000 0.00000000000 0.00000000000
 0.00000000000 0.00000000000 0.00000000000 0.00000000000
 0.00000000000 0.00000000000 0.00000000000 0.00000000000
 0.00000000000 0.00000000000 0.00000000000 0.00000000000
 0.00000000000 0.00000000000 0.00000000000 0.00000000000
 0.00000000000 0.00000000000 0.00000000000 0.00000000000
 0.00000000000 0.00000000000 0.00000000000 0.00000000000
 0.00000000000 0.00000000000 0.00000000000 0.00000000000
 0.00000000000 0.00000000000 0.00000000000 0.00000000000
 0.00000000000 0.00000000000 0.00000000000 0.00000000000
 0.00000000000 0.00000000000 0.00000000000 0.00000000000
 0.00000000000 0.00000000000 0.00000000000 0.00000000000
 0.00000000000 0.00000000000 0.00000000000 0.00000000000
 0.00000000000 0.00000000000 0.00000000000 0.00000000000
 0.00000000000 0.00000000000 0.00000000000 0.00000000000
 0.00000000000 0.00000000000 0.00000000000 0.00000000000
 0.00000000000 0.00000000000 0.00000000000 0.00000000000
 0.00000000000 0.00000000000 0.00000000000 0.00000000000
 0.00000000000 0.00000000000 0.00000000000 0.00000000000
# log_sel_spl_fsh[3]:
 0.00000000000 0.00000000000 0.00000000000 0.00000000000
 0.00000000000 0.00000000000 0.00000000000 0.00000000000
 0.00000000000 0.00000000000 0.00000000000 0.00000000000
 0.00000000000 0.00000000000 0.00000000000 0.00000000000
 0.00000000000 0.00000000000 0.00000000000 0.00000000000
 0.00000000000 0.00000000000 0.00000000000 0.00000000000
 0.00000000000 0.00000000000 0.00000000000 0.00000000000
 0.00000000000 0.00000000000 0.00000000000 0.00000000000
 0.00000000000 0.00000000000 0.00000000000 0.00000000000
 0.00000000000 0.00000000000 0.00000000000 0.00000000000
 0.00000000000 0.00000000000 0.00000000000 0.00000000000
 0.00000000000 0.00000000000 0.00000000000 0.00000000000
 0.00000000000 0.00000000000 0.00000000000 0.00000000000
 0.00000000000 0.00000000000 0.00000000000 0.00000000000
 0.00000000000 0.00000000000 0.00000000000 0.00000000000
 0.00000000000 0.00000000000 0.00000000000 0.00000000000
 0.00000000000 0.00000000000 0.00000000000 0.00000000000
 0.00000000000 0.00000000000 0.00000000000 0.00000000000
 0.00000000000 0.00000000000 0.00000000000 0.00000000000
 0.00000000000 0.00000000000 0.00000000000 0.00000000000
 0.00000000000 0.00000000000 0.00000000000 0.00000000000
 0.00000000000 0.00000000000 0.00000000000 0.00000000000
 0.00000000000 0.00000000000 0.00000000000 0.00000000000
 0.00000000000 0.00000000000 0.00000000000 0.00000000000
 0.00000000000 0.00000000000 0.00000000000 0.00000000000
 0.00000000000 0.00000000000 0.00000000000 0.00000000000
 0.00000000000 0.00000000000 0.00000000000 0.00000000000
 0.00000000000 0.00000000000 0.00000000000 0.00000000000
 0.00000000000 0.00000000000 0.00000000000 0.00000000000
 0.00000000000 0.00000000000 0.00000000000 0.00000000000
 0.00000000000 0.00000000000 0.00000000000 0.00000000000
 0.00000000000 0.00000000000 0.00000000000 0.00000000000
 0.00000000000 0.00000000000 0.00000000000 0.00000000000
 0.00000000000 0.00000000000 0.00000000000 0.00000000000
 0.00000000000 0.00000000000 0.00000000000 0.00000000000
 0.00000000000 0.00000000000 0.00000000000 0.00000000000
 0.00000000000 0.00000000000 0.00000000000 0.00000000000
 0.00000000000 0.00000000000 0.00000000000 0.00000000000
 0.00000000000 0.00000000000 0.00000000000 0.00000000000
# log_sel_spl_fsh[4]:
 0.00000000000 0.00000000000 0.00000000000 0.00000000000
 0.00000000000 0.00000000000 0.00000000000 0.00000000000
 0.00000000000 0.00000000000 0.00000000000 0.00000000000
 0.00000000000 0.00000000000 0.00000000000 0.00000000000
 0.00000000000 0.00000000000 0.00000000000 0.00000000000
 0.00000000000 0.00000000000 0.00000000000 0.00000000000
 0.00000000000 0.00000000000 0.00000000000 0.00000000000
 0.00000000000 0.00000000000 0.00000000000 0.00000000000
 0.00000000000 0.00000000000 0.00000000000 0.00000000000
 0.00000000000 0.00000000000 0.00000000000 0.00000000000
 0.00000000000 0.00000000000 0.00000000000 0.00000000000
 0.00000000000 0.00000000000 0.00000000000 0.00000000000
 0.00000000000 0.00000000000 0.00000000000 0.00000000000
 0.00000000000 0.00000000000 0.00000000000 0.00000000000
 0.00000000000 0.00000000000 0.00000000000 0.00000000000
 0.00000000000 0.00000000000 0.00000000000 0.00000000000
 0.00000000000 0.00000000000 0.00000000000 0.00000000000
 0.00000000000 0.00000000000 0.00000000000 0.00000000000
 0.00000000000 0.00000000000 0.00000000000 0.00000000000
 0.00000000000 0.00000000000 0.00000000000 0.00000000000
 0.00000000000 0.00000000000 0.00000000000 0.00000000000
 0.00000000000 0.00000000000 0.00000000000 0.00000000000
 0.00000000000 0.00000000000 0.00000000000 0.00000000000
 0.00000000000 0.00000000000 0.00000000000 0.00000000000
 0.00000000000 0.00000000000 0.00000000000 0.00000000000
 0.00000000000 0.00000000000 0.00000000000 0.00000000000
 0.00000000000 0.00000000000 0.00000000000 0.00000000000
 0.00000000000 0.00000000000 0.00000000000 0.00000000000
 0.00000000000 0.00000000000 0.00000000000 0.00000000000
 0.00000000000 0.00000000000 0.00000000000 0.00000000000
# logsel_slope_fsh[1]:
 0.00000000000 0.00000000000 0.00000000000 0.00000000000 0.00000000000 0.00000000000 0.00000000000 0.00000000000 0.00000000000 0.00000000000 0.00000000000 0.00000000000 0.00000000000 0.00000000000 0.00000000000 0.00000000000 0.00000000000 0.00000000000 0.00000000000 0.00000000000 0.00000000000 0.00000000000 0.00000000000 0.00000000000 0.00000000000 0.00000000000 0.00000000000 0.00000000000 0.00000000000 0.00000000000 0.00000000000 0.00000000000 0.00000000000 0.00000000000 0.00000000000
# logsel_slope_fsh[2]:
 0.00000000000 0.00000000000 0.00000000000 0.00000000000 0.00000000000 0.00000000000 0.00000000000 0.00000000000 0.00000000000 0.00000000000 0.00000000000 0.00000000000 0.00000000000 0.00000000000 0.00000000000 0.00000000000 0.00000000000 0.00000000000 0.00000000000 0.00000000000 0.00000000000 0.00000000000 0.00000000000 0.00000000000 0.00000000000 0.00000000000 0.00000000000 0.00000000000 0.00000000000 0.00000000000 0.00000000000 0.00000000000 0.00000000000 0.00000000000 0.00000000000 0.00000000000
# logsel_slope_fsh[3]:
 0.00000000000 0.00000000000 0.00000000000 0.00000000000 0.00000000000 0.00000000000 0.00000000000 0.00000000000 0.00000000000 0.00000000000 0.00000000000 0.00000000000 0.00000000000 0.00000000000 0.00000000000 0.00000000000 0.00000000000 0.00000000000 0.00000000000 0.00000000000 0.00000000000 0.00000000000 0.00000000000 0.00000000000 0.00000000000 0.00000000000 0.00000000000 0.00000000000 0.00000000000 0.00000000000 0.00000000000 0.00000000000 0.00000000000 0.00000000000 0.00000000000 0.00000000000 0.00000000000 0.00000000000 0.00000000000
# logsel_slope_fsh[4]:
 0.00000000000 0.00000000000 0.00000000000 0.00000000000 0.00000000000 0.00000000000 0.00000000000 0.00000000000 0.00000000000 0.00000000000 0.00000000000 0.00000000000 0.00000000000 0.00000000000 0.00000000000 0.00000000000 0.00000000000 0.00000000000 0.00000000000 0.00000000000 0.00000000000 0.00000000000 0.00000000000 0.00000000000 0.00000000000 0.00000000000 0.00000000000 0.00000000000 0.00000000000 0.00000000000
# sel50_fsh[1]:
 0.00000000000 0.00000000000 0.00000000000 0.00000000000 0.00000000000 0.00000000000 0.00000000000 0.00000000000 0.00000000000 0.00000000000 0.00000000000 0.00000000000 0.00000000000 0.00000000000 0.00000000000 0.00000000000 0.00000000000 0.00000000000 0.00000000000 0.00000000000 0.00000000000 0.00000000000 0.00000000000 0.00000000000 0.00000000000 0.00000000000 0.00000000000 0.00000000000 0.00000000000 0.00000000000 0.00000000000 0.00000000000 0.00000000000 0.00000000000 0.00000000000
# sel50_fsh[2]:
 0.00000000000 0.00000000000 0.00000000000 0.00000000000 0.00000000000 0.00000000000 0.00000000000 0.00000000000 0.00000000000 0.00000000000 0.00000000000 0.00000000000 0.00000000000 0.00000000000 0.00000000000 0.00000000000 0.00000000000 0.00000000000 0.00000000000 0.00000000000 0.00000000000 0.00000000000 0.00000000000 0.00000000000 0.00000000000 0.00000000000 0.00000000000 0.00000000000 0.00000000000 0.00000000000 0.00000000000 0.00000000000 0.00000000000 0.00000000000 0.00000000000 0.00000000000
# sel50_fsh[3]:
 0.00000000000 0.00000000000 0.00000000000 0.00000000000 0.00000000000 0.00000000000 0.00000000000 0.00000000000 0.00000000000 0.00000000000 0.00000000000 0.00000000000 0.00000000000 0.00000000000 0.00000000000 0.00000000000 0.00000000000 0.00000000000 0.00000000000 0.00000000000 0.00000000000 0.00000000000 0.00000000000 0.00000000000 0.00000000000 0.00000000000 0.00000000000 0.00000000000 0.00000000000 0.00000000000 0.00000000000 0.00000000000 0.00000000000 0.00000000000 0.00000000000 0.00000000000 0.00000000000 0.00000000000 0.00000000000
# sel50_fsh[4]:
 0.00000000000 0.00000000000 0.00000000000 0.00000000000 0.00000000000 0.00000000000 0.00000000000 0.00000000000 0.00000000000 0.00000000000 0.00000000000 0.00000000000 0.00000000000 0.00000000000 0.00000000000 0.00000000000 0.00000000000 0.00000000000 0.00000000000 0.00000000000 0.00000000000 0.00000000000 0.00000000000 0.00000000000 0.00000000000 0.00000000000 0.00000000000 0.00000000000 0.00000000000 0.00000000000
# logsel_p1_fsh[1]:
 0.00000000000 0.00000000000 0.00000000000 0.00000000000 0.00000000000 0.00000000000 0.00000000000 0.00000000000 0.00000000000 0.00000000000 0.00000000000 0.00000000000 0.00000000000 0.00000000000 0.00000000000 0.00000000000 0.00000000000 0.00000000000 0.00000000000 0.00000000000 0.00000000000 0.00000000000 0.00000000000 0.00000000000 0.00000000000 0.00000000000 0.00000000000 0.00000000000 0.00000000000 0.00000000000 0.00000000000 0.00000000000 0.00000000000 0.00000000000 0.00000000000
# logsel_p1_fsh[2]:
 0.00000000000 0.00000000000 0.00000000000 0.00000000000 0.00000000000 0.00000000000 0.00000000000 0.00000000000 0.00000000000 0.00000000000 0.00000000000 0.00000000000 0.00000000000 0.00000000000 0.00000000000 0.00000000000 0.00000000000 0.00000000000 0.00000000000 0.00000000000 0.00000000000 0.00000000000 0.00000000000 0.00000000000 0.00000000000 0.00000000000 0.00000000000 0.00000000000 0.00000000000 0.00000000000 0.00000000000 0.00000000000 0.00000000000 0.00000000000 0.00000000000 0.00000000000
# logsel_p1_fsh[3]:
 0.00000000000 0.00000000000 0.00000000000 0.00000000000 0.00000000000 0.00000000000 0.00000000000 0.00000000000 0.00000000000 0.00000000000 0.00000000000 0.00000000000 0.00000000000 0.00000000000 0.00000000000 0.00000000000 0.00000000000 0.00000000000 0.00000000000 0.00000000000 0.00000000000 0.00000000000 0.00000000000 0.00000000000 0.00000000000 0.00000000000 0.00000000000 0.00000000000 0.00000000000 0.00000000000 0.00000000000 0.00000000000 0.00000000000 0.00000000000 0.00000000000 0.00000000000 0.00000000000 0.00000000000 0.00000000000
# logsel_p1_fsh[4]:
 0.00000000000 0.00000000000 0.00000000000 0.00000000000 0.00000000000 0.00000000000 0.00000000000 0.00000000000 0.00000000000 0.00000000000 0.00000000000 0.00000000000 0.00000000000 0.00000000000 0.00000000000 0.00000000000 0.00000000000 0.00000000000 0.00000000000 0.00000000000 0.00000000000 0.00000000000 0.00000000000 0.00000000000 0.00000000000 0.00000000000 0.00000000000 0.00000000000 0.00000000000 0.00000000000
# sel_p2_fsh[1]:
 0.00000000000 0.00000000000 0.00000000000 0.00000000000 0.00000000000 0.00000000000 0.00000000000 0.00000000000 0.00000000000 0.00000000000 0.00000000000 0.00000000000 0.00000000000 0.00000000000 0.00000000000 0.00000000000 0.00000000000 0.00000000000 0.00000000000 0.00000000000 0.00000000000 0.00000000000 0.00000000000 0.00000000000 0.00000000000 0.00000000000 0.00000000000 0.00000000000 0.00000000000 0.00000000000 0.00000000000 0.00000000000 0.00000000000 0.00000000000 0.00000000000
# sel_p2_fsh[2]:
 0.00000000000 0.00000000000 0.00000000000 0.00000000000 0.00000000000 0.00000000000 0.00000000000 0.00000000000 0.00000000000 0.00000000000 0.00000000000 0.00000000000 0.00000000000 0.00000000000 0.00000000000 0.00000000000 0.00000000000 0.00000000000 0.00000000000 0.00000000000 0.00000000000 0.00000000000 0.00000000000 0.00000000000 0.00000000000 0.00000000000 0.00000000000 0.00000000000 0.00000000000 0.00000000000 0.00000000000 0.00000000000 0.00000000000 0.00000000000 0.00000000000 0.00000000000
# sel_p2_fsh[3]:
 0.00000000000 0.00000000000 0.00000000000 0.00000000000 0.00000000000 0.00000000000 0.00000000000 0.00000000000 0.00000000000 0.00000000000 0.00000000000 0.00000000000 0.00000000000 0.00000000000 0.00000000000 0.00000000000 0.00000000000 0.00000000000 0.00000000000 0.00000000000 0.00000000000 0.00000000000 0.00000000000 0.00000000000 0.00000000000 0.00000000000 0.00000000000 0.00000000000 0.00000000000 0.00000000000 0.00000000000 0.00000000000 0.00000000000 0.00000000000 0.00000000000 0.00000000000 0.00000000000 0.00000000000 0.00000000000
# sel_p2_fsh[4]:
 0.00000000000 0.00000000000 0.00000000000 0.00000000000 0.00000000000 0.00000000000 0.00000000000 0.00000000000 0.00000000000 0.00000000000 0.00000000000 0.00000000000 0.00000000000 0.00000000000 0.00000000000 0.00000000000 0.00000000000 0.00000000000 0.00000000000 0.00000000000 0.00000000000 0.00000000000 0.00000000000 0.00000000000 0.00000000000 0.00000000000 0.00000000000 0.00000000000 0.00000000000 0.00000000000
# logsel_p3_fsh[1]:
 0.00000000000 0.00000000000 0.00000000000 0.00000000000 0.00000000000 0.00000000000 0.00000000000 0.00000000000 0.00000000000 0.00000000000 0.00000000000 0.00000000000 0.00000000000 0.00000000000 0.00000000000 0.00000000000 0.00000000000 0.00000000000 0.00000000000 0.00000000000 0.00000000000 0.00000000000 0.00000000000 0.00000000000 0.00000000000 0.00000000000 0.00000000000 0.00000000000 0.00000000000 0.00000000000 0.00000000000 0.00000000000 0.00000000000 0.00000000000 0.00000000000
# logsel_p3_fsh[2]:
 0.00000000000 0.00000000000 0.00000000000 0.00000000000 0.00000000000 0.00000000000 0.00000000000 0.00000000000 0.00000000000 0.00000000000 0.00000000000 0.00000000000 0.00000000000 0.00000000000 0.00000000000 0.00000000000 0.00000000000 0.00000000000 0.00000000000 0.00000000000 0.00000000000 0.00000000000 0.00000000000 0.00000000000 0.00000000000 0.00000000000 0.00000000000 0.00000000000 0.00000000000 0.00000000000 0.00000000000 0.00000000000 0.00000000000 0.00000000000 0.00000000000 0.00000000000
# logsel_p3_fsh[3]:
 0.00000000000 0.00000000000 0.00000000000 0.00000000000 0.00000000000 0.00000000000 0.00000000000 0.00000000000 0.00000000000 0.00000000000 0.00000000000 0.00000000000 0.00000000000 0.00000000000 0.00000000000 0.00000000000 0.00000000000 0.00000000000 0.00000000000 0.00000000000 0.00000000000 0.00000000000 0.00000000000 0.00000000000 0.00000000000 0.00000000000 0.00000000000 0.00000000000 0.00000000000 0.00000000000 0.00000000000 0.00000000000 0.00000000000 0.00000000000 0.00000000000 0.00000000000 0.00000000000 0.00000000000 0.00000000000
# logsel_p3_fsh[4]:
 0.00000000000 0.00000000000 0.00000000000 0.00000000000 0.00000000000 0.00000000000 0.00000000000 0.00000000000 0.00000000000 0.00000000000 0.00000000000 0.00000000000 0.00000000000 0.00000000000 0.00000000000 0.00000000000 0.00000000000 0.00000000000 0.00000000000 0.00000000000 0.00000000000 0.00000000000 0.00000000000 0.00000000000 0.00000000000 0.00000000000 0.00000000000 0.00000000000 0.00000000000 0.00000000000
# rec_dev_future:
 0.00000000000 0.00000000000 0.00000000000 0.00000000000 0.00000000000 0.00000000000 0.00000000000 0.00000000000 0.00000000000 0.00000000000 0.00000000000 0.00000000000 0.00000000000 0.00000000000 0.00000000000 0.00000000000 0.00000000000 0.00000000000 0.00000000000 0.00000000000
# log_q_ind[1]:
0.367322589237
# log_q_ind[2]:
-2.56813956999
# log_q_ind[3]:
-9.29669566111
# log_q_ind[4]:
-0.330040089283
# log_q_ind[5]:
-5.75812197038
# log_q_ind[6]:
-8.17860455446
# log_q_ind[7]:
-1.11711810489
# log_q_power_ind[1]:
0.00000000000
# log_q_power_ind[2]:
0.00000000000
# log_q_power_ind[3]:
0.00000000000
# log_q_power_ind[4]:
0.00000000000
# log_q_power_ind[5]:
0.00000000000
# log_q_power_ind[6]:
0.00000000000
# log_q_power_ind[7]:
0.00000000000
# log_rw_q_ind[1]:
 -0.940775367291
# log_rw_q_ind[3]:
 -0.560807721793
# log_selcoffs_ind[1]:
 -2.11710405799 -1.30552720507 -0.701751258704 -0.274611438516 0.00437196632175 0.197216996448 0.330513096544 0.417843089281 0.466122260150 0.486400314499
 -2.76920766476 -1.96672416705 -1.20476450471 -0.543638308214 -0.0382075222626 0.301768184433 0.475087316319 0.532799350362 0.518018370559 0.477271654505
# log_selcoffs_ind[2]:
 -0.706779653447 -0.816956334450 -1.12268074963 -1.35345620229 -1.33350734254 -1.01076775762 -0.451655503138 0.221960117634 0.865878453107 1.27858787735
 0.321058015426 -0.274711120274 -0.707747913211 -0.951921440244 -0.971140858825 -0.741721096344 -0.324580254789 0.164294561383 0.603122148867 0.874934693680
 0.629309532190 0.0749124697993 -0.409507593328 -0.724086084048 -0.804284123744 -0.660444034753 -0.354441163493 0.0177726727580 0.358248268614 0.578186897423
# log_selcoffs_ind[3]:
 -0.202940821038 0.0202027052767 0.0202027052767 0.0202027052767 0.0202027052767 0.0202027052767 0.0202027052767 0.0202027052767 0.0202027052767 0.0202027052767
# log_selcoffs_ind[4]:
 -0.669495210885 -0.477232516521 -0.302384684781 -0.163700952380 -0.0524148596239 0.0496929057446 0.149510571737 0.244232563535 0.324354880815 0.377447347719
 -1.39435216693 -1.09769562885 -0.795736542572 -0.486795563582 -0.189934647287 0.0722158434270 0.291676979564 0.454176079208 0.551834294779 0.588144665383
# log_selcoffs_ind[5]:
 -3.04452005677 -0.669616569639 0.101782682789 0.174353368097 0.174353368097 0.174353368097 0.174353368097 0.174353368097 0.174353368097 0.174353368097
# log_selcoffs_ind[6]:
 -3.04452005677 -0.669616569639 0.101782682789 0.174353368097 0.174353368097 0.174353368097 0.174353368097 0.174353368097 0.174353368097 0.174353368097
# log_selcoffs_ind[7]:
 -3.04452005677 -0.669616569639 0.101782682789 0.174353368097 0.174353368097 0.174353368097 0.174353368097 0.174353368097 0.174353368097 0.174353368097
# logsel_slope_ind[1]:
 0.00000000000 0.00000000000
# logsel_slope_ind[2]:
 0.00000000000 0.00000000000 0.00000000000
# logsel_slope_ind[3]:
 0.00000000000
# logsel_slope_ind[4]:
 0.00000000000 0.00000000000
# logsel_slope_ind[5]:
 0.00000000000
# logsel_slope_ind[6]:
 0.00000000000
# logsel_slope_ind[7]:
 0.00000000000
# sel50_ind[1]:
 0.00000000000 0.00000000000
# sel50_ind[2]:
 0.00000000000 0.00000000000 0.00000000000
# sel50_ind[3]:
 0.00000000000
# sel50_ind[4]:
 0.00000000000 0.00000000000
# sel50_ind[5]:
 0.00000000000
# sel50_ind[6]:
 0.00000000000
# sel50_ind[7]:
 0.00000000000
# logsel_p1_ind[1]:
 0.00000000000 0.00000000000
# logsel_p1_ind[2]:
 0.00000000000 0.00000000000 0.00000000000
# logsel_p1_ind[3]:
 0.00000000000
# logsel_p1_ind[4]:
 0.00000000000 0.00000000000
# logsel_p1_ind[5]:
 0.00000000000
# logsel_p1_ind[6]:
 0.00000000000
# logsel_p1_ind[7]:
 0.00000000000
# sel_p2_ind[1]:
 0.00000000000 0.00000000000
# sel_p2_ind[2]:
 0.00000000000 0.00000000000 0.00000000000
# sel_p2_ind[3]:
 0.00000000000
# sel_p2_ind[4]:
 0.00000000000 0.00000000000
# sel_p2_ind[5]:
 0.00000000000
# sel_p2_ind[6]:
 0.00000000000
# sel_p2_ind[7]:
 0.00000000000
# logsel_p3_ind[1]:
 0.00000000000 0.00000000000
# logsel_p3_ind[2]:
 0.00000000000 0.00000000000 0.00000000000
# logsel_p3_ind[3]:
 0.00000000000
# logsel_p3_ind[4]:
 0.00000000000 0.00000000000
# logsel_p3_ind[5]:
 0.00000000000
# logsel_p3_ind[6]:
 0.00000000000
# logsel_p3_ind[7]:
 0.00000000000
