# Number of parameters = 1695 Objective function value = 1513.91829744006  Maximum gradient component = 0.0334550453929350
# Mest[1]:
0.230000000000
# log_Linf[1]:
4.30945594184
# log_k[1]:
-1.83258146375
# log_Lo[1]:
2.89037175790
# log_sdage[1]:
-2.40794560865
# mean_log_rec[1]:
9.59335913206
# steepness[1]:
0.800000000000
# log_Rzero[1]:
9.77763100885
# rec_dev:
 -0.398550010060 -0.466223781026 -0.540213908050 -0.621111159776 -0.707030824422 -0.795050079907 -0.758110368697 -0.758325928017 -0.508339300598 -0.364308417940 -0.294497176764 -0.178151920924 -0.306849900526 -0.359505424444 -0.406665696500 -0.323855131529 -0.0236741101047 0.243979165992 0.295210160297 0.383265218631 0.423483190896 0.384359592213 0.710950578556 0.873517852246 0.612945494295 1.23045754598 1.36104190112 0.678462010781 0.628286920382 0.803481969343 0.705056063294 0.703448783832 0.363135610524 0.386734469577 0.0302285009321 -0.0539998279636 0.238344344147 0.307836922017 0.566438491095 0.578219686286 0.763526443634 0.774306787136 0.404618509402 0.000704857100450 -0.522359201040 -0.511050439290 -0.791310955640 -0.731755241066 -1.11082044850 -1.11741272837 -0.772807644549 -0.453453160791 -0.918006946128 -0.462197417679 -0.678921278477 -0.306136815230 -0.369935041144 0.0962746125148 0.970625962452 0.725543727946 0.120614826019 -0.145140392541 0.108325998238
# log_sigmar[1]:
-0.510825623766
# fmort:
 0.00889144269739 0.0132135168943 0.00598136210894 0.00742571952547 0.0140490908179 0.0173948464847 0.0218134073385 0.0200314212068 0.0427689770939 0.0386748238594 0.0276240517915 0.0417577023320 0.0857256304987 0.0335712709822 0.0798360127187 0.0500482298268 0.00485709406835 0.0225467794409 0.0178016983167 0.0167875064869 0.0144020475068 0.0183890220994 0.0186707143376 0.0238421074004 0.0147729240969 0.0201124211086 0.0346295718890 0.0138074859188 0.00450277442666 0.00720880200208 0.0106643121677 0.0207418711778 0.00821991687911 0.0119946842317 0.0130982754165 0.0200196260105 0.0248668776175 0.0348994140794 0.0469326096235 0.0465470380693 0.0771048287705 0.0112057844965 0.00413359396677 0.00526846395767 0.00553833370159 0.00757259004984 0.00566379895005 0.00797476153824 0.00250775434197 0.00160471867646 0.00463376627564 0.00474049290277
 0.00114734497638 0.00171511743708 0.00253072845093 0.00407338322646 0.00287802436124 0.00526403084799 0.00712989910672 0.0109943610887 0.0193504219323 0.0245602171290 0.0283816483158 0.0590429960372 0.0815547683017 0.0593679234708 0.0740554771545 0.0990609727623 0.112367662690 0.161250603495 0.194945982396 0.221050851130 0.221979487998 0.288407365852 0.377873669678 0.381445807884 0.470186629111 0.586835760853 0.536574812730 0.564325912732 0.359301775770 0.237143452070 0.175940225178 0.199901457213 0.201176197651 0.183650489125 0.181713339392 0.185009831033 0.199202442986 0.242652336161 0.200632201194 0.265429393001 0.145433658274 0.0989217968231 0.0883346314085 0.0757620764578 0.0653579759072 0.0698168279863 0.0732340378591 0.0726212086497 0.0766988058506 0.0731533342258 0.0662164433178 0.0621023181308
 0.000156193820977 0.000290640289182 0.000656328844243 0.00148609422289 0.00478051746644 0.00149030698525 0.00198831811014 0.0183340515347 0.0120377662997 0.00938838502529 0.0110748280647 0.0108973664365 0.00358636863348 0.00258723757649 0.00349402905113 0.00194671586688 0.000744620925713 0.000677063659759 0.00382500455260 0.00495398271948 0.00586624953825 0.00347227025365 0.00189445319682 0.00288469032246 0.00541887139634 0.0185735806013 0.0210761585710 0.0290400766039 0.0171127527143 0.00675164561214 0.00832523079977 0.0223830228911 0.00401882021050 0.00721346474587 0.00700534856674 0.00373980247389 0.0157425489289 0.0183312326143 0.0140193675224 0.00758486422220 0.00263193996702 0.0286138482378 0.0123163283151 0.00503597146349 0.00424978561222 0.00141367217680 0.000827397354472 0.000400577210721 0.00152373915757 0.00218618111568 0.00205058351936 0.00205690301656
 1.56541446472e-13 1.68753899743e-13 0.000441846705538 1.83464354819e-13 1.84019466332e-13 1.85407245112e-13 2.74348880558e-06 0.000190294401473 0.00417926656945 0.0268379000942 0.0254506779029 0.0335800002517 0.0804148632176 0.0941377048935 0.127012048028 0.106256068543 0.100073117590 0.101264960946 0.0984747877740 0.0797490918313 0.0664983370783 0.0423769301014 0.00360826069671 2.10942374679e-13 2.16215934046e-13 2.85327317329e-13 3.37230243730e-13 5.03486141668e-13 6.24500451352e-13 3.09522733694e-06 0.000629118244149 0.00460224995664 0.0142467123502 0.0274796083201 0.0479345962590 0.0400116154624 0.0600524846324 0.0916597561260 0.114478691380 0.151139086482 0.135874259419 0.0344764352377 0.0222054687598 0.0211059299750 0.0220841859348 0.0276044660106 0.0163077647378 0.0120928289662 0.00838665403129 0.00742743901980 0.000545493211477 0.00547856340183
# log_selcoffs_fsh[1]:
 -5.18170361015 -3.95519116441 -2.62710869015 -1.32009390853 -0.312641569423 0.541249715881 1.13126256509 0.888590408526 -0.423276505291
 -4.91548606184 -3.61696955889 -2.24340801514 -1.02840319527 -0.231476782386 0.484809293805 1.02147114345 0.825838004333 0.0235527942916
 -4.63555584351 -3.33802340532 -2.05370277523 -0.940634013652 -0.106122143265 0.576514713882 0.918277732843 0.706465830271 0.203124985676
 -4.32519968166 -2.97058750470 -1.77775027331 -0.799033191523 -0.174160099779 0.438923872283 0.911239541807 0.740199953868 0.293979296733
 -4.05778866056 -2.66392799240 -1.24328586320 -0.242476483755 0.196053537378 0.443279980195 0.622994993264 0.563662840743 0.367362166466
 -3.84085130755 -2.57654934274 -1.39444655403 -0.357927984153 0.553411341092 0.715881641268 0.466715673220 0.305121482680 0.197777974304
 -3.59756172288 -2.39295311054 -1.31710692714 -0.345694855064 0.563521386959 0.806755971222 0.485937994100 0.194482603431 0.0655582496280
 -3.33904414137 -2.05695601137 -1.09989296434 -0.264141158363 0.554630020968 0.823469602505 0.465453233575 0.137914068494 -0.0246882023834
 -3.11535039159 -1.76208313259 -0.607549000247 0.0229125776617 0.426068001920 0.656224873204 0.508713797523 0.149392670304 -0.0692618086883
 -2.90390279315 -1.40229129669 -0.181614923563 0.206573664280 0.461519485839 0.539640715598 0.352788370893 0.0424106574786 -0.142080099792
 -2.71913523264 -1.03703487919 0.469058825559 0.492547348812 0.330430311414 0.218302855332 0.0479799552594 -0.136773961196 -0.238576891886
 -2.54256591525 -0.776722903032 0.423635327830 0.561317821214 0.472524190785 0.194287990432 -0.111896822290 -0.280842302740 -0.338033247033
 -2.46331965012 -0.821005838585 0.473321633060 0.780730257334 0.464126556536 0.0410474889109 -0.268477359015 -0.423853783406 -0.454307085174
 -2.35805250493 -0.777754873010 0.497447579082 0.883098104590 0.418536778673 -0.0342283073752 -0.351354398158 -0.500512972551 -0.532697314025
 -2.50967737887 -0.867340615059 0.603371127267 0.916457495836 0.376730701046 -0.0830000423357 -0.390507156648 -0.556857251941 -0.611813688125
 -2.50985533201 -0.936548412067 0.608719589867 0.856197707562 0.456857372696 -0.0165664311159 -0.372548653638 -0.572801812774 -0.656082834964
 -2.34234134487 -0.761386929361 0.710859833400 0.755456920832 0.401337383996 -0.00143034009859 -0.348807004358 -0.569977860364 -0.675119814442
 -2.02622637497 -0.485231899121 0.466800124076 0.810669154062 0.485925516324 0.00743717855582 -0.347128030413 -0.571247766208 -0.685895051110
 -1.92178940419 -0.449583255377 0.765741345840 0.758051541928 0.295146377392 -0.0967076989154 -0.409407578672 -0.622454653622 -0.735541627730
 -1.74729929137 -0.362097128467 0.688122903023 0.775638173759 0.378614523402 -0.100678551713 -0.455464999528 -0.672933015928 -0.779271080011
 -1.63516596687 -0.231224381880 0.839041147510 0.760521412720 0.238004591565 -0.213400073500 -0.547779512843 -0.749935617517 -0.842104488268
 -1.53689048479 -0.228927122628 0.649599682634 0.963920739648 0.322063492129 -0.313341112280 -0.671137570145 -0.846056446058 -0.912222635475
 -1.44986030983 0.0285625678052 0.888541597818 0.806019054462 0.153029036720 -0.410366938670 -0.766875793158 -0.928652408782 -0.974048295653
 -1.52960492056 -0.170600166971 0.849020871747 1.01969851591 0.0994072381777 -0.521593208483 -0.868170310328 -1.01836558906 -1.04551593004
 -1.53282721158 -0.209159818390 0.862838064923 1.00555757040 0.154197978135 -0.506014138019 -0.889549544529 -1.05597088751 -1.07531242711
 -1.43461942305 0.131142850786 0.737952197415 0.864583297169 0.238464034375 -0.340496833415 -0.796728158586 -1.00450256890 -1.02650781818
 -1.64921587924 -0.244264075812 0.670329162534 0.935559321942 0.325172689603 -0.196092090062 -0.662662523403 -0.893663567903 -0.941192480798
 -1.71026196187 -0.355619800615 0.685494169373 0.825750997836 0.363886885710 -0.108764793135 -0.523293328610 -0.748041051663 -0.802105464876
 -1.45669922993 0.194707932182 0.610706341039 0.586986171448 0.232236289489 -0.126971993713 -0.404205437508 -0.568235577061 -0.624477573914
 -1.51621910212 0.0478582987141 0.512057671246 0.702712627120 0.193863909981 -0.156113922439 -0.341922648949 -0.439343831546 -0.479264816443
 -1.63651084289 -0.0180029834546 0.840209139181 0.346460029450 -0.00715602827388 -0.160008655351 -0.240935665936 -0.300849981101 -0.326849584812
 -1.71054990936 -0.0808210119435 0.576369906602 0.352446516888 0.0551168945259 -0.0550425766868 -0.0842033043656 -0.110963483057 -0.130746794939
 -1.84631699983 -0.775572827059 0.00934629891076 0.530810377375 0.295126040368 0.129082683390 0.105192833272 0.0559828240438 0.0222103597899
 -2.04173777214 -1.04415875088 -0.295844579981 0.232990020852 0.234064388474 0.315195995493 0.336133124969 0.242002522899 0.185949160592
 -1.96771778495 -0.796293565405 -0.315020578611 0.254166086821 0.152247091759 0.173364746187 0.278637029030 0.297764020650 0.313458069330
 -1.42583832316 -0.641920471486 -0.709257647417 -0.300800419367 0.00432641501558 0.262869409864 0.414736496339 0.464011814274 0.464847369713
 -1.57574042037 -1.40538016607 -1.25302947374 -0.497375798943 0.0294411380936 0.423735471721 0.592397659866 0.532638785215 0.460478915648
 -1.86092107762 -1.73554293809 -1.47789525692 -0.679042282593 0.0787862952391 0.563456442106 0.651589311496 0.557543610204 0.357166676130
# log_selcoffs_fsh[2]:
 -5.91046613992 -3.97869303177 -2.27946140672 -0.888741150231 0.145120928090 0.594168432185 0.919778210104 0.887493061827 0.189575391321 -1.04736733053
 -5.83498314174 -3.84758159975 -1.84120351431 -0.594943743408 -0.130884396449 0.412969389606 0.890694630852 0.909902933669 0.303505339358 -0.508486290462
 -5.72565238514 -3.91898111023 -2.19833607498 -0.830553339301 -0.120171664005 0.347941441447 0.804861823309 0.883697784120 0.448835916824 -0.100419558267
 -5.59251807628 -3.87128953529 -2.35492466615 -1.19655301553 -0.375638634159 0.190965391180 0.710613257917 0.906955735843 0.621105923053 0.268533440027
 -5.49581110240 -3.71003341695 -2.04290865308 -1.02959874249 -0.584913193185 -0.131970995442 0.497848259748 0.836630340101 0.777294632681 0.653244842379
 -5.40206005311 -3.77741574840 -2.17770113103 -0.932438557081 -0.358156355567 -0.256583590026 0.136256095398 0.583153171628 0.857215968660 0.992813707348
 -5.33965385661 -3.91033410620 -2.53709023025 -1.30614295000 -0.343451774806 -0.125981106720 0.0427516746642 0.400747745704 0.830929474080 1.16383494288
 -5.31812679399 -4.01861847419 -2.82496906547 -1.80421539022 -0.961575518678 -0.354659080104 0.176189086775 0.536963783966 0.882087071324 1.20898979946
 -5.31493937134 -4.05471147502 -2.88587305987 -1.97867406692 -1.25731559424 -0.589392812571 0.104915118414 0.619718917581 0.961009497222 1.21231201500
 -5.28290552005 -3.99619801052 -2.80116900838 -1.81723432489 -1.10824722300 -0.619065413256 -0.0950168652495 0.505917921679 0.977422007856 1.29726584585
 -5.27237533920 -3.89536270810 -2.56578021986 -1.48335410229 -0.780512955231 -0.402689670378 -0.0510170011954 0.348190022966 0.868750476220 1.33326617430
 -5.32129643754 -3.82908025466 -2.43519481599 -1.26768625523 -0.568536206109 -0.233443815261 0.0221875233290 0.354065956699 0.874710758759 1.22398094576
 -5.39530108853 -3.72453831707 -2.11968654881 -0.772049023700 -0.195091118758 0.0514672474922 0.184203228746 0.302295902159 0.709432366284 1.07348942320
 -5.47950723059 -3.59937996108 -1.77701277289 -0.468266584120 0.148653465179 0.240444315420 0.213497090994 0.294584556296 0.570928783865 0.871584294089
 -5.54212072641 -3.48019758062 -1.50761740279 -0.0725889840371 0.369791761702 0.304945111918 0.152171985225 0.211282527340 0.473091974989 0.695796763356
 -5.56309524321 -3.33595472128 -1.16926725960 0.112151538056 0.362592888485 0.281060054882 0.146656244948 0.199309005639 0.427347719898 0.619512214306
 -5.56370188265 -3.30011668599 -1.06890823104 0.132717854603 0.411385265989 0.326341994835 0.159981875189 0.172941174287 0.369753666194 0.570706074647
 -5.55021304905 -3.41179913166 -1.31087916608 0.145620798687 0.501486724795 0.387824284380 0.176075480800 0.155360178953 0.326558693267 0.509854949640
 -5.49852956314 -3.48809244314 -1.53544655370 -0.0275438126789 0.518950366780 0.415627023331 0.209513506473 0.186062138566 0.354543047042 0.541433597291
 -5.42127456875 -3.53125192961 -1.69804955597 -0.271204510090 0.303800965250 0.423113992311 0.274336487252 0.264430934191 0.454400521390 0.665532412558
 -5.36531414632 -3.58621503510 -1.89194049711 -0.526546687872 0.225712970284 0.447383859517 0.331833948951 0.284641337684 0.479767469805 0.727676738156
 -5.34160489321 -3.64532659271 -2.06048854619 -0.755669721588 0.0765737246757 0.437704722941 0.410335179163 0.373955808692 0.528027074476 0.735680920713
 -5.34013276808 -3.68286244624 -2.20019629054 -0.979222911351 -0.157357369963 0.401644651604 0.490622985895 0.468002529769 0.588883604970 0.743307986045
 -5.38186792579 -3.71464285316 -2.20851662288 -1.03068816883 -0.307491790945 0.206449251436 0.539927033198 0.556770227113 0.667101073338 0.756275989532
 -5.43925888079 -3.75055203946 -2.13948236397 -0.811517488157 -0.178912357007 0.0629266348245 0.353321391013 0.580417622431 0.695574849023 0.830162290638
 -5.53722456130 -3.79839525271 -2.24102803071 -0.923084347237 -0.170084599715 0.285722790710 0.400670059410 0.488988885493 0.644053816721 0.818908091785
 -5.72996268785 -3.95850268220 -2.24274489612 -0.843880779993 -0.0526520133486 0.434773554008 0.508208446894 0.482967669907 0.543536147567 0.664160666885
 -5.91705559540 -4.16568960471 -2.36147924651 -0.633588992445 0.0852872579593 0.490778823188 0.512013091058 0.436406869747 0.556252386763 0.515393138307
 -6.08501430987 -4.37343380816 -2.66839142753 -1.05675912176 -0.0113282697744 0.688898872651 0.677675640378 0.484277907976 0.517941025816 0.275393210357
 -6.23426079197 -4.50971855247 -2.82711388779 -1.19063938227 0.0825773430025 0.755608115453 0.916832647208 0.492348924776 0.212047786679 0.0345191583615
 -6.32112457067 -4.52743264137 -2.74505669356 -1.07776694097 0.135972729282 0.765374958744 0.802929868053 0.507042600444 0.253451463662 0.101142225381
 -6.36658602716 -4.46671626269 -2.61691069509 -1.04605394763 -0.219598466655 0.360016764109 0.744747035915 0.756006886213 0.520439706582 0.342043893951
 -6.38979517632 -4.38529680843 -2.26555605216 -0.625962410751 -0.206932892038 -0.0263621545635 0.410453754115 0.722702739686 0.743851171637 0.635925198370
 -6.45216779281 -4.50046749305 -2.52237260733 -0.812025773119 -0.103674194685 0.239830966819 0.421303389535 0.630683224463 0.691325649342 0.637284612420
 -6.48853194355 -4.63912233394 -2.74646548146 -1.02222801925 -0.216305896615 0.176168680899 0.523428491235 0.649112435133 0.697587236089 0.671000064699
 -6.49521587890 -4.80115553629 -3.05224025459 -1.28951355176 -0.296037871820 0.228006435512 0.539224464968 0.689035573866 0.687430608637 0.679397627454
 -6.50088888573 -4.94694565091 -3.39541283513 -1.76872640572 -0.571349665125 0.138079746053 0.655743889305 0.769999994805 0.759877097417 0.615256677070
 -6.48317323539 -4.98664011291 -3.53483611909 -2.11426502457 -0.922751524994 -0.0128611744130 0.593182521333 0.908607509539 0.834668136608 0.621897186053
 -6.46522793244 -4.97574155561 -3.52216031528 -2.15238904424 -0.959591504757 -0.0122968050214 0.616002615807 0.874080801584 0.832868590442 0.655902259003
# log_selcoffs_fsh[3]:
 -0.968017468501 -0.154183888112 1.14275039425 0.443301891187 -0.592965246687 -1.24420667522 -1.47415463474
 -1.23430027931 -0.163934182786 1.17124357816 0.446462890952 -0.593218603726 -1.24003321573 -1.47199747124
 -0.686367483534 -0.234924355638 1.09023734719 0.460875469035 -0.529544474787 -1.16694813703 -1.40511937082
 -1.55695755361 -0.350811851353 1.20431189200 0.453489895717 -0.516886762738 -1.12625976438 -1.36167789479
 -1.95299879541 -0.260263815634 1.14075587255 0.489394457492 -0.390288845652 -1.00548774143 -1.25837544774
 -2.02056488181 -0.573040981966 0.926550871939 0.774778703873 -0.155162436089 -0.852262420885 -1.12395501680
 -1.69528609073 -0.470347640537 0.689964015766 0.900547186982 -0.0634678369978 -0.796028830872 -1.05712315391
 -1.31373351559 0.562552733174 0.778134191174 0.275853532313 -0.322460239094 -0.870187760867 -1.08547951907
 -1.38992190453 0.633804701200 0.873661176056 0.170360589279 -0.474482997892 -0.986042162649 -1.23966126618
 -1.59677630098 0.305141153617 0.986385924337 0.456921247237 -0.475656242046 -1.13212394288 -1.44358449040
 -1.84886168262 -0.390926464389 0.893397749098 0.889145546107 -0.250568340973 -1.15967309510 -1.62080534197
 -1.80420332768 -0.331982962575 0.821780673734 0.921888132856 -0.174367938136 -1.17765483144 -1.70744925311
 -1.64970636689 -0.100636942589 1.01632113197 0.698790971336 -0.383254135475 -1.28897467702 -1.75962786283
 -1.41077884743 0.589222319453 0.992780214355 0.272958986628 -0.649544261984 -1.39144610143 -1.77261452364
 -1.45719243671 0.232636748925 1.17877755018 0.320796037054 -0.748807340140 -1.46541991815 -1.75646809946
 -1.46409995981 0.269477559021 1.25142911129 0.167756668823 -0.932354228308 -1.55746479460 -1.73073071500
 -1.25111799258 0.586575849408 1.12245395131 0.0699314314201 -0.996939040606 -1.54369771149 -1.66824663589
 -1.16033649022 0.657822356473 1.08395796118 -0.00579328986064 -0.963894497389 -1.48456823394 -1.62227026350
 -0.712711421999 1.10101863646 0.648413838149 -0.228972861929 -0.997197711403 -1.46748780267 -1.63378788668
 -0.560226704203 1.19662209187 0.542206118356 -0.399203863471 -1.11136963621 -1.53179117377 -1.69231462931
 -0.335753331382 1.16058516768 0.589479123043 -0.456107796347 -1.22223747036 -1.63857000079 -1.78511546023
 -0.411162583359 1.14444148799 0.685158085515 -0.492938596883 -1.32392535699 -1.73015972463 -1.84405432876
 -0.241264156441 0.842582705445 1.00294109049 -0.514708225429 -1.42165105886 -1.78594822837 -1.83827271359
 -0.170523723152 1.07768534679 0.724695210099 -0.512148382728 -1.40735576429 -1.81965763729 -1.90565079164
 -0.352722304034 0.561048371290 1.10316587742 -0.0810021192529 -1.19226826020 -1.78416456506 -1.98510660529
 -0.0890919080186 0.697945213215 0.638741663460 0.311651606165 -0.724132503859 -1.59549316901 -2.05345157416
 -0.886051768473 0.757765561564 0.867985665110 0.177638521695 -0.631488671709 -1.48227539359 -2.13035658090
 -1.39311501915 0.266665472398 1.14672348761 0.389026429281 -0.682064232941 -1.57090837631 -2.21400890640
 -1.52956480414 0.0232636200476 1.24431713684 0.432769221044 -0.754876878047 -1.72884163937 -2.30067904807
 -1.42310889939 0.232492697081 0.817175574904 0.887052021945 -0.611689167625 -1.78353025821 -2.35640993892
 -1.37945533093 1.11781795196 0.668909450588 0.0901023299596 -0.919217461691 -1.86072844610 -2.41545531817
 -1.64597512587 0.616826040693 1.18783975178 0.0872674999853 -1.02482220108 -1.94793310613 -2.50674484968
 -1.91098256376 -0.116585606078 1.40136585730 0.282499490064 -1.01229820673 -2.01041057788 -2.55604683089
 -1.81264293837 -0.0613244603427 1.09595408763 0.813362086062 -0.831513868512 -2.00133351178 -2.54847558594
 -1.63781161518 0.105549965547 1.34284236692 0.267684051267 -1.05902623929 -2.03320770199 -2.52927250966
 -1.17239216487 1.09524105384 0.852302913346 -0.166373509734 -1.20875120378 -2.05263914450 -2.50427527375
 -1.05524301581 1.04068691701 0.935639847275 -0.234621125948 -1.30213562821 -2.06952836845 -2.49107152967
 -0.851117817407 1.06181855390 0.867849949065 -0.223154622129 -1.24584012503 -2.04807195758 -2.48915836332
 -1.04652303462 0.966329922267 0.922256671786 -0.0367307932407 -1.12307305982 -2.00470218632 -2.50483754050
 -1.31790480650 0.324065426028 1.26577426590 0.195466591066 -0.999925181596 -1.96820110679 -2.52277845985
 -1.53790135259 0.00826349749825 1.27598682378 0.428238796227 -0.834284378191 -1.91919649569 -2.53611377398
 -1.65518504482 -0.165501972286 0.980411485711 0.919586133640 -0.589124950513 -1.87002361328 -2.54163678512
# log_selcoffs_fsh[4]:
 -6.21097976904 -4.99354953222 -3.73921344674 -2.40441989730 -1.01686013703 0.236150469446 1.04514733740 1.07935946561 0.380089440108
 -6.20019789117 -4.98093077032 -3.72243063535 -2.35104668059 -0.925374949232 0.308354461388 1.06037426744 1.02098311762 0.372059031010
 -6.15772697780 -4.94219834749 -3.70007664532 -2.38072219204 -0.995806416279 0.244740790734 1.04463505840 1.05238148742 0.418708801755
 -6.07702098415 -4.85923919450 -3.63524037393 -2.37827823735 -1.06869325259 0.140590670019 0.983002840797 1.09693442559 0.535914748105
 -5.98596276047 -4.75205677419 -3.52561960522 -2.30560777639 -1.05160048408 0.124972352039 0.932332262983 1.07558389234 0.644531322149
 -5.89088099128 -4.67852469776 -3.45245668588 -2.21590791814 -1.03942008126 0.0393573732615 0.863623358703 1.09249167542 0.741930584886
 -5.77808646362 -4.58781712410 -3.37611356066 -2.13100463879 -0.967751212506 0.0611594369276 0.813045822383 1.04895875019 0.824782799352
 -5.64974818453 -4.45594563602 -3.29215077233 -2.09418609637 -0.945355094376 0.0320511236044 0.780203104031 1.03686423975 0.875944238828
 -5.52202771615 -4.28267214856 -3.14941205623 -2.09344437650 -1.02338937323 -0.0206046555103 0.759321985086 1.04205311651 0.918375686880
 -5.39316985333 -4.15655031648 -2.96521267306 -1.87518443525 -0.927627221710 -0.0379023220372 0.667391107698 1.01243109527 0.998860988505
 -5.29275549187 -4.05149490374 -2.85841936511 -1.74697914866 -0.751440858808 0.0514712080326 0.640856309837 0.937256097321 1.01896973230
 -5.22263724708 -3.93968517764 -2.73591995936 -1.65543951493 -0.667989205943 0.154656364428 0.654461286913 0.894289171549 0.981933316594
 -5.16270840370 -3.79034287643 -2.51470022455 -1.47397975708 -0.629257749317 0.137407417256 0.684470576104 0.884648230112 0.946490019469
 -5.09569019073 -3.60066771987 -2.13810117343 -1.05007553557 -0.376588639622 0.137460847151 0.557264015677 0.830881692948 0.964698266690
 -5.01146914621 -3.43902262294 -1.88744190747 -0.721558765292 -0.126827322120 0.170803295810 0.436622935985 0.742393773544 0.958666352457
 -4.90712996447 -3.29086328827 -1.65880236780 -0.469123044526 -0.0588909336479 0.135010551199 0.370064633427 0.684198309162 0.963974944214
 -4.83048594882 -3.24819183738 -1.66184646483 -0.470979770975 -0.0548026144783 0.176078737388 0.393984896024 0.664574064961 0.945169748213
 -4.76974279164 -3.32360801726 -1.99021958066 -0.963212487383 -0.240424979314 0.344677748905 0.601086066567 0.697488100923 0.878188566145
 -4.67573319760 -3.34568795250 -2.13255182845 -1.18137880984 -0.441890812932 0.203098424456 0.608143908312 0.825042365266 0.933362835481
 -4.61858767334 -3.35602137554 -2.22057516613 -1.30699224204 -0.622752845087 0.0137094905669 0.619886435562 0.940692874776 0.957562391482
 -4.54020808120 -3.28442713567 -2.14645238393 -1.33034249240 -0.699786294921 -0.143741359800 0.463428428574 0.993749389283 1.07052846228
 -4.44671828357 -3.17404567688 -1.86847656197 -1.16069774661 -0.702774978262 -0.153502226760 0.366366112828 0.842553067059 1.21228111910
 -4.35011076626 -3.22543097586 -2.13649685283 -1.26532690307 -0.659156652762 -0.0898038067572 0.361685745722 0.804066812243 1.23703575205
 -4.20228754992 -3.14371396418 -2.16487356354 -1.31883584845 -0.670858292077 -0.135515554850 0.302575315323 0.772485457927 1.29655835838
 -4.14159048195 -3.08853765066 -2.03465504373 -1.12086462151 -0.474466428409 0.0818704340434 0.465928563193 0.790334911784 1.09079876617
 -3.93078398789 -2.83014273405 -1.65898634737 -0.909478313013 -0.506901406105 -0.0208976860898 0.443112910859 0.813474631356 1.07614257904
 -3.61455663840 -2.62266654690 -1.59798046080 -0.861787449040 -0.437177584523 -0.0642054983461 0.383497844100 0.817583400047 1.08507240633
 -3.14164548920 -2.26664238420 -1.43754774823 -0.787991274343 -0.421109069927 -0.131090182122 0.181400891790 0.699540569964 1.22837691807
 -2.51632231594 -1.77340994683 -1.23617135641 -0.823168989213 -0.572634601382 -0.364692501774 0.0381305164237 0.639197956756 1.34225978416
 -2.40752624873 -1.85142458467 -1.15059650774 -0.713110740545 -0.584831439261 -0.456612964423 -0.0773419585028 0.630670839303 1.37404833673
 -1.85915926800 -1.39443983542 -1.32347980340 -1.08911715387 -0.809304213007 -0.566922158700 -0.0832816694937 0.632318755581 1.43007341203
 -1.40616695164 -0.822594765432 -1.06210157945 -1.26824458639 -1.05802820238 -0.675213686928 -0.102389023100 0.670439197313 1.37992758092
 -1.32409314244 -1.00952789239 -1.07444572814 -1.19964092689 -1.06482902826 -0.675029507101 -0.0564093155817 0.718194749865 1.35505325565
# log_sel_spl_fsh[1]:
 0.00000000000 0.00000000000 0.00000000000 0.00000000000
 0.00000000000 0.00000000000 0.00000000000 0.00000000000
 0.00000000000 0.00000000000 0.00000000000 0.00000000000
 0.00000000000 0.00000000000 0.00000000000 0.00000000000
 0.00000000000 0.00000000000 0.00000000000 0.00000000000
 0.00000000000 0.00000000000 0.00000000000 0.00000000000
 0.00000000000 0.00000000000 0.00000000000 0.00000000000
 0.00000000000 0.00000000000 0.00000000000 0.00000000000
 0.00000000000 0.00000000000 0.00000000000 0.00000000000
 0.00000000000 0.00000000000 0.00000000000 0.00000000000
 0.00000000000 0.00000000000 0.00000000000 0.00000000000
 0.00000000000 0.00000000000 0.00000000000 0.00000000000
 0.00000000000 0.00000000000 0.00000000000 0.00000000000
 0.00000000000 0.00000000000 0.00000000000 0.00000000000
 0.00000000000 0.00000000000 0.00000000000 0.00000000000
 0.00000000000 0.00000000000 0.00000000000 0.00000000000
 0.00000000000 0.00000000000 0.00000000000 0.00000000000
 0.00000000000 0.00000000000 0.00000000000 0.00000000000
 0.00000000000 0.00000000000 0.00000000000 0.00000000000
 0.00000000000 0.00000000000 0.00000000000 0.00000000000
 0.00000000000 0.00000000000 0.00000000000 0.00000000000
 0.00000000000 0.00000000000 0.00000000000 0.00000000000
 0.00000000000 0.00000000000 0.00000000000 0.00000000000
 0.00000000000 0.00000000000 0.00000000000 0.00000000000
 0.00000000000 0.00000000000 0.00000000000 0.00000000000
 0.00000000000 0.00000000000 0.00000000000 0.00000000000
 0.00000000000 0.00000000000 0.00000000000 0.00000000000
 0.00000000000 0.00000000000 0.00000000000 0.00000000000
 0.00000000000 0.00000000000 0.00000000000 0.00000000000
 0.00000000000 0.00000000000 0.00000000000 0.00000000000
 0.00000000000 0.00000000000 0.00000000000 0.00000000000
 0.00000000000 0.00000000000 0.00000000000 0.00000000000
 0.00000000000 0.00000000000 0.00000000000 0.00000000000
 0.00000000000 0.00000000000 0.00000000000 0.00000000000
 0.00000000000 0.00000000000 0.00000000000 0.00000000000
 0.00000000000 0.00000000000 0.00000000000 0.00000000000
 0.00000000000 0.00000000000 0.00000000000 0.00000000000
 0.00000000000 0.00000000000 0.00000000000 0.00000000000
# log_sel_spl_fsh[2]:
 0.00000000000 0.00000000000 0.00000000000 0.00000000000
 0.00000000000 0.00000000000 0.00000000000 0.00000000000
 0.00000000000 0.00000000000 0.00000000000 0.00000000000
 0.00000000000 0.00000000000 0.00000000000 0.00000000000
 0.00000000000 0.00000000000 0.00000000000 0.00000000000
 0.00000000000 0.00000000000 0.00000000000 0.00000000000
 0.00000000000 0.00000000000 0.00000000000 0.00000000000
 0.00000000000 0.00000000000 0.00000000000 0.00000000000
 0.00000000000 0.00000000000 0.00000000000 0.00000000000
 0.00000000000 0.00000000000 0.00000000000 0.00000000000
 0.00000000000 0.00000000000 0.00000000000 0.00000000000
 0.00000000000 0.00000000000 0.00000000000 0.00000000000
 0.00000000000 0.00000000000 0.00000000000 0.00000000000
 0.00000000000 0.00000000000 0.00000000000 0.00000000000
 0.00000000000 0.00000000000 0.00000000000 0.00000000000
 0.00000000000 0.00000000000 0.00000000000 0.00000000000
 0.00000000000 0.00000000000 0.00000000000 0.00000000000
 0.00000000000 0.00000000000 0.00000000000 0.00000000000
 0.00000000000 0.00000000000 0.00000000000 0.00000000000
 0.00000000000 0.00000000000 0.00000000000 0.00000000000
 0.00000000000 0.00000000000 0.00000000000 0.00000000000
 0.00000000000 0.00000000000 0.00000000000 0.00000000000
 0.00000000000 0.00000000000 0.00000000000 0.00000000000
 0.00000000000 0.00000000000 0.00000000000 0.00000000000
 0.00000000000 0.00000000000 0.00000000000 0.00000000000
 0.00000000000 0.00000000000 0.00000000000 0.00000000000
 0.00000000000 0.00000000000 0.00000000000 0.00000000000
 0.00000000000 0.00000000000 0.00000000000 0.00000000000
 0.00000000000 0.00000000000 0.00000000000 0.00000000000
 0.00000000000 0.00000000000 0.00000000000 0.00000000000
 0.00000000000 0.00000000000 0.00000000000 0.00000000000
 0.00000000000 0.00000000000 0.00000000000 0.00000000000
 0.00000000000 0.00000000000 0.00000000000 0.00000000000
 0.00000000000 0.00000000000 0.00000000000 0.00000000000
 0.00000000000 0.00000000000 0.00000000000 0.00000000000
 0.00000000000 0.00000000000 0.00000000000 0.00000000000
 0.00000000000 0.00000000000 0.00000000000 0.00000000000
 0.00000000000 0.00000000000 0.00000000000 0.00000000000
 0.00000000000 0.00000000000 0.00000000000 0.00000000000
# log_sel_spl_fsh[3]:
 0.00000000000 0.00000000000 0.00000000000 0.00000000000
 0.00000000000 0.00000000000 0.00000000000 0.00000000000
 0.00000000000 0.00000000000 0.00000000000 0.00000000000
 0.00000000000 0.00000000000 0.00000000000 0.00000000000
 0.00000000000 0.00000000000 0.00000000000 0.00000000000
 0.00000000000 0.00000000000 0.00000000000 0.00000000000
 0.00000000000 0.00000000000 0.00000000000 0.00000000000
 0.00000000000 0.00000000000 0.00000000000 0.00000000000
 0.00000000000 0.00000000000 0.00000000000 0.00000000000
 0.00000000000 0.00000000000 0.00000000000 0.00000000000
 0.00000000000 0.00000000000 0.00000000000 0.00000000000
 0.00000000000 0.00000000000 0.00000000000 0.00000000000
 0.00000000000 0.00000000000 0.00000000000 0.00000000000
 0.00000000000 0.00000000000 0.00000000000 0.00000000000
 0.00000000000 0.00000000000 0.00000000000 0.00000000000
 0.00000000000 0.00000000000 0.00000000000 0.00000000000
 0.00000000000 0.00000000000 0.00000000000 0.00000000000
 0.00000000000 0.00000000000 0.00000000000 0.00000000000
 0.00000000000 0.00000000000 0.00000000000 0.00000000000
 0.00000000000 0.00000000000 0.00000000000 0.00000000000
 0.00000000000 0.00000000000 0.00000000000 0.00000000000
 0.00000000000 0.00000000000 0.00000000000 0.00000000000
 0.00000000000 0.00000000000 0.00000000000 0.00000000000
 0.00000000000 0.00000000000 0.00000000000 0.00000000000
 0.00000000000 0.00000000000 0.00000000000 0.00000000000
 0.00000000000 0.00000000000 0.00000000000 0.00000000000
 0.00000000000 0.00000000000 0.00000000000 0.00000000000
 0.00000000000 0.00000000000 0.00000000000 0.00000000000
 0.00000000000 0.00000000000 0.00000000000 0.00000000000
 0.00000000000 0.00000000000 0.00000000000 0.00000000000
 0.00000000000 0.00000000000 0.00000000000 0.00000000000
 0.00000000000 0.00000000000 0.00000000000 0.00000000000
 0.00000000000 0.00000000000 0.00000000000 0.00000000000
 0.00000000000 0.00000000000 0.00000000000 0.00000000000
 0.00000000000 0.00000000000 0.00000000000 0.00000000000
 0.00000000000 0.00000000000 0.00000000000 0.00000000000
 0.00000000000 0.00000000000 0.00000000000 0.00000000000
 0.00000000000 0.00000000000 0.00000000000 0.00000000000
 0.00000000000 0.00000000000 0.00000000000 0.00000000000
 0.00000000000 0.00000000000 0.00000000000 0.00000000000
 0.00000000000 0.00000000000 0.00000000000 0.00000000000
 0.00000000000 0.00000000000 0.00000000000 0.00000000000
# log_sel_spl_fsh[4]:
 0.00000000000 0.00000000000 0.00000000000 0.00000000000
 0.00000000000 0.00000000000 0.00000000000 0.00000000000
 0.00000000000 0.00000000000 0.00000000000 0.00000000000
 0.00000000000 0.00000000000 0.00000000000 0.00000000000
 0.00000000000 0.00000000000 0.00000000000 0.00000000000
 0.00000000000 0.00000000000 0.00000000000 0.00000000000
 0.00000000000 0.00000000000 0.00000000000 0.00000000000
 0.00000000000 0.00000000000 0.00000000000 0.00000000000
 0.00000000000 0.00000000000 0.00000000000 0.00000000000
 0.00000000000 0.00000000000 0.00000000000 0.00000000000
 0.00000000000 0.00000000000 0.00000000000 0.00000000000
 0.00000000000 0.00000000000 0.00000000000 0.00000000000
 0.00000000000 0.00000000000 0.00000000000 0.00000000000
 0.00000000000 0.00000000000 0.00000000000 0.00000000000
 0.00000000000 0.00000000000 0.00000000000 0.00000000000
 0.00000000000 0.00000000000 0.00000000000 0.00000000000
 0.00000000000 0.00000000000 0.00000000000 0.00000000000
 0.00000000000 0.00000000000 0.00000000000 0.00000000000
 0.00000000000 0.00000000000 0.00000000000 0.00000000000
 0.00000000000 0.00000000000 0.00000000000 0.00000000000
 0.00000000000 0.00000000000 0.00000000000 0.00000000000
 0.00000000000 0.00000000000 0.00000000000 0.00000000000
 0.00000000000 0.00000000000 0.00000000000 0.00000000000
 0.00000000000 0.00000000000 0.00000000000 0.00000000000
 0.00000000000 0.00000000000 0.00000000000 0.00000000000
 0.00000000000 0.00000000000 0.00000000000 0.00000000000
 0.00000000000 0.00000000000 0.00000000000 0.00000000000
 0.00000000000 0.00000000000 0.00000000000 0.00000000000
 0.00000000000 0.00000000000 0.00000000000 0.00000000000
 0.00000000000 0.00000000000 0.00000000000 0.00000000000
 0.00000000000 0.00000000000 0.00000000000 0.00000000000
 0.00000000000 0.00000000000 0.00000000000 0.00000000000
 0.00000000000 0.00000000000 0.00000000000 0.00000000000
# logsel_slope_fsh[1]:
 0.00000000000 0.00000000000 0.00000000000 0.00000000000 0.00000000000 0.00000000000 0.00000000000 0.00000000000 0.00000000000 0.00000000000 0.00000000000 0.00000000000 0.00000000000 0.00000000000 0.00000000000 0.00000000000 0.00000000000 0.00000000000 0.00000000000 0.00000000000 0.00000000000 0.00000000000 0.00000000000 0.00000000000 0.00000000000 0.00000000000 0.00000000000 0.00000000000 0.00000000000 0.00000000000 0.00000000000 0.00000000000 0.00000000000 0.00000000000 0.00000000000 0.00000000000 0.00000000000 0.00000000000
# logsel_slope_fsh[2]:
 0.00000000000 0.00000000000 0.00000000000 0.00000000000 0.00000000000 0.00000000000 0.00000000000 0.00000000000 0.00000000000 0.00000000000 0.00000000000 0.00000000000 0.00000000000 0.00000000000 0.00000000000 0.00000000000 0.00000000000 0.00000000000 0.00000000000 0.00000000000 0.00000000000 0.00000000000 0.00000000000 0.00000000000 0.00000000000 0.00000000000 0.00000000000 0.00000000000 0.00000000000 0.00000000000 0.00000000000 0.00000000000 0.00000000000 0.00000000000 0.00000000000 0.00000000000 0.00000000000 0.00000000000 0.00000000000
# logsel_slope_fsh[3]:
 0.00000000000 0.00000000000 0.00000000000 0.00000000000 0.00000000000 0.00000000000 0.00000000000 0.00000000000 0.00000000000 0.00000000000 0.00000000000 0.00000000000 0.00000000000 0.00000000000 0.00000000000 0.00000000000 0.00000000000 0.00000000000 0.00000000000 0.00000000000 0.00000000000 0.00000000000 0.00000000000 0.00000000000 0.00000000000 0.00000000000 0.00000000000 0.00000000000 0.00000000000 0.00000000000 0.00000000000 0.00000000000 0.00000000000 0.00000000000 0.00000000000 0.00000000000 0.00000000000 0.00000000000 0.00000000000 0.00000000000 0.00000000000 0.00000000000
# logsel_slope_fsh[4]:
 0.00000000000 0.00000000000 0.00000000000 0.00000000000 0.00000000000 0.00000000000 0.00000000000 0.00000000000 0.00000000000 0.00000000000 0.00000000000 0.00000000000 0.00000000000 0.00000000000 0.00000000000 0.00000000000 0.00000000000 0.00000000000 0.00000000000 0.00000000000 0.00000000000 0.00000000000 0.00000000000 0.00000000000 0.00000000000 0.00000000000 0.00000000000 0.00000000000 0.00000000000 0.00000000000 0.00000000000 0.00000000000 0.00000000000
# sel50_fsh[1]:
 0.00000000000 0.00000000000 0.00000000000 0.00000000000 0.00000000000 0.00000000000 0.00000000000 0.00000000000 0.00000000000 0.00000000000 0.00000000000 0.00000000000 0.00000000000 0.00000000000 0.00000000000 0.00000000000 0.00000000000 0.00000000000 0.00000000000 0.00000000000 0.00000000000 0.00000000000 0.00000000000 0.00000000000 0.00000000000 0.00000000000 0.00000000000 0.00000000000 0.00000000000 0.00000000000 0.00000000000 0.00000000000 0.00000000000 0.00000000000 0.00000000000 0.00000000000 0.00000000000 0.00000000000
# sel50_fsh[2]:
 0.00000000000 0.00000000000 0.00000000000 0.00000000000 0.00000000000 0.00000000000 0.00000000000 0.00000000000 0.00000000000 0.00000000000 0.00000000000 0.00000000000 0.00000000000 0.00000000000 0.00000000000 0.00000000000 0.00000000000 0.00000000000 0.00000000000 0.00000000000 0.00000000000 0.00000000000 0.00000000000 0.00000000000 0.00000000000 0.00000000000 0.00000000000 0.00000000000 0.00000000000 0.00000000000 0.00000000000 0.00000000000 0.00000000000 0.00000000000 0.00000000000 0.00000000000 0.00000000000 0.00000000000 0.00000000000
# sel50_fsh[3]:
 0.00000000000 0.00000000000 0.00000000000 0.00000000000 0.00000000000 0.00000000000 0.00000000000 0.00000000000 0.00000000000 0.00000000000 0.00000000000 0.00000000000 0.00000000000 0.00000000000 0.00000000000 0.00000000000 0.00000000000 0.00000000000 0.00000000000 0.00000000000 0.00000000000 0.00000000000 0.00000000000 0.00000000000 0.00000000000 0.00000000000 0.00000000000 0.00000000000 0.00000000000 0.00000000000 0.00000000000 0.00000000000 0.00000000000 0.00000000000 0.00000000000 0.00000000000 0.00000000000 0.00000000000 0.00000000000 0.00000000000 0.00000000000 0.00000000000
# sel50_fsh[4]:
 0.00000000000 0.00000000000 0.00000000000 0.00000000000 0.00000000000 0.00000000000 0.00000000000 0.00000000000 0.00000000000 0.00000000000 0.00000000000 0.00000000000 0.00000000000 0.00000000000 0.00000000000 0.00000000000 0.00000000000 0.00000000000 0.00000000000 0.00000000000 0.00000000000 0.00000000000 0.00000000000 0.00000000000 0.00000000000 0.00000000000 0.00000000000 0.00000000000 0.00000000000 0.00000000000 0.00000000000 0.00000000000 0.00000000000
# logsel_p1_fsh[1]:
 0.00000000000 0.00000000000 0.00000000000 0.00000000000 0.00000000000 0.00000000000 0.00000000000 0.00000000000 0.00000000000 0.00000000000 0.00000000000 0.00000000000 0.00000000000 0.00000000000 0.00000000000 0.00000000000 0.00000000000 0.00000000000 0.00000000000 0.00000000000 0.00000000000 0.00000000000 0.00000000000 0.00000000000 0.00000000000 0.00000000000 0.00000000000 0.00000000000 0.00000000000 0.00000000000 0.00000000000 0.00000000000 0.00000000000 0.00000000000 0.00000000000 0.00000000000 0.00000000000 0.00000000000
# logsel_p1_fsh[2]:
 0.00000000000 0.00000000000 0.00000000000 0.00000000000 0.00000000000 0.00000000000 0.00000000000 0.00000000000 0.00000000000 0.00000000000 0.00000000000 0.00000000000 0.00000000000 0.00000000000 0.00000000000 0.00000000000 0.00000000000 0.00000000000 0.00000000000 0.00000000000 0.00000000000 0.00000000000 0.00000000000 0.00000000000 0.00000000000 0.00000000000 0.00000000000 0.00000000000 0.00000000000 0.00000000000 0.00000000000 0.00000000000 0.00000000000 0.00000000000 0.00000000000 0.00000000000 0.00000000000 0.00000000000 0.00000000000
# logsel_p1_fsh[3]:
 0.00000000000 0.00000000000 0.00000000000 0.00000000000 0.00000000000 0.00000000000 0.00000000000 0.00000000000 0.00000000000 0.00000000000 0.00000000000 0.00000000000 0.00000000000 0.00000000000 0.00000000000 0.00000000000 0.00000000000 0.00000000000 0.00000000000 0.00000000000 0.00000000000 0.00000000000 0.00000000000 0.00000000000 0.00000000000 0.00000000000 0.00000000000 0.00000000000 0.00000000000 0.00000000000 0.00000000000 0.00000000000 0.00000000000 0.00000000000 0.00000000000 0.00000000000 0.00000000000 0.00000000000 0.00000000000 0.00000000000 0.00000000000 0.00000000000
# logsel_p1_fsh[4]:
 0.00000000000 0.00000000000 0.00000000000 0.00000000000 0.00000000000 0.00000000000 0.00000000000 0.00000000000 0.00000000000 0.00000000000 0.00000000000 0.00000000000 0.00000000000 0.00000000000 0.00000000000 0.00000000000 0.00000000000 0.00000000000 0.00000000000 0.00000000000 0.00000000000 0.00000000000 0.00000000000 0.00000000000 0.00000000000 0.00000000000 0.00000000000 0.00000000000 0.00000000000 0.00000000000 0.00000000000 0.00000000000 0.00000000000
# sel_p2_fsh[1]:
 0.00000000000 0.00000000000 0.00000000000 0.00000000000 0.00000000000 0.00000000000 0.00000000000 0.00000000000 0.00000000000 0.00000000000 0.00000000000 0.00000000000 0.00000000000 0.00000000000 0.00000000000 0.00000000000 0.00000000000 0.00000000000 0.00000000000 0.00000000000 0.00000000000 0.00000000000 0.00000000000 0.00000000000 0.00000000000 0.00000000000 0.00000000000 0.00000000000 0.00000000000 0.00000000000 0.00000000000 0.00000000000 0.00000000000 0.00000000000 0.00000000000 0.00000000000 0.00000000000 0.00000000000
# sel_p2_fsh[2]:
 0.00000000000 0.00000000000 0.00000000000 0.00000000000 0.00000000000 0.00000000000 0.00000000000 0.00000000000 0.00000000000 0.00000000000 0.00000000000 0.00000000000 0.00000000000 0.00000000000 0.00000000000 0.00000000000 0.00000000000 0.00000000000 0.00000000000 0.00000000000 0.00000000000 0.00000000000 0.00000000000 0.00000000000 0.00000000000 0.00000000000 0.00000000000 0.00000000000 0.00000000000 0.00000000000 0.00000000000 0.00000000000 0.00000000000 0.00000000000 0.00000000000 0.00000000000 0.00000000000 0.00000000000 0.00000000000
# sel_p2_fsh[3]:
 0.00000000000 0.00000000000 0.00000000000 0.00000000000 0.00000000000 0.00000000000 0.00000000000 0.00000000000 0.00000000000 0.00000000000 0.00000000000 0.00000000000 0.00000000000 0.00000000000 0.00000000000 0.00000000000 0.00000000000 0.00000000000 0.00000000000 0.00000000000 0.00000000000 0.00000000000 0.00000000000 0.00000000000 0.00000000000 0.00000000000 0.00000000000 0.00000000000 0.00000000000 0.00000000000 0.00000000000 0.00000000000 0.00000000000 0.00000000000 0.00000000000 0.00000000000 0.00000000000 0.00000000000 0.00000000000 0.00000000000 0.00000000000 0.00000000000
# sel_p2_fsh[4]:
 0.00000000000 0.00000000000 0.00000000000 0.00000000000 0.00000000000 0.00000000000 0.00000000000 0.00000000000 0.00000000000 0.00000000000 0.00000000000 0.00000000000 0.00000000000 0.00000000000 0.00000000000 0.00000000000 0.00000000000 0.00000000000 0.00000000000 0.00000000000 0.00000000000 0.00000000000 0.00000000000 0.00000000000 0.00000000000 0.00000000000 0.00000000000 0.00000000000 0.00000000000 0.00000000000 0.00000000000 0.00000000000 0.00000000000
# logsel_p3_fsh[1]:
 0.00000000000 0.00000000000 0.00000000000 0.00000000000 0.00000000000 0.00000000000 0.00000000000 0.00000000000 0.00000000000 0.00000000000 0.00000000000 0.00000000000 0.00000000000 0.00000000000 0.00000000000 0.00000000000 0.00000000000 0.00000000000 0.00000000000 0.00000000000 0.00000000000 0.00000000000 0.00000000000 0.00000000000 0.00000000000 0.00000000000 0.00000000000 0.00000000000 0.00000000000 0.00000000000 0.00000000000 0.00000000000 0.00000000000 0.00000000000 0.00000000000 0.00000000000 0.00000000000 0.00000000000
# logsel_p3_fsh[2]:
 0.00000000000 0.00000000000 0.00000000000 0.00000000000 0.00000000000 0.00000000000 0.00000000000 0.00000000000 0.00000000000 0.00000000000 0.00000000000 0.00000000000 0.00000000000 0.00000000000 0.00000000000 0.00000000000 0.00000000000 0.00000000000 0.00000000000 0.00000000000 0.00000000000 0.00000000000 0.00000000000 0.00000000000 0.00000000000 0.00000000000 0.00000000000 0.00000000000 0.00000000000 0.00000000000 0.00000000000 0.00000000000 0.00000000000 0.00000000000 0.00000000000 0.00000000000 0.00000000000 0.00000000000 0.00000000000
# logsel_p3_fsh[3]:
 0.00000000000 0.00000000000 0.00000000000 0.00000000000 0.00000000000 0.00000000000 0.00000000000 0.00000000000 0.00000000000 0.00000000000 0.00000000000 0.00000000000 0.00000000000 0.00000000000 0.00000000000 0.00000000000 0.00000000000 0.00000000000 0.00000000000 0.00000000000 0.00000000000 0.00000000000 0.00000000000 0.00000000000 0.00000000000 0.00000000000 0.00000000000 0.00000000000 0.00000000000 0.00000000000 0.00000000000 0.00000000000 0.00000000000 0.00000000000 0.00000000000 0.00000000000 0.00000000000 0.00000000000 0.00000000000 0.00000000000 0.00000000000 0.00000000000
# logsel_p3_fsh[4]:
 0.00000000000 0.00000000000 0.00000000000 0.00000000000 0.00000000000 0.00000000000 0.00000000000 0.00000000000 0.00000000000 0.00000000000 0.00000000000 0.00000000000 0.00000000000 0.00000000000 0.00000000000 0.00000000000 0.00000000000 0.00000000000 0.00000000000 0.00000000000 0.00000000000 0.00000000000 0.00000000000 0.00000000000 0.00000000000 0.00000000000 0.00000000000 0.00000000000 0.00000000000 0.00000000000 0.00000000000 0.00000000000 0.00000000000
# rec_dev_future:
 0.00000000000 0.00000000000 0.00000000000 0.00000000000 0.00000000000 0.00000000000 0.00000000000 0.00000000000 0.00000000000 0.00000000000 0.00000000000 0.00000000000 0.00000000000 0.00000000000 0.00000000000 0.00000000000 0.00000000000 0.00000000000 0.00000000000 0.00000000000
# log_q_ind[1]:
-0.100236478270
# log_q_ind[2]:
-2.94919393712
# log_q_ind[3]:
-9.57414470215
# log_q_ind[4]:
-0.685919680664
# log_q_ind[5]:
-6.19077160697
# log_q_ind[6]:
-8.45978332414
# log_q_ind[7]:
-1.03632666928
# log_q_power_ind[1]:
0.00000000000
# log_q_power_ind[2]:
0.00000000000
# log_q_power_ind[3]:
0.00000000000
# log_q_power_ind[4]:
0.00000000000
# log_q_power_ind[5]:
0.00000000000
# log_q_power_ind[6]:
0.00000000000
# log_q_power_ind[7]:
0.00000000000
# log_rw_q_ind[1]:
 -1.06422487696
# log_rw_q_ind[3]:
 -0.357374834231
# log_selcoffs_ind[1]:
 -3.15692876538 -1.98538459629 -0.867550614464 -0.0186218440473 0.406729891632 0.507809215036 0.421806945398 0.287895668926 0.194680535060 0.167027179678
 -3.13693877852 -2.26389596268 -1.42088012336 -0.645696796486 0.00328399488515 0.438238713903 0.602454275040 0.556330279604 0.438288454290 0.345480688903
# log_selcoffs_ind[2]:
 -1.28312737150 -0.592231663104 -0.110987603077 0.0927734958317 0.0588969040165 0.0262712371501 0.0816431034650 0.206635708535 0.313118839812 0.342173031486
 -1.07309930888 -0.465672384880 -0.109012374881 0.132779361075 0.228440176468 0.215269031183 0.157335623139 0.111013688710 0.0960485238575 0.100910571487
 -1.01056223806 -0.423167065800 -0.0190595485234 0.268421127683 0.358353141270 0.274647303537 0.113840597100 -0.0216366511490 -0.0828677369840 -0.0776173170289
# log_selcoffs_ind[3]:
 -0.202940821038 0.0202027052767 0.0202027052767 0.0202027052767 0.0202027052767 0.0202027052767 0.0202027052767 0.0202027052767 0.0202027052767 0.0202027052767
# log_selcoffs_ind[4]:
 -2.72894024295 -1.70853361125 -0.826998645285 -0.260224898582 -0.0100303104653 0.147606396796 0.290699004218 0.427272845910 0.534427657800 0.598485699763
 -3.34908528842 -2.45185491047 -1.57458065103 -0.817439049346 -0.245730503227 0.166293492013 0.445090679260 0.617056314447 0.661275376722 0.650075033175
# log_selcoffs_ind[5]:
 -3.04452005677 -0.669616569639 0.101782682789 0.174353368097 0.174353368097 0.174353368097 0.174353368097 0.174353368097 0.174353368097 0.174353368097
# log_selcoffs_ind[6]:
 -3.04452005677 -0.669616569639 0.101782682789 0.174353368097 0.174353368097 0.174353368097 0.174353368097 0.174353368097 0.174353368097 0.174353368097
# log_selcoffs_ind[7]:
 -3.04452005677 -0.669616569639 0.101782682789 0.174353368097 0.174353368097 0.174353368097 0.174353368097 0.174353368097 0.174353368097 0.174353368097
# logsel_slope_ind[1]:
 0.00000000000 0.00000000000
# logsel_slope_ind[2]:
 0.00000000000 0.00000000000 0.00000000000
# logsel_slope_ind[3]:
 0.00000000000
# logsel_slope_ind[4]:
 0.00000000000 0.00000000000
# logsel_slope_ind[5]:
 0.00000000000
# logsel_slope_ind[6]:
 0.00000000000
# logsel_slope_ind[7]:
 0.00000000000
# sel50_ind[1]:
 0.00000000000 0.00000000000
# sel50_ind[2]:
 0.00000000000 0.00000000000 0.00000000000
# sel50_ind[3]:
 0.00000000000
# sel50_ind[4]:
 0.00000000000 0.00000000000
# sel50_ind[5]:
 0.00000000000
# sel50_ind[6]:
 0.00000000000
# sel50_ind[7]:
 0.00000000000
# logsel_p1_ind[1]:
 0.00000000000 0.00000000000
# logsel_p1_ind[2]:
 0.00000000000 0.00000000000 0.00000000000
# logsel_p1_ind[3]:
 0.00000000000
# logsel_p1_ind[4]:
 0.00000000000 0.00000000000
# logsel_p1_ind[5]:
 0.00000000000
# logsel_p1_ind[6]:
 0.00000000000
# logsel_p1_ind[7]:
 0.00000000000
# sel_p2_ind[1]:
 0.00000000000 0.00000000000
# sel_p2_ind[2]:
 0.00000000000 0.00000000000 0.00000000000
# sel_p2_ind[3]:
 0.00000000000
# sel_p2_ind[4]:
 0.00000000000 0.00000000000
# sel_p2_ind[5]:
 0.00000000000
# sel_p2_ind[6]:
 0.00000000000
# sel_p2_ind[7]:
 0.00000000000
# logsel_p3_ind[1]:
 0.00000000000 0.00000000000
# logsel_p3_ind[2]:
 0.00000000000 0.00000000000 0.00000000000
# logsel_p3_ind[3]:
 0.00000000000
# logsel_p3_ind[4]:
 0.00000000000 0.00000000000
# logsel_p3_ind[5]:
 0.00000000000
# logsel_p3_ind[6]:
 0.00000000000
# logsel_p3_ind[7]:
 0.00000000000
