# Number of parameters = 1485 Objective function value = 1115.63683863749  Maximum gradient component = 0.00108059948594736
# Mest[1]:
0.280000000000
# log_Linf[1]:
4.38701417618
# log_k[1]:
-1.83258146375
# log_Lo[1]:
2.75684036527
# log_sdage[1]:
-2.40794560865
# mean_log_rec[1]:
9.39841169754
# steepness[1]:
0.650000000000
# log_Rzero[1]:
9.38685325027
# rec_dev:
 -0.0692280340805 -0.0895791496486 -0.115022815104 -0.146564478442 -0.185243750418 -0.231784290439 -0.285569520751 -0.345694137905 -0.414216093802 -0.490466345346 -0.568242265985 -0.636200444244 -0.706951915379 -0.781637298906 -0.898310708148 -0.896751817698 -0.568653908041 -0.356786534244 -0.0957553485297 0.202242409512 0.212626987621 0.176574782616 0.313732166436 0.498692019622 0.857671430564 0.597656186926 0.667942187692 1.47952187127 1.46032921962 0.844689393853 0.226629915809 0.477006496952 0.562993095590 0.767653216902 0.257061079737 0.223192304533 0.232614199480 0.220126784248 0.423228193772 0.428673751878 0.590811391110 0.667904691401 0.444303668893 0.491322746951 -0.0985490781237 -0.288365947326 -0.0573823748387 -0.518732975676 -1.69508627567 -0.677462714288 -0.143776411859 -0.143909340955 -0.586768319561 -0.651111946906 -1.10272061483 -0.00592158733378 -0.256744613246 -0.141640912051
# log_sigmar[1]:
-0.510825623766
# fmort:
 0.00817420339418 0.0123815286452 0.00597627208263 0.00828137200632 0.0178933914008 0.0249853331349 0.0347124345406 0.0341896194672 0.0683748700056 0.0635858105583 0.0490323788513 0.0724699795678 0.150561554180 0.0575406970398 0.133622016413 0.0728974775236 0.00644169360615 0.0237182484827 0.0157430720562 0.0138671041421 0.0124968344593 0.0170688128624 0.0183416351893 0.0219920306990 0.0140557204148 0.0187103148655 0.0280569918471 0.0101210168471 0.00303738020801 0.00553594585646 0.00823233623092 0.0172770174950 0.00752616985607 0.0115788209302 0.0131953216473 0.0194820067034 0.0200970951725 0.0315884354450 0.0546037605786 0.0354423427703 0.0356451808208 0.00580295263818 0.00216537113886 0.00398824385165 0.00379565505107 0.00383855810663 0.00215752854976
 0.000753041423320 0.00117236519561 0.00188852504168 0.00344849626806 0.00281168821628 0.00577624877795 0.00968343174256 0.0135751904091 0.0222915098916 0.0278420138153 0.0313439842384 0.0665529753366 0.0847427441659 0.0626552686976 0.0919992201624 0.136454300948 0.168832898523 0.225840637613 0.279757547868 0.324356926837 0.341091812924 0.419602925796 0.548978746769 0.576237458188 0.692788943153 0.893751352177 0.840818252278 0.844280267341 0.516287032918 0.333478662203 0.223917783584 0.256437478028 0.280597368776 0.262024096692 0.262187647612 0.264013088628 0.277058249553 0.347288528785 0.313071087260 0.439985896653 0.253809673240 0.173030635563 0.108160568027 0.0996420541213 0.111184421635 0.134030636326 0.120446273118
 0.000224789865396 0.000471228316717 0.00118494240642 0.00284858294841 0.00957898903481 0.00317595280354 0.00465566407312 0.0467106179661 0.0332799606697 0.0246495378262 0.0256778836364 0.0247802454529 0.00876194824611 0.00679475991777 0.00904178009782 0.00446299394951 0.00174603507850 0.00156662711753 0.00557418728084 0.00566460326122 0.00740764418234 0.00614827121736 0.00380102486461 0.00448265923160 0.00740690853362 0.0271517582643 0.0363533756816 0.0665695809817 0.0423151127854 0.0150578721009 0.0167962961186 0.0432619150188 0.00719883314239 0.0100336673836 0.00894519607244 0.00511468361262 0.0214738102602 0.0224337103940 0.0211636625203 0.0156787162596 0.00369946690434 0.0305085739373 0.0135191664420 0.00618413929538 0.00669050456993 0.00212566069942 0.00103833295194
 6.14140627891e-05 6.41272863777e-05 0.000370876080220 7.12470531058e-05 7.61270988439e-05 8.24127696397e-05 9.40013756037e-05 0.000229222480089 0.00595144425371 0.0521737147130 0.0590488133438 0.0937015451597 0.211514375057 0.353251277754 0.513910148429 0.396426713040 0.324565645385 0.237856893977 0.171476528907 0.125287185516 0.0931895544657 0.0502272763777 0.00383226530433 0.000114942591184 0.000137101558405 0.000183506242561 0.000266786522056 0.000389723845414 0.000479994802527 0.000448389541217 0.000772001887739 0.00511640252546 0.0157099179927 0.0269777435818 0.0477667255616 0.0405460737891 0.0652896743975 0.0994945669521 0.124169897263 0.171661655161 0.154447507592 0.0417888672899 0.0260859566861 0.0245114285712 0.0329505765908 0.0331517151817 0.0164492829195
# log_selcoffs_fsh[1]:
 -3.78307748155 -2.18016391601 -1.15964444571 -0.124806748904 0.779499649373 1.00791542958 0.439199870299 -0.290443084000 -0.802298822118
 -3.31975435804 -1.69015712977 -1.00633487008 -0.195082442595 0.638969572436 0.933552624241 0.522713685652 -0.107089430347 -0.565767704950
 -2.97197365437 -1.52791766602 -0.737509665590 0.0251620962526 0.614670045706 0.771157960053 0.460773942856 -0.0322177231498 -0.410807448634
 -2.56744496929 -1.29162738933 -0.672903417713 -0.0773258611089 0.646316779850 0.754143780080 0.402246599279 -0.0337427297141 -0.333596304744
 -1.95698564949 -0.409360866808 -0.127860925899 0.0931581191290 0.342686954390 0.466657607017 0.312322874422 0.0290911968223 -0.201463680464
 -1.87035070425 -0.627741318587 0.369474505293 0.577576433756 0.254359870379 0.128783577170 0.0236464836934 -0.135557709413 -0.275478976756
 -1.57660907075 -0.517210598066 0.432948934469 0.704500195705 0.292924257405 -0.0113136718112 -0.169530779026 -0.277136316395 -0.354665766258
 -1.13632834783 -0.312646683481 0.462931490484 0.756538805788 0.243920446729 -0.114277318863 -0.307339645008 -0.394691512107 -0.430257423844
 -0.802233437204 0.165690367089 0.392611297360 0.540202796196 0.324155778878 -0.119546335041 -0.387403764706 -0.482941707518 -0.497087063410
 -0.577915613840 0.365507236316 0.522339224501 0.530493391090 0.143990596836 -0.274145847082 -0.523087693609 -0.595836335381 -0.592275568279
 -0.0657667772002 0.885584892391 0.445766964536 0.155216380126 -0.213586592925 -0.508588549178 -0.672970077252 -0.712283682351 -0.693325268729
 0.156045854602 0.831647996713 0.606933402177 0.148044792455 -0.394663202295 -0.669410347132 -0.791371423655 -0.812330857966 -0.783738565733
 -0.130009959104 1.12393090036 0.653874755001 -0.0616776701759 -0.601186169449 -0.840710915818 -0.921181261356 -0.925724752450 -0.896568970923
 0.184489139499 1.11219937438 0.622582352240 -0.118692339576 -0.704156224094 -0.933253508694 -0.999369890450 -0.996433960359 -0.969063252325
 0.158828163172 1.20648089270 0.575304123211 -0.180775137919 -0.760656763989 -0.999085639203 -1.06970779367 -1.06897704328 -1.04463105092
 -0.233659484611 1.26703078671 0.705776678001 -0.145483330841 -0.795605455425 -1.05326655618 -1.13465113534 -1.13954411929 -1.11948981484
 -0.128613550439 1.31992449112 0.627218592616 -0.194899341215 -0.835374657433 -1.09743509085 -1.18516938665 -1.19678042662 -1.18111402202
 0.461540866977 1.11840439917 0.659407765149 -0.223063793362 -0.872304700906 -1.13198558096 -1.22142576534 -1.23628596383 -1.22364965467
 0.827476815844 1.09380114236 0.401913032640 -0.347577512559 -0.938913558283 -1.18974734174 -1.27841350542 -1.29347506854 -1.28144637468
 0.486349922180 1.24356647991 0.562089443043 -0.342011579792 -0.995234727746 -1.25304771049 -1.33680947383 -1.34811234934 -1.33440487436
 0.601107902883 1.29402987393 0.428886062221 -0.447442673860 -1.06996558669 -1.31840845525 -1.39716552944 -1.40357257072 -1.38628250263
 0.490337148253 1.33157968931 0.532885615430 -0.501100812623 -1.15367705929 -1.38747397370 -1.45480699270 -1.45537858522 -1.43351296277
 0.677339734281 1.25578467631 0.507654421594 -0.470813282017 -1.16105778408 -1.41844533371 -1.49280969163 -1.49316068323 -1.46861732901
 0.439809050004 1.39281183054 0.465718291782 -0.483573838489 -1.15371263374 -1.42937337085 -1.52207577887 -1.52987984980 -1.50526784702
 0.690420995266 1.27338142935 0.439092854228 -0.426309480976 -1.09534318537 -1.40671330375 -1.52532373522 -1.54466286756 -1.52320805757
 0.651552676116 1.24400940620 0.467066338505 -0.275787984119 -1.03081688543 -1.38262497809 -1.51450830089 -1.54350471446 -1.53005539718
 0.0338535625991 1.31928459243 0.702938060394 -0.111626953892 -0.951576272223 -1.33291255479 -1.48324216803 -1.52682924006 -1.52876643205
 0.248226602424 1.26380210118 0.695478787721 -0.184986095231 -0.933875642969 -1.29117941546 -1.44689017872 -1.50581128146 -1.52095955222
 1.31636682146 0.777109182018 0.154460641422 -0.474463931761 -1.02615343812 -1.30502029690 -1.44211942005 -1.50354596714 -1.52594270290
 1.02008768172 1.19745347194 0.125974217314 -0.662873421145 -1.12135755569 -1.33120477484 -1.44454685283 -1.50306188017 -1.52799168493
 0.975956519841 1.24792212423 0.107301841239 -0.695956675627 -1.14587295169 -1.34796956813 -1.45032945348 -1.50428720554 -1.52809687662
 0.774245322959 1.26828126957 0.333666574569 -0.508327928131 -1.08399989340 -1.33523921605 -1.44794710663 -1.49869024652 -1.51905081937
 0.353312557737 1.16086238610 0.778172119840 -0.169887203356 -0.913395556310 -1.28507039768 -1.43770410400 -1.49036550585 -1.50626583815
# log_selcoffs_fsh[2]:
 -2.26927899510 -0.360379636493 0.434093518766 0.805061687493 0.605318460309 0.134948537786 -0.230454672017 -0.473865940354 -0.616702940301 -0.721533109590
 -2.18331733963 -0.306050107447 -0.339433766919 0.263169526478 0.718297892889 0.604957133732 0.156395262704 -0.228525120289 -0.407788070231 -0.469148052774
 -2.70639837577 -0.906350892039 -0.472425720102 0.0448486693618 0.618197498929 0.707971090365 0.332455640111 -0.0430302855225 -0.197634102336 -0.221294883208
 -3.12078418772 -1.55866816004 -0.700508916533 -0.198762984814 0.441877223039 0.738522803514 0.417273625101 0.129601050308 0.0489031485575 0.0719553256830
 -2.74660749429 -1.14971529029 -1.10587103895 -0.612163799424 0.186412835500 0.593682973303 0.428457250275 0.292123356163 0.317782990361 0.393548165197
 -2.41836913970 -1.23881126401 -0.985378602194 -0.903837657588 -0.405663553205 0.0603663805659 0.302519499850 0.471466953988 0.657372503431 0.801468794922
 -3.08255429611 -1.82643665228 -0.896282066314 -0.701258147532 -0.603708100171 -0.280198248800 0.103893138441 0.469573871033 0.785256691898 0.987661467849
 -3.62500893548 -2.63884686818 -1.84609590148 -1.07275013786 -0.455655462351 -0.0720238188386 0.230195044304 0.458751393509 0.790668934950 1.02662720305
 -3.87674037137 -2.87714939343 -2.24329197054 -1.51594315644 -0.628152777877 -0.0339746724576 0.359112098859 0.630970961245 0.818688418491 0.923500204624
 -3.96192341916 -2.72337347539 -2.03175064886 -1.53646162696 -1.03000163891 -0.316707756268 0.286317627069 0.795056422598 0.969020636104 0.833813110936
 -3.79453750432 -2.28930644575 -1.52992433901 -1.12369675893 -0.791844065038 -0.522475581076 0.0405218532502 0.693420606931 0.991090518337 0.937038362231
 -3.69351882739 -2.19692680212 -1.35503662571 -0.906196349671 -0.601218759262 -0.296773139538 0.219673145624 0.643559374360 0.852008208845 0.882674758735
 -3.37229692199 -1.50692788934 -0.888325888097 -0.503316939269 -0.275260206528 -0.231716526399 0.140395927380 0.473178740771 0.724744372497 0.856824034663
 -2.94253017788 -1.19547059026 -0.510361375463 -0.254944684011 -0.184815781231 -0.0935112253895 0.134917034786 0.385558182028 0.602106344272 0.735557817742
 -2.57069136046 -0.507930358307 -0.286034287080 -0.267026004882 -0.333547607743 -0.205473842470 0.0908661757398 0.349728741424 0.566471765017 0.692348910622
 -2.24599187907 -0.247673415298 -0.251708921278 -0.355435692387 -0.445421910391 -0.303932588420 0.00476414299501 0.303501379155 0.572050187912 0.754004177051
 -1.82963095666 -0.269083981015 -0.267413948139 -0.336822671069 -0.478724176230 -0.408996666781 -0.113421608071 0.235740859164 0.592103187087 0.852609409212
 -2.01769230906 -0.251554979066 -0.0376447429574 -0.203853847610 -0.431131741411 -0.415005205831 -0.149620818464 0.206428182456 0.537524989674 0.787830690537
 -2.16358516262 -0.397572473047 0.00362173746649 -0.128585064671 -0.379335999233 -0.362870849244 -0.102171689322 0.235726476468 0.535448484679 0.729123608662
 -2.29575482917 -0.615871133871 -0.278936820937 -0.141826348916 -0.309171858851 -0.309587897852 -0.0442359251416 0.302269993855 0.591523021158 0.765741527462
 -2.38610363317 -0.812029732616 -0.266666558012 -0.0887300348172 -0.269168849934 -0.340419885413 -0.101778704759 0.278887051933 0.605561320660 0.811099966805
 -2.66231245749 -0.889659918778 -0.323020741270 0.0145733015869 -0.127922036851 -0.220150998619 -0.0468003721580 0.240891987919 0.543617921455 0.765268430480
 -3.00868762198 -1.47597974257 -0.435226402866 0.109193571086 0.129691170115 -0.0260165605080 0.0585003031123 0.247238531251 0.459531164246 0.653748940373
 -3.22228686869 -1.86195885856 -0.827860235761 -0.0745917931777 0.285044556791 0.223646754819 0.297419600225 0.379257185746 0.415827348481 0.429187658882
 -3.35432755136 -1.75757088959 -0.855694958796 -0.380369784378 0.0776489403324 0.326239523106 0.436217721797 0.519654470907 0.441852108859 0.360216290700
 -3.56185562656 -2.13728383615 -1.22327126135 -0.264029258119 0.192374445310 0.355608533450 0.424296206970 0.519122355587 0.448101232458 0.320520937309
 -3.92209160445 -2.02547405771 -1.17586481205 -0.194021183721 0.289410609032 0.420556633704 0.457470247380 0.487338955297 0.356409371067 0.199985917468
 -4.17576072299 -2.02028072586 -1.10910730236 -0.239330922044 0.170013083816 0.275421440777 0.647021124646 0.576135159403 0.312893299425 0.162320358870
 -4.11157806892 -2.71830221721 -1.72476033760 -0.295604122337 0.301363933968 0.283361407453 0.595701516225 0.462143755809 0.390571218692 0.362172205670
 -3.95224506938 -2.26201505493 -1.10938672644 -0.272816611203 0.516541133515 0.340630801574 0.229061022149 0.223624194413 0.374926704617 0.554285022288
 -3.53362305594 -1.55151061551 -0.532876000245 -0.275592659659 -0.268609131350 -0.283844025064 -0.105753897248 0.189583182395 0.641153604634 1.06071966342
 -3.40288119057 -1.45765154356 -0.761517733721 -0.542594215109 -0.633750341149 -0.667260620401 -0.470144272001 0.0909170852755 0.747038792235 1.33794503803
 -2.71608194615 -1.14365979214 -0.729323014158 -0.873163216173 -0.898054942010 -1.02253152710 -0.816382179434 -0.0990114341498 0.821030812034 1.46503761375
 -2.53307801439 -1.27796676761 -0.708785904939 -0.756359956277 -0.891634436483 -0.955598803191 -0.687697385459 -0.0116614627792 0.826235043049 1.41341398983
# log_selcoffs_fsh[3]:
 -1.19929402903 -0.412923113809 1.08971278082 0.585629319281 -0.350559614254 -1.08961354046 -1.48413279092
 -1.55852001992 -0.426441588140 1.14756285180 0.560363809327 -0.390179787147 -1.10489649874 -1.48399809143
 -1.18750836069 -0.371510446279 1.07007765849 0.576924189966 -0.326689868676 -1.04673116413 -1.44063268158
 -2.16096475280 -0.639069040686 1.20194642425 0.555219393506 -0.347526644102 -1.05419091902 -1.45591752480
 -2.52694336175 -0.705393128171 1.11288091199 0.662475255910 -0.191554344460 -0.970038268791 -1.43238321962
 -2.67919730636 -0.900222545680 0.776312257811 0.970481230693 0.0498365801126 -0.875287879136 -1.40893010799
 -2.67708914024 -0.853022442080 0.700719220863 1.01103661612 0.0651297854528 -0.852366332564 -1.39529721569
 -2.40694985041 -0.317493206045 0.898853346054 0.722287025008 -0.0260569634006 -0.828080810458 -1.36707759831
 -2.10591962698 -0.0907844137929 0.716779483628 0.752123890629 0.0791291906096 -0.784826221240 -1.35797912068
 -1.95579103738 0.197536634215 0.847259733976 0.564259358562 -0.104652093818 -0.896480382050 -1.42661886542
 -2.11813580741 -0.340255610897 0.942833610337 0.812872926778 -0.227159784673 -1.07647727342 -1.56567203519
 -2.22091616645 -0.405265975310 0.934670524024 0.861974564025 -0.214650216671 -1.15525238674 -1.66768534297
 -2.22076285572 -0.344092043154 1.08948454844 0.717759681234 -0.362997148376 -1.25144347420 -1.72399140809
 -1.99558930891 0.311430701243 1.06244269293 0.436016546895 -0.497431960387 -1.29907168094 -1.72681623735
 -2.00423339029 -0.0411145948929 1.17752665450 0.495437971104 -0.548677625278 -1.33942717711 -1.72453242335
 -2.02267456312 -0.0237915567012 1.29098878384 0.312115662506 -0.746581548661 -1.43414958065 -1.73605268967
 -1.95143333918 0.291176663891 1.22342070492 0.254809115484 -0.838008259665 -1.49213977906 -1.75182490803
 -1.93793105819 0.326983112822 1.23844538549 0.193343764987 -0.859044135683 -1.52751389579 -1.80160560415
 -1.64499222696 0.863568287322 0.936407943229 0.0884022231764 -0.864344057728 -1.54122464035 -1.85341299765
 -1.47800523673 0.887982722272 0.938706434690 0.0253492068505 -0.907583376332 -1.57635848038 -1.90303379381
 -1.40021864396 0.933058304234 0.933826773762 -0.0500604927252 -0.974649294461 -1.62738396073 -1.95179743564
 -1.40040145880 0.800117186014 1.04625718934 -0.0191283693984 -0.996422348725 -1.65415666157 -1.97169845735
 -1.42461504635 0.247426877355 1.31116381485 0.0597235396447 -0.984305994771 -1.64914788067 -1.96092279774
 -1.23093848896 0.609802021830 1.10302507979 0.112737364111 -0.910653429566 -1.63402839227 -1.98118438323
 -1.16560665442 0.251204600815 1.19220763387 0.305635279062 -0.839215474430 -1.65687604698 -2.05512294316
 -1.02537551041 0.744987029655 0.773038141776 0.457869554362 -0.723082559060 -1.67724764313 -2.15639431483
 -1.38963921375 0.717804290217 1.03624556066 0.164982350209 -0.850741149840 -1.75324122089 -2.27681259566
 -1.72264818133 0.273478020780 1.29786225741 0.181639670302 -0.940383416378 -1.82536967098 -2.35810125509
 -2.08824345769 -0.0798717057500 1.34755112410 0.358195087083 -0.861891966110 -1.83795786105 -2.37924100637
 -2.27058171008 -0.236538418170 0.919901010493 1.02726604351 -0.604739439508 -1.79747164137 -2.37517794434
 -2.05350931931 0.671285345253 0.819220193560 0.612186679781 -0.623677961135 -1.75962905611 -2.36769107962
 -2.06937394613 0.175151461333 1.30291889541 0.289672279677 -0.874750729235 -1.84201032447 -2.39874393254
 -2.10013757690 -0.189370070807 1.39845137408 0.307256910320 -0.925387452942 -1.87657255125 -2.38625897905
 -1.99348160777 -0.0143347945604 1.20841637325 0.621867049811 -0.873343771111 -1.87328140509 -2.34070043312
 -1.99509322475 0.0293333677455 1.39525168321 0.190802302285 -1.06688223845 -1.91984188542 -2.32984367527
 -1.61109809356 0.804769063682 1.06921561970 0.0567195899008 -1.07059796435 -1.90301831877 -2.29483801628
 -1.42825233735 0.829115336030 0.996973080177 0.137692700365 -1.03484653842 -1.88108733068 -2.26733928704
# log_selcoffs_fsh[4]:
 -3.33551863988 -2.76449207050 -2.16932042720 -1.52961059282 -0.847722663009 -0.159955956286 0.457141123437 0.918690353850 1.16452230931
 -3.32624966418 -2.76050238026 -2.16932237225 -1.53250076318 -0.852367663803 -0.164853042776 0.455349219260 0.919805808446 1.16646192225
 -3.30881613231 -2.75255138690 -2.17105693842 -1.53717117518 -0.858828836053 -0.169047969788 0.455569323309 0.920986508807 1.16741229360
 -3.28180816634 -2.73809609641 -2.17130564156 -1.55318360170 -0.872092763343 -0.171427321626 0.460262722117 0.924759044372 1.16497920046
 -3.24269222925 -2.70222594698 -2.15411538968 -1.55759808358 -0.901893046737 -0.186102224122 0.469970539083 0.933307943709 1.15951751064
 -3.19137849710 -2.64517917246 -2.11219996158 -1.54278658340 -0.890004470132 -0.182111356120 0.479635946196 0.937421387346 1.14425427016
 -3.13602240025 -2.58187937648 -2.02117075485 -1.47168596239 -0.854447145340 -0.142394273225 0.506895983869 0.932267623259 1.10713714350
 -3.06852171147 -2.51276757467 -1.94589618155 -1.35892723664 -0.753719223505 -0.0978289726920 0.512959046844 0.915047914200 1.07436503082
 -2.96797253524 -2.39903317196 -1.84882664067 -1.27734759142 -0.654016033589 -0.0274247948596 0.525042358560 0.884322365613 1.03560662577
 -2.84937533981 -2.23134244043 -1.64504318592 -1.13528346299 -0.598815607607 -0.00564204407040 0.513635899176 0.858407774282 1.01007472014
 -2.73492740890 -2.06109330474 -1.41459565236 -0.869796984513 -0.464041927471 -0.0276462559435 0.452418873410 0.815981759303 0.997225852056
 -2.64184709373 -1.93909162486 -1.24594375307 -0.646420434330 -0.235315246981 0.0265935998750 0.368693405972 0.735467648736 0.964614104804
 -2.57691171616 -1.85752126796 -1.16730541291 -0.554777529777 -0.111623948469 0.148958331151 0.374903760917 0.661641118982 0.889824243323
 -2.52266450654 -1.78747437184 -1.09483831717 -0.507814787773 -0.0817611526187 0.197150984046 0.420308546748 0.644247956838 0.810736304405
 -2.47501399207 -1.71883894637 -1.01738833507 -0.441007273785 -0.0301403503195 0.238582292242 0.438443439418 0.614878876993 0.738194855260
 -2.43846202837 -1.65226515149 -0.933086477593 -0.360846687169 0.0319892895164 0.273999038486 0.439090931955 0.576215833658 0.669037379837
 -2.41427507059 -1.58415852079 -0.837735962109 -0.267225509005 0.0960391849931 0.297640447932 0.425352920722 0.531909775832 0.602931507664
 -2.40747922015 -1.50809192996 -0.700520832220 -0.144963140698 0.180102964714 0.293853298239 0.379177734257 0.468315603482 0.548082995200
 -2.42318297385 -1.47289430372 -0.557455824719 -0.00994682541850 0.207906142871 0.306250415171 0.324723546123 0.411102276777 0.493345008518
 -2.45288177806 -1.50766771281 -0.577231672641 0.140941780248 0.277226413321 0.260657695626 0.297257784708 0.361862931447 0.457619768119
 -2.46636119541 -1.59229371639 -0.735488370819 0.0284638027402 0.376950401588 0.309947552163 0.281391448472 0.375991351824 0.470573475544
 -2.41752951334 -1.65581195036 -0.909374378298 -0.250515858017 0.270208650870 0.375814689051 0.388950120685 0.454767243778 0.542959840806
 -2.32006282785 -1.66115894680 -1.02104094679 -0.473720291848 -0.0306550675669 0.260543910627 0.442920520821 0.606960136013 0.727245705486
 -2.22687144955 -1.68052056405 -1.17870397420 -0.716159847391 -0.293989081974 0.0847166852555 0.418716651524 0.718729269381 0.917900742695
 -2.13497395353 -1.66276132727 -1.24077079067 -0.874176889768 -0.508077766226 -0.0969458012536 0.348639762736 0.775651535298 1.06034596099
 -2.05700812237 -1.61502599906 -1.25460651379 -0.962194625147 -0.661884168439 -0.269017410559 0.248686489126 0.794733614442 1.17243193099
 -1.96440597032 -1.54332948548 -1.21288975587 -0.986943670677 -0.691003112935 -0.346717021883 0.158701297660 0.775619338456 1.23082063094
 -1.95533549659 -1.56703571491 -1.24344494864 -0.984784676286 -0.696854546013 -0.322094039846 0.193765252022 0.781966829319 1.21359238097
# log_sel_spl_fsh[1]:
 0.00000000000 0.00000000000 0.00000000000 0.00000000000
 0.00000000000 0.00000000000 0.00000000000 0.00000000000
 0.00000000000 0.00000000000 0.00000000000 0.00000000000
 0.00000000000 0.00000000000 0.00000000000 0.00000000000
 0.00000000000 0.00000000000 0.00000000000 0.00000000000
 0.00000000000 0.00000000000 0.00000000000 0.00000000000
 0.00000000000 0.00000000000 0.00000000000 0.00000000000
 0.00000000000 0.00000000000 0.00000000000 0.00000000000
 0.00000000000 0.00000000000 0.00000000000 0.00000000000
 0.00000000000 0.00000000000 0.00000000000 0.00000000000
 0.00000000000 0.00000000000 0.00000000000 0.00000000000
 0.00000000000 0.00000000000 0.00000000000 0.00000000000
 0.00000000000 0.00000000000 0.00000000000 0.00000000000
 0.00000000000 0.00000000000 0.00000000000 0.00000000000
 0.00000000000 0.00000000000 0.00000000000 0.00000000000
 0.00000000000 0.00000000000 0.00000000000 0.00000000000
 0.00000000000 0.00000000000 0.00000000000 0.00000000000
 0.00000000000 0.00000000000 0.00000000000 0.00000000000
 0.00000000000 0.00000000000 0.00000000000 0.00000000000
 0.00000000000 0.00000000000 0.00000000000 0.00000000000
 0.00000000000 0.00000000000 0.00000000000 0.00000000000
 0.00000000000 0.00000000000 0.00000000000 0.00000000000
 0.00000000000 0.00000000000 0.00000000000 0.00000000000
 0.00000000000 0.00000000000 0.00000000000 0.00000000000
 0.00000000000 0.00000000000 0.00000000000 0.00000000000
 0.00000000000 0.00000000000 0.00000000000 0.00000000000
 0.00000000000 0.00000000000 0.00000000000 0.00000000000
 0.00000000000 0.00000000000 0.00000000000 0.00000000000
 0.00000000000 0.00000000000 0.00000000000 0.00000000000
 0.00000000000 0.00000000000 0.00000000000 0.00000000000
 0.00000000000 0.00000000000 0.00000000000 0.00000000000
 0.00000000000 0.00000000000 0.00000000000 0.00000000000
 0.00000000000 0.00000000000 0.00000000000 0.00000000000
# log_sel_spl_fsh[2]:
 0.00000000000 0.00000000000 0.00000000000 0.00000000000
 0.00000000000 0.00000000000 0.00000000000 0.00000000000
 0.00000000000 0.00000000000 0.00000000000 0.00000000000
 0.00000000000 0.00000000000 0.00000000000 0.00000000000
 0.00000000000 0.00000000000 0.00000000000 0.00000000000
 0.00000000000 0.00000000000 0.00000000000 0.00000000000
 0.00000000000 0.00000000000 0.00000000000 0.00000000000
 0.00000000000 0.00000000000 0.00000000000 0.00000000000
 0.00000000000 0.00000000000 0.00000000000 0.00000000000
 0.00000000000 0.00000000000 0.00000000000 0.00000000000
 0.00000000000 0.00000000000 0.00000000000 0.00000000000
 0.00000000000 0.00000000000 0.00000000000 0.00000000000
 0.00000000000 0.00000000000 0.00000000000 0.00000000000
 0.00000000000 0.00000000000 0.00000000000 0.00000000000
 0.00000000000 0.00000000000 0.00000000000 0.00000000000
 0.00000000000 0.00000000000 0.00000000000 0.00000000000
 0.00000000000 0.00000000000 0.00000000000 0.00000000000
 0.00000000000 0.00000000000 0.00000000000 0.00000000000
 0.00000000000 0.00000000000 0.00000000000 0.00000000000
 0.00000000000 0.00000000000 0.00000000000 0.00000000000
 0.00000000000 0.00000000000 0.00000000000 0.00000000000
 0.00000000000 0.00000000000 0.00000000000 0.00000000000
 0.00000000000 0.00000000000 0.00000000000 0.00000000000
 0.00000000000 0.00000000000 0.00000000000 0.00000000000
 0.00000000000 0.00000000000 0.00000000000 0.00000000000
 0.00000000000 0.00000000000 0.00000000000 0.00000000000
 0.00000000000 0.00000000000 0.00000000000 0.00000000000
 0.00000000000 0.00000000000 0.00000000000 0.00000000000
 0.00000000000 0.00000000000 0.00000000000 0.00000000000
 0.00000000000 0.00000000000 0.00000000000 0.00000000000
 0.00000000000 0.00000000000 0.00000000000 0.00000000000
 0.00000000000 0.00000000000 0.00000000000 0.00000000000
 0.00000000000 0.00000000000 0.00000000000 0.00000000000
 0.00000000000 0.00000000000 0.00000000000 0.00000000000
# log_sel_spl_fsh[3]:
 0.00000000000 0.00000000000 0.00000000000 0.00000000000
 0.00000000000 0.00000000000 0.00000000000 0.00000000000
 0.00000000000 0.00000000000 0.00000000000 0.00000000000
 0.00000000000 0.00000000000 0.00000000000 0.00000000000
 0.00000000000 0.00000000000 0.00000000000 0.00000000000
 0.00000000000 0.00000000000 0.00000000000 0.00000000000
 0.00000000000 0.00000000000 0.00000000000 0.00000000000
 0.00000000000 0.00000000000 0.00000000000 0.00000000000
 0.00000000000 0.00000000000 0.00000000000 0.00000000000
 0.00000000000 0.00000000000 0.00000000000 0.00000000000
 0.00000000000 0.00000000000 0.00000000000 0.00000000000
 0.00000000000 0.00000000000 0.00000000000 0.00000000000
 0.00000000000 0.00000000000 0.00000000000 0.00000000000
 0.00000000000 0.00000000000 0.00000000000 0.00000000000
 0.00000000000 0.00000000000 0.00000000000 0.00000000000
 0.00000000000 0.00000000000 0.00000000000 0.00000000000
 0.00000000000 0.00000000000 0.00000000000 0.00000000000
 0.00000000000 0.00000000000 0.00000000000 0.00000000000
 0.00000000000 0.00000000000 0.00000000000 0.00000000000
 0.00000000000 0.00000000000 0.00000000000 0.00000000000
 0.00000000000 0.00000000000 0.00000000000 0.00000000000
 0.00000000000 0.00000000000 0.00000000000 0.00000000000
 0.00000000000 0.00000000000 0.00000000000 0.00000000000
 0.00000000000 0.00000000000 0.00000000000 0.00000000000
 0.00000000000 0.00000000000 0.00000000000 0.00000000000
 0.00000000000 0.00000000000 0.00000000000 0.00000000000
 0.00000000000 0.00000000000 0.00000000000 0.00000000000
 0.00000000000 0.00000000000 0.00000000000 0.00000000000
 0.00000000000 0.00000000000 0.00000000000 0.00000000000
 0.00000000000 0.00000000000 0.00000000000 0.00000000000
 0.00000000000 0.00000000000 0.00000000000 0.00000000000
 0.00000000000 0.00000000000 0.00000000000 0.00000000000
 0.00000000000 0.00000000000 0.00000000000 0.00000000000
 0.00000000000 0.00000000000 0.00000000000 0.00000000000
 0.00000000000 0.00000000000 0.00000000000 0.00000000000
 0.00000000000 0.00000000000 0.00000000000 0.00000000000
 0.00000000000 0.00000000000 0.00000000000 0.00000000000
# log_sel_spl_fsh[4]:
 0.00000000000 0.00000000000 0.00000000000 0.00000000000
 0.00000000000 0.00000000000 0.00000000000 0.00000000000
 0.00000000000 0.00000000000 0.00000000000 0.00000000000
 0.00000000000 0.00000000000 0.00000000000 0.00000000000
 0.00000000000 0.00000000000 0.00000000000 0.00000000000
 0.00000000000 0.00000000000 0.00000000000 0.00000000000
 0.00000000000 0.00000000000 0.00000000000 0.00000000000
 0.00000000000 0.00000000000 0.00000000000 0.00000000000
 0.00000000000 0.00000000000 0.00000000000 0.00000000000
 0.00000000000 0.00000000000 0.00000000000 0.00000000000
 0.00000000000 0.00000000000 0.00000000000 0.00000000000
 0.00000000000 0.00000000000 0.00000000000 0.00000000000
 0.00000000000 0.00000000000 0.00000000000 0.00000000000
 0.00000000000 0.00000000000 0.00000000000 0.00000000000
 0.00000000000 0.00000000000 0.00000000000 0.00000000000
 0.00000000000 0.00000000000 0.00000000000 0.00000000000
 0.00000000000 0.00000000000 0.00000000000 0.00000000000
 0.00000000000 0.00000000000 0.00000000000 0.00000000000
 0.00000000000 0.00000000000 0.00000000000 0.00000000000
 0.00000000000 0.00000000000 0.00000000000 0.00000000000
 0.00000000000 0.00000000000 0.00000000000 0.00000000000
 0.00000000000 0.00000000000 0.00000000000 0.00000000000
 0.00000000000 0.00000000000 0.00000000000 0.00000000000
 0.00000000000 0.00000000000 0.00000000000 0.00000000000
 0.00000000000 0.00000000000 0.00000000000 0.00000000000
 0.00000000000 0.00000000000 0.00000000000 0.00000000000
 0.00000000000 0.00000000000 0.00000000000 0.00000000000
 0.00000000000 0.00000000000 0.00000000000 0.00000000000
# logsel_slope_fsh[1]:
 0.00000000000 0.00000000000 0.00000000000 0.00000000000 0.00000000000 0.00000000000 0.00000000000 0.00000000000 0.00000000000 0.00000000000 0.00000000000 0.00000000000 0.00000000000 0.00000000000 0.00000000000 0.00000000000 0.00000000000 0.00000000000 0.00000000000 0.00000000000 0.00000000000 0.00000000000 0.00000000000 0.00000000000 0.00000000000 0.00000000000 0.00000000000 0.00000000000 0.00000000000 0.00000000000 0.00000000000 0.00000000000 0.00000000000
# logsel_slope_fsh[2]:
 0.00000000000 0.00000000000 0.00000000000 0.00000000000 0.00000000000 0.00000000000 0.00000000000 0.00000000000 0.00000000000 0.00000000000 0.00000000000 0.00000000000 0.00000000000 0.00000000000 0.00000000000 0.00000000000 0.00000000000 0.00000000000 0.00000000000 0.00000000000 0.00000000000 0.00000000000 0.00000000000 0.00000000000 0.00000000000 0.00000000000 0.00000000000 0.00000000000 0.00000000000 0.00000000000 0.00000000000 0.00000000000 0.00000000000 0.00000000000
# logsel_slope_fsh[3]:
 0.00000000000 0.00000000000 0.00000000000 0.00000000000 0.00000000000 0.00000000000 0.00000000000 0.00000000000 0.00000000000 0.00000000000 0.00000000000 0.00000000000 0.00000000000 0.00000000000 0.00000000000 0.00000000000 0.00000000000 0.00000000000 0.00000000000 0.00000000000 0.00000000000 0.00000000000 0.00000000000 0.00000000000 0.00000000000 0.00000000000 0.00000000000 0.00000000000 0.00000000000 0.00000000000 0.00000000000 0.00000000000 0.00000000000 0.00000000000 0.00000000000 0.00000000000 0.00000000000
# logsel_slope_fsh[4]:
 0.00000000000 0.00000000000 0.00000000000 0.00000000000 0.00000000000 0.00000000000 0.00000000000 0.00000000000 0.00000000000 0.00000000000 0.00000000000 0.00000000000 0.00000000000 0.00000000000 0.00000000000 0.00000000000 0.00000000000 0.00000000000 0.00000000000 0.00000000000 0.00000000000 0.00000000000 0.00000000000 0.00000000000 0.00000000000 0.00000000000 0.00000000000 0.00000000000
# sel50_fsh[1]:
 0.00000000000 0.00000000000 0.00000000000 0.00000000000 0.00000000000 0.00000000000 0.00000000000 0.00000000000 0.00000000000 0.00000000000 0.00000000000 0.00000000000 0.00000000000 0.00000000000 0.00000000000 0.00000000000 0.00000000000 0.00000000000 0.00000000000 0.00000000000 0.00000000000 0.00000000000 0.00000000000 0.00000000000 0.00000000000 0.00000000000 0.00000000000 0.00000000000 0.00000000000 0.00000000000 0.00000000000 0.00000000000 0.00000000000
# sel50_fsh[2]:
 0.00000000000 0.00000000000 0.00000000000 0.00000000000 0.00000000000 0.00000000000 0.00000000000 0.00000000000 0.00000000000 0.00000000000 0.00000000000 0.00000000000 0.00000000000 0.00000000000 0.00000000000 0.00000000000 0.00000000000 0.00000000000 0.00000000000 0.00000000000 0.00000000000 0.00000000000 0.00000000000 0.00000000000 0.00000000000 0.00000000000 0.00000000000 0.00000000000 0.00000000000 0.00000000000 0.00000000000 0.00000000000 0.00000000000 0.00000000000
# sel50_fsh[3]:
 0.00000000000 0.00000000000 0.00000000000 0.00000000000 0.00000000000 0.00000000000 0.00000000000 0.00000000000 0.00000000000 0.00000000000 0.00000000000 0.00000000000 0.00000000000 0.00000000000 0.00000000000 0.00000000000 0.00000000000 0.00000000000 0.00000000000 0.00000000000 0.00000000000 0.00000000000 0.00000000000 0.00000000000 0.00000000000 0.00000000000 0.00000000000 0.00000000000 0.00000000000 0.00000000000 0.00000000000 0.00000000000 0.00000000000 0.00000000000 0.00000000000 0.00000000000 0.00000000000
# sel50_fsh[4]:
 0.00000000000 0.00000000000 0.00000000000 0.00000000000 0.00000000000 0.00000000000 0.00000000000 0.00000000000 0.00000000000 0.00000000000 0.00000000000 0.00000000000 0.00000000000 0.00000000000 0.00000000000 0.00000000000 0.00000000000 0.00000000000 0.00000000000 0.00000000000 0.00000000000 0.00000000000 0.00000000000 0.00000000000 0.00000000000 0.00000000000 0.00000000000 0.00000000000
# logsel_p1_fsh[1]:
 0.00000000000 0.00000000000 0.00000000000 0.00000000000 0.00000000000 0.00000000000 0.00000000000 0.00000000000 0.00000000000 0.00000000000 0.00000000000 0.00000000000 0.00000000000 0.00000000000 0.00000000000 0.00000000000 0.00000000000 0.00000000000 0.00000000000 0.00000000000 0.00000000000 0.00000000000 0.00000000000 0.00000000000 0.00000000000 0.00000000000 0.00000000000 0.00000000000 0.00000000000 0.00000000000 0.00000000000 0.00000000000 0.00000000000
# logsel_p1_fsh[2]:
 0.00000000000 0.00000000000 0.00000000000 0.00000000000 0.00000000000 0.00000000000 0.00000000000 0.00000000000 0.00000000000 0.00000000000 0.00000000000 0.00000000000 0.00000000000 0.00000000000 0.00000000000 0.00000000000 0.00000000000 0.00000000000 0.00000000000 0.00000000000 0.00000000000 0.00000000000 0.00000000000 0.00000000000 0.00000000000 0.00000000000 0.00000000000 0.00000000000 0.00000000000 0.00000000000 0.00000000000 0.00000000000 0.00000000000 0.00000000000
# logsel_p1_fsh[3]:
 0.00000000000 0.00000000000 0.00000000000 0.00000000000 0.00000000000 0.00000000000 0.00000000000 0.00000000000 0.00000000000 0.00000000000 0.00000000000 0.00000000000 0.00000000000 0.00000000000 0.00000000000 0.00000000000 0.00000000000 0.00000000000 0.00000000000 0.00000000000 0.00000000000 0.00000000000 0.00000000000 0.00000000000 0.00000000000 0.00000000000 0.00000000000 0.00000000000 0.00000000000 0.00000000000 0.00000000000 0.00000000000 0.00000000000 0.00000000000 0.00000000000 0.00000000000 0.00000000000
# logsel_p1_fsh[4]:
 0.00000000000 0.00000000000 0.00000000000 0.00000000000 0.00000000000 0.00000000000 0.00000000000 0.00000000000 0.00000000000 0.00000000000 0.00000000000 0.00000000000 0.00000000000 0.00000000000 0.00000000000 0.00000000000 0.00000000000 0.00000000000 0.00000000000 0.00000000000 0.00000000000 0.00000000000 0.00000000000 0.00000000000 0.00000000000 0.00000000000 0.00000000000 0.00000000000
# sel_p2_fsh[1]:
 0.00000000000 0.00000000000 0.00000000000 0.00000000000 0.00000000000 0.00000000000 0.00000000000 0.00000000000 0.00000000000 0.00000000000 0.00000000000 0.00000000000 0.00000000000 0.00000000000 0.00000000000 0.00000000000 0.00000000000 0.00000000000 0.00000000000 0.00000000000 0.00000000000 0.00000000000 0.00000000000 0.00000000000 0.00000000000 0.00000000000 0.00000000000 0.00000000000 0.00000000000 0.00000000000 0.00000000000 0.00000000000 0.00000000000
# sel_p2_fsh[2]:
 0.00000000000 0.00000000000 0.00000000000 0.00000000000 0.00000000000 0.00000000000 0.00000000000 0.00000000000 0.00000000000 0.00000000000 0.00000000000 0.00000000000 0.00000000000 0.00000000000 0.00000000000 0.00000000000 0.00000000000 0.00000000000 0.00000000000 0.00000000000 0.00000000000 0.00000000000 0.00000000000 0.00000000000 0.00000000000 0.00000000000 0.00000000000 0.00000000000 0.00000000000 0.00000000000 0.00000000000 0.00000000000 0.00000000000 0.00000000000
# sel_p2_fsh[3]:
 0.00000000000 0.00000000000 0.00000000000 0.00000000000 0.00000000000 0.00000000000 0.00000000000 0.00000000000 0.00000000000 0.00000000000 0.00000000000 0.00000000000 0.00000000000 0.00000000000 0.00000000000 0.00000000000 0.00000000000 0.00000000000 0.00000000000 0.00000000000 0.00000000000 0.00000000000 0.00000000000 0.00000000000 0.00000000000 0.00000000000 0.00000000000 0.00000000000 0.00000000000 0.00000000000 0.00000000000 0.00000000000 0.00000000000 0.00000000000 0.00000000000 0.00000000000 0.00000000000
# sel_p2_fsh[4]:
 0.00000000000 0.00000000000 0.00000000000 0.00000000000 0.00000000000 0.00000000000 0.00000000000 0.00000000000 0.00000000000 0.00000000000 0.00000000000 0.00000000000 0.00000000000 0.00000000000 0.00000000000 0.00000000000 0.00000000000 0.00000000000 0.00000000000 0.00000000000 0.00000000000 0.00000000000 0.00000000000 0.00000000000 0.00000000000 0.00000000000 0.00000000000 0.00000000000
# logsel_p3_fsh[1]:
 0.00000000000 0.00000000000 0.00000000000 0.00000000000 0.00000000000 0.00000000000 0.00000000000 0.00000000000 0.00000000000 0.00000000000 0.00000000000 0.00000000000 0.00000000000 0.00000000000 0.00000000000 0.00000000000 0.00000000000 0.00000000000 0.00000000000 0.00000000000 0.00000000000 0.00000000000 0.00000000000 0.00000000000 0.00000000000 0.00000000000 0.00000000000 0.00000000000 0.00000000000 0.00000000000 0.00000000000 0.00000000000 0.00000000000
# logsel_p3_fsh[2]:
 0.00000000000 0.00000000000 0.00000000000 0.00000000000 0.00000000000 0.00000000000 0.00000000000 0.00000000000 0.00000000000 0.00000000000 0.00000000000 0.00000000000 0.00000000000 0.00000000000 0.00000000000 0.00000000000 0.00000000000 0.00000000000 0.00000000000 0.00000000000 0.00000000000 0.00000000000 0.00000000000 0.00000000000 0.00000000000 0.00000000000 0.00000000000 0.00000000000 0.00000000000 0.00000000000 0.00000000000 0.00000000000 0.00000000000 0.00000000000
# logsel_p3_fsh[3]:
 0.00000000000 0.00000000000 0.00000000000 0.00000000000 0.00000000000 0.00000000000 0.00000000000 0.00000000000 0.00000000000 0.00000000000 0.00000000000 0.00000000000 0.00000000000 0.00000000000 0.00000000000 0.00000000000 0.00000000000 0.00000000000 0.00000000000 0.00000000000 0.00000000000 0.00000000000 0.00000000000 0.00000000000 0.00000000000 0.00000000000 0.00000000000 0.00000000000 0.00000000000 0.00000000000 0.00000000000 0.00000000000 0.00000000000 0.00000000000 0.00000000000 0.00000000000 0.00000000000
# logsel_p3_fsh[4]:
 0.00000000000 0.00000000000 0.00000000000 0.00000000000 0.00000000000 0.00000000000 0.00000000000 0.00000000000 0.00000000000 0.00000000000 0.00000000000 0.00000000000 0.00000000000 0.00000000000 0.00000000000 0.00000000000 0.00000000000 0.00000000000 0.00000000000 0.00000000000 0.00000000000 0.00000000000 0.00000000000 0.00000000000 0.00000000000 0.00000000000 0.00000000000 0.00000000000
# rec_dev_future:
 0.00000000000 0.00000000000 0.00000000000 0.00000000000 0.00000000000 0.00000000000 0.00000000000 0.00000000000 0.00000000000 0.00000000000 0.00000000000 0.00000000000 0.00000000000 0.00000000000 0.00000000000 0.00000000000 0.00000000000 0.00000000000 0.00000000000 0.00000000000
# log_q_ind[1]:
0.408798738952
# log_q_ind[2]:
-2.60907915177
# log_q_ind[3]:
-9.30317716244
# log_q_ind[4]:
-0.306020189077
# log_q_ind[5]:
-5.80060437014
# log_q_ind[6]:
-8.26394992645
# log_q_ind[7]:
-0.776530783860
# log_q_power_ind[1]:
0.00000000000
# log_q_power_ind[2]:
0.00000000000
# log_q_power_ind[3]:
0.00000000000
# log_q_power_ind[4]:
0.00000000000
# log_q_power_ind[5]:
0.00000000000
# log_q_power_ind[6]:
0.00000000000
# log_q_power_ind[7]:
0.00000000000
# log_rw_q_ind[1]:
 -0.935945637458
# log_rw_q_ind[3]:
 -0.477791038875
# log_selcoffs_ind[1]:
 -2.19860151581 -1.38625755136 -0.781995050456 -0.352191378065 -0.0635502905828 0.150065429783 0.315343036132 0.441084505881 0.524806510871 0.566905949184
 -2.87751524772 -2.06958120365 -1.30394248807 -0.640484185039 -0.127340709059 0.235148802749 0.447613261735 0.554115337272 0.584722828371 0.573232374236
# log_selcoffs_ind[2]:
 -0.677025647328 -0.737255572174 -1.04144327316 -1.30194459230 -1.29972095376 -0.971876478595 -0.403212448793 0.259434984829 0.861428766344 1.22571888938
 0.240863733977 -0.352874063707 -0.802578053397 -1.07028572565 -1.07352233310 -0.786958800440 -0.301942077185 0.220419499513 0.656063343717 0.925727416841
# log_selcoffs_ind[3]:
 -0.202940821038 0.0202027052767 0.0202027052767 0.0202027052767 0.0202027052767 0.0202027052767 0.0202027052767 0.0202027052767 0.0202027052767 0.0202027052767
# log_selcoffs_ind[4]:
 -0.736879066964 -0.527158058686 -0.335993039717 -0.183122379139 -0.0600293911652 0.0520116186752 0.160426534060 0.262454576841 0.348078936298 0.404279424903
 -1.44314038591 -1.14059573367 -0.832757421218 -0.517838539072 -0.214047707502 0.0570520504239 0.287976091830 0.463247773376 0.572594681127 0.616102363733
# log_selcoffs_ind[5]:
 -3.04452005677 -0.669616569639 0.101782682789 0.174353368097 0.174353368097 0.174353368097 0.174353368097 0.174353368097 0.174353368097 0.174353368097
# log_selcoffs_ind[6]:
 -3.04452005677 -0.669616569639 0.101782682789 0.174353368097 0.174353368097 0.174353368097 0.174353368097 0.174353368097 0.174353368097 0.174353368097
# log_selcoffs_ind[7]:
 -3.04452005677 -0.669616569639 0.101782682789 0.174353368097 0.174353368097 0.174353368097 0.174353368097 0.174353368097 0.174353368097 0.174353368097
# logsel_slope_ind[1]:
 0.00000000000 0.00000000000
# logsel_slope_ind[2]:
 0.00000000000 0.00000000000
# logsel_slope_ind[3]:
 0.00000000000
# logsel_slope_ind[4]:
 0.00000000000 0.00000000000
# logsel_slope_ind[5]:
 0.00000000000
# logsel_slope_ind[6]:
 0.00000000000
# logsel_slope_ind[7]:
 0.00000000000
# sel50_ind[1]:
 0.00000000000 0.00000000000
# sel50_ind[2]:
 0.00000000000 0.00000000000
# sel50_ind[3]:
 0.00000000000
# sel50_ind[4]:
 0.00000000000 0.00000000000
# sel50_ind[5]:
 0.00000000000
# sel50_ind[6]:
 0.00000000000
# sel50_ind[7]:
 0.00000000000
# logsel_p1_ind[1]:
 0.00000000000 0.00000000000
# logsel_p1_ind[2]:
 0.00000000000 0.00000000000
# logsel_p1_ind[3]:
 0.00000000000
# logsel_p1_ind[4]:
 0.00000000000 0.00000000000
# logsel_p1_ind[5]:
 0.00000000000
# logsel_p1_ind[6]:
 0.00000000000
# logsel_p1_ind[7]:
 0.00000000000
# sel_p2_ind[1]:
 0.00000000000 0.00000000000
# sel_p2_ind[2]:
 0.00000000000 0.00000000000
# sel_p2_ind[3]:
 0.00000000000
# sel_p2_ind[4]:
 0.00000000000 0.00000000000
# sel_p2_ind[5]:
 0.00000000000
# sel_p2_ind[6]:
 0.00000000000
# sel_p2_ind[7]:
 0.00000000000
# logsel_p3_ind[1]:
 0.00000000000 0.00000000000
# logsel_p3_ind[2]:
 0.00000000000 0.00000000000
# logsel_p3_ind[3]:
 0.00000000000
# logsel_p3_ind[4]:
 0.00000000000 0.00000000000
# logsel_p3_ind[5]:
 0.00000000000
# logsel_p3_ind[6]:
 0.00000000000
# logsel_p3_ind[7]:
 0.00000000000
