# Number of parameters = 1535 Objective function value = 1866.28699728104  Maximum gradient component = 0.00331522417164549
# Mest[1]:
0.280000000000
# log_Linf[1]:
4.38701417618
# log_k[1]:
-1.83258146375
# log_Lo[1]:
2.75684036527
# log_sdage[1]:
-2.40794560865
# mean_log_rec[1]:
9.37741308078
# steepness[1]:
0.650000000000
# log_Rzero[1]:
9.41742287830
# rec_dev:
 -0.0939867192423 -0.120878858675 -0.154156241214 -0.194876918477 -0.244205020591 -0.303097942918 -0.370283372687 -0.443643847077 -0.526375443685 -0.618807175084 -0.710862962611 -0.769705753727 -0.831128835356 -0.895630340493 -1.04595527914 -0.856717080721 -0.314186263858 -0.164609530991 0.0532531926240 0.260898348552 0.243943309510 0.205831633053 0.297408209768 0.437631418571 0.913595719530 0.748270839581 0.809455987173 1.52296822756 1.44092609743 0.779580200301 0.227873857025 0.461572840022 0.643944482621 0.760778926193 0.298063696320 0.279073499976 0.192763205804 0.236393611251 0.330364700241 0.333070871624 0.478027706587 0.728760367540 0.598443365088 0.573022823420 0.143823635498 -0.213739681861 -0.183782798033 -0.713130238825 -1.81722347549 -0.724437354835 -0.286924249188 -0.258059461540 -0.537020381057 -0.787282679328 -0.984612095844 0.0165579890650 -0.0680549845133 -0.379997218768 0.384010721368
# log_sigmar[1]:
-0.510825623766
# fmort:
 0.00929321302022 0.0144068530201 0.00709710930520 0.00999458842447 0.0219644904275 0.0311310553077 0.0434942776136 0.0419330289613 0.0779466256113 0.0635089036477 0.0440114280131 0.0628651281988 0.133544094540 0.0515020913721 0.123480630573 0.0662077312428 0.00668598099161 0.0179440456958 0.0116342896240 0.0108633318274 0.0106100750558 0.0151861336815 0.0167009749189 0.0194196287308 0.0124560169295 0.0166292023765 0.0251589069976 0.00918031139693 0.00321727138277 0.00616145057658 0.00841779879122 0.0153590989393 0.00667323627444 0.0100051768765 0.0107882159352 0.0185792140032 0.0211851692362 0.0369846435068 0.0670233836824 0.0438098560331 0.0434628105482 0.00705860279466 0.00246140735011 0.00547182067141 0.00467431999352 0.00481288968816 0.00430041309054 0.00600495046746
 0.000874606700370 0.00138766589702 0.00226459534727 0.00416824173676 0.00342653845212 0.00698770809961 0.0109734674416 0.0137061173951 0.0202251457232 0.0237067208532 0.0262693609637 0.0564539015259 0.0724196285295 0.0541608811639 0.0853685166130 0.125751574449 0.155223834316 0.211110184965 0.261376415709 0.293962877470 0.298665577831 0.375453199021 0.553051330295 0.578864347855 0.658096994708 0.835745972829 0.781073098436 0.788541827980 0.483826247250 0.316990404154 0.233626044083 0.291197920391 0.339086353425 0.291136405515 0.280387385099 0.272362115380 0.289565169844 0.371560045292 0.338889866340 0.476711570767 0.292028431587 0.223306886136 0.134137754092 0.104481757473 0.115308615234 0.141659839803 0.124605067625 0.105789000496
 0.000247765482050 0.000526205238914 0.00132258810916 0.00320509892173 0.0108076659822 0.00358987187447 0.00497426028336 0.0443668390198 0.0303381126048 0.0226539478982 0.0246921714161 0.0246000891156 0.00889563297130 0.00714999513560 0.00970867219391 0.00466661358218 0.00172110989185 0.00146289009009 0.00537875891740 0.00589568358094 0.00798935070594 0.00648616731175 0.00386825815069 0.00442041045479 0.00748971434202 0.0269866612845 0.0365921034310 0.0698810729086 0.0472368582469 0.0180464642914 0.0206190306048 0.0506957438614 0.00763978509938 0.00970556301841 0.00845998650078 0.00475110345607 0.0207861981368 0.0252751777810 0.0267585637800 0.0210225269973 0.00456435927600 0.0383403322366 0.0159568299223 0.00680245773572 0.00759397027541 0.00219635456545 0.00103989262802 0.000650819421886
 6.40533695787e-05 6.76597739263e-05 0.000396230144661 7.71297061625e-05 8.35113469130e-05 9.15269808485e-05 0.000105513159842 0.000259293456906 0.00672831557600 0.0584723059781 0.0647187027971 0.0979088723020 0.205090128558 0.319143859911 0.454431387154 0.363165294940 0.298882364870 0.218362605107 0.151354534801 0.104434446127 0.0749815435577 0.0406777761626 0.00329269766275 0.000100213077226 0.000117331180489 0.000151586036889 0.000218765864564 0.000321008499974 0.000403251170400 0.000390554600626 0.000679990313915 0.00456398567059 0.0138582351974 0.0219880849216 0.0368767388735 0.0303207295785 0.0485838868856 0.0783140658207 0.113206995686 0.187352772925 0.207267016884 0.0572193155761 0.0348965548194 0.0318652752616 0.0429239357366 0.0458389845751 0.0225048337156 0.0132041998810
# log_selcoffs_fsh[1]:
 -4.36582757078 -2.10088881572 -1.09610603541 -0.0585427014847 0.843777092479 1.08203011789 0.413640468853 -0.609156327776 -1.36366669333
 -3.77481848248 -1.41614548034 -1.08693933720 -0.327567339770 0.651737830421 1.10126730236 0.546660798660 -0.390128728290 -1.06364162315
 -3.47190044677 -1.52495868099 -0.775883857656 0.128526083285 0.694824123726 0.865778412114 0.461061628123 -0.275251881089 -0.847430441191
 -2.93627265658 -1.57779613143 -1.14551319776 -0.400520501164 0.788988197692 1.01577364377 0.451080065357 -0.285954954328 -0.758208874238
 -1.68456654905 0.201744528432 -0.120017124862 -0.171966337760 0.159825319894 0.544831443194 0.379855898432 -0.102702479035 -0.510935470600
 -2.01655860713 -0.495821700746 0.732948111528 0.843072653758 0.0136342648887 -0.153503931343 -0.214077546880 -0.427242888856 -0.649898820222
 -1.77484344596 -0.485001208053 0.712311400237 0.965450734356 0.231351972904 -0.313892258562 -0.535616568327 -0.667555741672 -0.774455079853
 -1.09233270761 -0.409773401370 0.654772388243 1.06140214949 0.194378455121 -0.420450389170 -0.737327408692 -0.855222560410 -0.889758948026
 -0.857835135172 0.411180073124 0.285006081225 0.638255734794 0.585927995618 -0.200979939906 -0.757603639883 -0.956259317722 -0.976371977432
 -0.782656890656 0.386327328379 0.529186155117 0.796316797863 0.341050143374 -0.388105428099 -0.917217074213 -1.08983967782 -1.09162574394
 0.0175115012993 1.28290385505 0.262174195224 0.0331869097394 -0.367454594276 -0.828372514907 -1.13518226635 -1.22890751515 -1.20895637605
 0.290044806031 0.975603788347 0.696047342226 0.241351916850 -0.580453550612 -1.04791563131 -1.27401750351 -1.32615674259 -1.28571500412
 -0.467366721917 1.42842623211 0.696746678858 -0.198859899983 -0.935575376289 -1.31802411752 -1.44841795838 -1.45366292888 -1.40377815978
 0.249588521112 1.39620601121 0.569738285454 -0.364030826432 -1.14480273126 -1.46031030495 -1.54284086635 -1.51971325864 -1.46539582281
 0.299456691769 1.50542312615 0.371501326770 -0.555942729971 -1.24704800006 -1.53992417900 -1.61544735614 -1.58659667917 -1.53154321931
 -0.651365735898 1.55518301068 0.682551445584 -0.377639770524 -1.24506656962 -1.58203204115 -1.67049965050 -1.64483172621 -1.59140640633
 -0.560807837598 1.62120746504 0.519898702963 -0.444190958956 -1.26436693499 -1.60274977384 -1.69969171673 -1.68476349514 -1.63543107726
 0.339912876472 1.29551313484 0.813066779768 -0.425701639230 -1.28541088796 -1.60896551639 -1.70510624413 -1.69530196644 -1.64894327929
 0.946537969985 1.29339973163 0.217527733082 -0.625019429057 -1.32394266035 -1.63674281256 -1.73827435811 -1.72956309578 -1.68235719590
 0.274308880209 1.42120348350 0.654342892942 -0.446619937179 -1.32044608593 -1.67582565083 -1.77576397184 -1.75616339949 -1.70165379544
 0.485455217765 1.54953665146 0.229212561162 -0.713711273122 -1.43061692207 -1.74517828097 -1.83045518438 -1.79324832982 -1.72692110535
 0.327360978708 1.52187185593 0.563012950344 -0.843966259796 -1.60771642363 -1.85054708602 -1.88904779969 -1.82260654299 -1.73935448279
 0.860070513683 1.39107934310 0.299300155953 -0.818386055945 -1.62252184902 -1.89788725295 -1.93090811691 -1.83971752774 -1.73576480342
 0.174236864628 1.68969622643 0.162200585125 -0.925047291331 -1.62141345597 -1.90725134150 -1.95703478383 -1.86028623827 -1.73609525842
 0.581225629222 1.51525315481 0.274883142236 -0.765821380626 -1.48024442810 -1.83174361979 -1.92253773228 -1.82693667519 -1.68733372469
 0.636111287328 1.34538204805 0.396624177795 -0.220380204871 -1.29566051690 -1.75285344408 -1.83709436433 -1.74565111569 -1.60241848709
 -0.454117659872 1.42275444195 0.652660280351 0.124072667386 -1.05561520653 -1.57384487296 -1.68595109446 -1.60952655116 -1.49949375227
 -0.382961871042 1.37129222606 0.762178668133 -0.107623699272 -0.983634411767 -1.39523059818 -1.48898258876 -1.44451949718 -1.37188062226
 1.48764117535 0.605082047903 -0.188901586471 -0.692231618915 -1.11239480634 -1.30006733813 -1.34198922444 -1.31037979566 -1.26832289325
 0.938458918657 1.33153535743 -0.224858697961 -1.07051006255 -1.23336080385 -1.22234122625 -1.19201084507 -1.16775610447 -1.15480490373
 0.765918738578 1.43577688262 -0.470187464149 -1.17207127405 -1.18060136561 -1.10185689358 -1.02895140384 -1.01993474079 -1.03799495196
 0.581346666757 1.31970094117 -0.146399336300 -0.799855370919 -0.908704063632 -0.854383244987 -0.777893510326 -0.802843785058 -0.867432349926
 -0.570836549112 0.788484690505 0.538609184562 0.135815473530 -0.0813701319204 -0.365580784237 -0.403903722582 -0.533456472127 -0.681482452463
 -1.16120662849 -0.574625817649 -0.441437148771 0.610443005216 0.736998173376 0.182621734173 0.135976634335 -0.370123254540 -0.666894893060
# log_selcoffs_fsh[2]:
 -2.16654214403 -0.138230154991 0.625656452885 0.960653458218 0.679744538890 -0.0267416633047 -0.584926186899 -0.926921475720 -1.09013511827 -1.21882342267
 -2.20944650226 -0.128742398911 -0.589100775723 0.233690304501 0.867472834516 0.816376560897 0.127088683532 -0.563989867969 -0.835214308900 -0.887821776077
 -3.10147267311 -0.895578917793 -0.533137661275 0.0824012037652 0.748005919489 0.903189914301 0.355640227448 -0.328000295058 -0.564991661445 -0.548306789912
 -3.57515333470 -1.80307708772 -0.754891297045 -0.191446068645 0.599130354733 1.00299711202 0.396372920616 -0.154321100122 -0.266124251463 -0.157084508556
 -2.77298303664 -0.979953233386 -1.42392567412 -0.814183561210 0.231345488132 0.873952168641 0.452266649025 0.0777345303063 0.132925387084 0.355503647733
 -1.96067869914 -0.911828061707 -0.851049104985 -1.08862046385 -0.523697077035 0.00239779295249 0.183862832062 0.293100099392 0.618482149785 0.993450609933
 -3.22194858501 -1.57995643310 -0.533084250693 -0.480189438613 -0.679447484801 -0.493558676942 -0.176418170531 0.216087714390 0.720323756503 1.19293892903
 -4.13143353523 -2.94665452251 -1.93391723474 -0.872587683024 -0.253319621635 0.0114295318584 0.213016998445 0.208859528377 0.630515694697 1.17341169636
 -4.42319136143 -3.14416769267 -2.68074391791 -1.69767993941 -0.521214210442 0.0471669734701 0.401766297464 0.589153700573 0.718496226923 0.994330679540
 -4.53460396023 -2.90395125255 -2.27423007808 -1.82230793521 -1.33750026245 -0.432717542768 0.201436233977 0.847710315742 1.09070954115 0.799689601699
 -4.29592624708 -2.17991697465 -1.52828872765 -1.14348074633 -0.825508484419 -0.686830045218 -0.0645630891039 0.700614359433 1.09419644652 0.899055544399
 -4.34806556940 -2.35210168805 -1.42470071507 -0.986562819985 -0.626936280612 -0.295597455102 0.329054623282 0.744234179080 0.861397088793 0.760433147458
 -3.84665468475 -1.30076011468 -0.860716036720 -0.454386206291 -0.174229536368 -0.267903850620 0.180552467957 0.474206541118 0.690027259718 0.808774321875
 -3.12305221633 -1.07901227072 -0.487509595301 -0.207092647488 -0.139576030043 -0.0556011269123 0.155176288955 0.372420841645 0.559788349702 0.695092871100
 -2.62837697453 -0.321766951862 -0.212057648926 -0.227333000325 -0.384798071685 -0.278442220620 0.0993005135787 0.334816524525 0.550131607290 0.654536517850
 -2.26450135340 0.0372445983725 -0.231486998702 -0.303646997600 -0.503565330195 -0.338308075128 0.0296577286612 0.273486497901 0.498943346790 0.701971925463
 -1.60815290437 0.0302630380039 -0.132583129251 -0.215689986581 -0.527546695596 -0.544062265931 -0.193315903825 0.150057778318 0.496441931558 0.827580585584
 -2.23409178537 -0.0765822735631 0.0880565770809 -0.0403235125013 -0.437348520255 -0.507951060202 -0.220887881084 0.149570330784 0.447341901611 0.760497845764
 -2.60728110158 -0.498196089394 -0.00122124146067 -0.0561763887859 -0.386499796746 -0.365146048252 -0.0423127877364 0.290826362222 0.534918166447 0.691921761502
 -2.73915428664 -0.844756159000 -0.525179561106 -0.192784786112 -0.302598064973 -0.280222760363 0.0758771343772 0.433017647683 0.633294429844 0.737428633605
 -2.75726663673 -0.880851784658 -0.396286380131 -0.0792312893656 -0.266801741352 -0.386033947988 -0.0946533264335 0.347034977012 0.642626967440 0.812648183930
 -3.04366148966 -0.912182267690 -0.448085670059 -0.00967099364638 -0.107557593923 -0.222537871699 0.0150313666649 0.251197111841 0.527998591746 0.800527032297
 -3.29523999429 -1.58811826197 -0.590053202926 0.0652164885852 0.141461170343 0.00574498218623 0.0962482618156 0.277576698987 0.421539453033 0.709984548461
 -3.39477600251 -1.93447416825 -1.07275966442 -0.284824146087 0.215879622423 0.130940148428 0.351687195685 0.457043764745 0.520302246392 0.508918682725
 -3.49292876098 -1.38309919962 -0.731760334498 -0.742797539619 -0.231780566056 0.186474773504 0.330727474735 0.640779722274 0.576866695668 0.526761855444
 -3.63785780262 -2.16310341357 -1.23138612485 -0.0922266995257 -0.00601336864934 0.0772463527992 0.255938169223 0.455586486383 0.641032505232 0.595211078865
 -4.21316881771 -1.81493410115 -1.28994870684 0.0603273843579 0.451267576403 0.287719832475 0.248604010804 0.443208717320 0.342792470648 0.286974159103
 -4.78590762570 -1.85965862892 -1.05955140494 -0.150532605747 0.215461244131 0.151399315701 0.753132654836 0.610379554064 0.215131054008 0.0201701606875
 -4.71833665710 -3.07247216051 -2.00555298750 -0.191895493639 0.362060776305 0.462274621573 1.03459265271 0.286793126496 -0.0496213416400 -0.147202796159
 -4.63447780804 -2.53979415634 -1.28929948754 -0.346223201915 0.815187834534 0.731408427342 0.453983596027 0.0384730522414 -0.0701309719371 0.0439365113823
 -3.96206054679 -1.28102894157 -0.440722653687 -0.157216455312 -0.102986039734 -0.0865537908456 0.114361020135 0.203601863018 0.500536091380 0.871015730602
 -4.04626338026 -1.45671613870 -0.646807981989 -0.455230005382 -0.424882407923 -0.308423228984 -0.215527176641 0.149909998510 0.658128917528 1.19514075804
 -2.91578130654 -0.974171838695 -0.722197913747 -0.717919357099 -0.666735435325 -0.816553944843 -0.749265495275 -0.146634752894 0.699900992559 1.45621064533
 -3.54703902597 -1.36465670251 -0.853507839133 0.137763357923 -0.0513609106856 -0.504018659517 -0.830916754368 -0.412422425474 0.469820071443 1.35858014098
 -3.36463962105 -1.67734047164 -0.730121764383 -0.106615592972 -0.119664281747 -0.489883057804 -0.703254853432 -0.325687955055 0.540624270102 1.37721249142
# log_selcoffs_fsh[3]:
 -1.17384251265 -0.403412054493 1.08406073955 0.554655186723 -0.350377153647 -1.01983275345 -1.34820072491
 -1.53458931049 -0.433648306649 1.12336440256 0.567131111973 -0.375325217001 -1.03920040803 -1.35818096182
 -1.16848930215 -0.363824969104 1.05397356993 0.559727625391 -0.313658630594 -0.978306337336 -1.31598158338
 -2.18696291733 -0.638956087333 1.19594855744 0.537202277549 -0.343794179074 -0.992264586880 -1.33871245140
 -2.57531198625 -0.731361774880 1.10771860405 0.644714037437 -0.181384005628 -0.901545042681 -1.31054131755
 -2.71353773937 -0.949242774001 0.758013052194 0.959349968619 0.0694671210799 -0.795141870982 -1.27590108701
 -2.66272076303 -0.878207793757 0.664576880240 0.998484610564 0.0961789474098 -0.758342179409 -1.24659219426
 -2.34453862471 -0.281659252841 0.877277262344 0.681604710924 -0.0129676100378 -0.731215815614 -1.20481960883
 -2.03654326273 -0.0195970995815 0.734119712917 0.677345238550 0.0455830473910 -0.714274195019 -1.20247194162
 -1.91899975516 0.241870838997 0.862347632337 0.515244059202 -0.167541393759 -0.869151571980 -1.30266766922
 -2.11501446152 -0.344173870754 0.951676369634 0.800881271966 -0.253028898816 -1.05797147162 -1.47225754093
 -2.23270480932 -0.416734465124 0.920167226129 0.867097698198 -0.207768927831 -1.11879763406 -1.58574330833
 -2.22241279601 -0.360904049535 1.08815587897 0.711507772500 -0.358682971189 -1.21291635197 -1.64595906419
 -1.98502346633 0.330363079526 1.04812403796 0.427994764441 -0.496526434792 -1.26066660607 -1.64729613804
 -1.99417611965 -0.0372865634923 1.18778311022 0.462123806134 -0.561989781336 -1.30734714597 -1.64703727788
 -1.99718455409 -0.00881078003321 1.27852785968 0.318754044629 -0.755025669381 -1.40269902409 -1.65882513420
 -1.92991355851 0.305125896180 1.22842128868 0.214348305770 -0.852983361281 -1.46738441024 -1.67939274358
 -1.90998907286 0.353316564151 1.22989991636 0.175630299841 -0.878679739078 -1.50065313091 -1.73196556318
 -1.65165466268 0.901878207006 0.917323002115 0.0413852062978 -0.886288599122 -1.51693078458 -1.78594736436
 -1.53307765695 0.876424878337 0.955262370693 0.00593526920603 -0.912337446882 -1.53929386194 -1.83001236003
 -1.50796237098 0.918714531260 0.937496263203 -0.0360735795944 -0.941965783203 -1.56395707399 -1.86267670979
 -1.49665814847 0.847330931685 0.968369078565 0.0345598586835 -0.906950491952 -1.54612733889 -1.85101471890
 -1.49556270823 0.165362127194 1.28779926725 0.139214731319 -0.843649357009 -1.48832659647 -1.79578096350
 -1.24427209110 0.571611008552 1.05280059023 0.181122468909 -0.754293122081 -1.43929612315 -1.77746425797
 -1.08590547679 0.225477287666 1.15578124184 0.313372448685 -0.730580180772 -1.48338010740 -1.85502321812
 -0.862230931766 0.820458391155 0.694836137856 0.379293448694 -0.699516840915 -1.56509345489 -1.99720801753
 -1.28372764775 0.802607737093 0.993310983218 0.0800738999652 -0.880681019993 -1.70920524632 -2.18384281510
 -1.74001453349 0.264106232368 1.33396700550 0.0886100861742 -0.985390776934 -1.81834040387 -2.32380597494
 -2.20295808833 -0.208788356116 1.36055917049 0.420973538067 -0.892523951757 -1.86708727135 -2.38654396445
 -2.39845174030 -0.362541407557 0.803475706400 1.14710101073 -0.548141225880 -1.81772257409 -2.40265813321
 -2.17143915074 0.669967502695 0.841678837991 0.598421888676 -0.628427220106 -1.78424594550 -2.39739770013
 -2.21433684276 0.0769069857402 1.35477462348 0.264232765646 -0.937913770410 -1.88326419270 -2.41937385327
 -2.21407411522 -0.271396685037 1.40303933647 0.348561813215 -0.918841533187 -1.88165663122 -2.38010610257
 -2.07740587790 -0.0581719061736 1.18348758698 0.672660259216 -0.811583899780 -1.82564740604 -2.29458422338
 -2.02979013495 -0.0460167628276 1.39939237695 0.211635593528 -1.01741265733 -1.84741526267 -2.24428348796
 -1.51418115037 0.829480831849 1.03667115905 0.0393774403923 -1.05084586670 -1.81389610347 -2.16068667745
 -1.08657206663 0.904046395625 0.956034345605 -0.0428377354134 -1.07407507032 -1.77997855329 -2.09255753621
 -0.892653630489 1.22803673808 0.645079408764 -0.408712285375 -1.17062455979 -1.77078179403 -2.08027100601
# log_selcoffs_fsh[4]:
 -3.05780277575 -2.60749524906 -2.11393865211 -1.53972269115 -0.882443136683 -0.185512315620 0.450889471348 0.920887570100 1.16888823216
 -3.04315259651 -2.60221201182 -2.11388663911 -1.54111299612 -0.882566383212 -0.185899163653 0.451115825349 0.922663110506 1.16725919141
 -3.01457040585 -2.59219227684 -2.12208811167 -1.54657855082 -0.881063186984 -0.178687973660 0.462539009949 0.923882008015 1.15859676477
 -2.96861471766 -2.56388460038 -2.12768234422 -1.59113034484 -0.902742709861 -0.163897977595 0.483434025903 0.932143150592 1.14197415748
 -2.89641898853 -2.50222923949 -2.09816391075 -1.60406749265 -0.985340988964 -0.214180042856 0.506920761001 0.959245552531 1.12775212379
 -2.83008176991 -2.38878682979 -2.04576119899 -1.61998649572 -0.985272573794 -0.234186206067 0.505993523859 0.975490457078 1.11396567396
 -2.78701799117 -2.34862088753 -1.91330763869 -1.54026981722 -0.993542216487 -0.217845903629 0.531610239486 0.974137810958 1.08380826699
 -2.73024585003 -2.31311319307 -1.86350717904 -1.35961343056 -0.837319491910 -0.162700800570 0.525471812339 0.948677843663 1.05350748791
 -2.64501850938 -2.20805742979 -1.80546997821 -1.32050321380 -0.702384977258 -0.0490313634611 0.561267811934 0.906793769003 0.997268478870
 -2.53163486464 -1.99753888892 -1.52024223068 -1.15095999416 -0.664908743774 -0.0233490097294 0.538706633353 0.877714249453 0.970545773124
 -2.43097959992 -1.78534595435 -1.18678177058 -0.728578995727 -0.471681021119 -0.0869198098367 0.435228276497 0.809249199144 0.964804431582
 -2.37232389207 -1.65799104068 -0.951330659140 -0.384284168085 -0.0896309959644 -0.0125464893149 0.273599110563 0.666900204216 0.910020415728
 -2.35957396705 -1.59144908730 -0.870611067469 -0.249996373681 0.109599417569 0.193338793536 0.264936397074 0.524061141091 0.780729688348
 -2.36050098455 -1.53937103102 -0.781806465494 -0.184581898670 0.154008009833 0.263588749986 0.329879867027 0.486038019653 0.650930784207
 -2.37196405075 -1.49116909802 -0.691000538386 -0.0869907630123 0.236301493784 0.319249649296 0.339199915312 0.421575162075 0.526500736886
 -2.39953413497 -1.45288094328 -0.590513060520 0.0300981401382 0.345064829814 0.357495471653 0.305643942664 0.331979160869 0.403928912224
 -2.44294219044 -1.43310759941 -0.513566982681 0.199908419713 0.476955452686 0.358748597133 0.220577097670 0.217501919791 0.279461896131
 -2.49090129616 -1.37461191365 -0.383987706548 0.243784374155 0.525991210396 0.358492838704 0.199303231317 0.131958636050 0.200569761666
 -2.54805068385 -1.36755469652 -0.229693684048 0.168528669746 0.379015634048 0.444275936971 0.227591429607 0.181351455496 0.193988658075
 -2.59090393646 -1.50104789587 -0.394440658175 0.344705802692 0.179868414036 0.258463197164 0.375714595615 0.282855748868 0.293845145332
 -2.61237761308 -1.67127445963 -0.839752296915 -0.0931507890297 0.181961793632 0.288045015652 0.495986273757 0.550210591188 0.396517485288
 -2.54254091463 -1.74273962519 -1.04780570153 -0.578182711309 -0.123852731035 0.142625035323 0.642349609641 0.739025265151 0.589467102849
 -2.41171661170 -1.67675004312 -1.02294843589 -0.604067007363 -0.281682171827 0.0892438028462 0.493410032364 0.761071124151 0.784321649653
 -2.33606655474 -1.68400083956 -1.12438267852 -0.693882854663 -0.358511535705 -0.0209490190317 0.388020189512 0.756193089238 0.959726451652
 -2.28262057917 -1.67929072187 -1.16758059768 -0.781045973357 -0.457870013890 -0.130333947012 0.271850463434 0.746564059508 1.10189702053
 -2.24738134883 -1.65362444841 -1.18461071538 -0.844403698540 -0.560843848539 -0.283905803966 0.142016706158 0.720428624477 1.23425438266
 -2.21016371573 -1.56010727625 -1.14554302786 -0.879237365422 -0.564334871453 -0.449936553035 -0.0687749235819 0.675114522333 1.34621471620
 -2.53569176693 -1.87149629632 -1.27589131105 0.142370760251 0.243472121931 -0.494420537382 -0.630317801039 0.111104903724 1.33478633364
 -2.57086162697 -1.86192442734 -1.05225075410 -0.116545569905 0.0575814794480 -0.355148632953 -0.403133949236 0.319157841073 1.31492848306
# log_sel_spl_fsh[1]:
 0.00000000000 0.00000000000 0.00000000000 0.00000000000
 0.00000000000 0.00000000000 0.00000000000 0.00000000000
 0.00000000000 0.00000000000 0.00000000000 0.00000000000
 0.00000000000 0.00000000000 0.00000000000 0.00000000000
 0.00000000000 0.00000000000 0.00000000000 0.00000000000
 0.00000000000 0.00000000000 0.00000000000 0.00000000000
 0.00000000000 0.00000000000 0.00000000000 0.00000000000
 0.00000000000 0.00000000000 0.00000000000 0.00000000000
 0.00000000000 0.00000000000 0.00000000000 0.00000000000
 0.00000000000 0.00000000000 0.00000000000 0.00000000000
 0.00000000000 0.00000000000 0.00000000000 0.00000000000
 0.00000000000 0.00000000000 0.00000000000 0.00000000000
 0.00000000000 0.00000000000 0.00000000000 0.00000000000
 0.00000000000 0.00000000000 0.00000000000 0.00000000000
 0.00000000000 0.00000000000 0.00000000000 0.00000000000
 0.00000000000 0.00000000000 0.00000000000 0.00000000000
 0.00000000000 0.00000000000 0.00000000000 0.00000000000
 0.00000000000 0.00000000000 0.00000000000 0.00000000000
 0.00000000000 0.00000000000 0.00000000000 0.00000000000
 0.00000000000 0.00000000000 0.00000000000 0.00000000000
 0.00000000000 0.00000000000 0.00000000000 0.00000000000
 0.00000000000 0.00000000000 0.00000000000 0.00000000000
 0.00000000000 0.00000000000 0.00000000000 0.00000000000
 0.00000000000 0.00000000000 0.00000000000 0.00000000000
 0.00000000000 0.00000000000 0.00000000000 0.00000000000
 0.00000000000 0.00000000000 0.00000000000 0.00000000000
 0.00000000000 0.00000000000 0.00000000000 0.00000000000
 0.00000000000 0.00000000000 0.00000000000 0.00000000000
 0.00000000000 0.00000000000 0.00000000000 0.00000000000
 0.00000000000 0.00000000000 0.00000000000 0.00000000000
 0.00000000000 0.00000000000 0.00000000000 0.00000000000
 0.00000000000 0.00000000000 0.00000000000 0.00000000000
 0.00000000000 0.00000000000 0.00000000000 0.00000000000
 0.00000000000 0.00000000000 0.00000000000 0.00000000000
# log_sel_spl_fsh[2]:
 0.00000000000 0.00000000000 0.00000000000 0.00000000000
 0.00000000000 0.00000000000 0.00000000000 0.00000000000
 0.00000000000 0.00000000000 0.00000000000 0.00000000000
 0.00000000000 0.00000000000 0.00000000000 0.00000000000
 0.00000000000 0.00000000000 0.00000000000 0.00000000000
 0.00000000000 0.00000000000 0.00000000000 0.00000000000
 0.00000000000 0.00000000000 0.00000000000 0.00000000000
 0.00000000000 0.00000000000 0.00000000000 0.00000000000
 0.00000000000 0.00000000000 0.00000000000 0.00000000000
 0.00000000000 0.00000000000 0.00000000000 0.00000000000
 0.00000000000 0.00000000000 0.00000000000 0.00000000000
 0.00000000000 0.00000000000 0.00000000000 0.00000000000
 0.00000000000 0.00000000000 0.00000000000 0.00000000000
 0.00000000000 0.00000000000 0.00000000000 0.00000000000
 0.00000000000 0.00000000000 0.00000000000 0.00000000000
 0.00000000000 0.00000000000 0.00000000000 0.00000000000
 0.00000000000 0.00000000000 0.00000000000 0.00000000000
 0.00000000000 0.00000000000 0.00000000000 0.00000000000
 0.00000000000 0.00000000000 0.00000000000 0.00000000000
 0.00000000000 0.00000000000 0.00000000000 0.00000000000
 0.00000000000 0.00000000000 0.00000000000 0.00000000000
 0.00000000000 0.00000000000 0.00000000000 0.00000000000
 0.00000000000 0.00000000000 0.00000000000 0.00000000000
 0.00000000000 0.00000000000 0.00000000000 0.00000000000
 0.00000000000 0.00000000000 0.00000000000 0.00000000000
 0.00000000000 0.00000000000 0.00000000000 0.00000000000
 0.00000000000 0.00000000000 0.00000000000 0.00000000000
 0.00000000000 0.00000000000 0.00000000000 0.00000000000
 0.00000000000 0.00000000000 0.00000000000 0.00000000000
 0.00000000000 0.00000000000 0.00000000000 0.00000000000
 0.00000000000 0.00000000000 0.00000000000 0.00000000000
 0.00000000000 0.00000000000 0.00000000000 0.00000000000
 0.00000000000 0.00000000000 0.00000000000 0.00000000000
 0.00000000000 0.00000000000 0.00000000000 0.00000000000
 0.00000000000 0.00000000000 0.00000000000 0.00000000000
# log_sel_spl_fsh[3]:
 0.00000000000 0.00000000000 0.00000000000 0.00000000000
 0.00000000000 0.00000000000 0.00000000000 0.00000000000
 0.00000000000 0.00000000000 0.00000000000 0.00000000000
 0.00000000000 0.00000000000 0.00000000000 0.00000000000
 0.00000000000 0.00000000000 0.00000000000 0.00000000000
 0.00000000000 0.00000000000 0.00000000000 0.00000000000
 0.00000000000 0.00000000000 0.00000000000 0.00000000000
 0.00000000000 0.00000000000 0.00000000000 0.00000000000
 0.00000000000 0.00000000000 0.00000000000 0.00000000000
 0.00000000000 0.00000000000 0.00000000000 0.00000000000
 0.00000000000 0.00000000000 0.00000000000 0.00000000000
 0.00000000000 0.00000000000 0.00000000000 0.00000000000
 0.00000000000 0.00000000000 0.00000000000 0.00000000000
 0.00000000000 0.00000000000 0.00000000000 0.00000000000
 0.00000000000 0.00000000000 0.00000000000 0.00000000000
 0.00000000000 0.00000000000 0.00000000000 0.00000000000
 0.00000000000 0.00000000000 0.00000000000 0.00000000000
 0.00000000000 0.00000000000 0.00000000000 0.00000000000
 0.00000000000 0.00000000000 0.00000000000 0.00000000000
 0.00000000000 0.00000000000 0.00000000000 0.00000000000
 0.00000000000 0.00000000000 0.00000000000 0.00000000000
 0.00000000000 0.00000000000 0.00000000000 0.00000000000
 0.00000000000 0.00000000000 0.00000000000 0.00000000000
 0.00000000000 0.00000000000 0.00000000000 0.00000000000
 0.00000000000 0.00000000000 0.00000000000 0.00000000000
 0.00000000000 0.00000000000 0.00000000000 0.00000000000
 0.00000000000 0.00000000000 0.00000000000 0.00000000000
 0.00000000000 0.00000000000 0.00000000000 0.00000000000
 0.00000000000 0.00000000000 0.00000000000 0.00000000000
 0.00000000000 0.00000000000 0.00000000000 0.00000000000
 0.00000000000 0.00000000000 0.00000000000 0.00000000000
 0.00000000000 0.00000000000 0.00000000000 0.00000000000
 0.00000000000 0.00000000000 0.00000000000 0.00000000000
 0.00000000000 0.00000000000 0.00000000000 0.00000000000
 0.00000000000 0.00000000000 0.00000000000 0.00000000000
 0.00000000000 0.00000000000 0.00000000000 0.00000000000
 0.00000000000 0.00000000000 0.00000000000 0.00000000000
 0.00000000000 0.00000000000 0.00000000000 0.00000000000
# log_sel_spl_fsh[4]:
 0.00000000000 0.00000000000 0.00000000000 0.00000000000
 0.00000000000 0.00000000000 0.00000000000 0.00000000000
 0.00000000000 0.00000000000 0.00000000000 0.00000000000
 0.00000000000 0.00000000000 0.00000000000 0.00000000000
 0.00000000000 0.00000000000 0.00000000000 0.00000000000
 0.00000000000 0.00000000000 0.00000000000 0.00000000000
 0.00000000000 0.00000000000 0.00000000000 0.00000000000
 0.00000000000 0.00000000000 0.00000000000 0.00000000000
 0.00000000000 0.00000000000 0.00000000000 0.00000000000
 0.00000000000 0.00000000000 0.00000000000 0.00000000000
 0.00000000000 0.00000000000 0.00000000000 0.00000000000
 0.00000000000 0.00000000000 0.00000000000 0.00000000000
 0.00000000000 0.00000000000 0.00000000000 0.00000000000
 0.00000000000 0.00000000000 0.00000000000 0.00000000000
 0.00000000000 0.00000000000 0.00000000000 0.00000000000
 0.00000000000 0.00000000000 0.00000000000 0.00000000000
 0.00000000000 0.00000000000 0.00000000000 0.00000000000
 0.00000000000 0.00000000000 0.00000000000 0.00000000000
 0.00000000000 0.00000000000 0.00000000000 0.00000000000
 0.00000000000 0.00000000000 0.00000000000 0.00000000000
 0.00000000000 0.00000000000 0.00000000000 0.00000000000
 0.00000000000 0.00000000000 0.00000000000 0.00000000000
 0.00000000000 0.00000000000 0.00000000000 0.00000000000
 0.00000000000 0.00000000000 0.00000000000 0.00000000000
 0.00000000000 0.00000000000 0.00000000000 0.00000000000
 0.00000000000 0.00000000000 0.00000000000 0.00000000000
 0.00000000000 0.00000000000 0.00000000000 0.00000000000
 0.00000000000 0.00000000000 0.00000000000 0.00000000000
 0.00000000000 0.00000000000 0.00000000000 0.00000000000
# logsel_slope_fsh[1]:
 0.00000000000 0.00000000000 0.00000000000 0.00000000000 0.00000000000 0.00000000000 0.00000000000 0.00000000000 0.00000000000 0.00000000000 0.00000000000 0.00000000000 0.00000000000 0.00000000000 0.00000000000 0.00000000000 0.00000000000 0.00000000000 0.00000000000 0.00000000000 0.00000000000 0.00000000000 0.00000000000 0.00000000000 0.00000000000 0.00000000000 0.00000000000 0.00000000000 0.00000000000 0.00000000000 0.00000000000 0.00000000000 0.00000000000 0.00000000000
# logsel_slope_fsh[2]:
 0.00000000000 0.00000000000 0.00000000000 0.00000000000 0.00000000000 0.00000000000 0.00000000000 0.00000000000 0.00000000000 0.00000000000 0.00000000000 0.00000000000 0.00000000000 0.00000000000 0.00000000000 0.00000000000 0.00000000000 0.00000000000 0.00000000000 0.00000000000 0.00000000000 0.00000000000 0.00000000000 0.00000000000 0.00000000000 0.00000000000 0.00000000000 0.00000000000 0.00000000000 0.00000000000 0.00000000000 0.00000000000 0.00000000000 0.00000000000 0.00000000000
# logsel_slope_fsh[3]:
 0.00000000000 0.00000000000 0.00000000000 0.00000000000 0.00000000000 0.00000000000 0.00000000000 0.00000000000 0.00000000000 0.00000000000 0.00000000000 0.00000000000 0.00000000000 0.00000000000 0.00000000000 0.00000000000 0.00000000000 0.00000000000 0.00000000000 0.00000000000 0.00000000000 0.00000000000 0.00000000000 0.00000000000 0.00000000000 0.00000000000 0.00000000000 0.00000000000 0.00000000000 0.00000000000 0.00000000000 0.00000000000 0.00000000000 0.00000000000 0.00000000000 0.00000000000 0.00000000000 0.00000000000
# logsel_slope_fsh[4]:
 0.00000000000 0.00000000000 0.00000000000 0.00000000000 0.00000000000 0.00000000000 0.00000000000 0.00000000000 0.00000000000 0.00000000000 0.00000000000 0.00000000000 0.00000000000 0.00000000000 0.00000000000 0.00000000000 0.00000000000 0.00000000000 0.00000000000 0.00000000000 0.00000000000 0.00000000000 0.00000000000 0.00000000000 0.00000000000 0.00000000000 0.00000000000 0.00000000000 0.00000000000
# sel50_fsh[1]:
 0.00000000000 0.00000000000 0.00000000000 0.00000000000 0.00000000000 0.00000000000 0.00000000000 0.00000000000 0.00000000000 0.00000000000 0.00000000000 0.00000000000 0.00000000000 0.00000000000 0.00000000000 0.00000000000 0.00000000000 0.00000000000 0.00000000000 0.00000000000 0.00000000000 0.00000000000 0.00000000000 0.00000000000 0.00000000000 0.00000000000 0.00000000000 0.00000000000 0.00000000000 0.00000000000 0.00000000000 0.00000000000 0.00000000000 0.00000000000
# sel50_fsh[2]:
 0.00000000000 0.00000000000 0.00000000000 0.00000000000 0.00000000000 0.00000000000 0.00000000000 0.00000000000 0.00000000000 0.00000000000 0.00000000000 0.00000000000 0.00000000000 0.00000000000 0.00000000000 0.00000000000 0.00000000000 0.00000000000 0.00000000000 0.00000000000 0.00000000000 0.00000000000 0.00000000000 0.00000000000 0.00000000000 0.00000000000 0.00000000000 0.00000000000 0.00000000000 0.00000000000 0.00000000000 0.00000000000 0.00000000000 0.00000000000 0.00000000000
# sel50_fsh[3]:
 0.00000000000 0.00000000000 0.00000000000 0.00000000000 0.00000000000 0.00000000000 0.00000000000 0.00000000000 0.00000000000 0.00000000000 0.00000000000 0.00000000000 0.00000000000 0.00000000000 0.00000000000 0.00000000000 0.00000000000 0.00000000000 0.00000000000 0.00000000000 0.00000000000 0.00000000000 0.00000000000 0.00000000000 0.00000000000 0.00000000000 0.00000000000 0.00000000000 0.00000000000 0.00000000000 0.00000000000 0.00000000000 0.00000000000 0.00000000000 0.00000000000 0.00000000000 0.00000000000 0.00000000000
# sel50_fsh[4]:
 0.00000000000 0.00000000000 0.00000000000 0.00000000000 0.00000000000 0.00000000000 0.00000000000 0.00000000000 0.00000000000 0.00000000000 0.00000000000 0.00000000000 0.00000000000 0.00000000000 0.00000000000 0.00000000000 0.00000000000 0.00000000000 0.00000000000 0.00000000000 0.00000000000 0.00000000000 0.00000000000 0.00000000000 0.00000000000 0.00000000000 0.00000000000 0.00000000000 0.00000000000
# logsel_p1_fsh[1]:
 0.00000000000 0.00000000000 0.00000000000 0.00000000000 0.00000000000 0.00000000000 0.00000000000 0.00000000000 0.00000000000 0.00000000000 0.00000000000 0.00000000000 0.00000000000 0.00000000000 0.00000000000 0.00000000000 0.00000000000 0.00000000000 0.00000000000 0.00000000000 0.00000000000 0.00000000000 0.00000000000 0.00000000000 0.00000000000 0.00000000000 0.00000000000 0.00000000000 0.00000000000 0.00000000000 0.00000000000 0.00000000000 0.00000000000 0.00000000000
# logsel_p1_fsh[2]:
 0.00000000000 0.00000000000 0.00000000000 0.00000000000 0.00000000000 0.00000000000 0.00000000000 0.00000000000 0.00000000000 0.00000000000 0.00000000000 0.00000000000 0.00000000000 0.00000000000 0.00000000000 0.00000000000 0.00000000000 0.00000000000 0.00000000000 0.00000000000 0.00000000000 0.00000000000 0.00000000000 0.00000000000 0.00000000000 0.00000000000 0.00000000000 0.00000000000 0.00000000000 0.00000000000 0.00000000000 0.00000000000 0.00000000000 0.00000000000 0.00000000000
# logsel_p1_fsh[3]:
 0.00000000000 0.00000000000 0.00000000000 0.00000000000 0.00000000000 0.00000000000 0.00000000000 0.00000000000 0.00000000000 0.00000000000 0.00000000000 0.00000000000 0.00000000000 0.00000000000 0.00000000000 0.00000000000 0.00000000000 0.00000000000 0.00000000000 0.00000000000 0.00000000000 0.00000000000 0.00000000000 0.00000000000 0.00000000000 0.00000000000 0.00000000000 0.00000000000 0.00000000000 0.00000000000 0.00000000000 0.00000000000 0.00000000000 0.00000000000 0.00000000000 0.00000000000 0.00000000000 0.00000000000
# logsel_p1_fsh[4]:
 0.00000000000 0.00000000000 0.00000000000 0.00000000000 0.00000000000 0.00000000000 0.00000000000 0.00000000000 0.00000000000 0.00000000000 0.00000000000 0.00000000000 0.00000000000 0.00000000000 0.00000000000 0.00000000000 0.00000000000 0.00000000000 0.00000000000 0.00000000000 0.00000000000 0.00000000000 0.00000000000 0.00000000000 0.00000000000 0.00000000000 0.00000000000 0.00000000000 0.00000000000
# sel_p2_fsh[1]:
 0.00000000000 0.00000000000 0.00000000000 0.00000000000 0.00000000000 0.00000000000 0.00000000000 0.00000000000 0.00000000000 0.00000000000 0.00000000000 0.00000000000 0.00000000000 0.00000000000 0.00000000000 0.00000000000 0.00000000000 0.00000000000 0.00000000000 0.00000000000 0.00000000000 0.00000000000 0.00000000000 0.00000000000 0.00000000000 0.00000000000 0.00000000000 0.00000000000 0.00000000000 0.00000000000 0.00000000000 0.00000000000 0.00000000000 0.00000000000
# sel_p2_fsh[2]:
 0.00000000000 0.00000000000 0.00000000000 0.00000000000 0.00000000000 0.00000000000 0.00000000000 0.00000000000 0.00000000000 0.00000000000 0.00000000000 0.00000000000 0.00000000000 0.00000000000 0.00000000000 0.00000000000 0.00000000000 0.00000000000 0.00000000000 0.00000000000 0.00000000000 0.00000000000 0.00000000000 0.00000000000 0.00000000000 0.00000000000 0.00000000000 0.00000000000 0.00000000000 0.00000000000 0.00000000000 0.00000000000 0.00000000000 0.00000000000 0.00000000000
# sel_p2_fsh[3]:
 0.00000000000 0.00000000000 0.00000000000 0.00000000000 0.00000000000 0.00000000000 0.00000000000 0.00000000000 0.00000000000 0.00000000000 0.00000000000 0.00000000000 0.00000000000 0.00000000000 0.00000000000 0.00000000000 0.00000000000 0.00000000000 0.00000000000 0.00000000000 0.00000000000 0.00000000000 0.00000000000 0.00000000000 0.00000000000 0.00000000000 0.00000000000 0.00000000000 0.00000000000 0.00000000000 0.00000000000 0.00000000000 0.00000000000 0.00000000000 0.00000000000 0.00000000000 0.00000000000 0.00000000000
# sel_p2_fsh[4]:
 0.00000000000 0.00000000000 0.00000000000 0.00000000000 0.00000000000 0.00000000000 0.00000000000 0.00000000000 0.00000000000 0.00000000000 0.00000000000 0.00000000000 0.00000000000 0.00000000000 0.00000000000 0.00000000000 0.00000000000 0.00000000000 0.00000000000 0.00000000000 0.00000000000 0.00000000000 0.00000000000 0.00000000000 0.00000000000 0.00000000000 0.00000000000 0.00000000000 0.00000000000
# logsel_p3_fsh[1]:
 0.00000000000 0.00000000000 0.00000000000 0.00000000000 0.00000000000 0.00000000000 0.00000000000 0.00000000000 0.00000000000 0.00000000000 0.00000000000 0.00000000000 0.00000000000 0.00000000000 0.00000000000 0.00000000000 0.00000000000 0.00000000000 0.00000000000 0.00000000000 0.00000000000 0.00000000000 0.00000000000 0.00000000000 0.00000000000 0.00000000000 0.00000000000 0.00000000000 0.00000000000 0.00000000000 0.00000000000 0.00000000000 0.00000000000 0.00000000000
# logsel_p3_fsh[2]:
 0.00000000000 0.00000000000 0.00000000000 0.00000000000 0.00000000000 0.00000000000 0.00000000000 0.00000000000 0.00000000000 0.00000000000 0.00000000000 0.00000000000 0.00000000000 0.00000000000 0.00000000000 0.00000000000 0.00000000000 0.00000000000 0.00000000000 0.00000000000 0.00000000000 0.00000000000 0.00000000000 0.00000000000 0.00000000000 0.00000000000 0.00000000000 0.00000000000 0.00000000000 0.00000000000 0.00000000000 0.00000000000 0.00000000000 0.00000000000 0.00000000000
# logsel_p3_fsh[3]:
 0.00000000000 0.00000000000 0.00000000000 0.00000000000 0.00000000000 0.00000000000 0.00000000000 0.00000000000 0.00000000000 0.00000000000 0.00000000000 0.00000000000 0.00000000000 0.00000000000 0.00000000000 0.00000000000 0.00000000000 0.00000000000 0.00000000000 0.00000000000 0.00000000000 0.00000000000 0.00000000000 0.00000000000 0.00000000000 0.00000000000 0.00000000000 0.00000000000 0.00000000000 0.00000000000 0.00000000000 0.00000000000 0.00000000000 0.00000000000 0.00000000000 0.00000000000 0.00000000000 0.00000000000
# logsel_p3_fsh[4]:
 0.00000000000 0.00000000000 0.00000000000 0.00000000000 0.00000000000 0.00000000000 0.00000000000 0.00000000000 0.00000000000 0.00000000000 0.00000000000 0.00000000000 0.00000000000 0.00000000000 0.00000000000 0.00000000000 0.00000000000 0.00000000000 0.00000000000 0.00000000000 0.00000000000 0.00000000000 0.00000000000 0.00000000000 0.00000000000 0.00000000000 0.00000000000 0.00000000000 0.00000000000
# rec_dev_future:
 0.00000000000 0.00000000000 0.00000000000 0.00000000000 0.00000000000 0.00000000000 0.00000000000 0.00000000000 0.00000000000 0.00000000000 0.00000000000 0.00000000000 0.00000000000 0.00000000000 0.00000000000 0.00000000000 0.00000000000 0.00000000000 0.00000000000 0.00000000000
# log_q_ind[1]:
0.482071321080
# log_q_ind[2]:
-3.89989939855
# log_q_ind[3]:
-9.37099576325
# log_q_ind[4]:
-0.136584883295
# log_q_ind[5]:
-5.74499194833
# log_q_ind[6]:
-8.20642395220
# log_q_ind[7]:
-0.631660883659
# log_q_power_ind[1]:
0.00000000000
# log_q_power_ind[2]:
0.00000000000
# log_q_power_ind[3]:
0.00000000000
# log_q_power_ind[4]:
0.00000000000
# log_q_power_ind[5]:
0.00000000000
# log_q_power_ind[6]:
0.00000000000
# log_q_power_ind[7]:
0.00000000000
# log_rw_q_ind[1]:
 -0.871871000619
# log_rw_q_ind[3]:
 -0.319408943174
# log_selcoffs_ind[1]:
 -3.10602826275 -1.13224334220 -0.671691102788 -0.336539023571 -0.210523459082 0.00952999204458 0.241719663518 0.438102438668 0.581535390050 0.681130813832
 -4.70294272255 -3.12705510878 -1.74295432110 -0.696052280185 -0.261017291936 -0.0177158733212 0.197839913194 0.486654539986 0.782387734390 0.911682442268
# log_selcoffs_ind[2]:
 0.920928946225 1.34294154517 0.529266403495 -0.315407626938 -0.949371861384 -1.38191168948 -1.67268702187 -1.88047149824 -2.02848178484 -2.11172964612
 1.52697497392 0.657848789538 0.300629461633 -0.0895214150450 -0.696718687150 -1.33800396430 -1.85112115882 -2.20174968954 -2.40933967746 -2.50190668855
 1.87164670779 0.582529065988 -0.358822130121 -0.990499035132 -1.50042563590 -1.95041876068 -2.34201568446 -2.65279252396 -2.86239164845 -2.96442994834
# log_selcoffs_ind[3]:
 -0.202940821038 0.0202027052767 0.0202027052767 0.0202027052767 0.0202027052767 0.0202027052767 0.0202027052767 0.0202027052767 0.0202027052767 0.0202027052767
# log_selcoffs_ind[4]:
 -0.904037295123 -0.692010576305 -0.490827287461 -0.311257387435 -0.144977641275 0.0210439974087 0.184434256814 0.333748481346 0.452653756545 0.526110205412
 -1.63589416443 -1.34024446210 -1.03405916475 -0.706346656408 -0.365858990512 -0.0341580012028 0.267433031054 0.511056853157 0.672455722138 0.742754138926
# log_selcoffs_ind[5]:
 -3.04452005677 -0.669616569639 0.101782682789 0.174353368097 0.174353368097 0.174353368097 0.174353368097 0.174353368097 0.174353368097 0.174353368097
# log_selcoffs_ind[6]:
 -3.04452005677 -0.669616569639 0.101782682789 0.174353368097 0.174353368097 0.174353368097 0.174353368097 0.174353368097 0.174353368097 0.174353368097
# log_selcoffs_ind[7]:
 -3.04452005677 -0.669616569639 0.101782682789 0.174353368097 0.174353368097 0.174353368097 0.174353368097 0.174353368097 0.174353368097 0.174353368097
# logsel_slope_ind[1]:
 0.00000000000 0.00000000000
# logsel_slope_ind[2]:
 0.00000000000 0.00000000000 0.00000000000
# logsel_slope_ind[3]:
 0.00000000000
# logsel_slope_ind[4]:
 0.00000000000 0.00000000000
# logsel_slope_ind[5]:
 0.00000000000
# logsel_slope_ind[6]:
 0.00000000000
# logsel_slope_ind[7]:
 0.00000000000
# sel50_ind[1]:
 0.00000000000 0.00000000000
# sel50_ind[2]:
 0.00000000000 0.00000000000 0.00000000000
# sel50_ind[3]:
 0.00000000000
# sel50_ind[4]:
 0.00000000000 0.00000000000
# sel50_ind[5]:
 0.00000000000
# sel50_ind[6]:
 0.00000000000
# sel50_ind[7]:
 0.00000000000
# logsel_p1_ind[1]:
 0.00000000000 0.00000000000
# logsel_p1_ind[2]:
 0.00000000000 0.00000000000 0.00000000000
# logsel_p1_ind[3]:
 0.00000000000
# logsel_p1_ind[4]:
 0.00000000000 0.00000000000
# logsel_p1_ind[5]:
 0.00000000000
# logsel_p1_ind[6]:
 0.00000000000
# logsel_p1_ind[7]:
 0.00000000000
# sel_p2_ind[1]:
 0.00000000000 0.00000000000
# sel_p2_ind[2]:
 0.00000000000 0.00000000000 0.00000000000
# sel_p2_ind[3]:
 0.00000000000
# sel_p2_ind[4]:
 0.00000000000 0.00000000000
# sel_p2_ind[5]:
 0.00000000000
# sel_p2_ind[6]:
 0.00000000000
# sel_p2_ind[7]:
 0.00000000000
# logsel_p3_ind[1]:
 0.00000000000 0.00000000000
# logsel_p3_ind[2]:
 0.00000000000 0.00000000000 0.00000000000
# logsel_p3_ind[3]:
 0.00000000000
# logsel_p3_ind[4]:
 0.00000000000 0.00000000000
# logsel_p3_ind[5]:
 0.00000000000
# logsel_p3_ind[6]:
 0.00000000000
# logsel_p3_ind[7]:
 0.00000000000
