# Number of parameters = 1695 Objective function value = 1514.15745503738  Maximum gradient component = 0.0472578082272386
# Mest[1]:
0.230000000000
# log_Linf[1]:
4.30945594184
# log_k[1]:
-1.83258146375
# log_Lo[1]:
2.89037175790
# log_sdage[1]:
-2.40794560865
# mean_log_rec[1]:
9.59847876209
# steepness[1]:
0.650000000000
# log_Rzero[1]:
9.90763392686
# rec_dev:
 -0.396536456029 -0.462810725468 -0.534867862946 -0.613234320877 -0.696301977294 -0.781768800597 -0.741885747388 -0.739101862410 -0.481984658743 -0.333798178451 -0.265660378411 -0.148525890021 -0.281917697996 -0.339065344981 -0.390003445832 -0.311347152316 -0.0161087239242 0.247695678952 0.296181078414 0.381361911961 0.418639264968 0.377011596254 0.701534158679 0.862904781869 0.601972882272 1.22021247425 1.35221948210 0.672027039456 0.624800212608 0.801278059521 0.703860402908 0.702252758264 0.362847623821 0.384564084233 0.0273033832420 -0.0587289285856 0.231363028466 0.298544814081 0.554842955558 0.565475090619 0.752946954060 0.765449646462 0.396921145530 -0.00588465830849 -0.528006355300 -0.514351617527 -0.794393351507 -0.735853932392 -1.11600641760 -1.12464026014 -0.779823434660 -0.462529830719 -0.937931562571 -0.482088365322 -0.705481455819 -0.331095291751 -0.396770431189 0.0867490344100 0.962816271179 0.718288898979 0.115369045971 -0.148050533576 0.107397958463
# log_sigmar[1]:
-0.510825623766
# fmort:
 0.00847416827890 0.0126281625084 0.00572660052130 0.00711467529786 0.0134666919507 0.0166913709718 0.0209667773205 0.0193023127411 0.0412750319971 0.0373704358762 0.0267463335056 0.0405183726337 0.0831566947586 0.0326029685304 0.0772644277468 0.0485400505435 0.00472686262471 0.0220680901390 0.0175626843165 0.0166398195670 0.0143018251657 0.0182700432290 0.0185420744615 0.0236686464181 0.0146601999714 0.0199452245072 0.0342930030252 0.0136702387099 0.00446152887281 0.00716396414069 0.0106419978081 0.0207462499032 0.00822940840120 0.0120080618589 0.0131119610497 0.0200238556121 0.0248531258807 0.0348490066704 0.0468229631608 0.0464493172076 0.0768845735001 0.0112068510820 0.00414213525377 0.00529316229988 0.00557894282629 0.00764544521291 0.00572825269196 0.00807732203951 0.00254256979946 0.00163074632597 0.00470956407923 0.00479571455766
 0.00110440642251 0.00165098173625 0.00243456628204 0.00391674714982 0.00276646819010 0.00506347746957 0.00686819084869 0.0106131354604 0.0187224479509 0.0238079506908 0.0275744226315 0.0574930854860 0.0795225885739 0.0579189496053 0.0719382276637 0.0960132824946 0.108359855404 0.155380068446 0.188884066228 0.214955032808 0.216529069138 0.282600628435 0.370408712203 0.373488856554 0.460175968290 0.572945318503 0.523342860372 0.549015869887 0.348612212969 0.231321757159 0.173943569520 0.199061577372 0.200763472614 0.183440807038 0.181673629298 0.184998649446 0.199131863976 0.242352304840 0.200255759706 0.264631177461 0.144872655066 0.0984377349642 0.0879068252151 0.0754957106750 0.0651554230212 0.0696657554209 0.0732939678256 0.0729085036756 0.0772728147940 0.0739761692377 0.0671793495303 0.0628854777386
 0.000150270183644 0.000279876992183 0.000632995547732 0.00143716065767 0.00464079763239 0.00145229681188 0.00194340234461 0.0179779296669 0.0118346513142 0.00925255724798 0.0109459060919 0.0108011226294 0.00356044695348 0.00257223587539 0.00347387125864 0.00193339166190 0.000739210833045 0.000672362568567 0.00380600268457 0.00493607865016 0.00584449516160 0.00345598019105 0.00188472802132 0.00287117401852 0.00539518555091 0.0184967371165 0.0209831103457 0.0288876254065 0.0170550985160 0.00674493511128 0.00832687039296 0.0223880468957 0.00401943310433 0.00721603951391 0.00701041041028 0.00374417399484 0.0157545845676 0.0183208689847 0.0140032747716 0.00757779446125 0.00263238423680 0.0286341021196 0.0123555245530 0.00507282283589 0.00430788576403 0.00143822070988 0.000842125817193 0.000405763573315 0.00153398361798 0.00219366987494 0.00205549714090 0.00206054394108
 1.47937218031e-13 1.60427227058e-13 0.000419074253120 1.75970349403e-13 1.73472347598e-13 1.75692793647e-13 2.62384090011e-06 0.000182405266095 0.00401087685601 0.0257623854660 0.0244422374109 0.0322334888215 0.0768871436544 0.0894562923684 0.119892737744 0.100001788795 0.0943155652644 0.0963151497651 0.0949555131660 0.0777285867551 0.0652816953994 0.0417810809196 0.00356036047411 2.08166817117e-13 2.15938378290e-13 2.80886425230e-13 3.23630011678e-13 4.88775686591e-13 5.92581539394e-13 2.95601310457e-06 0.000605189490783 0.00446633847165 0.0139492559250 0.0271098106605 0.0474481739772 0.0397251907283 0.0598345242523 0.0914438407149 0.114221763157 0.150679554918 0.135282414434 0.0342899209679 0.0220714974995 0.0209980505492 0.0219915243227 0.0275339617991 0.0162931083991 0.0121092392652 0.00841739739363 0.00747815880026 0.000551301015340 0.00553826336503
# log_selcoffs_fsh[1]:
 -5.16087364999 -3.93298981102 -2.60483030150 -1.29992589952 -0.296440343401 0.551537887393 1.13306895657 0.878337637277 -0.451357293094
 -4.89832973421 -3.59832754005 -2.22372074861 -1.00866695871 -0.213195002235 0.498640569314 1.02467380277 0.813733312066 -0.00473284848250
 -4.62074427074 -3.32160432126 -2.03596644849 -0.922351427285 -0.0887302930959 0.589838875914 0.920869868780 0.694133302112 0.177045143569
 -4.31220803673 -2.95600438356 -1.76162379216 -0.782021558945 -0.157631625999 0.451547554505 0.913984763187 0.729753640721 0.271253100909
 -4.04727432611 -2.65254239773 -1.23075663368 -0.228918047424 0.209509999156 0.453383525553 0.624212726865 0.552874626329 0.345625452232
 -3.83093120486 -2.56688572508 -1.38489867936 -0.348610603348 0.561884361350 0.721491326261 0.466195072044 0.295278681208 0.179506292543
 -3.58830344015 -2.38495055875 -1.31002572307 -0.339176368402 0.569237700739 0.810548261065 0.485290549410 0.186616689439 0.0509011834683
 -3.33058161536 -2.05051006461 -1.09493957536 -0.259806755243 0.558672300406 0.826326139352 0.465019047116 0.131568418065 -0.0367895906111
 -3.10747837911 -1.75668761184 -0.603926914645 0.0259683327411 0.429153993619 0.658652972701 0.508588965073 0.144203863148 -0.0795915372433
 -2.89620763334 -1.39724480719 -0.178494900674 0.208998002814 0.463825617634 0.541261399438 0.352188553783 0.0376446243922 -0.151216006564
 -2.71131268931 -1.03181613037 0.472073940998 0.494571744403 0.331809347356 0.218722662232 0.0462922782456 -0.141895245622 -0.247162646745
 -2.53446064975 -0.770898816695 0.427361610577 0.563209072824 0.473153118434 0.193616469311 -0.114612020242 -0.286436988517 -0.346345917919
 -2.45483368753 -0.814430720881 0.477743189002 0.782748344126 0.463661922300 0.0389282920623 -0.272438663426 -0.430031287710 -0.462457838473
 -2.34929164497 -0.770345060494 0.502824428400 0.885303915761 0.417086537846 -0.0378833709661 -0.356673948005 -0.507443173415 -0.540920778265
 -2.50090441445 -0.859326062323 0.609447978162 0.918557922214 0.374446532676 -0.0878087044615 -0.396793659872 -0.564207595769 -0.619811256738
 -2.50193528021 -0.928482438994 0.615309721362 0.858499192738 0.454362183995 -0.0216466365533 -0.379066659402 -0.580066613373 -0.663667830323
 -2.33634117357 -0.754803229406 0.716695319157 0.757615499816 0.398938704151 -0.00625954566642 -0.354956899454 -0.576829745690 -0.682216593532
 -2.02241945499 -0.480895513347 0.471400472480 0.813211574059 0.484590187722 0.00359723496611 -0.352362876601 -0.577232526990 -0.692203935544
 -1.91987063769 -0.447585748680 0.767988045607 0.759880229566 0.294812852318 -0.0991360550646 -0.413323103161 -0.627247774246 -0.740749264439
 -1.74678946923 -0.361458032026 0.689297516140 0.777209389748 0.378929618003 -0.102071685061 -0.458233631088 -0.676588272699 -0.783365926660
 -1.63568714991 -0.231486179225 0.839358507626 0.761550938634 0.238725127308 -0.213774084199 -0.549305629965 -0.752321855835 -0.844972398898
 -1.53825971368 -0.229873469189 0.649470085090 0.964513614280 0.322827524680 -0.313090531726 -0.671670228690 -0.847306288421 -0.913941377646
 -1.45167495671 0.0270461596758 0.888048343376 0.806628588641 0.154099674431 -0.409427047680 -0.766434787900 -0.928756647444 -0.974624231682
 -1.53142648274 -0.172316671475 0.848058004407 1.01996140813 0.100616740606 -0.520001586503 -0.866779791733 -1.01744821931 -1.04505217046
 -1.53446461749 -0.210711756992 0.861438456317 1.00550694899 0.155656658462 -0.503900253107 -0.887336300383 -1.05404069480 -1.07383907454
 -1.43617558118 0.128934711097 0.736017268764 0.864296278905 0.240321110387 -0.337759012916 -0.793716448134 -1.00159430703 -1.02407211439
 -1.65026668504 -0.246525676319 0.668065882384 0.934626815683 0.326791107691 -0.193273109847 -0.659423640687 -0.890354955024 -0.938184077681
 -1.71015792798 -0.358260966186 0.681984738425 0.825185509398 0.365692445030 -0.106008677694 -0.520034430051 -0.744671845082 -0.798841469218
 -1.45330630430 0.195268993587 0.609277104543 0.585786909975 0.232150670377 -0.126297971072 -0.402943658769 -0.566559639432 -0.622549848234
 -1.51095040761 0.0516981097539 0.512295531484 0.701318057438 0.192425782356 -0.157155138255 -0.342473806949 -0.439357762723 -0.478850009583
 -1.63138939026 -0.0137854480884 0.842298040040 0.345179929546 -0.00959966525882 -0.162450729618 -0.243034278548 -0.302470039692 -0.328013346956
 -1.70707803071 -0.0761956074044 0.579458259762 0.353233628275 0.0531476531173 -0.0578974769035 -0.0870652107226 -0.113484229245 -0.132882447338
 -1.84612258680 -0.772523915347 0.0135070626555 0.533301618280 0.295374832654 0.127262878927 0.102557568923 0.0533557722929 0.0198075584949
 -2.04714103642 -1.04428438654 -0.292913315863 0.236603329366 0.236117745351 0.315470543381 0.334307785536 0.239467779992 0.183282717056
 -1.97758202467 -0.802122220704 -0.315090118884 0.256938539824 0.155516936982 0.175626222142 0.278994842375 0.295943234883 0.310482403750
 -1.43777298943 -0.651499781575 -0.714393493430 -0.300622050697 0.00770928421945 0.267298245890 0.417758343246 0.464153468191 0.462503255300
 -1.58918369595 -1.41692790417 -1.26204530278 -0.502279573437 0.0302882633343 0.427758637222 0.596075598601 0.533441602642 0.457986194227
 -1.87481707834 -1.74761387667 -1.48808023526 -0.686808603378 0.0758894870119 0.566805908436 0.655914549633 0.559078622651 0.354878490000
# log_selcoffs_fsh[2]:
 -5.88701399093 -3.95530047486 -2.25751264706 -0.870046401842 0.159475012656 0.602892615196 0.921298229808 0.880453575227 0.173271479656 -1.07732536873
 -5.81386863218 -3.82644713100 -1.82044002707 -0.575354153708 -0.113834096424 0.425827335545 0.895751748954 0.903577092115 0.283572507600 -0.541204605866
 -5.70703494269 -3.90027307609 -2.17969334753 -0.812587993563 -0.103165125483 0.362763968471 0.813636662569 0.880525371609 0.430026074684 -0.133737052544
 -5.57628331155 -3.85487180682 -2.33814369765 -1.17998236829 -0.359881971115 0.205646333450 0.722260881807 0.909381066028 0.607265635665 0.237357481992
 -5.47962191977 -3.69435280887 -2.02767280544 -1.01444219530 -0.570812464669 -0.121713389861 0.506566915834 0.841840634039 0.770906295837 0.633560791803
 -5.38653172989 -3.76284940883 -2.16413497882 -0.919427883218 -0.344966987447 -0.244791250931 0.145583821286 0.589362770743 0.854093600129 0.977836780390
 -5.32484903780 -3.89658498594 -2.52441892689 -1.29442401416 -0.332234401489 -0.114616004021 0.0536793741906 0.408149154974 0.829781863871 1.15045664038
 -5.30429849455 -4.00574802004 -2.81299376026 -1.79289842208 -0.950217126562 -0.343043923135 0.187604181993 0.546084647082 0.882522737911 1.19520270979
 -5.30119958300 -4.04179865022 -2.87375391430 -1.96714321317 -1.24599850495 -0.578149602336 0.115515142170 0.627960977882 0.961919523304 1.19983391218
 -5.26928214005 -3.98314946582 -2.78877153763 -1.80541221763 -1.09676082572 -0.607742560755 -0.0844149475292 0.513952640777 0.978819237854 1.28634797070
 -5.25973349461 -3.88282878244 -2.55359084037 -1.47153922536 -0.768849183151 -0.391163398556 -0.0399087447397 0.357159554068 0.870470676244 1.32144788451
 -5.30918159728 -3.81651938480 -2.42266257177 -1.25582523974 -0.557106830111 -0.222310354669 0.0324262117590 0.361666709593 0.874877183684 1.21156423746
 -5.38376928214 -3.71196340043 -2.10673764083 -0.760232095491 -0.184723018960 0.0608927682748 0.192693666096 0.307267534113 0.706919382706 1.06046637195
 -5.46814599927 -3.58654502070 -1.76327572736 -0.455943809400 0.157209722532 0.246836394565 0.218251866035 0.296149481970 0.566071917758 0.859778981154
 -5.53084103259 -3.46757971621 -1.49408629159 -0.0603225733308 0.377241970721 0.306935073364 0.152449762061 0.209082734136 0.467260154211 0.687417485042
 -5.55266533050 -3.32473413075 -1.15735015447 0.122155211185 0.368642885864 0.281979842638 0.143868202894 0.195330018155 0.422050679292 0.614558609835
 -5.55437914930 -3.29185224191 -1.06092383004 0.139392154940 0.413565799957 0.325220661366 0.157190162421 0.169757141245 0.367448320609 0.569519298212
 -5.54095095837 -3.40693501423 -1.31052613758 0.142403539678 0.497393255623 0.384326323642 0.174999727815 0.156317137996 0.329901176863 0.516342899219
 -5.49032261229 -3.48563674887 -1.53839481305 -0.0336498392994 0.511966042972 0.411084614374 0.208215315281 0.188224391870 0.360345747848 0.550531472010
 -5.41454077173 -3.52996831992 -1.70145651476 -0.277138470901 0.297521894596 0.417954507865 0.271840818239 0.265336197017 0.459243581706 0.673649555914
 -5.35993315780 -3.58537508981 -1.89448582592 -0.530625868910 0.221048117307 0.442839028371 0.328851255072 0.284609490001 0.483375710685 0.734424447836
 -5.33725682691 -3.64472311421 -2.06248811569 -0.758433015634 0.0734547408984 0.434258890801 0.407321951561 0.373173905159 0.530569051381 0.741205106569
 -5.33644077770 -3.68242634930 -2.20180704379 -0.981196455881 -0.159108376360 0.399467646391 0.488264322256 0.466668466396 0.590288343787 0.747615479175
 -5.37830159138 -3.71413389634 -2.21004399057 -1.03247978307 -0.308853722712 0.204899145080 0.537990134540 0.555487726928 0.667834273128 0.759935264022
 -5.43544266399 -3.74977634453 -2.14112769888 -0.813986603591 -0.180720237028 0.0616236049495 0.351979098741 0.579212838987 0.696175456935 0.833212814263
 -5.53307444465 -3.79713962097 -2.24235777175 -0.926192161290 -0.172671036912 0.284721169001 0.400328725613 0.488755482630 0.644437509875 0.821110437102
 -5.72509552953 -3.95623723565 -2.24319084391 -0.846888278061 -0.0567284553682 0.432709868100 0.508142702392 0.483852553866 0.544973995072 0.666484514551
 -5.91109421551 -4.16174322605 -2.35982781866 -0.634447967420 0.0823757190476 0.487354126931 0.510435927381 0.437282084265 0.558721796881 0.518932297279
 -6.07847151713 -4.36797243465 -2.66456336901 -1.05489052224 -0.0114754614562 0.687043311697 0.675380418074 0.484009387939 0.520185741127 0.278437562826
 -6.22761228275 -4.50280979286 -2.82122746986 -1.18710342174 0.0838019139567 0.755281367263 0.915515825357 0.491863086327 0.212696642264 0.0356128085875
 -6.31496127073 -4.51926829680 -2.73627811512 -1.07133822402 0.138995101521 0.766194822690 0.802337632464 0.505597665292 0.251735870305 0.0991836648825
 -6.36173354964 -4.45811742806 -2.60558162203 -1.03500106827 -0.213061612096 0.363181815174 0.745780433293 0.754788984514 0.516618896435 0.336472735820
 -6.38708994096 -4.37761237468 -2.25338641602 -0.612399645044 -0.195650426782 -0.0204072313761 0.413162933275 0.722385785072 0.738990386800 0.626910358444
 -6.45134169753 -4.49460696837 -2.51153057557 -0.798244599625 -0.0910167217527 0.248753874015 0.425188635014 0.629916126626 0.684906108156 0.625747895497
 -6.48973015148 -4.63630145083 -2.73874602757 -1.01043991834 -0.203305200917 0.187478340347 0.530353881255 0.649806986478 0.690475036274 0.656730313460
 -6.49843128574 -4.80198266045 -3.04953292700 -1.28151897791 -0.284354140437 0.240411961426 0.549429325699 0.692142445893 0.680118708331 0.660956251621
 -6.50485950431 -4.94976864266 -3.39659659477 -1.76648964564 -0.562882918554 0.150347609244 0.667207224368 0.775603542025 0.752398320771 0.594665006402
 -6.48742844125 -4.99028409889 -3.53776563684 -2.11578792017 -0.919703898069 -0.00238669485001 0.605632690520 0.915423933394 0.829181735657 0.601095351260
 -6.46941773288 -4.97942709323 -3.52501290960 -2.15306223037 -0.955650996137 -0.00253809160928 0.628511497677 0.881340066617 0.826700213309 0.636180580147
# log_selcoffs_fsh[3]:
 -0.958953331407 -0.147247582457 1.14705233998 0.443089832467 -0.603409733403 -1.27079356412 -1.51565558033
 -1.22586597165 -0.157419992643 1.17534659709 0.446745444902 -0.602898858662 -1.26571245355 -1.51227320380
 -0.678892768735 -0.228631616337 1.09494326384 0.461482479702 -0.539300063169 -1.19329368660 -1.44652963664
 -1.55046339013 -0.345061496715 1.20881359988 0.455201651143 -0.525019387166 -1.15145491764 -1.40261382597
 -1.94786357773 -0.254861919969 1.14591532112 0.492426117775 -0.397446957861 -1.03114595969 -1.30134246229
 -2.01704751561 -0.568046117361 0.933410858054 0.779740511940 -0.161405440466 -0.879203138191 -1.17058536737
 -1.69272537815 -0.465973400799 0.695768237530 0.907750173126 -0.0683838677728 -0.822617342512 -1.10476767591
 -1.31154203392 0.567924756998 0.783320883105 0.280844213596 -0.326669722691 -0.894374481583 -1.13061948564
 -1.38823775694 0.636621007570 0.877803042756 0.174349170745 -0.477725724237 -1.00659977882 -1.27772611694
 -1.59504594976 0.306598977247 0.988981237169 0.459974338658 -0.478440770544 -1.14873548228 -1.47407252865
 -1.84666949456 -0.389333098827 0.895411404164 0.891500082481 -0.253898788346 -1.17451120866 -1.64578437982
 -1.80133921726 -0.329885697453 0.823915294807 0.923782840076 -0.178123358048 -1.19190580600 -1.73031915686
 -1.64582483809 -0.0979653537896 1.01842170064 0.699798915920 -0.387976920172 -1.30337921719 -1.78226449943
 -1.40587845737 0.592323045273 0.994521970247 0.272686901950 -0.655650268542 -1.40726773490 -1.79680391501
 -1.45115789922 0.236866203314 1.18080511002 0.320023125534 -0.756364976905 -1.48337473367 -1.78358604214
 -1.45723662956 0.274484731935 1.25365253139 0.165675512330 -0.942014377455 -1.57811508434 -1.76166758247
 -1.24385583253 0.592186694223 1.12494866753 0.0667256774322 -1.00934062314 -1.56855838143 -1.70415300812
 -1.15373466641 0.663671948333 1.08708187001 -0.00915477404246 -0.978375571718 -1.51257904062 -1.66137872344
 -0.708155921707 1.10574235928 0.651352958516 -0.232305647780 -1.01209355009 -1.49612902810 -1.67295992807
 -0.558407678009 1.20011206050 0.545484091565 -0.401441807455 -1.12472439123 -1.55858582520 -1.72924374045
 -0.335648310969 1.16257720694 0.593063837453 -0.456283860885 -1.23243971426 -1.66153756946 -1.81784475114
 -0.411692980943 1.14549573971 0.688525786054 -0.492024517533 -1.33164014639 -1.75014569004 -1.87396050045
 -0.241171342551 0.843896816808 1.00499375111 -0.513846446172 -1.42802623502 -1.80451140230 -1.86778711881
 -0.170222845476 1.07894863892 0.726255480938 -0.511349512496 -1.41233026520 -1.83562858883 -1.93213175262
 -0.353325623895 0.561861566413 1.10474322870 -0.0799595076008 -1.19639770546 -1.79807787816 -2.00830695849
 -0.0899292203377 0.698140824750 0.641117218035 0.314088731378 -0.728561635771 -1.60909490999 -2.07378832060
 -0.886313046307 0.758050583966 0.870426466014 0.179020195276 -0.636727908392 -1.49606457423 -2.14805336359
 -1.39217559061 0.267487102632 1.14833498460 0.389456816355 -0.687481767877 -1.58348363950 -2.22959293142
 -1.52693066567 0.0255662322739 1.24532754187 0.432101512549 -0.759702986999 -1.73896711705 -2.31433661345
 -1.41972950820 0.236096866035 0.819105611730 0.885296213168 -0.616806464639 -1.79274803193 -2.36889007608
 -1.37669890266 1.11891996016 0.669657719829 0.0886968650093 -0.923500004808 -1.86890599316 -2.42693942958
 -1.64420651458 0.615295774988 1.18891687040 0.0883819049121 -1.02637170863 -1.95413842439 -2.51687979056
 -1.90946568643 -0.116562105155 1.40128245881 0.283964241876 -1.01314813515 -2.01616603651 -2.56606559843
 -1.81251741344 -0.0614609348244 1.09449244235 0.816160884460 -0.831931871744 -2.00742703073 -2.55927984678
 -1.64059339746 0.104826187379 1.34306562316 0.269451920134 -1.05942691945 -2.03925159363 -2.54057846181
 -1.17971507879 1.09307062100 0.855008702576 -0.161973815324 -1.20775636186 -2.05814079200 -2.51582375291
 -1.06814866240 1.03675977406 0.940036153867 -0.228112772434 -1.29957055196 -2.07433001460 -2.50233645580
 -0.862628570024 1.05545213893 0.874676071002 -0.214273274583 -1.24198210531 -2.05183292163 -2.49935220235
 -1.05406198379 0.963149020981 0.924615964132 -0.0311986679229 -1.12034132133 -2.00819698187 -2.51373428754
 -1.32310454950 0.322278419628 1.26609379887 0.198129166113 -0.998426102345 -1.97142282751 -2.53054015600
 -1.54206293209 0.00706411170197 1.27637423729 0.429230149387 -0.833829983690 -1.92230646294 -2.54309583236
 -1.65926625593 -0.167131914151 0.980635380010 0.920605726929 -0.589089487421 -1.87323537967 -2.54829457374
# log_selcoffs_fsh[4]:
 -6.17634297666 -4.95847683754 -3.70460158669 -2.37224047827 -0.989780841935 0.255145780487 1.05248872813 1.07092531710 0.356176057304
 -6.16671311835 -4.94677741344 -3.68842098829 -2.31900160800 -0.897845560330 0.328348974647 1.06830571582 1.01112759094 0.345113180211
 -6.12590451993 -4.90929283252 -3.66672671892 -2.34847264034 -0.967048571723 0.266752583934 1.05463067360 1.04281764715 0.388879357631
 -6.04782246963 -4.82843074000 -3.60320405338 -2.34606827938 -1.03827625751 0.165861994024 0.996626357819 1.08853237735 0.502678522259
 -5.95990831378 -4.72390937189 -3.49545142065 -2.27397850255 -1.01993916771 0.153167793860 0.949419010162 1.06792214449 0.607387368466
 -5.86685838888 -4.65221008654 -3.42364340603 -2.18467385185 -1.00679381848 0.0699014333661 0.883106107084 1.08651810621 0.704281589871
 -5.75540310355 -4.56290078304 -3.34888780200 -2.10133766610 -0.936233105704 0.0916705667464 0.833553818262 1.04342025998 0.788678973848
 -5.62733751967 -4.43172255252 -3.26614674145 -2.06662300281 -0.916777478769 0.0595998320587 0.799341959287 1.03287898507 0.843851850699
 -5.49874748467 -4.25848226528 -3.12441407031 -2.06795895173 -0.998095277052 0.00247775373420 0.775190160716 1.03940983605 0.892712566451
 -5.36913836547 -4.13249636422 -2.94155660866 -1.85263516035 -0.906472211398 -0.0191145099356 0.679777308600 1.01091855584 0.979496940758
 -5.26845787008 -4.02781853000 -2.83597087784 -1.72681464247 -0.734485473554 0.0653447632159 0.649849696766 0.935696471229 1.00393652076
 -5.19865666013 -3.91650363100 -2.71427212019 -1.63653299211 -0.652983089953 0.165262095258 0.660493836138 0.892371528092 0.969568201079
 -5.13983143305 -3.76786572089 -2.49327427970 -1.45512176856 -0.614516785068 0.147274860792 0.689120988260 0.882012068784 0.935204663467
 -5.07462557548 -3.57900706740 -2.11568095571 -1.02864252802 -0.359814158840 0.147644617144 0.560466429748 0.826391614250 0.953334196550
 -4.99238386265 -3.41981088249 -1.86770579178 -0.702179125152 -0.111265941308 0.179962962118 0.438530725478 0.736941144611 0.947275399367
 -4.88930247310 -3.27413321072 -1.64286675141 -0.453971323785 -0.0463313930385 0.142467048249 0.371409756313 0.679234696887 0.954015154739
 -4.81310237857 -3.23319458755 -1.64924982149 -0.460498027411 -0.0465605702892 0.181052754953 0.394848974586 0.661206127236 0.938056232522
 -4.75284649901 -3.31000617311 -1.97986615687 -0.955705315223 -0.235246377039 0.347740695791 0.601910728027 0.695581761361 0.873595547372
 -4.65943978391 -3.33333783980 -2.12383262083 -1.17578831268 -0.438631404830 0.204796412118 0.608608614856 0.823987417718 0.931009370754
 -4.60306340763 -3.34485677841 -2.21347045654 -1.30294443009 -0.620793587138 0.0144962664413 0.619992834153 0.940059032794 0.956470896029
 -4.52543470408 -3.27413237364 -2.14038202585 -1.32764361363 -0.699134438287 -0.143909058728 0.463228741338 0.993546355979 1.07008756392
 -4.43216396360 -3.16382573177 -1.86235529734 -1.15796876250 -0.702544790900 -0.154574851574 0.365338786635 0.842288575640 1.21242846944
 -4.33544170268 -3.21447806655 -2.12916658151 -1.26125022034 -0.657780367387 -0.0903097872982 0.360515472375 0.803314423969 1.23716932987
 -4.18795499606 -3.13173925964 -2.15603442863 -1.31330066103 -0.668111656819 -0.134970897610 0.301691976610 0.771454799578 1.29609457079
 -4.12843369706 -3.07617258656 -2.02407210789 -1.11360126898 -0.470414050990 0.0835334458076 0.465754801630 0.788848280729 1.08900764164
 -3.91999389609 -2.81812533932 -1.64693861065 -0.899231319103 -0.500554514151 -0.0175900082357 0.443924218212 0.811649412201 1.07217602533
 -3.60719116430 -2.61211321899 -1.58546795008 -0.849759770658 -0.427560196510 -0.0583457778053 0.385557873177 0.815323569761 1.07887210334
 -3.13945144542 -2.25911298941 -1.42580760241 -0.774311353957 -0.408263465957 -0.120734375843 0.186533075303 0.697954644927 1.21939502517
 -2.51845239075 -1.77054399018 -1.22663532121 -0.809555130880 -0.557372719792 -0.350445564840 0.0479991652011 0.639968082625 1.33188187005
 -2.41259854339 -1.85288406279 -1.14668339849 -0.701985420419 -0.569299809968 -0.439787946708 -0.0639639928626 0.634104747031 1.36273835187
 -1.86571746277 -1.39804906162 -1.32324252407 -1.08241179366 -0.794888028781 -0.548950850081 -0.0674099269441 0.638324542507 1.41967667242
 -1.41334523433 -0.827018015039 -1.06285592900 -1.26331638433 -1.04538419995 -0.657502589274 -0.0868380770889 0.675776681903 1.37094031172
 -1.33122107519 -1.01360938447 -1.07444052220 -1.19363087388 -1.05179082460 -0.657885850280 -0.0422319633258 0.721793847650 1.34659290546
# log_sel_spl_fsh[1]:
 0.00000000000 0.00000000000 0.00000000000 0.00000000000
 0.00000000000 0.00000000000 0.00000000000 0.00000000000
 0.00000000000 0.00000000000 0.00000000000 0.00000000000
 0.00000000000 0.00000000000 0.00000000000 0.00000000000
 0.00000000000 0.00000000000 0.00000000000 0.00000000000
 0.00000000000 0.00000000000 0.00000000000 0.00000000000
 0.00000000000 0.00000000000 0.00000000000 0.00000000000
 0.00000000000 0.00000000000 0.00000000000 0.00000000000
 0.00000000000 0.00000000000 0.00000000000 0.00000000000
 0.00000000000 0.00000000000 0.00000000000 0.00000000000
 0.00000000000 0.00000000000 0.00000000000 0.00000000000
 0.00000000000 0.00000000000 0.00000000000 0.00000000000
 0.00000000000 0.00000000000 0.00000000000 0.00000000000
 0.00000000000 0.00000000000 0.00000000000 0.00000000000
 0.00000000000 0.00000000000 0.00000000000 0.00000000000
 0.00000000000 0.00000000000 0.00000000000 0.00000000000
 0.00000000000 0.00000000000 0.00000000000 0.00000000000
 0.00000000000 0.00000000000 0.00000000000 0.00000000000
 0.00000000000 0.00000000000 0.00000000000 0.00000000000
 0.00000000000 0.00000000000 0.00000000000 0.00000000000
 0.00000000000 0.00000000000 0.00000000000 0.00000000000
 0.00000000000 0.00000000000 0.00000000000 0.00000000000
 0.00000000000 0.00000000000 0.00000000000 0.00000000000
 0.00000000000 0.00000000000 0.00000000000 0.00000000000
 0.00000000000 0.00000000000 0.00000000000 0.00000000000
 0.00000000000 0.00000000000 0.00000000000 0.00000000000
 0.00000000000 0.00000000000 0.00000000000 0.00000000000
 0.00000000000 0.00000000000 0.00000000000 0.00000000000
 0.00000000000 0.00000000000 0.00000000000 0.00000000000
 0.00000000000 0.00000000000 0.00000000000 0.00000000000
 0.00000000000 0.00000000000 0.00000000000 0.00000000000
 0.00000000000 0.00000000000 0.00000000000 0.00000000000
 0.00000000000 0.00000000000 0.00000000000 0.00000000000
 0.00000000000 0.00000000000 0.00000000000 0.00000000000
 0.00000000000 0.00000000000 0.00000000000 0.00000000000
 0.00000000000 0.00000000000 0.00000000000 0.00000000000
 0.00000000000 0.00000000000 0.00000000000 0.00000000000
 0.00000000000 0.00000000000 0.00000000000 0.00000000000
# log_sel_spl_fsh[2]:
 0.00000000000 0.00000000000 0.00000000000 0.00000000000
 0.00000000000 0.00000000000 0.00000000000 0.00000000000
 0.00000000000 0.00000000000 0.00000000000 0.00000000000
 0.00000000000 0.00000000000 0.00000000000 0.00000000000
 0.00000000000 0.00000000000 0.00000000000 0.00000000000
 0.00000000000 0.00000000000 0.00000000000 0.00000000000
 0.00000000000 0.00000000000 0.00000000000 0.00000000000
 0.00000000000 0.00000000000 0.00000000000 0.00000000000
 0.00000000000 0.00000000000 0.00000000000 0.00000000000
 0.00000000000 0.00000000000 0.00000000000 0.00000000000
 0.00000000000 0.00000000000 0.00000000000 0.00000000000
 0.00000000000 0.00000000000 0.00000000000 0.00000000000
 0.00000000000 0.00000000000 0.00000000000 0.00000000000
 0.00000000000 0.00000000000 0.00000000000 0.00000000000
 0.00000000000 0.00000000000 0.00000000000 0.00000000000
 0.00000000000 0.00000000000 0.00000000000 0.00000000000
 0.00000000000 0.00000000000 0.00000000000 0.00000000000
 0.00000000000 0.00000000000 0.00000000000 0.00000000000
 0.00000000000 0.00000000000 0.00000000000 0.00000000000
 0.00000000000 0.00000000000 0.00000000000 0.00000000000
 0.00000000000 0.00000000000 0.00000000000 0.00000000000
 0.00000000000 0.00000000000 0.00000000000 0.00000000000
 0.00000000000 0.00000000000 0.00000000000 0.00000000000
 0.00000000000 0.00000000000 0.00000000000 0.00000000000
 0.00000000000 0.00000000000 0.00000000000 0.00000000000
 0.00000000000 0.00000000000 0.00000000000 0.00000000000
 0.00000000000 0.00000000000 0.00000000000 0.00000000000
 0.00000000000 0.00000000000 0.00000000000 0.00000000000
 0.00000000000 0.00000000000 0.00000000000 0.00000000000
 0.00000000000 0.00000000000 0.00000000000 0.00000000000
 0.00000000000 0.00000000000 0.00000000000 0.00000000000
 0.00000000000 0.00000000000 0.00000000000 0.00000000000
 0.00000000000 0.00000000000 0.00000000000 0.00000000000
 0.00000000000 0.00000000000 0.00000000000 0.00000000000
 0.00000000000 0.00000000000 0.00000000000 0.00000000000
 0.00000000000 0.00000000000 0.00000000000 0.00000000000
 0.00000000000 0.00000000000 0.00000000000 0.00000000000
 0.00000000000 0.00000000000 0.00000000000 0.00000000000
 0.00000000000 0.00000000000 0.00000000000 0.00000000000
# log_sel_spl_fsh[3]:
 0.00000000000 0.00000000000 0.00000000000 0.00000000000
 0.00000000000 0.00000000000 0.00000000000 0.00000000000
 0.00000000000 0.00000000000 0.00000000000 0.00000000000
 0.00000000000 0.00000000000 0.00000000000 0.00000000000
 0.00000000000 0.00000000000 0.00000000000 0.00000000000
 0.00000000000 0.00000000000 0.00000000000 0.00000000000
 0.00000000000 0.00000000000 0.00000000000 0.00000000000
 0.00000000000 0.00000000000 0.00000000000 0.00000000000
 0.00000000000 0.00000000000 0.00000000000 0.00000000000
 0.00000000000 0.00000000000 0.00000000000 0.00000000000
 0.00000000000 0.00000000000 0.00000000000 0.00000000000
 0.00000000000 0.00000000000 0.00000000000 0.00000000000
 0.00000000000 0.00000000000 0.00000000000 0.00000000000
 0.00000000000 0.00000000000 0.00000000000 0.00000000000
 0.00000000000 0.00000000000 0.00000000000 0.00000000000
 0.00000000000 0.00000000000 0.00000000000 0.00000000000
 0.00000000000 0.00000000000 0.00000000000 0.00000000000
 0.00000000000 0.00000000000 0.00000000000 0.00000000000
 0.00000000000 0.00000000000 0.00000000000 0.00000000000
 0.00000000000 0.00000000000 0.00000000000 0.00000000000
 0.00000000000 0.00000000000 0.00000000000 0.00000000000
 0.00000000000 0.00000000000 0.00000000000 0.00000000000
 0.00000000000 0.00000000000 0.00000000000 0.00000000000
 0.00000000000 0.00000000000 0.00000000000 0.00000000000
 0.00000000000 0.00000000000 0.00000000000 0.00000000000
 0.00000000000 0.00000000000 0.00000000000 0.00000000000
 0.00000000000 0.00000000000 0.00000000000 0.00000000000
 0.00000000000 0.00000000000 0.00000000000 0.00000000000
 0.00000000000 0.00000000000 0.00000000000 0.00000000000
 0.00000000000 0.00000000000 0.00000000000 0.00000000000
 0.00000000000 0.00000000000 0.00000000000 0.00000000000
 0.00000000000 0.00000000000 0.00000000000 0.00000000000
 0.00000000000 0.00000000000 0.00000000000 0.00000000000
 0.00000000000 0.00000000000 0.00000000000 0.00000000000
 0.00000000000 0.00000000000 0.00000000000 0.00000000000
 0.00000000000 0.00000000000 0.00000000000 0.00000000000
 0.00000000000 0.00000000000 0.00000000000 0.00000000000
 0.00000000000 0.00000000000 0.00000000000 0.00000000000
 0.00000000000 0.00000000000 0.00000000000 0.00000000000
 0.00000000000 0.00000000000 0.00000000000 0.00000000000
 0.00000000000 0.00000000000 0.00000000000 0.00000000000
 0.00000000000 0.00000000000 0.00000000000 0.00000000000
# log_sel_spl_fsh[4]:
 0.00000000000 0.00000000000 0.00000000000 0.00000000000
 0.00000000000 0.00000000000 0.00000000000 0.00000000000
 0.00000000000 0.00000000000 0.00000000000 0.00000000000
 0.00000000000 0.00000000000 0.00000000000 0.00000000000
 0.00000000000 0.00000000000 0.00000000000 0.00000000000
 0.00000000000 0.00000000000 0.00000000000 0.00000000000
 0.00000000000 0.00000000000 0.00000000000 0.00000000000
 0.00000000000 0.00000000000 0.00000000000 0.00000000000
 0.00000000000 0.00000000000 0.00000000000 0.00000000000
 0.00000000000 0.00000000000 0.00000000000 0.00000000000
 0.00000000000 0.00000000000 0.00000000000 0.00000000000
 0.00000000000 0.00000000000 0.00000000000 0.00000000000
 0.00000000000 0.00000000000 0.00000000000 0.00000000000
 0.00000000000 0.00000000000 0.00000000000 0.00000000000
 0.00000000000 0.00000000000 0.00000000000 0.00000000000
 0.00000000000 0.00000000000 0.00000000000 0.00000000000
 0.00000000000 0.00000000000 0.00000000000 0.00000000000
 0.00000000000 0.00000000000 0.00000000000 0.00000000000
 0.00000000000 0.00000000000 0.00000000000 0.00000000000
 0.00000000000 0.00000000000 0.00000000000 0.00000000000
 0.00000000000 0.00000000000 0.00000000000 0.00000000000
 0.00000000000 0.00000000000 0.00000000000 0.00000000000
 0.00000000000 0.00000000000 0.00000000000 0.00000000000
 0.00000000000 0.00000000000 0.00000000000 0.00000000000
 0.00000000000 0.00000000000 0.00000000000 0.00000000000
 0.00000000000 0.00000000000 0.00000000000 0.00000000000
 0.00000000000 0.00000000000 0.00000000000 0.00000000000
 0.00000000000 0.00000000000 0.00000000000 0.00000000000
 0.00000000000 0.00000000000 0.00000000000 0.00000000000
 0.00000000000 0.00000000000 0.00000000000 0.00000000000
 0.00000000000 0.00000000000 0.00000000000 0.00000000000
 0.00000000000 0.00000000000 0.00000000000 0.00000000000
 0.00000000000 0.00000000000 0.00000000000 0.00000000000
# logsel_slope_fsh[1]:
 0.00000000000 0.00000000000 0.00000000000 0.00000000000 0.00000000000 0.00000000000 0.00000000000 0.00000000000 0.00000000000 0.00000000000 0.00000000000 0.00000000000 0.00000000000 0.00000000000 0.00000000000 0.00000000000 0.00000000000 0.00000000000 0.00000000000 0.00000000000 0.00000000000 0.00000000000 0.00000000000 0.00000000000 0.00000000000 0.00000000000 0.00000000000 0.00000000000 0.00000000000 0.00000000000 0.00000000000 0.00000000000 0.00000000000 0.00000000000 0.00000000000 0.00000000000 0.00000000000 0.00000000000
# logsel_slope_fsh[2]:
 0.00000000000 0.00000000000 0.00000000000 0.00000000000 0.00000000000 0.00000000000 0.00000000000 0.00000000000 0.00000000000 0.00000000000 0.00000000000 0.00000000000 0.00000000000 0.00000000000 0.00000000000 0.00000000000 0.00000000000 0.00000000000 0.00000000000 0.00000000000 0.00000000000 0.00000000000 0.00000000000 0.00000000000 0.00000000000 0.00000000000 0.00000000000 0.00000000000 0.00000000000 0.00000000000 0.00000000000 0.00000000000 0.00000000000 0.00000000000 0.00000000000 0.00000000000 0.00000000000 0.00000000000 0.00000000000
# logsel_slope_fsh[3]:
 0.00000000000 0.00000000000 0.00000000000 0.00000000000 0.00000000000 0.00000000000 0.00000000000 0.00000000000 0.00000000000 0.00000000000 0.00000000000 0.00000000000 0.00000000000 0.00000000000 0.00000000000 0.00000000000 0.00000000000 0.00000000000 0.00000000000 0.00000000000 0.00000000000 0.00000000000 0.00000000000 0.00000000000 0.00000000000 0.00000000000 0.00000000000 0.00000000000 0.00000000000 0.00000000000 0.00000000000 0.00000000000 0.00000000000 0.00000000000 0.00000000000 0.00000000000 0.00000000000 0.00000000000 0.00000000000 0.00000000000 0.00000000000 0.00000000000
# logsel_slope_fsh[4]:
 0.00000000000 0.00000000000 0.00000000000 0.00000000000 0.00000000000 0.00000000000 0.00000000000 0.00000000000 0.00000000000 0.00000000000 0.00000000000 0.00000000000 0.00000000000 0.00000000000 0.00000000000 0.00000000000 0.00000000000 0.00000000000 0.00000000000 0.00000000000 0.00000000000 0.00000000000 0.00000000000 0.00000000000 0.00000000000 0.00000000000 0.00000000000 0.00000000000 0.00000000000 0.00000000000 0.00000000000 0.00000000000 0.00000000000
# sel50_fsh[1]:
 0.00000000000 0.00000000000 0.00000000000 0.00000000000 0.00000000000 0.00000000000 0.00000000000 0.00000000000 0.00000000000 0.00000000000 0.00000000000 0.00000000000 0.00000000000 0.00000000000 0.00000000000 0.00000000000 0.00000000000 0.00000000000 0.00000000000 0.00000000000 0.00000000000 0.00000000000 0.00000000000 0.00000000000 0.00000000000 0.00000000000 0.00000000000 0.00000000000 0.00000000000 0.00000000000 0.00000000000 0.00000000000 0.00000000000 0.00000000000 0.00000000000 0.00000000000 0.00000000000 0.00000000000
# sel50_fsh[2]:
 0.00000000000 0.00000000000 0.00000000000 0.00000000000 0.00000000000 0.00000000000 0.00000000000 0.00000000000 0.00000000000 0.00000000000 0.00000000000 0.00000000000 0.00000000000 0.00000000000 0.00000000000 0.00000000000 0.00000000000 0.00000000000 0.00000000000 0.00000000000 0.00000000000 0.00000000000 0.00000000000 0.00000000000 0.00000000000 0.00000000000 0.00000000000 0.00000000000 0.00000000000 0.00000000000 0.00000000000 0.00000000000 0.00000000000 0.00000000000 0.00000000000 0.00000000000 0.00000000000 0.00000000000 0.00000000000
# sel50_fsh[3]:
 0.00000000000 0.00000000000 0.00000000000 0.00000000000 0.00000000000 0.00000000000 0.00000000000 0.00000000000 0.00000000000 0.00000000000 0.00000000000 0.00000000000 0.00000000000 0.00000000000 0.00000000000 0.00000000000 0.00000000000 0.00000000000 0.00000000000 0.00000000000 0.00000000000 0.00000000000 0.00000000000 0.00000000000 0.00000000000 0.00000000000 0.00000000000 0.00000000000 0.00000000000 0.00000000000 0.00000000000 0.00000000000 0.00000000000 0.00000000000 0.00000000000 0.00000000000 0.00000000000 0.00000000000 0.00000000000 0.00000000000 0.00000000000 0.00000000000
# sel50_fsh[4]:
 0.00000000000 0.00000000000 0.00000000000 0.00000000000 0.00000000000 0.00000000000 0.00000000000 0.00000000000 0.00000000000 0.00000000000 0.00000000000 0.00000000000 0.00000000000 0.00000000000 0.00000000000 0.00000000000 0.00000000000 0.00000000000 0.00000000000 0.00000000000 0.00000000000 0.00000000000 0.00000000000 0.00000000000 0.00000000000 0.00000000000 0.00000000000 0.00000000000 0.00000000000 0.00000000000 0.00000000000 0.00000000000 0.00000000000
# logsel_p1_fsh[1]:
 0.00000000000 0.00000000000 0.00000000000 0.00000000000 0.00000000000 0.00000000000 0.00000000000 0.00000000000 0.00000000000 0.00000000000 0.00000000000 0.00000000000 0.00000000000 0.00000000000 0.00000000000 0.00000000000 0.00000000000 0.00000000000 0.00000000000 0.00000000000 0.00000000000 0.00000000000 0.00000000000 0.00000000000 0.00000000000 0.00000000000 0.00000000000 0.00000000000 0.00000000000 0.00000000000 0.00000000000 0.00000000000 0.00000000000 0.00000000000 0.00000000000 0.00000000000 0.00000000000 0.00000000000
# logsel_p1_fsh[2]:
 0.00000000000 0.00000000000 0.00000000000 0.00000000000 0.00000000000 0.00000000000 0.00000000000 0.00000000000 0.00000000000 0.00000000000 0.00000000000 0.00000000000 0.00000000000 0.00000000000 0.00000000000 0.00000000000 0.00000000000 0.00000000000 0.00000000000 0.00000000000 0.00000000000 0.00000000000 0.00000000000 0.00000000000 0.00000000000 0.00000000000 0.00000000000 0.00000000000 0.00000000000 0.00000000000 0.00000000000 0.00000000000 0.00000000000 0.00000000000 0.00000000000 0.00000000000 0.00000000000 0.00000000000 0.00000000000
# logsel_p1_fsh[3]:
 0.00000000000 0.00000000000 0.00000000000 0.00000000000 0.00000000000 0.00000000000 0.00000000000 0.00000000000 0.00000000000 0.00000000000 0.00000000000 0.00000000000 0.00000000000 0.00000000000 0.00000000000 0.00000000000 0.00000000000 0.00000000000 0.00000000000 0.00000000000 0.00000000000 0.00000000000 0.00000000000 0.00000000000 0.00000000000 0.00000000000 0.00000000000 0.00000000000 0.00000000000 0.00000000000 0.00000000000 0.00000000000 0.00000000000 0.00000000000 0.00000000000 0.00000000000 0.00000000000 0.00000000000 0.00000000000 0.00000000000 0.00000000000 0.00000000000
# logsel_p1_fsh[4]:
 0.00000000000 0.00000000000 0.00000000000 0.00000000000 0.00000000000 0.00000000000 0.00000000000 0.00000000000 0.00000000000 0.00000000000 0.00000000000 0.00000000000 0.00000000000 0.00000000000 0.00000000000 0.00000000000 0.00000000000 0.00000000000 0.00000000000 0.00000000000 0.00000000000 0.00000000000 0.00000000000 0.00000000000 0.00000000000 0.00000000000 0.00000000000 0.00000000000 0.00000000000 0.00000000000 0.00000000000 0.00000000000 0.00000000000
# sel_p2_fsh[1]:
 0.00000000000 0.00000000000 0.00000000000 0.00000000000 0.00000000000 0.00000000000 0.00000000000 0.00000000000 0.00000000000 0.00000000000 0.00000000000 0.00000000000 0.00000000000 0.00000000000 0.00000000000 0.00000000000 0.00000000000 0.00000000000 0.00000000000 0.00000000000 0.00000000000 0.00000000000 0.00000000000 0.00000000000 0.00000000000 0.00000000000 0.00000000000 0.00000000000 0.00000000000 0.00000000000 0.00000000000 0.00000000000 0.00000000000 0.00000000000 0.00000000000 0.00000000000 0.00000000000 0.00000000000
# sel_p2_fsh[2]:
 0.00000000000 0.00000000000 0.00000000000 0.00000000000 0.00000000000 0.00000000000 0.00000000000 0.00000000000 0.00000000000 0.00000000000 0.00000000000 0.00000000000 0.00000000000 0.00000000000 0.00000000000 0.00000000000 0.00000000000 0.00000000000 0.00000000000 0.00000000000 0.00000000000 0.00000000000 0.00000000000 0.00000000000 0.00000000000 0.00000000000 0.00000000000 0.00000000000 0.00000000000 0.00000000000 0.00000000000 0.00000000000 0.00000000000 0.00000000000 0.00000000000 0.00000000000 0.00000000000 0.00000000000 0.00000000000
# sel_p2_fsh[3]:
 0.00000000000 0.00000000000 0.00000000000 0.00000000000 0.00000000000 0.00000000000 0.00000000000 0.00000000000 0.00000000000 0.00000000000 0.00000000000 0.00000000000 0.00000000000 0.00000000000 0.00000000000 0.00000000000 0.00000000000 0.00000000000 0.00000000000 0.00000000000 0.00000000000 0.00000000000 0.00000000000 0.00000000000 0.00000000000 0.00000000000 0.00000000000 0.00000000000 0.00000000000 0.00000000000 0.00000000000 0.00000000000 0.00000000000 0.00000000000 0.00000000000 0.00000000000 0.00000000000 0.00000000000 0.00000000000 0.00000000000 0.00000000000 0.00000000000
# sel_p2_fsh[4]:
 0.00000000000 0.00000000000 0.00000000000 0.00000000000 0.00000000000 0.00000000000 0.00000000000 0.00000000000 0.00000000000 0.00000000000 0.00000000000 0.00000000000 0.00000000000 0.00000000000 0.00000000000 0.00000000000 0.00000000000 0.00000000000 0.00000000000 0.00000000000 0.00000000000 0.00000000000 0.00000000000 0.00000000000 0.00000000000 0.00000000000 0.00000000000 0.00000000000 0.00000000000 0.00000000000 0.00000000000 0.00000000000 0.00000000000
# logsel_p3_fsh[1]:
 0.00000000000 0.00000000000 0.00000000000 0.00000000000 0.00000000000 0.00000000000 0.00000000000 0.00000000000 0.00000000000 0.00000000000 0.00000000000 0.00000000000 0.00000000000 0.00000000000 0.00000000000 0.00000000000 0.00000000000 0.00000000000 0.00000000000 0.00000000000 0.00000000000 0.00000000000 0.00000000000 0.00000000000 0.00000000000 0.00000000000 0.00000000000 0.00000000000 0.00000000000 0.00000000000 0.00000000000 0.00000000000 0.00000000000 0.00000000000 0.00000000000 0.00000000000 0.00000000000 0.00000000000
# logsel_p3_fsh[2]:
 0.00000000000 0.00000000000 0.00000000000 0.00000000000 0.00000000000 0.00000000000 0.00000000000 0.00000000000 0.00000000000 0.00000000000 0.00000000000 0.00000000000 0.00000000000 0.00000000000 0.00000000000 0.00000000000 0.00000000000 0.00000000000 0.00000000000 0.00000000000 0.00000000000 0.00000000000 0.00000000000 0.00000000000 0.00000000000 0.00000000000 0.00000000000 0.00000000000 0.00000000000 0.00000000000 0.00000000000 0.00000000000 0.00000000000 0.00000000000 0.00000000000 0.00000000000 0.00000000000 0.00000000000 0.00000000000
# logsel_p3_fsh[3]:
 0.00000000000 0.00000000000 0.00000000000 0.00000000000 0.00000000000 0.00000000000 0.00000000000 0.00000000000 0.00000000000 0.00000000000 0.00000000000 0.00000000000 0.00000000000 0.00000000000 0.00000000000 0.00000000000 0.00000000000 0.00000000000 0.00000000000 0.00000000000 0.00000000000 0.00000000000 0.00000000000 0.00000000000 0.00000000000 0.00000000000 0.00000000000 0.00000000000 0.00000000000 0.00000000000 0.00000000000 0.00000000000 0.00000000000 0.00000000000 0.00000000000 0.00000000000 0.00000000000 0.00000000000 0.00000000000 0.00000000000 0.00000000000 0.00000000000
# logsel_p3_fsh[4]:
 0.00000000000 0.00000000000 0.00000000000 0.00000000000 0.00000000000 0.00000000000 0.00000000000 0.00000000000 0.00000000000 0.00000000000 0.00000000000 0.00000000000 0.00000000000 0.00000000000 0.00000000000 0.00000000000 0.00000000000 0.00000000000 0.00000000000 0.00000000000 0.00000000000 0.00000000000 0.00000000000 0.00000000000 0.00000000000 0.00000000000 0.00000000000 0.00000000000 0.00000000000 0.00000000000 0.00000000000 0.00000000000 0.00000000000
# rec_dev_future:
 0.00000000000 0.00000000000 0.00000000000 0.00000000000 0.00000000000 0.00000000000 0.00000000000 0.00000000000 0.00000000000 0.00000000000 0.00000000000 0.00000000000 0.00000000000 0.00000000000 0.00000000000 0.00000000000 0.00000000000 0.00000000000 0.00000000000 0.00000000000
# log_q_ind[1]:
-0.116844726874
# log_q_ind[2]:
-2.95645642180
# log_q_ind[3]:
-9.60148273099
# log_q_ind[4]:
-0.694549069507
# log_q_ind[5]:
-6.19217369566
# log_q_ind[6]:
-8.45516118171
# log_q_ind[7]:
-1.03778018300
# log_q_power_ind[1]:
0.00000000000
# log_q_power_ind[2]:
0.00000000000
# log_q_power_ind[3]:
0.00000000000
# log_q_power_ind[4]:
0.00000000000
# log_q_power_ind[5]:
0.00000000000
# log_q_power_ind[6]:
0.00000000000
# log_q_power_ind[7]:
0.00000000000
# log_rw_q_ind[1]:
 -1.04899054966
# log_rw_q_ind[3]:
 -0.330053497980
# log_selcoffs_ind[1]:
 -3.14677762314 -1.97757124475 -0.862249623314 -0.0158571750473 0.407455985920 0.506802321164 0.419818013251 0.286009899507 0.193880568181 0.167563279637
 -3.12867029958 -2.25840525178 -1.41807232226 -0.645194606873 0.00225327734818 0.436814941242 0.601643738181 0.556387418713 0.439024916123 0.346614183826
# log_selcoffs_ind[2]:
 -1.26043845308 -0.566802190045 -0.0835858603344 0.120742122750 0.0850613311360 0.0457480536989 0.0877109114870 0.193018603328 0.278216258100 0.292701921156
 -1.05202350855 -0.444153892688 -0.0875317168542 0.152821311794 0.244428474152 0.223743664504 0.154522130649 0.0945705305468 0.0666694625247 0.0631866419342
 -0.996221011196 -0.407397996301 -0.00186605603079 0.284734424031 0.369962070929 0.278232486068 0.107589915133 -0.0382929051566 -0.108755335426 -0.109414209583
# log_selcoffs_ind[3]:
 -0.202940821038 0.0202027052767 0.0202027052767 0.0202027052767 0.0202027052767 0.0202027052767 0.0202027052767 0.0202027052767 0.0202027052767 0.0202027052767
# log_selcoffs_ind[4]:
 -2.73090514101 -1.71071185405 -0.829437629554 -0.262842782499 -0.0125808298462 0.145781000928 0.290142253464 0.428147746008 0.536361785368 0.600866854070
 -3.34873203213 -2.45003579655 -1.57131093152 -0.812960641182 -0.240755812747 0.170769232227 0.447844287829 0.617060740172 0.658141330496 0.644696024042
# log_selcoffs_ind[5]:
 -3.04452005677 -0.669616569639 0.101782682789 0.174353368097 0.174353368097 0.174353368097 0.174353368097 0.174353368097 0.174353368097 0.174353368097
# log_selcoffs_ind[6]:
 -3.04452005677 -0.669616569639 0.101782682789 0.174353368097 0.174353368097 0.174353368097 0.174353368097 0.174353368097 0.174353368097 0.174353368097
# log_selcoffs_ind[7]:
 -3.04452005677 -0.669616569639 0.101782682789 0.174353368097 0.174353368097 0.174353368097 0.174353368097 0.174353368097 0.174353368097 0.174353368097
# logsel_slope_ind[1]:
 0.00000000000 0.00000000000
# logsel_slope_ind[2]:
 0.00000000000 0.00000000000 0.00000000000
# logsel_slope_ind[3]:
 0.00000000000
# logsel_slope_ind[4]:
 0.00000000000 0.00000000000
# logsel_slope_ind[5]:
 0.00000000000
# logsel_slope_ind[6]:
 0.00000000000
# logsel_slope_ind[7]:
 0.00000000000
# sel50_ind[1]:
 0.00000000000 0.00000000000
# sel50_ind[2]:
 0.00000000000 0.00000000000 0.00000000000
# sel50_ind[3]:
 0.00000000000
# sel50_ind[4]:
 0.00000000000 0.00000000000
# sel50_ind[5]:
 0.00000000000
# sel50_ind[6]:
 0.00000000000
# sel50_ind[7]:
 0.00000000000
# logsel_p1_ind[1]:
 0.00000000000 0.00000000000
# logsel_p1_ind[2]:
 0.00000000000 0.00000000000 0.00000000000
# logsel_p1_ind[3]:
 0.00000000000
# logsel_p1_ind[4]:
 0.00000000000 0.00000000000
# logsel_p1_ind[5]:
 0.00000000000
# logsel_p1_ind[6]:
 0.00000000000
# logsel_p1_ind[7]:
 0.00000000000
# sel_p2_ind[1]:
 0.00000000000 0.00000000000
# sel_p2_ind[2]:
 0.00000000000 0.00000000000 0.00000000000
# sel_p2_ind[3]:
 0.00000000000
# sel_p2_ind[4]:
 0.00000000000 0.00000000000
# sel_p2_ind[5]:
 0.00000000000
# sel_p2_ind[6]:
 0.00000000000
# sel_p2_ind[7]:
 0.00000000000
# logsel_p3_ind[1]:
 0.00000000000 0.00000000000
# logsel_p3_ind[2]:
 0.00000000000 0.00000000000 0.00000000000
# logsel_p3_ind[3]:
 0.00000000000
# logsel_p3_ind[4]:
 0.00000000000 0.00000000000
# logsel_p3_ind[5]:
 0.00000000000
# logsel_p3_ind[6]:
 0.00000000000
# logsel_p3_ind[7]:
 0.00000000000
