# Number of parameters = 1575 Objective function value = 1385.18656059363  Maximum gradient component = 0.0267873692143450
# Mest[1]:
0.230000000000
# log_Linf[1]:
4.30945594184
# log_k[1]:
-1.83258146375
# log_Lo[1]:
2.89037175790
# log_sdage[1]:
-2.40794560865
# mean_log_rec[1]:
9.60022198430
# steepness[1]:
0.650000000000
# log_Rzero[1]:
9.24048323026
# rec_dev:
 -0.432151109593 -0.504362119285 -0.583041420127 -0.668991906535 -0.760009924752 -0.852143289480 -0.822138616770 -0.828782339018 -0.598003763206 -0.466781319806 -0.393794173203 -0.288143205036 -0.409017560308 -0.449641695182 -0.487331958324 -0.385830302766 -0.0539025361417 0.236058712160 0.299299710156 0.397448250536 0.443613491208 0.405342246241 0.735118068227 0.892623399657 0.621842847397 1.23782829940 1.36081104931 0.670552422264 0.620668785020 0.801034568615 0.699760863134 0.697970566202 0.347987447511 0.375785728776 0.00850485498193 -0.0755466009885 0.231361680698 0.305271765398 0.569395138919 0.581606880190 0.765487508167 0.747531614982 0.374294853560 -0.0284055152317 -0.550368186499 -0.528515848586 -0.810551606596 -0.740071843429 -1.11189301668 -1.09845044900 -0.723819056604 -0.328108889768 -0.840768491978 -0.386802566479 -0.796639104528 -0.439997160755 -0.765126472875 -0.165416919768 0.935636086040 0.197038461781
# log_sigmar[1]:
-0.510825623766
# fmort:
 0.0105369693067 0.0154243437419 0.00689970001872 0.00849931682542 0.0160080394475 0.0197473885443 0.0246777048888 0.0225386023056 0.0479477831653 0.0430776714417 0.0303836359196 0.0451610934660 0.0918171657461 0.0355224771737 0.0849419939626 0.0526767958380 0.00505319534993 0.0232279925418 0.0180830482016 0.0169353080429 0.0144870405522 0.0184576824149 0.0187286611801 0.0239300975166 0.0148488831395 0.0202841454957 0.0351022084768 0.0140041350947 0.00455068160350 0.00724197376912 0.0106567095477 0.0207396842165 0.00825390185122 0.0121474410454 0.0133484445632 0.0203614301761 0.0252565310976 0.0354660327014 0.0476102732327 0.0472589306739 0.0778090651044 0.0107779743120 0.00380974418702 0.00475523837485 0.00495949286986 0.00663270681417 0.00495894105657 0.00709619904450 0.00196720691719
 0.00130800072428 0.00194419527280 0.00285895941815 0.00458983733472 0.00324133445889 0.00592157001348 0.00801098150089 0.0122959039660 0.0215270304345 0.0270614609945 0.0307943129767 0.0630510324997 0.0856797538506 0.0619315239463 0.0777320187102 0.103884247495 0.118968276806 0.170274666165 0.203189377071 0.229295548559 0.228905784487 0.295860484492 0.387879832204 0.391630929313 0.483526114658 0.605621570476 0.553333365575 0.584353487287 0.373350721989 0.246117527044 0.182187595605 0.206646303045 0.208478057041 0.190623563282 0.188542785730 0.191832474437 0.206631612245 0.253920775980 0.213474425866 0.288592847574 0.163032033071 0.110937892504 0.0958989403625 0.0805744090542 0.0689271887941 0.0726898436399 0.0731287821285 0.0700562942277 0.0734302580826
 0.000177817614608 0.000328452709740 0.000739831202238 0.00166261796193 0.00529797619297 0.00163527527587 0.00214906200775 0.0194372858396 0.0125190000556 0.00960770266070 0.0111852004023 0.0108872049954 0.00356901741870 0.00256016223644 0.00346471436255 0.00193951327724 0.000743700521865 0.000678243534510 0.00382947704478 0.00495378672843 0.00585999723537 0.00346362958560 0.00189115117029 0.00288817924936 0.00543637575407 0.0187268946260 0.0212749565503 0.0291090380148 0.0170302494609 0.00669600693065 0.00825478872948 0.0223423052666 0.00404526491171 0.00727063689825 0.00707012617858 0.00376594113425 0.0158845040447 0.0185084257820 0.0140979510310 0.00756483419189 0.00255541561794 0.0267634496734 0.0110349048861 0.00460116781657 0.00401430553223 0.00152521264632 0.00100045748614 0.000517171812473 0.00171698965638
 1.97619698383e-13 2.08166817117e-13 0.000530106180675 2.15938378290e-13 2.14273043753e-13 2.13717932240e-13 3.16274622575e-06 0.000217734248670 0.00476953247631 0.0305472539729 0.0288844039208 0.0379915797016 0.0912047713362 0.108320326186 0.147290854116 0.121847645835 0.112693269188 0.110256758431 0.103551199062 0.0822371880660 0.0679172558366 0.0430647441374 0.00365671067755 2.12330153460e-13 2.20101714632e-13 2.84772205816e-13 3.43614026121e-13 5.22359933086e-13 6.51700915455e-13 3.26028091968e-06 0.000662553021850 0.00483972446484 0.0149502098512 0.0288035675890 0.0501872232273 0.0417983672400 0.0628301219951 0.0970879734288 0.124383218887 0.168490901946 0.159253268107 0.0412974204238 0.0265129149224 0.0245800778926 0.0255248634816 0.0315003642295 0.0181982749904 0.0132454761331 0.00855422088718
# log_selcoffs_fsh[1]:
 -5.22921558952 -4.01088084349 -2.68789966849 -1.37871070211 -0.361076022654 0.509835325146 1.12418071845 0.917396591007 -0.336599874988
 -4.95111098929 -3.65744267442 -2.28735185417 -1.07373292754 -0.275301357854 0.448611049317 1.00851534294 0.854669461542 0.100982228477
 -4.66405883159 -3.36890363895 -2.08693697081 -0.976597388732 -0.144161204198 0.543499234823 0.907094688448 0.733194242526 0.269173892659
 -4.34907689553 -2.99484874110 -1.80353755412 -0.827757128747 -0.206745284295 0.408816143121 0.900165845878 0.761016761187 0.348238021991
 -4.07669804905 -2.68168071448 -1.26096622815 -0.262923902194 0.172169976600 0.419802488655 0.614297802155 0.582594461990 0.414643530498
 -3.85875581789 -2.59209084770 -1.40810633593 -0.371056227878 0.539565032092 0.703918270771 0.463598806145 0.321204329179 0.234233644932
 -3.61366147022 -2.40618304361 -1.32783457546 -0.354774991485 0.555128823854 0.799312538198 0.484920388036 0.206662316567 0.0923207937455
 -3.35252235192 -2.06744644864 -1.10832077982 -0.271028727886 0.549155682400 0.818937795595 0.464903051383 0.147278641761 -0.00463874507342
 -3.12592005118 -1.76948623967 -0.613259777505 0.0170757121871 0.421052053952 0.653098243896 0.508936931468 0.157077043066 -0.0531666318630
 -2.91231300359 -1.40679893645 -0.184715720194 0.202235333084 0.456275573150 0.537051474947 0.354260233126 0.0499579063963 -0.128112070983
 -2.72645652194 -1.03997124780 0.468615776983 0.489736362409 0.325901734679 0.215012783552 0.0491615404894 -0.129692700569 -0.226266865113
 -2.54994737657 -0.779245843004 0.423274517090 0.560233079515 0.469031096202 0.191530487007 -0.111168287074 -0.274670238540 -0.327155965259
 -2.47225281744 -0.825222803419 0.472519459409 0.779449356120 0.462666455640 0.0396736244097 -0.267269626064 -0.418443992630 -0.444951851575
 -2.36864214469 -0.785739056811 0.493596135273 0.882569832133 0.418944492863 -0.0329460895035 -0.348514558100 -0.494856238167 -0.524301786870
 -2.52059977812 -0.877265966896 0.596605789253 0.916263569728 0.379394377981 -0.0796131204162 -0.386048495009 -0.550730444086 -0.603938455214
 -2.51894571794 -0.946087478516 0.601473713061 0.854482902577 0.460132913177 -0.0117747266370 -0.366860590901 -0.565988969084 -0.648269038572
 -2.34787696429 -0.767981896197 0.704755765095 0.753212536155 0.403650045257 0.00333663774575 -0.342657269502 -0.562751286476 -0.667143747214
 -2.02768668837 -0.488357165399 0.462465021846 0.807299720631 0.486433930442 0.0110169793367 -0.341408315565 -0.564084797563 -0.677935014613
 -1.92361051352 -0.449381347668 0.764496340027 0.755222087880 0.293521177196 -0.0953305039480 -0.405080659885 -0.616142204348 -0.728273686807
 -1.75221098400 -0.361295181575 0.690332989461 0.771996594779 0.375468505479 -0.100482458427 -0.451882116783 -0.667257154481 -0.772716437489
 -1.64590006000 -0.235236980308 0.839257518120 0.760028231921 0.236597145315 -0.212477698470 -0.544176218944 -0.744862696465 -0.836635863665
 -1.55432116160 -0.238899897085 0.646766592168 0.965192442315 0.324932364769 -0.309316323005 -0.665847263499 -0.840794773604 -0.907746507387
 -1.47358906195 0.0127435754432 0.882254067198 0.810120348493 0.162745409589 -0.399327539519 -0.756984068687 -0.921526608255 -0.970070486630
 -1.55941066136 -0.190797082231 0.839648406222 1.02250181607 0.113600152798 -0.503579466021 -0.852760626996 -1.00942425759 -1.04295229079
 -1.56910827045 -0.235593875543 0.850516987621 1.00976010325 0.171856145035 -0.482993677371 -0.869732678500 -1.04593769234 -1.07586669390
 -1.47684079825 0.0955712491734 0.718894176421 0.873873946769 0.265931214799 -0.310807861376 -0.774522975223 -0.996811469764 -1.03412106642
 -1.69149678642 -0.284408136044 0.645054667423 0.938942942022 0.359351953803 -0.159956041596 -0.642398573411 -0.896142322431 -0.964492319802
 -1.74146265094 -0.396800381867 0.655381612253 0.833104100353 0.405017758704 -0.0687420058287 -0.508334867928 -0.767487006501 -0.850102830467
 -1.43194081714 0.174058615866 0.601766855458 0.607319634493 0.269781875624 -0.100260584680 -0.410869256324 -0.616706872054 -0.707021360974
 -1.41408290749 0.0873604899883 0.516715941897 0.723329134682 0.218956924610 -0.151305620182 -0.377984655865 -0.525015859263 -0.604010882317
 -1.42902985488 0.0861924314679 0.884893755209 0.362586537373 -0.00167421440306 -0.183979683823 -0.315755177218 -0.433809779580 -0.505637613401
 -1.39942165833 0.133865978549 0.675176641376 0.392356826928 0.0427765059259 -0.114662988312 -0.209173545223 -0.307380530276 -0.380998707282
 -1.41823061404 -0.435353759908 0.242689119644 0.637540069396 0.307990104462 0.0558135456870 -0.0547329328505 -0.189323515676 -0.285040481838
 -1.52808556299 -0.521469797710 0.0738605459519 0.474050503575 0.297075007121 0.232800973892 0.127236221490 -0.0665011638716 -0.190115355370
 -1.38614070821 -0.0352416945314 0.166998570549 0.592779076184 0.206507552223 -0.00298604539715 -0.0885445955986 -0.171411756225 -0.211096468090
# log_selcoffs_fsh[2]:
 -5.96239611618 -4.03790357526 -2.34116292196 -0.943696310042 0.103721488497 0.570417900145 0.915935094622 0.905917024107 0.231937553917 -0.963015363215
 -5.87878397537 -3.89094610547 -1.88138277033 -0.631509351112 -0.163134163197 0.387227301405 0.877132248818 0.918350295806 0.345073119674 -0.432328172272
 -5.76164854076 -3.94999803162 -2.22475196163 -0.854752307538 -0.145900561152 0.321921328412 0.784820793229 0.883211647274 0.482791510571 -0.0316603837634
 -5.62212880437 -3.89347403330 -2.37203552023 -1.21263591434 -0.394366732326 0.167776289737 0.686451884787 0.895863435495 0.643319618067 0.329041856683
 -5.52543967127 -3.73119853948 -2.05643232442 -1.04154537348 -0.598237055595 -0.145321970148 0.480914245329 0.822993526098 0.785978024889 0.686775967764
 -5.42922809808 -3.79747492861 -2.19181136440 -0.944406062140 -0.371709836720 -0.273291302693 0.117489095075 0.567850447137 0.860005088254 1.01878376868
 -5.36443227898 -3.92979882472 -2.55247103687 -1.32016952930 -0.358471407675 -0.143597897509 0.0222616482563 0.384235618262 0.830788281405 1.18771650593
 -5.34048902572 -4.03720256442 -2.84119273075 -1.82032104237 -0.978771866562 -0.374384160836 0.154860062609 0.519305188665 0.879459034742 1.23424836664
 -5.33694298342 -4.07394637614 -2.90339845643 -1.99642626134 -1.27681973131 -0.611053056794 0.0831378122384 0.603131464666 0.959306139224 1.23588154665
 -5.30494714934 -4.01603903903 -2.81998344324 -1.83686476206 -1.12927638740 -0.640880153004 -0.117881196739 0.487901827765 0.975158336136 1.31873970078
 -5.29375059539 -3.91514741090 -2.58463059366 -1.50328016097 -0.802486837185 -0.426195709861 -0.0725352329429 0.330909595605 0.863941690137 1.35615825351
 -5.34316222746 -3.84989280524 -2.45506691205 -1.28734714529 -0.589898431583 -0.255539676760 0.000300122213628 0.337821626307 0.873667384517 1.24856111593
 -5.41782383362 -3.74653421078 -2.14061993638 -0.790762543601 -0.213273934771 0.0331234396532 0.166298242797 0.289237156921 0.711670383405 1.10045880205
 -5.50369634383 -3.62308385801 -1.79959687048 -0.487781993477 0.133775692003 0.227988625663 0.200797332005 0.285852834231 0.576375546830 0.899273939247
 -5.56850447164 -3.50562474979 -1.53165708846 -0.0943258182066 0.354721052229 0.296853494693 0.145365013581 0.209420422497 0.483783248295 0.721232307417
 -5.59027414111 -3.36164887764 -1.19272196504 0.0922928599772 0.346996768588 0.271425441279 0.142354082136 0.200957799912 0.440439156906 0.644962436902
 -5.59024366993 -3.32537595096 -1.09219638456 0.111294261364 0.393551052866 0.313520170354 0.154510615325 0.177290601011 0.386843419999 0.600618248937
 -5.57521043820 -3.43703054485 -1.33670363259 0.119537686236 0.478461458613 0.371603194279 0.169865377992 0.162192568952 0.349905424793 0.548439707455
 -5.52300999765 -3.51284938402 -1.55986132932 -0.0524981861098 0.493851154297 0.394565610219 0.198062042333 0.190695488405 0.379928190174 0.584174809730
 -5.44483148785 -3.55511314295 -1.72198772636 -0.295160815467 0.277925872192 0.397406134056 0.255194922026 0.261410517363 0.476670402528 0.710719974805
 -5.38863687533 -3.61034096276 -1.91520632320 -0.549433468447 0.202291453411 0.422709181457 0.309869151270 0.275680287647 0.497075768713 0.774231855608
 -5.36646629932 -3.67301812813 -2.08710128121 -0.778243886524 0.0549617852563 0.417777443438 0.391349306087 0.363821209680 0.540773608069 0.777700653535
 -5.36618260143 -3.71584860463 -2.23407831832 -1.00582597673 -0.176534286471 0.383851206126 0.476112485168 0.460352735372 0.598831632985 0.778239419986
 -5.40795850983 -3.75392451056 -2.25302024995 -1.06766433180 -0.330323066810 0.192936114554 0.529300836217 0.554091698519 0.676602497257 0.782264473219
 -5.46126245058 -3.79453361266 -2.19537110675 -0.861874324523 -0.213112152836 0.0464731816801 0.349470713432 0.583802673852 0.706833555166 0.852377325064
 -5.55003546070 -3.84428788764 -2.30594431200 -0.983456410921 -0.209355107957 0.262702927515 0.392434005870 0.494714815568 0.662845619921 0.845252783923
 -5.72810907870 -4.00430962509 -2.31884606529 -0.918217792787 -0.0964031401904 0.417849633339 0.497367284386 0.488076106821 0.566245454280 0.702551451871
 -5.89041279440 -4.20476816096 -2.44512022422 -0.723777918084 0.0220302159297 0.463791567331 0.504497987175 0.439273182354 0.590179904835 0.580127093321
 -6.02043183258 -4.39656295733 -2.75519358937 -1.16359323048 -0.0982906086060 0.637321776605 0.663579061272 0.496492918688 0.566712401345 0.381416541380
 -6.13292771234 -4.50574672600 -2.91057137925 -1.31060183733 -0.0109054199338 0.708626226704 0.915624826649 0.519060285357 0.275134446606 0.137008659539
 -6.15906324848 -4.46382513965 -2.78424861327 -1.20206669836 0.0168511454895 0.696607719804 0.782441826344 0.535813603014 0.344225579086 0.257392142966
 -6.13752492979 -4.31791418356 -2.57893752308 -1.11716019401 -0.361392198696 0.241308328374 0.667855041041 0.739776401570 0.609230103352 0.546558761592
 -6.10652333760 -4.14048246855 -2.10514242298 -0.616082762393 -0.285415794803 -0.170147160042 0.273016715569 0.637550314752 0.788603901824 0.840982806926
 -6.14872414619 -4.16780918752 -2.22201774424 -0.618750767332 -0.0727242555536 0.168860196508 0.262857011802 0.503752150388 0.699555682984 0.812325073450
 -6.18580735978 -4.21893761300 -2.27382533019 -0.647391710559 0.00531667336932 0.194912004094 0.398418760689 0.451978664809 0.620713757927 0.795353579483
 -6.20290164417 -4.29396877340 -2.37285535213 -0.629304898684 0.0906473992993 0.382820683036 0.395572579826 0.436219771017 0.490822959918 0.756642188282
# log_selcoffs_fsh[3]:
 -0.977159663540 -0.163490814416 1.13532390065 0.440519911231 -0.577876729405 -1.19938838972 -1.40126982180
 -1.24203617156 -0.172168863715 1.16393158077 0.443880113843 -0.579074236283 -1.19764174263 -1.40322945962
 -0.689710363964 -0.241775439374 1.08213429381 0.456796449832 -0.516963047165 -1.12601475043 -1.33782595916
 -1.55571544381 -0.354085188649 1.19758981031 0.447987399650 -0.508508849435 -1.09077601388 -1.30005962937
 -1.94887452769 -0.260560582822 1.13486312061 0.480920900661 -0.386021657644 -0.973879257777 -1.19976800291
 -2.01444165855 -0.571411173374 0.922283008235 0.764135476939 -0.154720486190 -0.823583919391 -1.06652237649
 -1.69042105603 -0.468189686670 0.687357650048 0.890222399777 -0.0644505347178 -0.772120372841 -1.00598899070
 -1.31354354765 0.560104205591 0.775327829451 0.268480284181 -0.324190502317 -0.852752628041 -1.04512498622
 -1.39308216531 0.630986093430 0.871901076853 0.167707634118 -0.474144125113 -0.972814102042 -1.21150372283
 -1.60041712095 0.301798979461 0.985183145054 0.456446576107 -0.472923895018 -1.12211065362 -1.42556897441
 -1.85158770553 -0.392936761004 0.892478251354 0.888263381495 -0.248342720599 -1.15228383034 -1.61015092678
 -1.80592580914 -0.333463323471 0.820355330436 0.922220678253 -0.172627564992 -1.17346550734 -1.70199366825
 -1.65198427261 -0.101478008034 1.01516091099 0.699660337103 -0.380640337508 -1.28654233907 -1.75848576146
 -1.41479928470 0.586884697951 0.992588073122 0.275826177237 -0.645695040562 -1.39002063787 -1.77518019524
 -1.46411778028 0.229450558711 1.17832758785 0.324906893718 -0.743804875977 -1.46514427146 -1.76244492590
 -1.47613035285 0.263245317974 1.25207353614 0.174555637754 -0.926401087289 -1.55832625779 -1.73974668806
 -1.26528673596 0.577211197411 1.12557350415 0.0801941014378 -0.989860440570 -1.54533892582 -1.67971049090
 -1.17014626422 0.651876312070 1.08574053956 0.00377872957697 -0.956766946683 -1.48712839076 -1.63491713835
 -0.716421587282 1.09909913670 0.650224676178 -0.222092226355 -0.991921642293 -1.47107999832 -1.64667966592
 -0.559919313651 1.19578480677 0.542924870362 -0.394124735400 -1.10758083922 -1.53612626372 -1.70528945662
 -0.333256218723 1.15866240395 0.591375273956 -0.450840584266 -1.21933504788 -1.64389045878 -1.79861824401
 -0.420195549036 1.13754266306 0.696834024325 -0.482600326293 -1.31956030711 -1.73566286466 -1.85862032310
 -0.265710782948 0.834790514892 1.01520853669 -0.505295256794 -1.41690233431 -1.79132824581 -1.85444876758
 -0.201135001948 1.07021068800 0.740354723577 -0.490343726795 -1.39333836745 -1.81937242354 -1.91911676638
 -0.385665426897 0.544718422525 1.10960478259 -0.0552738121751 -1.16769089586 -1.77602870933 -1.99436424383
 -0.118712333155 0.682487319630 0.641060486849 0.336317513491 -0.691844884518 -1.57808385412 -2.05693635675
 -0.911960370950 0.742209967330 0.867737378932 0.195736781670 -0.599641113678 -1.46090916594 -2.12918139806
 -1.42058678099 0.250271095049 1.14130423504 0.407707822270 -0.657004185185 -1.55224093133 -2.21035010239
 -1.56250687145 0.00258512590778 1.24119466080 0.448258430150 -0.731846705499 -1.71156282638 -2.29391422778
 -1.45737772757 0.209053633931 0.812044044002 0.900965339087 -0.590613846319 -1.76810172682 -2.34849399619
 -1.39932555267 1.10762606544 0.673127892650 0.107512848361 -0.902831138105 -1.85105139030 -2.41110339532
 -1.60419891026 0.647046922545 1.16906031254 0.0854039010376 -1.02650000101 -1.95413076838 -2.51346045414
 -1.81523654238 -0.0541284140280 1.39442931082 0.258921216254 -1.03687193632 -2.03323168133 -2.57423579781
 -1.66517120468 0.0234407220449 1.12571000173 0.740001263432 -0.902772628905 -2.05464281849 -2.58762006535
 -1.47869096973 0.212607517539 1.33823468018 0.195799183901 -1.16259213732 -2.12401646438 -2.59897717113
 -1.03881384474 1.14135530408 0.835383558403 -0.269132155314 -1.35048659232 -2.18378095105 -2.60846846319
 -0.995144591109 1.10876402874 0.912371875425 -0.352818117334 -1.48043517228 -2.23841599815 -2.62242192410
 -0.817595052763 1.11858845132 0.873480402286 -0.362724683879 -1.47210706944 -2.24821085751 -2.63196909549
 -0.693179174362 1.13557583116 0.812087988297 -0.328362975963 -1.44215386270 -2.23915547633 -2.63979534398
# log_selcoffs_fsh[4]:
 -6.28840509302 -5.08190216900 -3.83638758234 -2.50396137562 -1.10686596760 0.170761206575 1.01882187527 1.10549797378 0.458148344139
 -6.27395593116 -5.06528130900 -3.81573620310 -2.44794399074 -1.01565690854 0.239663094993 1.03196628799 1.05141654136 0.458717734358
 -6.22671344530 -5.02105450040 -3.78779888519 -2.47343752244 -1.08522838538 0.172118221964 1.00957540009 1.08041842057 0.511922728561
 -6.13957911310 -4.93059046302 -3.71503266009 -2.46453156515 -1.15574443306 0.0641402869624 0.938489368230 1.11818437703 0.633790826658
 -6.04191313164 -4.81508032664 -3.59623574707 -2.38350234762 -1.13400654798 0.0471845537861 0.880778993711 1.09138656442 0.746036619100
 -5.94506832979 -4.73710460645 -3.51660280846 -2.28703728520 -1.11676874436 -0.0367466163411 0.810590322858 1.10202488896 0.835776040353
 -5.83257793720 -4.64341694303 -3.43396290495 -2.19341034770 -1.03618245518 -0.00873724847787 0.761878076893 1.05668170570 0.907628501453
 -5.70729533829 -4.51066498326 -3.34516177588 -2.14771273635 -1.00144309726 -0.0255664218780 0.736127819098 1.04110210024 0.944451709878
 -5.58457828265 -4.33874402002 -3.19918179139 -2.13941197785 -1.06853259310 -0.0648124239350 0.724917027241 1.04388737995 0.970445612304
 -5.46009487674 -4.21415538346 -3.01341570193 -1.91487438962 -0.962705605104 -0.0710780772241 0.641718710282 1.01229478567 1.03658750025
 -5.36295352781 -4.11030555870 -2.90617373714 -1.78427470028 -0.780115827658 0.0274700314401 0.623236615775 0.937986011243 1.04743051933
 -5.29487149112 -3.99911180393 -2.78334429552 -1.69231430897 -0.695288778654 0.135183343438 0.642102135387 0.896990312928 1.00589962965
 -5.23563026606 -3.84966427430 -2.56205679674 -1.51176475158 -0.658344474435 0.117213367947 0.673963223929 0.888952230815 0.970429969529
 -5.16811881488 -3.65928861812 -2.18656018922 -1.09262270279 -0.412468618313 0.111582991243 0.546443883050 0.839761783527 0.992488388634
 -5.08551279257 -3.49683721798 -1.93455460016 -0.764441151209 -0.166128099392 0.141147729420 0.424475614814 0.754723213990 0.992916495903
 -4.98615082390 -3.35235734719 -1.70554701359 -0.511674424160 -0.0995706012649 0.102854344124 0.356309140337 0.697305168493 1.00322564327
 -4.91696420963 -3.31972008538 -1.71782053749 -0.516026698546 -0.0971462558416 0.144956906174 0.381094327664 0.677855235231 0.987019020165
 -4.86347943168 -3.40807193818 -2.06361094012 -1.02331608935 -0.285353115847 0.316069540719 0.586882880617 0.708240695131 0.924461831872
 -4.77217563253 -3.43987093743 -2.22229167844 -1.26057792271 -0.503494377863 0.162412032166 0.585264339405 0.832357593816 0.990530046038
 -4.70703865175 -3.45024934852 -2.31682604833 -1.39988380501 -0.701647825015 -0.0446711155903 0.572175184892 0.932138183222 1.04727960589
 -4.63697307641 -3.39763273839 -2.26958419339 -1.45243587995 -0.808116534987 -0.224716068095 0.415010051027 0.990394325461 1.15322178449
 -4.54662347236 -3.30443967086 -2.01868953059 -1.31386867278 -0.840277459445 -0.254611751399 0.313306518260 0.848378393622 1.29211132251
 -4.43755364664 -3.36404541609 -2.30802822281 -1.44618745642 -0.824807962700 -0.215874553538 0.298074985271 0.816784155609 1.32548970143
 -4.26515662315 -3.27178082774 -2.35107661701 -1.53035904985 -0.872060455680 -0.294927045517 0.215539905160 0.785117873263 1.39634740724
 -4.14989877599 -3.17694131308 -2.20065596911 -1.34810614686 -0.709285894818 -0.112788265412 0.358890432834 0.816684253748 1.25047462333
 -3.89424204822 -2.86783356820 -1.78924892420 -1.11626493113 -0.764999436526 -0.260070835509 0.292766468307 0.828733668199 1.27014126404
 -3.54947591391 -2.61526833312 -1.67362159532 -1.03812086382 -0.676666807175 -0.325322694837 0.200954406749 0.816942708365 1.29189731307
 -3.08578731509 -2.22376835116 -1.47753231136 -0.922920134319 -0.634266668509 -0.360232048792 -0.0199618480196 0.644385826976 1.41285270349
 -2.53018601659 -1.73818476493 -1.29068236635 -0.989752740571 -0.760908313549 -0.535051827702 -0.0844961421238 0.576926688835 1.46910655686
 -2.50789033986 -1.82168206781 -1.33460348455 -1.02415295925 -0.796560454876 -0.524863926569 -0.0401521879796 0.687245597818 1.42143362156
# log_sel_spl_fsh[1]:
 0.00000000000 0.00000000000 0.00000000000 0.00000000000
 0.00000000000 0.00000000000 0.00000000000 0.00000000000
 0.00000000000 0.00000000000 0.00000000000 0.00000000000
 0.00000000000 0.00000000000 0.00000000000 0.00000000000
 0.00000000000 0.00000000000 0.00000000000 0.00000000000
 0.00000000000 0.00000000000 0.00000000000 0.00000000000
 0.00000000000 0.00000000000 0.00000000000 0.00000000000
 0.00000000000 0.00000000000 0.00000000000 0.00000000000
 0.00000000000 0.00000000000 0.00000000000 0.00000000000
 0.00000000000 0.00000000000 0.00000000000 0.00000000000
 0.00000000000 0.00000000000 0.00000000000 0.00000000000
 0.00000000000 0.00000000000 0.00000000000 0.00000000000
 0.00000000000 0.00000000000 0.00000000000 0.00000000000
 0.00000000000 0.00000000000 0.00000000000 0.00000000000
 0.00000000000 0.00000000000 0.00000000000 0.00000000000
 0.00000000000 0.00000000000 0.00000000000 0.00000000000
 0.00000000000 0.00000000000 0.00000000000 0.00000000000
 0.00000000000 0.00000000000 0.00000000000 0.00000000000
 0.00000000000 0.00000000000 0.00000000000 0.00000000000
 0.00000000000 0.00000000000 0.00000000000 0.00000000000
 0.00000000000 0.00000000000 0.00000000000 0.00000000000
 0.00000000000 0.00000000000 0.00000000000 0.00000000000
 0.00000000000 0.00000000000 0.00000000000 0.00000000000
 0.00000000000 0.00000000000 0.00000000000 0.00000000000
 0.00000000000 0.00000000000 0.00000000000 0.00000000000
 0.00000000000 0.00000000000 0.00000000000 0.00000000000
 0.00000000000 0.00000000000 0.00000000000 0.00000000000
 0.00000000000 0.00000000000 0.00000000000 0.00000000000
 0.00000000000 0.00000000000 0.00000000000 0.00000000000
 0.00000000000 0.00000000000 0.00000000000 0.00000000000
 0.00000000000 0.00000000000 0.00000000000 0.00000000000
 0.00000000000 0.00000000000 0.00000000000 0.00000000000
 0.00000000000 0.00000000000 0.00000000000 0.00000000000
 0.00000000000 0.00000000000 0.00000000000 0.00000000000
 0.00000000000 0.00000000000 0.00000000000 0.00000000000
# log_sel_spl_fsh[2]:
 0.00000000000 0.00000000000 0.00000000000 0.00000000000
 0.00000000000 0.00000000000 0.00000000000 0.00000000000
 0.00000000000 0.00000000000 0.00000000000 0.00000000000
 0.00000000000 0.00000000000 0.00000000000 0.00000000000
 0.00000000000 0.00000000000 0.00000000000 0.00000000000
 0.00000000000 0.00000000000 0.00000000000 0.00000000000
 0.00000000000 0.00000000000 0.00000000000 0.00000000000
 0.00000000000 0.00000000000 0.00000000000 0.00000000000
 0.00000000000 0.00000000000 0.00000000000 0.00000000000
 0.00000000000 0.00000000000 0.00000000000 0.00000000000
 0.00000000000 0.00000000000 0.00000000000 0.00000000000
 0.00000000000 0.00000000000 0.00000000000 0.00000000000
 0.00000000000 0.00000000000 0.00000000000 0.00000000000
 0.00000000000 0.00000000000 0.00000000000 0.00000000000
 0.00000000000 0.00000000000 0.00000000000 0.00000000000
 0.00000000000 0.00000000000 0.00000000000 0.00000000000
 0.00000000000 0.00000000000 0.00000000000 0.00000000000
 0.00000000000 0.00000000000 0.00000000000 0.00000000000
 0.00000000000 0.00000000000 0.00000000000 0.00000000000
 0.00000000000 0.00000000000 0.00000000000 0.00000000000
 0.00000000000 0.00000000000 0.00000000000 0.00000000000
 0.00000000000 0.00000000000 0.00000000000 0.00000000000
 0.00000000000 0.00000000000 0.00000000000 0.00000000000
 0.00000000000 0.00000000000 0.00000000000 0.00000000000
 0.00000000000 0.00000000000 0.00000000000 0.00000000000
 0.00000000000 0.00000000000 0.00000000000 0.00000000000
 0.00000000000 0.00000000000 0.00000000000 0.00000000000
 0.00000000000 0.00000000000 0.00000000000 0.00000000000
 0.00000000000 0.00000000000 0.00000000000 0.00000000000
 0.00000000000 0.00000000000 0.00000000000 0.00000000000
 0.00000000000 0.00000000000 0.00000000000 0.00000000000
 0.00000000000 0.00000000000 0.00000000000 0.00000000000
 0.00000000000 0.00000000000 0.00000000000 0.00000000000
 0.00000000000 0.00000000000 0.00000000000 0.00000000000
 0.00000000000 0.00000000000 0.00000000000 0.00000000000
 0.00000000000 0.00000000000 0.00000000000 0.00000000000
# log_sel_spl_fsh[3]:
 0.00000000000 0.00000000000 0.00000000000 0.00000000000
 0.00000000000 0.00000000000 0.00000000000 0.00000000000
 0.00000000000 0.00000000000 0.00000000000 0.00000000000
 0.00000000000 0.00000000000 0.00000000000 0.00000000000
 0.00000000000 0.00000000000 0.00000000000 0.00000000000
 0.00000000000 0.00000000000 0.00000000000 0.00000000000
 0.00000000000 0.00000000000 0.00000000000 0.00000000000
 0.00000000000 0.00000000000 0.00000000000 0.00000000000
 0.00000000000 0.00000000000 0.00000000000 0.00000000000
 0.00000000000 0.00000000000 0.00000000000 0.00000000000
 0.00000000000 0.00000000000 0.00000000000 0.00000000000
 0.00000000000 0.00000000000 0.00000000000 0.00000000000
 0.00000000000 0.00000000000 0.00000000000 0.00000000000
 0.00000000000 0.00000000000 0.00000000000 0.00000000000
 0.00000000000 0.00000000000 0.00000000000 0.00000000000
 0.00000000000 0.00000000000 0.00000000000 0.00000000000
 0.00000000000 0.00000000000 0.00000000000 0.00000000000
 0.00000000000 0.00000000000 0.00000000000 0.00000000000
 0.00000000000 0.00000000000 0.00000000000 0.00000000000
 0.00000000000 0.00000000000 0.00000000000 0.00000000000
 0.00000000000 0.00000000000 0.00000000000 0.00000000000
 0.00000000000 0.00000000000 0.00000000000 0.00000000000
 0.00000000000 0.00000000000 0.00000000000 0.00000000000
 0.00000000000 0.00000000000 0.00000000000 0.00000000000
 0.00000000000 0.00000000000 0.00000000000 0.00000000000
 0.00000000000 0.00000000000 0.00000000000 0.00000000000
 0.00000000000 0.00000000000 0.00000000000 0.00000000000
 0.00000000000 0.00000000000 0.00000000000 0.00000000000
 0.00000000000 0.00000000000 0.00000000000 0.00000000000
 0.00000000000 0.00000000000 0.00000000000 0.00000000000
 0.00000000000 0.00000000000 0.00000000000 0.00000000000
 0.00000000000 0.00000000000 0.00000000000 0.00000000000
 0.00000000000 0.00000000000 0.00000000000 0.00000000000
 0.00000000000 0.00000000000 0.00000000000 0.00000000000
 0.00000000000 0.00000000000 0.00000000000 0.00000000000
 0.00000000000 0.00000000000 0.00000000000 0.00000000000
 0.00000000000 0.00000000000 0.00000000000 0.00000000000
 0.00000000000 0.00000000000 0.00000000000 0.00000000000
 0.00000000000 0.00000000000 0.00000000000 0.00000000000
# log_sel_spl_fsh[4]:
 0.00000000000 0.00000000000 0.00000000000 0.00000000000
 0.00000000000 0.00000000000 0.00000000000 0.00000000000
 0.00000000000 0.00000000000 0.00000000000 0.00000000000
 0.00000000000 0.00000000000 0.00000000000 0.00000000000
 0.00000000000 0.00000000000 0.00000000000 0.00000000000
 0.00000000000 0.00000000000 0.00000000000 0.00000000000
 0.00000000000 0.00000000000 0.00000000000 0.00000000000
 0.00000000000 0.00000000000 0.00000000000 0.00000000000
 0.00000000000 0.00000000000 0.00000000000 0.00000000000
 0.00000000000 0.00000000000 0.00000000000 0.00000000000
 0.00000000000 0.00000000000 0.00000000000 0.00000000000
 0.00000000000 0.00000000000 0.00000000000 0.00000000000
 0.00000000000 0.00000000000 0.00000000000 0.00000000000
 0.00000000000 0.00000000000 0.00000000000 0.00000000000
 0.00000000000 0.00000000000 0.00000000000 0.00000000000
 0.00000000000 0.00000000000 0.00000000000 0.00000000000
 0.00000000000 0.00000000000 0.00000000000 0.00000000000
 0.00000000000 0.00000000000 0.00000000000 0.00000000000
 0.00000000000 0.00000000000 0.00000000000 0.00000000000
 0.00000000000 0.00000000000 0.00000000000 0.00000000000
 0.00000000000 0.00000000000 0.00000000000 0.00000000000
 0.00000000000 0.00000000000 0.00000000000 0.00000000000
 0.00000000000 0.00000000000 0.00000000000 0.00000000000
 0.00000000000 0.00000000000 0.00000000000 0.00000000000
 0.00000000000 0.00000000000 0.00000000000 0.00000000000
 0.00000000000 0.00000000000 0.00000000000 0.00000000000
 0.00000000000 0.00000000000 0.00000000000 0.00000000000
 0.00000000000 0.00000000000 0.00000000000 0.00000000000
 0.00000000000 0.00000000000 0.00000000000 0.00000000000
 0.00000000000 0.00000000000 0.00000000000 0.00000000000
# logsel_slope_fsh[1]:
 0.00000000000 0.00000000000 0.00000000000 0.00000000000 0.00000000000 0.00000000000 0.00000000000 0.00000000000 0.00000000000 0.00000000000 0.00000000000 0.00000000000 0.00000000000 0.00000000000 0.00000000000 0.00000000000 0.00000000000 0.00000000000 0.00000000000 0.00000000000 0.00000000000 0.00000000000 0.00000000000 0.00000000000 0.00000000000 0.00000000000 0.00000000000 0.00000000000 0.00000000000 0.00000000000 0.00000000000 0.00000000000 0.00000000000 0.00000000000 0.00000000000
# logsel_slope_fsh[2]:
 0.00000000000 0.00000000000 0.00000000000 0.00000000000 0.00000000000 0.00000000000 0.00000000000 0.00000000000 0.00000000000 0.00000000000 0.00000000000 0.00000000000 0.00000000000 0.00000000000 0.00000000000 0.00000000000 0.00000000000 0.00000000000 0.00000000000 0.00000000000 0.00000000000 0.00000000000 0.00000000000 0.00000000000 0.00000000000 0.00000000000 0.00000000000 0.00000000000 0.00000000000 0.00000000000 0.00000000000 0.00000000000 0.00000000000 0.00000000000 0.00000000000 0.00000000000
# logsel_slope_fsh[3]:
 0.00000000000 0.00000000000 0.00000000000 0.00000000000 0.00000000000 0.00000000000 0.00000000000 0.00000000000 0.00000000000 0.00000000000 0.00000000000 0.00000000000 0.00000000000 0.00000000000 0.00000000000 0.00000000000 0.00000000000 0.00000000000 0.00000000000 0.00000000000 0.00000000000 0.00000000000 0.00000000000 0.00000000000 0.00000000000 0.00000000000 0.00000000000 0.00000000000 0.00000000000 0.00000000000 0.00000000000 0.00000000000 0.00000000000 0.00000000000 0.00000000000 0.00000000000 0.00000000000 0.00000000000 0.00000000000
# logsel_slope_fsh[4]:
 0.00000000000 0.00000000000 0.00000000000 0.00000000000 0.00000000000 0.00000000000 0.00000000000 0.00000000000 0.00000000000 0.00000000000 0.00000000000 0.00000000000 0.00000000000 0.00000000000 0.00000000000 0.00000000000 0.00000000000 0.00000000000 0.00000000000 0.00000000000 0.00000000000 0.00000000000 0.00000000000 0.00000000000 0.00000000000 0.00000000000 0.00000000000 0.00000000000 0.00000000000 0.00000000000
# sel50_fsh[1]:
 0.00000000000 0.00000000000 0.00000000000 0.00000000000 0.00000000000 0.00000000000 0.00000000000 0.00000000000 0.00000000000 0.00000000000 0.00000000000 0.00000000000 0.00000000000 0.00000000000 0.00000000000 0.00000000000 0.00000000000 0.00000000000 0.00000000000 0.00000000000 0.00000000000 0.00000000000 0.00000000000 0.00000000000 0.00000000000 0.00000000000 0.00000000000 0.00000000000 0.00000000000 0.00000000000 0.00000000000 0.00000000000 0.00000000000 0.00000000000 0.00000000000
# sel50_fsh[2]:
 0.00000000000 0.00000000000 0.00000000000 0.00000000000 0.00000000000 0.00000000000 0.00000000000 0.00000000000 0.00000000000 0.00000000000 0.00000000000 0.00000000000 0.00000000000 0.00000000000 0.00000000000 0.00000000000 0.00000000000 0.00000000000 0.00000000000 0.00000000000 0.00000000000 0.00000000000 0.00000000000 0.00000000000 0.00000000000 0.00000000000 0.00000000000 0.00000000000 0.00000000000 0.00000000000 0.00000000000 0.00000000000 0.00000000000 0.00000000000 0.00000000000 0.00000000000
# sel50_fsh[3]:
 0.00000000000 0.00000000000 0.00000000000 0.00000000000 0.00000000000 0.00000000000 0.00000000000 0.00000000000 0.00000000000 0.00000000000 0.00000000000 0.00000000000 0.00000000000 0.00000000000 0.00000000000 0.00000000000 0.00000000000 0.00000000000 0.00000000000 0.00000000000 0.00000000000 0.00000000000 0.00000000000 0.00000000000 0.00000000000 0.00000000000 0.00000000000 0.00000000000 0.00000000000 0.00000000000 0.00000000000 0.00000000000 0.00000000000 0.00000000000 0.00000000000 0.00000000000 0.00000000000 0.00000000000 0.00000000000
# sel50_fsh[4]:
 0.00000000000 0.00000000000 0.00000000000 0.00000000000 0.00000000000 0.00000000000 0.00000000000 0.00000000000 0.00000000000 0.00000000000 0.00000000000 0.00000000000 0.00000000000 0.00000000000 0.00000000000 0.00000000000 0.00000000000 0.00000000000 0.00000000000 0.00000000000 0.00000000000 0.00000000000 0.00000000000 0.00000000000 0.00000000000 0.00000000000 0.00000000000 0.00000000000 0.00000000000 0.00000000000
# logsel_p1_fsh[1]:
 0.00000000000 0.00000000000 0.00000000000 0.00000000000 0.00000000000 0.00000000000 0.00000000000 0.00000000000 0.00000000000 0.00000000000 0.00000000000 0.00000000000 0.00000000000 0.00000000000 0.00000000000 0.00000000000 0.00000000000 0.00000000000 0.00000000000 0.00000000000 0.00000000000 0.00000000000 0.00000000000 0.00000000000 0.00000000000 0.00000000000 0.00000000000 0.00000000000 0.00000000000 0.00000000000 0.00000000000 0.00000000000 0.00000000000 0.00000000000 0.00000000000
# logsel_p1_fsh[2]:
 0.00000000000 0.00000000000 0.00000000000 0.00000000000 0.00000000000 0.00000000000 0.00000000000 0.00000000000 0.00000000000 0.00000000000 0.00000000000 0.00000000000 0.00000000000 0.00000000000 0.00000000000 0.00000000000 0.00000000000 0.00000000000 0.00000000000 0.00000000000 0.00000000000 0.00000000000 0.00000000000 0.00000000000 0.00000000000 0.00000000000 0.00000000000 0.00000000000 0.00000000000 0.00000000000 0.00000000000 0.00000000000 0.00000000000 0.00000000000 0.00000000000 0.00000000000
# logsel_p1_fsh[3]:
 0.00000000000 0.00000000000 0.00000000000 0.00000000000 0.00000000000 0.00000000000 0.00000000000 0.00000000000 0.00000000000 0.00000000000 0.00000000000 0.00000000000 0.00000000000 0.00000000000 0.00000000000 0.00000000000 0.00000000000 0.00000000000 0.00000000000 0.00000000000 0.00000000000 0.00000000000 0.00000000000 0.00000000000 0.00000000000 0.00000000000 0.00000000000 0.00000000000 0.00000000000 0.00000000000 0.00000000000 0.00000000000 0.00000000000 0.00000000000 0.00000000000 0.00000000000 0.00000000000 0.00000000000 0.00000000000
# logsel_p1_fsh[4]:
 0.00000000000 0.00000000000 0.00000000000 0.00000000000 0.00000000000 0.00000000000 0.00000000000 0.00000000000 0.00000000000 0.00000000000 0.00000000000 0.00000000000 0.00000000000 0.00000000000 0.00000000000 0.00000000000 0.00000000000 0.00000000000 0.00000000000 0.00000000000 0.00000000000 0.00000000000 0.00000000000 0.00000000000 0.00000000000 0.00000000000 0.00000000000 0.00000000000 0.00000000000 0.00000000000
# sel_p2_fsh[1]:
 0.00000000000 0.00000000000 0.00000000000 0.00000000000 0.00000000000 0.00000000000 0.00000000000 0.00000000000 0.00000000000 0.00000000000 0.00000000000 0.00000000000 0.00000000000 0.00000000000 0.00000000000 0.00000000000 0.00000000000 0.00000000000 0.00000000000 0.00000000000 0.00000000000 0.00000000000 0.00000000000 0.00000000000 0.00000000000 0.00000000000 0.00000000000 0.00000000000 0.00000000000 0.00000000000 0.00000000000 0.00000000000 0.00000000000 0.00000000000 0.00000000000
# sel_p2_fsh[2]:
 0.00000000000 0.00000000000 0.00000000000 0.00000000000 0.00000000000 0.00000000000 0.00000000000 0.00000000000 0.00000000000 0.00000000000 0.00000000000 0.00000000000 0.00000000000 0.00000000000 0.00000000000 0.00000000000 0.00000000000 0.00000000000 0.00000000000 0.00000000000 0.00000000000 0.00000000000 0.00000000000 0.00000000000 0.00000000000 0.00000000000 0.00000000000 0.00000000000 0.00000000000 0.00000000000 0.00000000000 0.00000000000 0.00000000000 0.00000000000 0.00000000000 0.00000000000
# sel_p2_fsh[3]:
 0.00000000000 0.00000000000 0.00000000000 0.00000000000 0.00000000000 0.00000000000 0.00000000000 0.00000000000 0.00000000000 0.00000000000 0.00000000000 0.00000000000 0.00000000000 0.00000000000 0.00000000000 0.00000000000 0.00000000000 0.00000000000 0.00000000000 0.00000000000 0.00000000000 0.00000000000 0.00000000000 0.00000000000 0.00000000000 0.00000000000 0.00000000000 0.00000000000 0.00000000000 0.00000000000 0.00000000000 0.00000000000 0.00000000000 0.00000000000 0.00000000000 0.00000000000 0.00000000000 0.00000000000 0.00000000000
# sel_p2_fsh[4]:
 0.00000000000 0.00000000000 0.00000000000 0.00000000000 0.00000000000 0.00000000000 0.00000000000 0.00000000000 0.00000000000 0.00000000000 0.00000000000 0.00000000000 0.00000000000 0.00000000000 0.00000000000 0.00000000000 0.00000000000 0.00000000000 0.00000000000 0.00000000000 0.00000000000 0.00000000000 0.00000000000 0.00000000000 0.00000000000 0.00000000000 0.00000000000 0.00000000000 0.00000000000 0.00000000000
# logsel_p3_fsh[1]:
 0.00000000000 0.00000000000 0.00000000000 0.00000000000 0.00000000000 0.00000000000 0.00000000000 0.00000000000 0.00000000000 0.00000000000 0.00000000000 0.00000000000 0.00000000000 0.00000000000 0.00000000000 0.00000000000 0.00000000000 0.00000000000 0.00000000000 0.00000000000 0.00000000000 0.00000000000 0.00000000000 0.00000000000 0.00000000000 0.00000000000 0.00000000000 0.00000000000 0.00000000000 0.00000000000 0.00000000000 0.00000000000 0.00000000000 0.00000000000 0.00000000000
# logsel_p3_fsh[2]:
 0.00000000000 0.00000000000 0.00000000000 0.00000000000 0.00000000000 0.00000000000 0.00000000000 0.00000000000 0.00000000000 0.00000000000 0.00000000000 0.00000000000 0.00000000000 0.00000000000 0.00000000000 0.00000000000 0.00000000000 0.00000000000 0.00000000000 0.00000000000 0.00000000000 0.00000000000 0.00000000000 0.00000000000 0.00000000000 0.00000000000 0.00000000000 0.00000000000 0.00000000000 0.00000000000 0.00000000000 0.00000000000 0.00000000000 0.00000000000 0.00000000000 0.00000000000
# logsel_p3_fsh[3]:
 0.00000000000 0.00000000000 0.00000000000 0.00000000000 0.00000000000 0.00000000000 0.00000000000 0.00000000000 0.00000000000 0.00000000000 0.00000000000 0.00000000000 0.00000000000 0.00000000000 0.00000000000 0.00000000000 0.00000000000 0.00000000000 0.00000000000 0.00000000000 0.00000000000 0.00000000000 0.00000000000 0.00000000000 0.00000000000 0.00000000000 0.00000000000 0.00000000000 0.00000000000 0.00000000000 0.00000000000 0.00000000000 0.00000000000 0.00000000000 0.00000000000 0.00000000000 0.00000000000 0.00000000000 0.00000000000
# logsel_p3_fsh[4]:
 0.00000000000 0.00000000000 0.00000000000 0.00000000000 0.00000000000 0.00000000000 0.00000000000 0.00000000000 0.00000000000 0.00000000000 0.00000000000 0.00000000000 0.00000000000 0.00000000000 0.00000000000 0.00000000000 0.00000000000 0.00000000000 0.00000000000 0.00000000000 0.00000000000 0.00000000000 0.00000000000 0.00000000000 0.00000000000 0.00000000000 0.00000000000 0.00000000000 0.00000000000 0.00000000000
# rec_dev_future:
 0.00000000000 0.00000000000 0.00000000000 0.00000000000 0.00000000000 0.00000000000 0.00000000000 0.00000000000 0.00000000000 0.00000000000 0.00000000000 0.00000000000 0.00000000000 0.00000000000 0.00000000000 0.00000000000 0.00000000000 0.00000000000 0.00000000000 0.00000000000
# log_q_ind[1]:
-0.0667302457831
# log_q_ind[2]:
-3.12673806750
# log_q_ind[3]:
-9.53844782511
# log_q_ind[4]:
-0.655663685712
# log_q_ind[5]:
-6.20003261589
# log_q_ind[6]:
-8.46277655523
# log_q_ind[7]:
-0.796921754023
# log_q_power_ind[1]:
0.00000000000
# log_q_power_ind[2]:
0.00000000000
# log_q_power_ind[3]:
0.00000000000
# log_q_power_ind[4]:
0.00000000000
# log_q_power_ind[5]:
0.00000000000
# log_q_power_ind[6]:
0.00000000000
# log_q_power_ind[7]:
0.00000000000
# log_rw_q_ind[1]:
 -1.05865730973
# log_rw_q_ind[3]:
 -0.342504817183
# log_selcoffs_ind[1]:
 -3.22649945915 -2.04819403984 -0.923353462974 -0.0663809147389 0.370406744973 0.488158716084 0.423600331126 0.312905135733 0.240654724199 0.226191085486
 -3.21459862106 -2.34233388677 -1.49949786966 -0.722233814959 -0.0649895337340 0.389729675950 0.586020066128 0.577769569704 0.493802111225 0.421169127509
# log_selcoffs_ind[2]:
 -1.19949717954 -0.520530855377 -0.0496792194732 0.139353662354 0.0827547206592 0.0205145283411 0.0481330480397 0.155979496243 0.266533711005 0.316880318536
 -0.959628618213 -0.396486283858 -0.0813456846573 0.123619758196 0.192603700253 0.171528613836 0.123092702047 0.0982172696136 0.108635587900 0.133093639750
 -0.911343160779 -0.341251824056 0.0153715661889 0.199668092092 0.220857655947 0.160102465757 0.0931634063479 0.0483157882980 0.0352002384605 0.0458347925860
# log_selcoffs_ind[3]:
 -0.202940821038 0.0202027052767 0.0202027052767 0.0202027052767 0.0202027052767 0.0202027052767 0.0202027052767 0.0202027052767 0.0202027052767 0.0202027052767
# log_selcoffs_ind[4]:
 -2.72771092220 -1.71218188483 -0.835898601363 -0.272275520580 -0.0221965162623 0.138411586926 0.286779823866 0.429831610954 0.543063245322 0.610924107855
 -3.36055311698 -2.46228778857 -1.58417926509 -0.827237178920 -0.258641172594 0.150584086280 0.430581130960 0.611866265186 0.672060882729 0.674356537223
# log_selcoffs_ind[5]:
 -3.04452005677 -0.669616569639 0.101782682789 0.174353368097 0.174353368097 0.174353368097 0.174353368097 0.174353368097 0.174353368097 0.174353368097
# log_selcoffs_ind[6]:
 -3.04452005677 -0.669616569639 0.101782682789 0.174353368097 0.174353368097 0.174353368097 0.174353368097 0.174353368097 0.174353368097 0.174353368097
# log_selcoffs_ind[7]:
 -3.04452005677 -0.669616569639 0.101782682789 0.174353368097 0.174353368097 0.174353368097 0.174353368097 0.174353368097 0.174353368097 0.174353368097
# logsel_slope_ind[1]:
 0.00000000000 0.00000000000
# logsel_slope_ind[2]:
 0.00000000000 0.00000000000 0.00000000000
# logsel_slope_ind[3]:
 0.00000000000
# logsel_slope_ind[4]:
 0.00000000000 0.00000000000
# logsel_slope_ind[5]:
 0.00000000000
# logsel_slope_ind[6]:
 0.00000000000
# logsel_slope_ind[7]:
 0.00000000000
# sel50_ind[1]:
 0.00000000000 0.00000000000
# sel50_ind[2]:
 0.00000000000 0.00000000000 0.00000000000
# sel50_ind[3]:
 0.00000000000
# sel50_ind[4]:
 0.00000000000 0.00000000000
# sel50_ind[5]:
 0.00000000000
# sel50_ind[6]:
 0.00000000000
# sel50_ind[7]:
 0.00000000000
# logsel_p1_ind[1]:
 0.00000000000 0.00000000000
# logsel_p1_ind[2]:
 0.00000000000 0.00000000000 0.00000000000
# logsel_p1_ind[3]:
 0.00000000000
# logsel_p1_ind[4]:
 0.00000000000 0.00000000000
# logsel_p1_ind[5]:
 0.00000000000
# logsel_p1_ind[6]:
 0.00000000000
# logsel_p1_ind[7]:
 0.00000000000
# sel_p2_ind[1]:
 0.00000000000 0.00000000000
# sel_p2_ind[2]:
 0.00000000000 0.00000000000 0.00000000000
# sel_p2_ind[3]:
 0.00000000000
# sel_p2_ind[4]:
 0.00000000000 0.00000000000
# sel_p2_ind[5]:
 0.00000000000
# sel_p2_ind[6]:
 0.00000000000
# sel_p2_ind[7]:
 0.00000000000
# logsel_p3_ind[1]:
 0.00000000000 0.00000000000
# logsel_p3_ind[2]:
 0.00000000000 0.00000000000 0.00000000000
# logsel_p3_ind[3]:
 0.00000000000
# logsel_p3_ind[4]:
 0.00000000000 0.00000000000
# logsel_p3_ind[5]:
 0.00000000000
# logsel_p3_ind[6]:
 0.00000000000
# logsel_p3_ind[7]:
 0.00000000000
