# Number of parameters = 1865 Objective function value = 1380.81237979738  Maximum gradient component = 0.000278365416736631
# Mest[1]:
0.280000000000
# log_Linf[1]:
4.29810139974
# log_k[1]:
-1.83258146375
# log_Lo[1]:
2.60712428251
# log_sdage[1]:
-2.40794560865
# mean_log_rec[1]:
9.34652953399
# steepness[1]:
0.650000000000
# log_Rzero[1]:
9.65501874955
# rec_dev:
 -0.0934057595573 -0.120086406822 -0.152993888404 -0.193178883899 -0.241584889883 -0.298518230659 -0.362568310172 -0.432853834443 -0.511292459084 -0.595216075186 -0.676915674695 -0.747094313107 -0.819236649695 -0.903265655118 -1.01858589932 -1.01091330366 -0.760075927979 -0.521861826872 -0.106563617375 0.133248569588 0.178634776828 0.224045162442 0.381105015959 0.527008774159 0.860572402849 0.585566934515 0.765386720815 1.57686993559 1.51684724436 0.818351638654 0.294218794148 0.417534067877 0.689699260139 0.799794612594 0.242905616324 0.323473788551 0.254224887431 0.257945903257 0.397234569239 0.366022372389 0.613532814136 0.561980422663 0.574944053484 0.480412948690 -0.0206480758901 -0.141606375787 -0.0597566723877 -0.578226471814 -1.62066858523 -0.600639186131 -0.196119838599 -0.827437494130 -1.08975826207 -1.20333146421 -1.12294398105 -0.632163199400 -0.593465468441 -0.0334654995345 0.471470524960 0.784368525868 0.587255952159 0.322285732872 0.598106466455 0.0430169782450 -0.377187802375 0.176658274040 0.389094788100
# log_sigmar[1]:
-0.510825623766
# fmort:
 -4.74362909138 -4.31273566124 -5.02760448420 -4.68971867543 -3.90799343875 -3.56398555049 -3.22485186334 -3.21629772829 -2.47820790034 -2.50535552237 -2.74327490024 -2.35387276105 -1.60255980410 -2.57447225307 -1.74048585413 -2.36646216457 -4.82482597618 -3.55040309629 -4.01936383205 -4.17910492943 -4.28235944116 -3.97155219210 -3.90744304144 -3.74206039827 -4.19505052207 -3.92324066696 -3.50645848808 -4.50832817515 -5.66729153010 -5.04329761584 -4.64070157551 -3.93719680437 -4.79941546348 -4.36111207165 -4.24852616051 -3.85506103873 -3.76756913082 -3.24936930167 -2.67145696356 -3.04426485005 -2.79243631988 -4.32955379814 -5.19480346531 -4.65127209182 -4.58241388240 -4.24241882502 -4.57314047016 -4.18923360741 -5.36073269402 -5.64569702479 -4.50832118972 -4.54818645914 -4.75356850520 -4.95236846209 -4.67734937590 -4.85576601639
 -7.13448754549 -6.67739022324 -6.18788898527 -5.57509406241 -5.77044637926 -5.04131797522 -4.50306982468 -4.13197978259 -3.61599731904 -3.37969416651 -3.25436736122 -2.50498731369 -2.27404577905 -2.58094173488 -2.15524154419 -1.76802236427 -1.58694951225 -1.27200948310 -1.08661406220 -0.971763368164 -0.968978481384 -0.748928596192 -0.461634816722 -0.413197259574 -0.218497776319 0.0678096507526 0.0300953479728 0.0297374859286 -0.474699710199 -0.957408663428 -1.38718499931 -1.24021039835 -1.17072866247 -1.25941760181 -1.26335368046 -1.24857561871 -1.15655135662 -0.937156622109 -1.05929963616 -0.754188611238 -1.32745544161 -1.68054212130 -2.01272198755 -2.19100023197 -2.19591331231 -2.02017058183 -1.98325030097 -1.93122188019 -1.80829968567 -1.91588258230 -1.98178193134 -2.02730476264 -2.14922240251 -2.08709873930 -1.78788195188 -1.98371880375
 -8.50891086937 -7.75770421036 -6.85969288011 -5.94672059423 -4.72428103433 -5.83437715560 -5.37058004599 -2.97778041417 -3.22620412388 -3.42720117015 -3.36033444712 -3.42227910258 -4.43405737279 -4.62009624225 -4.27799186862 -4.91067371569 -5.91452024784 -6.01911938129 -4.68749643014 -4.77862094995 -4.75498825298 -5.03905697836 -5.42831656446 -5.21584158218 -4.65299846201 -3.39672979446 -3.02175770792 -2.35726038310 -2.70058814931 -3.78341105757 -3.68918898685 -2.76929115596 -4.40331299212 -4.06106089076 -4.22913150735 -4.97668265083 -3.70142373335 -3.61575418205 -3.63300742193 -3.86351790825 -5.04648185710 -2.91080489827 -3.49061746649 -4.30729439948 -4.33786353280 -5.49024944413 -6.09009345967 -6.86649297304 -5.45640690385 -5.01658718704 -5.31086706130 -5.64551682743 -5.46502395239 -5.02106753477 -5.15530249645 -5.00623658971
 -9.71190842843 -9.63800323461 -7.85669389218 -9.48356305406 -9.39571655863 -9.29608625795 -9.14590505056 -8.23190899469 -4.94538367186 -2.74040737602 -2.59107497400 -2.11801518633 -1.30447619505 -0.905208158501 -0.716051673672 -1.13842028774 -1.49025316359 -1.89045663800 -2.24121557779 -2.51532098277 -2.72416313953 -3.28546792802 -5.85968339203 -9.36682791366 -9.20476811853 -8.93614682222 -8.60190546325 -8.31069884825 -8.19211524239 -8.33082740853 -7.84508333041 -5.94539260148 -4.80255638871 -4.17868429581 -3.47714730124 -3.57863218653 -3.06592828514 -2.55053341535 -2.38003347636 -2.37534675683 -2.54602682036 -3.70196080758 -3.98744234215 -3.96716815446 -3.56048499601 -3.38189993134 -3.88161219066 -3.97342528573 -4.01586472373 -4.21733502883 -6.80021050056 -4.89033920459 -4.77389293961 -4.43387732066 -5.32198775731 -6.63955532110
# log_selcoffs_fsh[1]:
 -4.00728431143 -2.40677223498 -1.39823076377 -0.342304731628 0.680348363803 1.04758683911 0.560855101658 -0.156200192010 -0.689834125314
 -3.52634768107 -1.88007542062 -1.21014652584 -0.400421373988 0.528121970962 0.954895612715 0.631360278242 0.0280673300753 -0.435342924516
 -3.17893630877 -1.69499218697 -0.887716339930 -0.126962743318 0.513701470807 0.786434210420 0.558332693640 0.100279407676 -0.271608713214
 -2.76619397389 -1.46860206268 -0.800984482737 -0.176445779430 0.578515756505 0.756857272153 0.471763619640 0.0797187418220 -0.199715545075
 -2.11075019835 -0.576849425072 -0.267476408908 0.00431042011537 0.301052843700 0.482154209346 0.384540956573 0.148762614501 -0.0540527622066
 -1.96984740636 -0.730856281646 0.261772226325 0.505695404614 0.237099270980 0.159710093259 0.103243197403 -0.0121209296361 -0.123065610646
 -1.64984144986 -0.568011425351 0.372367820744 0.640052425929 0.267144463660 0.0112067905760 -0.0969577515367 -0.158725433821 -0.204324834374
 -1.19131935217 -0.352841471262 0.437444312004 0.709247303401 0.207434504315 -0.109058313118 -0.248656320527 -0.285129695071 -0.283256677489
 -0.878477992798 0.143775930829 0.358185189290 0.512233535043 0.296699164686 -0.121266448066 -0.339629904446 -0.381741049603 -0.350550118996
 -0.630760126882 0.301444092592 0.506795329125 0.506387935362 0.138333463126 -0.259957752205 -0.470946428568 -0.494015052876 -0.442033546605
 -0.0944239019423 0.846512350120 0.399970022075 0.139947479223 -0.205589081585 -0.475560082749 -0.605934381406 -0.599350775562 -0.534142931304
 0.103075322424 0.809425428451 0.566778584398 0.117862804442 -0.379231985786 -0.623362742955 -0.709759452915 -0.685034573763 -0.614746529757
 -0.150576228544 1.07640147041 0.629321664332 -0.0755389278131 -0.578846149182 -0.781027163295 -0.825693688401 -0.782698235519 -0.716369162095
 0.168861391654 1.07839359305 0.567645729032 -0.136470167617 -0.671688052862 -0.862309304318 -0.889280138640 -0.836183502850 -0.771745950385
 0.162336476727 1.15664476940 0.527679952724 -0.194312602363 -0.717138337764 -0.913282623623 -0.943438879051 -0.890291151389 -0.827993931340
 -0.246535169047 1.22343563431 0.656409393244 -0.150903813214 -0.742902860300 -0.956145352562 -0.994274369468 -0.944865371242 -0.884218418526
 -0.187787616887 1.27676675430 0.586303833716 -0.189872820918 -0.771600074752 -0.989038158157 -1.03080452715 -0.984227944380 -0.923496821077
 0.426097092152 1.03862056160 0.634752168989 -0.195029958733 -0.789761156193 -1.00559136402 -1.04613848566 -0.996351637256 -0.932034168393
 0.715318061924 1.06378958764 0.386456361873 -0.309493970167 -0.846328682594 -1.05301593080 -1.08931350944 -1.03255433601 -0.962742618024
 0.445890776355 1.16379731432 0.543623208169 -0.306615703933 -0.900317467374 -1.10874991522 -1.13353266155 -1.06235923058 -0.983672299959
 0.526140174645 1.25865023308 0.376265536391 -0.439296137214 -0.988947251768 -1.17702489973 -1.18593660339 -1.09620218420 -1.00549727309
 0.411623959975 1.28436958184 0.514199435286 -0.505159328471 -1.08744735120 -1.25186718468 -1.23366801518 -1.12099000412 -1.01498146476
 0.664398605936 1.18651284791 0.459492967022 -0.483871688111 -1.10717389290 -1.28702769976 -1.26000514124 -1.12635973254 -1.00258184403
 0.423584973794 1.34635592278 0.383558914731 -0.525936556726 -1.11435201193 -1.30218650984 -1.27911716074 -1.13356727883 -0.993041409990
 0.605640106373 1.25550779261 0.352303982050 -0.493005780054 -1.06707923266 -1.27395568039 -1.26188208481 -1.10604616340 -0.949055297096
 0.543307267804 1.19503607941 0.425540840350 -0.342111854943 -0.993711647687 -1.22252519475 -1.20528710937 -1.04252234378 -0.874455859499
 -0.0234465476221 1.23792002256 0.593924023427 -0.181100154282 -0.884483883003 -1.11525763807 -1.09326012145 -0.933472789124 -0.776004301770
 0.291703266880 1.10118850301 0.525872583033 -0.258498394768 -0.814076578385 -0.988225534594 -0.938950663200 -0.782360623158 -0.642905081247
 1.12716118021 0.659039090231 -0.0215279681303 -0.532144106081 -0.843698229203 -0.904964997012 -0.806294361575 -0.636842781840 -0.504187387046
 0.730995640428 0.976634107270 -0.00519770649808 -0.667941605200 -0.854802179351 -0.800802350369 -0.641731760424 -0.455295209641 -0.321868081191
 0.472355196108 0.991198592544 -0.0834323628460 -0.661397473869 -0.775923396848 -0.665314020376 -0.458857944616 -0.256141848208 -0.121873699414
 0.338773377665 0.659714799298 -0.0730784223590 -0.505042312729 -0.569792593141 -0.449348269131 -0.225817566654 -0.00898395928869 0.128322485683
 -0.593021767918 0.340277372272 0.0155312549662 -0.237711336969 -0.238744425254 -0.175151262157 0.00886830450996 0.195071479325 0.326907672940
 -1.20032956531 -0.384284599919 -0.328847692920 -0.131050337163 0.0606804007480 0.0900988338511 0.287190799027 0.336200300033 0.426509950576
 -0.878739008365 -0.255312815627 -0.627494362288 -0.551448125730 -0.213561842263 0.0740992818632 0.328087419093 0.485973673543 0.588504874162
 -0.280075163054 -1.16067265065 -1.18270766043 -0.773221641459 -0.288237408302 0.113016999967 0.416178399681 0.593410553991 0.676755375752
 -1.47412544579 -1.54417168910 -1.37688784757 -0.759232930474 -0.158946809106 0.218369144999 0.541816597166 0.684422103747 0.712117994816
 -2.14423772710 -1.67114716286 -1.39316049568 -0.822834058891 -0.207378141396 0.276402757808 0.558138278398 0.711379260758 0.738135362024
 -2.23233971674 -2.18870086302 -1.86772114444 -1.17026100888 -0.335532836981 0.318877076428 0.704453940397 0.780172807924 0.703478117312
 -2.51129758577 -2.41690446990 -1.99380911763 -1.21773183351 -0.376731120291 0.322692035128 0.727954271104 0.790601203017 0.720305853057
 -2.48174567159 -2.31595395255 -1.81687947991 -1.11546569118 -0.395674671111 0.186460387686 0.594213694874 0.827736834519 0.854199655878
 -2.73343940340 -2.22638867851 -1.55299435128 -0.937375447110 -0.339808748690 0.153268375174 0.503214938054 0.783078786482 0.917907823000
 -2.77179001799 -2.19196236791 -1.53406830591 -0.903482994667 -0.316715861115 0.147107094019 0.495966754681 0.769596300234 0.923045840140
# log_selcoffs_fsh[2]:
 -2.42849143580 -0.512628504585 0.281172942056 0.668538871735 0.585425275322 0.245247851227 -0.0261633848877 -0.251517444616 -0.431013459651 -0.577133360448
 -2.34773713770 -0.448463602547 -0.501711599727 0.0882072691956 0.630951288711 0.649522394857 0.305235672369 -0.0525445203640 -0.261036900117 -0.359442678837
 -2.90840196208 -1.03960596349 -0.589707450890 -0.0903875253036 0.515754869761 0.712767875518 0.434619561150 0.0884278809285 -0.0917206546273 -0.150759558281
 -3.33298814474 -1.73996441736 -0.798973800434 -0.268770830106 0.376704220990 0.718552056166 0.470273088485 0.214178791452 0.113153626083 0.101351192918
 -2.94679920009 -1.38203919171 -1.29253539724 -0.742615949769 0.100726685047 0.572704195150 0.479029150981 0.373476172102 0.383113316638 0.427115244101
 -2.55695706390 -1.41332653450 -1.17800674048 -1.05160702727 -0.499610804160 0.0306152907555 0.334069756674 0.531002676056 0.703480248917 0.817995619929
 -3.19714793700 -1.92444515659 -1.03108909988 -0.843339329470 -0.708260897070 -0.334072705844 0.109317721132 0.511886243265 0.826233540521 1.01128233442
 -3.71456696390 -2.71645672758 -1.90235244705 -1.14409444958 -0.529852456430 -0.131707097739 0.211596846149 0.477123620060 0.819941965630 1.05049153913
 -3.97232334810 -2.93704580035 -2.30469556450 -1.56930451266 -0.692916610958 -0.108581893352 0.300000790472 0.613886545257 0.851703704355 0.986508325532
 -4.05149539937 -2.81994336223 -2.08973710137 -1.60160787065 -1.08308597888 -0.387675123475 0.209167751639 0.756078739061 0.996806271581 0.919623841172
 -3.87855417343 -2.38500247888 -1.64018201563 -1.17557678672 -0.837558546120 -0.557686070109 -0.00357649945513 0.657658198178 1.00474964090 1.00115629041
 -3.79488654194 -2.28402894441 -1.46420682607 -1.00126988786 -0.631340380068 -0.325140188469 0.210901409333 0.643340921123 0.867800998399 0.917640743628
 -3.46918198714 -1.63301703252 -0.980468218897 -0.613693195605 -0.334899743663 -0.248116353023 0.133491057571 0.494227654958 0.762523232205 0.890207414364
 -3.02285761936 -1.30290906227 -0.649730286666 -0.356067669671 -0.229695361685 -0.116508388887 0.136071572019 0.412210900943 0.653193739259 0.786000970183
 -2.61990869133 -0.624232918283 -0.370652957863 -0.344067069031 -0.364512015571 -0.217619673012 0.0967445175484 0.380237644936 0.613211409468 0.733724789068
 -2.27517349247 -0.305782711583 -0.314462182738 -0.370559064985 -0.439412731140 -0.284576363622 0.0391486761655 0.341913489028 0.591469293229 0.736777525893
 -1.88421584019 -0.281724199525 -0.266987487252 -0.298010329061 -0.429778434485 -0.360193678723 -0.0583729677199 0.284141817363 0.586169397882 0.773984385194
 -2.04124873972 -0.322647663161 -0.0125678536299 -0.112663634716 -0.332137724698 -0.326453267439 -0.0800752505556 0.243033073023 0.508679593999 0.675403042437
 -2.27996169699 -0.448424337702 -0.0489022616795 -0.0363983887777 -0.233780732243 -0.227925550493 -0.00532844225503 0.271932633992 0.487285356325 0.598701233352
 -2.38570374000 -0.767614067094 -0.335415867065 -0.0886164477447 -0.150462545266 -0.125833820737 0.0967948778741 0.359800230176 0.534322126534 0.604632596545
 -2.47523462254 -0.863122677236 -0.386489051611 -0.0901689885282 -0.159121848539 -0.152531492366 0.0870852589082 0.381745753343 0.562889322342 0.630104802029
 -2.75177881260 -0.956374385731 -0.351950004370 -0.0717585175771 -0.103078894332 -0.101180601598 0.126589832694 0.377937717078 0.534592829399 0.593895182116
 -3.04726690970 -1.55130240169 -0.488342898523 0.0780611809265 0.0859261781881 0.0165495030470 0.171438278250 0.378665388343 0.488664528120 0.507908828774
 -3.19159205787 -1.88489906433 -0.913674891041 -0.144244014177 0.221300192355 0.190126181226 0.345133425955 0.476934749311 0.476208872037 0.371535362145
 -3.27657783705 -1.69075044462 -0.878320646744 -0.419801463047 0.0382525854257 0.281656497380 0.425780768644 0.582229568298 0.491754614920 0.325623858821
 -3.44308625081 -2.00008209771 -1.08110355368 -0.212086674530 0.210185569743 0.347262326169 0.390644336116 0.487940402627 0.461838261139 0.293878114905
 -3.70815657365 -1.83799554449 -0.966887652004 0.0120481665539 0.396505800413 0.479680669923 0.439016258194 0.367253205219 0.213244799078 0.0853924495683
 -3.79437341042 -1.74413656819 -0.841674842454 0.0169337133196 0.415345209620 0.426377563239 0.673648918079 0.427191268818 0.00111314627387 -0.207506739238
 -3.74040272566 -2.20790624220 -1.33019447515 0.0571469800247 0.589235735254 0.577255135868 0.695414084823 0.259124226940 -0.0898952915355 -0.294405955737
 -3.69753318927 -1.90421950085 -0.646587819510 0.0941394892310 0.799957223545 0.584840697474 0.348209986499 0.0701674941678 -0.120791550994 -0.213011936248
 -3.45938047151 -1.31451031298 -0.157481914541 0.346850781979 0.309039871755 0.232538896703 0.245841915312 0.199579008993 0.155601314999 0.130312683266
 -3.36922172651 -1.39070444172 -0.401257778266 0.0411659985953 0.238375159970 0.142156190991 0.162095345599 0.325739949757 0.406814902474 0.418832547074
 -2.95535889449 -0.857533447061 -0.615359441249 -0.339975841633 -0.0262173570527 0.0516322083224 0.0694414780779 0.348557493279 0.598114247669 0.661021520548
 -3.66631873353 -1.37027863736 -0.590632944922 -0.112156841645 0.126571035981 0.196766115083 0.196252504840 0.322499920558 0.474524239348 0.539684354020
 -4.11222684055 -1.97748534308 -1.06244824142 -0.466175953159 0.0932042839021 0.325185901936 0.408046854221 0.472587681880 0.508869856884 0.481688064516
 -4.56655076372 -2.58331124007 -1.39611701903 -0.640204067061 -0.101823407311 0.221687363913 0.457101277414 0.588760863859 0.591596099636 0.587707898429
 -4.90911344461 -3.18450151162 -1.97046700558 -0.942994650481 -0.0534685430492 0.305059872324 0.571768779033 0.670711440353 0.569822012581 0.484122627409
 -5.05270752068 -3.39141853587 -2.47320395822 -1.53943027747 -0.468355829046 0.294542673018 0.648929884255 0.773755268003 0.649349191819 0.528807759248
 -5.12889565063 -3.56477199331 -2.32819615378 -1.63427044267 -0.773695841885 -0.0478899439894 0.496139059853 0.753263222732 0.802996013001 0.815434512070
 -5.09418845273 -3.71858743013 -2.44314950978 -1.51912140129 -0.950143289555 -0.359890506667 0.191936104206 0.624748255744 0.873787844374 1.13270198602
 -4.98487896688 -3.45136351025 -2.14862774253 -1.17637445002 -0.712444905670 -0.508560241366 -0.223357760211 0.203057848705 0.809534328844 1.42858252848
 -4.94148702970 -3.15798524084 -1.72231528006 -0.941753981285 -0.384246460810 -0.386929823107 -0.438947885198 -0.196421297984 0.558906060403 1.56997087732
 -5.08125388403 -3.13038491245 -1.21448186434 -0.109954589662 0.0354719503559 -0.0688914124675 -0.400005951108 -0.475565140120 0.240686708203 1.44074452743
# log_selcoffs_fsh[3]:
 -2.03706030776 -1.25239229574 0.158065802522 1.01476837391 0.392339810111 -0.337568087878 -0.776840440789
 -2.40112753576 -1.29688413822 0.342309076211 0.978137768968 0.335647012861 -0.354957914278 -0.758732912281
 -2.22086736228 -1.08566279977 0.187090203517 0.943280964935 0.398179606718 -0.258692043989 -0.656806496315
 -3.05882727870 -1.59342240974 0.234251968903 1.04381239659 0.345978844644 -0.311591583931 -0.692770068748
 -3.47229517696 -1.80802138666 0.264145754782 0.954167881847 0.451429906018 -0.207403427396 -0.648363311614
 -3.66373808247 -1.98690444976 -0.243538533865 0.960035783315 0.683429222218 -0.0819467507059 -0.616879297265
 -3.70238392038 -1.94413399058 -0.311728560198 0.963009179214 0.669039116524 -0.0489512806412 -0.551840892299
 -3.56716737775 -1.61078416162 0.406394885998 0.730187133816 0.442504029143 -0.0224095942868 -0.414410986967
 -3.28305949801 -1.40447000949 0.225912568695 0.635363067253 0.549178301279 0.102971366325 -0.307167955970
 -3.01406814015 -0.929269746304 0.127847641020 0.702125705983 0.484387919304 0.0345982557171 -0.296704190094
 -3.03722012508 -1.28088328962 0.0431092117144 0.975657525944 0.436930346064 -0.188887399921 -0.508413105517
 -3.07954389976 -1.24503194786 0.177557148224 0.992133648344 0.412639416609 -0.302404263919 -0.644414979526
 -3.09786884837 -1.22417039939 0.310634379187 1.04994186965 0.274145568493 -0.457620043326 -0.711548384164
 -2.98574790819 -0.785945938855 0.733072616728 0.747782735896 0.109917034928 -0.444756618349 -0.610891852293
 -2.95833677641 -0.969329482055 0.605958710870 0.801029142847 0.160167998352 -0.347730905731 -0.465343667157
 -2.95909941192 -0.948310671944 0.708732074382 0.798937923227 -0.0360075424630 -0.424208342348 -0.375091296610
 -2.96252690406 -0.704269859668 0.881765527341 0.651897677921 -0.192455298132 -0.514702390719 -0.361122867664
 -3.03010761132 -0.787398909940 1.03696712454 0.577193242995 -0.272864992445 -0.623592984336 -0.514548790458
 -2.91463159130 -0.315729782370 1.05732126669 0.444381016498 -0.316071976629 -0.659362790661 -0.630815525027
 -2.84930703388 -0.398183940798 1.14876019004 0.373648950255 -0.387824317618 -0.711327241904 -0.705732876769
 -2.75299809549 -0.176509275379 1.14588764936 0.291917288416 -0.447900664053 -0.730322830777 -0.706989219547
 -2.70221787109 -0.464867811916 1.18913032051 0.281514350958 -0.454287372690 -0.679779325314 -0.591064590265
 -2.48236556037 -0.701712004777 1.00903913796 0.403532048149 -0.291269422950 -0.446431585625 -0.231390494549
 -2.17467040975 -0.377251865704 0.694608482016 0.442169812314 -0.134493249973 -0.262879041369 -0.00138815003852
 -1.95205973157 -0.513551907169 0.462726850266 0.675941999067 -0.0249411406169 -0.266230686783 -0.0369346243757
 -1.74470954604 0.306019856866 0.417527229208 0.329114163039 0.0151399161506 -0.301851303052 -0.217344635876
 -2.02350275045 0.0637619214885 1.00305848072 0.321635155535 -0.349355944400 -0.691622914938 -0.713196639537
 -2.28775051928 -0.357253299960 1.06043309074 0.617794959526 -0.358923373080 -0.896516532323 -1.04971066599
 -2.53881102613 -0.521261285893 1.04519103068 0.705264363527 -0.268488885581 -0.943788162379 -1.18659023668
 -2.64916917483 -0.608886619244 0.613920592808 1.00906320290 0.0977006472024 -0.882349464092 -1.27941383471
 -2.54933667705 0.186370177750 0.651104783353 0.784741603342 -0.0384536776412 -0.927798963679 -1.38709393011
 -2.82705689291 -0.678636514321 1.28089000673 0.505188278484 -0.409664285398 -1.16835483028 -1.60139850568
 -2.99254264603 -0.991963446851 0.980726137074 0.973657741509 -0.258175182827 -1.20021528708 -1.65338760355
 -3.02286024510 -1.03484277724 0.680668712627 1.12096699038 0.00264224459593 -1.07335237059 -1.56766194404
 -2.99686092984 -0.907231700590 0.899471428672 0.982605338840 -0.178887166968 -1.05690160924 -1.45682582922
 -2.81454130912 -0.174696028408 1.09145533119 0.532829720044 -0.281126689764 -0.951432031329 -1.28416078093
 -2.78656128446 -0.252498303050 1.05605498901 0.565128102662 -0.252861872866 -0.850993739092 -1.12928498358
 -2.79870705501 -0.0321811035323 1.00749463854 0.468606532479 -0.204583956102 -0.757822292521 -1.04807892130
 -3.06496314778 -0.510480282774 1.10954350224 0.538134957392 -0.196235400017 -0.780812960190 -1.11626107227
 -3.32437687695 -1.17080674848 0.936823951812 0.821722232146 -0.00110546867948 -0.694724889522 -1.11016583957
 -3.46435004564 -1.62510265760 0.229591551515 1.11469467258 0.374312897123 -0.448981803191 -0.986653670590
 -3.54231992242 -1.95881319501 -0.405390097030 0.952429091567 0.822999285723 -0.141432295941 -0.853599271988
 -3.61702310655 -2.10666852709 -0.477553370744 0.798293800952 0.884720357304 0.0873033001415 -0.701352138538
 -3.60851165222 -2.13630185409 -0.605309701614 0.566481075289 0.903822494454 0.382586975060 -0.491413797014
 -3.55023053852 -2.12431509009 -0.800813131095 0.313650088491 0.904922922665 0.587854395441 -0.271114342959
 -3.48316503511 -2.05457973530 -0.712527883309 0.346645946372 0.845108223792 0.548986109095 -0.131592645416
# log_selcoffs_fsh[4]:
 -2.61366241652 -2.23422348611 -1.81057756168 -1.30491912365 -0.721801422166 -0.107111008087 0.454989752087 0.878152975255 1.10459264068
 -2.59454453473 -2.22475666414 -1.80860718288 -1.30627596124 -0.724433082030 -0.110876770737 0.452581469071 0.878241336445 1.10652742681
 -2.55690554104 -2.20516541734 -1.80533566893 -1.30673046713 -0.723212154276 -0.111435424536 0.452511000586 0.876834080830 1.10586121525
 -2.49401919718 -2.16605119156 -1.79756798395 -1.31789798742 -0.727789205728 -0.105348977998 0.456944910313 0.876947541044 1.09981646584
 -2.39580233866 -2.08080817561 -1.74323695558 -1.30745359916 -0.748738321471 -0.116899007415 0.466763949810 0.879911948384 1.08871671274
 -2.26788179211 -1.94722934508 -1.65323055186 -1.26626019165 -0.716350880919 -0.104057394535 0.471670053415 0.874364097748 1.06151996747
 -2.12397924016 -1.81085418236 -1.48566849689 -1.14379246045 -0.663896382512 -0.0643227695577 0.487282140305 0.853983100978 1.00889078838
 -1.95968625480 -1.67328351914 -1.35554005334 -0.983902453010 -0.543880015043 -0.0197494073060 0.479189136596 0.816376140620 0.956212328364
 -1.71538000000 -1.46186938601 -1.19671906964 -0.871228922285 -0.441332120513 0.0299984755279 0.464881180905 0.763656767450 0.898580572743
 -1.43684958949 -1.18410512635 -0.933928027273 -0.704758781173 -0.396041421344 0.0183264500359 0.416818300946 0.706204930587 0.847661592051
 -1.17239671421 -0.914406098265 -0.670084053786 -0.458714219870 -0.294282548379 -0.0335911240969 0.319496958206 0.620644500301 0.787213646487
 -0.938640909119 -0.714149737082 -0.472755982449 -0.266552535295 -0.130853505660 -0.0258162741703 0.206301557028 0.498050831841 0.694865606092
 -0.732577949839 -0.544649808378 -0.364059060923 -0.179967345657 -0.0460183642091 0.0355692040389 0.165646874161 0.384094192565 0.570677466332
 -0.539724176415 -0.390164878884 -0.248619652820 -0.124771471086 -0.0354408602854 0.0366889685482 0.146649688536 0.307411872201 0.442870889483
 -0.351430533508 -0.239587677769 -0.139806774445 -0.0667972256143 -0.0214248526729 0.0207844777389 0.0978457491141 0.212944539647 0.310818971671
 -0.169172957753 -0.0951135583811 -0.0367108977481 -0.0132916686557 -0.0141322709641 -0.0119824299974 0.0259211281863 0.102227140457 0.171989376278
 0.0106980234199 0.0480445606595 0.0606275054613 0.0270331012982 -0.0224597614369 -0.0672253454795 -0.0678078126826 -0.0230590315381 0.0253776764069
 0.160058529363 0.172247290900 0.170603657030 0.0701695615946 -0.0454880718942 -0.145022519366 -0.183452181477 -0.165684074901 -0.128403006216
 0.288432550567 0.227714092682 0.267854715429 0.130917618957 -0.0779805931544 -0.219113564360 -0.297073292342 -0.302712779069 -0.283829935043
 0.310365111663 0.237074490230 0.271933447772 0.228180542353 -0.0184062444323 -0.242460750203 -0.355379941911 -0.403380127958 -0.409009551457
 0.256396991043 0.223754323998 0.163917089974 0.177958341277 0.0754048492489 -0.130816731397 -0.287535931048 -0.361564668738 -0.383188768756
 0.0111046532860 0.0679960109755 0.115316886145 0.125763775185 0.140501946983 0.0288278976603 -0.103461945011 -0.209241797314 -0.262377042415
 -0.284867073227 -0.149557933900 0.0170556165609 0.107074358993 0.160489090881 0.143234463885 0.0577315869347 -0.0366849296042 -0.0997290770101
 -0.615221809264 -0.390685374049 -0.170455988558 0.0462650369800 0.197818647516 0.244261846536 0.194823707511 0.115740528093 0.0573558840312
 -0.915589743263 -0.599256223144 -0.289260916758 0.00301314962789 0.233842260321 0.302097470010 0.264046507877 0.199259582382 0.148281466240
 -1.22649033896 -0.829714409429 -0.465802977081 -0.102779620641 0.200128138184 0.354494619317 0.360120931078 0.307546226320 0.262320749937
 -1.51782416155 -1.01394101955 -0.661753795856 -0.227901378416 0.184284741124 0.385064888390 0.428531642682 0.392203137281 0.349648474028
 -1.82029655572 -1.31107296685 -0.831878125283 -0.252108374754 0.155403724185 0.302094454306 0.398012754318 0.478002306551 0.550182457825
 -1.45049495673 -1.38509124598 -0.998367454374 -0.534950307690 -0.0803032341971 0.239043586897 0.445394929116 0.592362451154 0.692563871886
 -1.87002367689 -1.49733426028 -1.20761406126 -0.722697990496 -0.189164682719 0.220094310214 0.486503947389 0.670423151121 0.780368094163
 -1.78318083345 -1.36585172925 -1.26244745885 -0.954902071473 -0.493345253771 -0.0161114001004 0.432798460816 0.771185514195 0.959515639824
 -1.59443240558 -0.959163381577 -0.988804415600 -0.964933969239 -0.670433946854 -0.201632475919 0.289021252565 0.747815802941 1.05929967041
 -1.38059893437 -0.264197820143 0.171774926051 -0.194114530868 -0.363486013815 -0.300661958436 -0.0136475947052 0.397235466026 0.722729534684
 -1.29234145581 0.0777207228451 0.158592029263 -0.0518264038267 -0.267966459368 -0.336697066627 -0.129443850183 0.271028587441 0.617476901570
 -1.34037267993 -0.251947065820 0.216264365874 0.206619016951 -0.228428598705 -0.444319623343 -0.275273073311 0.222229572834 0.715278005673
 -1.34140550362 -0.348571602421 0.0349038378785 -0.0201989844173 -0.246205434572 -0.532630700076 -0.425138355486 0.205998533219 1.01742100667
 -0.713754830203 0.302665466389 0.136671883831 -0.248566020306 -0.563720341342 -0.659382764915 -0.419151782246 0.177410435263 0.829591637539
# log_sel_spl_fsh[1]:
 0.00000000000 0.00000000000 0.00000000000 0.00000000000
 0.00000000000 0.00000000000 0.00000000000 0.00000000000
 0.00000000000 0.00000000000 0.00000000000 0.00000000000
 0.00000000000 0.00000000000 0.00000000000 0.00000000000
 0.00000000000 0.00000000000 0.00000000000 0.00000000000
 0.00000000000 0.00000000000 0.00000000000 0.00000000000
 0.00000000000 0.00000000000 0.00000000000 0.00000000000
 0.00000000000 0.00000000000 0.00000000000 0.00000000000
 0.00000000000 0.00000000000 0.00000000000 0.00000000000
 0.00000000000 0.00000000000 0.00000000000 0.00000000000
 0.00000000000 0.00000000000 0.00000000000 0.00000000000
 0.00000000000 0.00000000000 0.00000000000 0.00000000000
 0.00000000000 0.00000000000 0.00000000000 0.00000000000
 0.00000000000 0.00000000000 0.00000000000 0.00000000000
 0.00000000000 0.00000000000 0.00000000000 0.00000000000
 0.00000000000 0.00000000000 0.00000000000 0.00000000000
 0.00000000000 0.00000000000 0.00000000000 0.00000000000
 0.00000000000 0.00000000000 0.00000000000 0.00000000000
 0.00000000000 0.00000000000 0.00000000000 0.00000000000
 0.00000000000 0.00000000000 0.00000000000 0.00000000000
 0.00000000000 0.00000000000 0.00000000000 0.00000000000
 0.00000000000 0.00000000000 0.00000000000 0.00000000000
 0.00000000000 0.00000000000 0.00000000000 0.00000000000
 0.00000000000 0.00000000000 0.00000000000 0.00000000000
 0.00000000000 0.00000000000 0.00000000000 0.00000000000
 0.00000000000 0.00000000000 0.00000000000 0.00000000000
 0.00000000000 0.00000000000 0.00000000000 0.00000000000
 0.00000000000 0.00000000000 0.00000000000 0.00000000000
 0.00000000000 0.00000000000 0.00000000000 0.00000000000
 0.00000000000 0.00000000000 0.00000000000 0.00000000000
 0.00000000000 0.00000000000 0.00000000000 0.00000000000
 0.00000000000 0.00000000000 0.00000000000 0.00000000000
 0.00000000000 0.00000000000 0.00000000000 0.00000000000
 0.00000000000 0.00000000000 0.00000000000 0.00000000000
 0.00000000000 0.00000000000 0.00000000000 0.00000000000
 0.00000000000 0.00000000000 0.00000000000 0.00000000000
 0.00000000000 0.00000000000 0.00000000000 0.00000000000
 0.00000000000 0.00000000000 0.00000000000 0.00000000000
 0.00000000000 0.00000000000 0.00000000000 0.00000000000
 0.00000000000 0.00000000000 0.00000000000 0.00000000000
 0.00000000000 0.00000000000 0.00000000000 0.00000000000
 0.00000000000 0.00000000000 0.00000000000 0.00000000000
 0.00000000000 0.00000000000 0.00000000000 0.00000000000
# log_sel_spl_fsh[2]:
 0.00000000000 0.00000000000 0.00000000000 0.00000000000
 0.00000000000 0.00000000000 0.00000000000 0.00000000000
 0.00000000000 0.00000000000 0.00000000000 0.00000000000
 0.00000000000 0.00000000000 0.00000000000 0.00000000000
 0.00000000000 0.00000000000 0.00000000000 0.00000000000
 0.00000000000 0.00000000000 0.00000000000 0.00000000000
 0.00000000000 0.00000000000 0.00000000000 0.00000000000
 0.00000000000 0.00000000000 0.00000000000 0.00000000000
 0.00000000000 0.00000000000 0.00000000000 0.00000000000
 0.00000000000 0.00000000000 0.00000000000 0.00000000000
 0.00000000000 0.00000000000 0.00000000000 0.00000000000
 0.00000000000 0.00000000000 0.00000000000 0.00000000000
 0.00000000000 0.00000000000 0.00000000000 0.00000000000
 0.00000000000 0.00000000000 0.00000000000 0.00000000000
 0.00000000000 0.00000000000 0.00000000000 0.00000000000
 0.00000000000 0.00000000000 0.00000000000 0.00000000000
 0.00000000000 0.00000000000 0.00000000000 0.00000000000
 0.00000000000 0.00000000000 0.00000000000 0.00000000000
 0.00000000000 0.00000000000 0.00000000000 0.00000000000
 0.00000000000 0.00000000000 0.00000000000 0.00000000000
 0.00000000000 0.00000000000 0.00000000000 0.00000000000
 0.00000000000 0.00000000000 0.00000000000 0.00000000000
 0.00000000000 0.00000000000 0.00000000000 0.00000000000
 0.00000000000 0.00000000000 0.00000000000 0.00000000000
 0.00000000000 0.00000000000 0.00000000000 0.00000000000
 0.00000000000 0.00000000000 0.00000000000 0.00000000000
 0.00000000000 0.00000000000 0.00000000000 0.00000000000
 0.00000000000 0.00000000000 0.00000000000 0.00000000000
 0.00000000000 0.00000000000 0.00000000000 0.00000000000
 0.00000000000 0.00000000000 0.00000000000 0.00000000000
 0.00000000000 0.00000000000 0.00000000000 0.00000000000
 0.00000000000 0.00000000000 0.00000000000 0.00000000000
 0.00000000000 0.00000000000 0.00000000000 0.00000000000
 0.00000000000 0.00000000000 0.00000000000 0.00000000000
 0.00000000000 0.00000000000 0.00000000000 0.00000000000
 0.00000000000 0.00000000000 0.00000000000 0.00000000000
 0.00000000000 0.00000000000 0.00000000000 0.00000000000
 0.00000000000 0.00000000000 0.00000000000 0.00000000000
 0.00000000000 0.00000000000 0.00000000000 0.00000000000
 0.00000000000 0.00000000000 0.00000000000 0.00000000000
 0.00000000000 0.00000000000 0.00000000000 0.00000000000
 0.00000000000 0.00000000000 0.00000000000 0.00000000000
 0.00000000000 0.00000000000 0.00000000000 0.00000000000
# log_sel_spl_fsh[3]:
 0.00000000000 0.00000000000 0.00000000000 0.00000000000
 0.00000000000 0.00000000000 0.00000000000 0.00000000000
 0.00000000000 0.00000000000 0.00000000000 0.00000000000
 0.00000000000 0.00000000000 0.00000000000 0.00000000000
 0.00000000000 0.00000000000 0.00000000000 0.00000000000
 0.00000000000 0.00000000000 0.00000000000 0.00000000000
 0.00000000000 0.00000000000 0.00000000000 0.00000000000
 0.00000000000 0.00000000000 0.00000000000 0.00000000000
 0.00000000000 0.00000000000 0.00000000000 0.00000000000
 0.00000000000 0.00000000000 0.00000000000 0.00000000000
 0.00000000000 0.00000000000 0.00000000000 0.00000000000
 0.00000000000 0.00000000000 0.00000000000 0.00000000000
 0.00000000000 0.00000000000 0.00000000000 0.00000000000
 0.00000000000 0.00000000000 0.00000000000 0.00000000000
 0.00000000000 0.00000000000 0.00000000000 0.00000000000
 0.00000000000 0.00000000000 0.00000000000 0.00000000000
 0.00000000000 0.00000000000 0.00000000000 0.00000000000
 0.00000000000 0.00000000000 0.00000000000 0.00000000000
 0.00000000000 0.00000000000 0.00000000000 0.00000000000
 0.00000000000 0.00000000000 0.00000000000 0.00000000000
 0.00000000000 0.00000000000 0.00000000000 0.00000000000
 0.00000000000 0.00000000000 0.00000000000 0.00000000000
 0.00000000000 0.00000000000 0.00000000000 0.00000000000
 0.00000000000 0.00000000000 0.00000000000 0.00000000000
 0.00000000000 0.00000000000 0.00000000000 0.00000000000
 0.00000000000 0.00000000000 0.00000000000 0.00000000000
 0.00000000000 0.00000000000 0.00000000000 0.00000000000
 0.00000000000 0.00000000000 0.00000000000 0.00000000000
 0.00000000000 0.00000000000 0.00000000000 0.00000000000
 0.00000000000 0.00000000000 0.00000000000 0.00000000000
 0.00000000000 0.00000000000 0.00000000000 0.00000000000
 0.00000000000 0.00000000000 0.00000000000 0.00000000000
 0.00000000000 0.00000000000 0.00000000000 0.00000000000
 0.00000000000 0.00000000000 0.00000000000 0.00000000000
 0.00000000000 0.00000000000 0.00000000000 0.00000000000
 0.00000000000 0.00000000000 0.00000000000 0.00000000000
 0.00000000000 0.00000000000 0.00000000000 0.00000000000
 0.00000000000 0.00000000000 0.00000000000 0.00000000000
 0.00000000000 0.00000000000 0.00000000000 0.00000000000
 0.00000000000 0.00000000000 0.00000000000 0.00000000000
 0.00000000000 0.00000000000 0.00000000000 0.00000000000
 0.00000000000 0.00000000000 0.00000000000 0.00000000000
 0.00000000000 0.00000000000 0.00000000000 0.00000000000
 0.00000000000 0.00000000000 0.00000000000 0.00000000000
 0.00000000000 0.00000000000 0.00000000000 0.00000000000
 0.00000000000 0.00000000000 0.00000000000 0.00000000000
# log_sel_spl_fsh[4]:
 0.00000000000 0.00000000000 0.00000000000 0.00000000000
 0.00000000000 0.00000000000 0.00000000000 0.00000000000
 0.00000000000 0.00000000000 0.00000000000 0.00000000000
 0.00000000000 0.00000000000 0.00000000000 0.00000000000
 0.00000000000 0.00000000000 0.00000000000 0.00000000000
 0.00000000000 0.00000000000 0.00000000000 0.00000000000
 0.00000000000 0.00000000000 0.00000000000 0.00000000000
 0.00000000000 0.00000000000 0.00000000000 0.00000000000
 0.00000000000 0.00000000000 0.00000000000 0.00000000000
 0.00000000000 0.00000000000 0.00000000000 0.00000000000
 0.00000000000 0.00000000000 0.00000000000 0.00000000000
 0.00000000000 0.00000000000 0.00000000000 0.00000000000
 0.00000000000 0.00000000000 0.00000000000 0.00000000000
 0.00000000000 0.00000000000 0.00000000000 0.00000000000
 0.00000000000 0.00000000000 0.00000000000 0.00000000000
 0.00000000000 0.00000000000 0.00000000000 0.00000000000
 0.00000000000 0.00000000000 0.00000000000 0.00000000000
 0.00000000000 0.00000000000 0.00000000000 0.00000000000
 0.00000000000 0.00000000000 0.00000000000 0.00000000000
 0.00000000000 0.00000000000 0.00000000000 0.00000000000
 0.00000000000 0.00000000000 0.00000000000 0.00000000000
 0.00000000000 0.00000000000 0.00000000000 0.00000000000
 0.00000000000 0.00000000000 0.00000000000 0.00000000000
 0.00000000000 0.00000000000 0.00000000000 0.00000000000
 0.00000000000 0.00000000000 0.00000000000 0.00000000000
 0.00000000000 0.00000000000 0.00000000000 0.00000000000
 0.00000000000 0.00000000000 0.00000000000 0.00000000000
 0.00000000000 0.00000000000 0.00000000000 0.00000000000
 0.00000000000 0.00000000000 0.00000000000 0.00000000000
 0.00000000000 0.00000000000 0.00000000000 0.00000000000
 0.00000000000 0.00000000000 0.00000000000 0.00000000000
 0.00000000000 0.00000000000 0.00000000000 0.00000000000
 0.00000000000 0.00000000000 0.00000000000 0.00000000000
 0.00000000000 0.00000000000 0.00000000000 0.00000000000
 0.00000000000 0.00000000000 0.00000000000 0.00000000000
 0.00000000000 0.00000000000 0.00000000000 0.00000000000
 0.00000000000 0.00000000000 0.00000000000 0.00000000000
# logsel_slope_fsh[1]:
 0.00000000000 0.00000000000 0.00000000000 0.00000000000 0.00000000000 0.00000000000 0.00000000000 0.00000000000 0.00000000000 0.00000000000 0.00000000000 0.00000000000 0.00000000000 0.00000000000 0.00000000000 0.00000000000 0.00000000000 0.00000000000 0.00000000000 0.00000000000 0.00000000000 0.00000000000 0.00000000000 0.00000000000 0.00000000000 0.00000000000 0.00000000000 0.00000000000 0.00000000000 0.00000000000 0.00000000000 0.00000000000 0.00000000000 0.00000000000 0.00000000000 0.00000000000 0.00000000000 0.00000000000 0.00000000000 0.00000000000 0.00000000000 0.00000000000 0.00000000000
# logsel_slope_fsh[2]:
 0.00000000000 0.00000000000 0.00000000000 0.00000000000 0.00000000000 0.00000000000 0.00000000000 0.00000000000 0.00000000000 0.00000000000 0.00000000000 0.00000000000 0.00000000000 0.00000000000 0.00000000000 0.00000000000 0.00000000000 0.00000000000 0.00000000000 0.00000000000 0.00000000000 0.00000000000 0.00000000000 0.00000000000 0.00000000000 0.00000000000 0.00000000000 0.00000000000 0.00000000000 0.00000000000 0.00000000000 0.00000000000 0.00000000000 0.00000000000 0.00000000000 0.00000000000 0.00000000000 0.00000000000 0.00000000000 0.00000000000 0.00000000000 0.00000000000 0.00000000000
# logsel_slope_fsh[3]:
 0.00000000000 0.00000000000 0.00000000000 0.00000000000 0.00000000000 0.00000000000 0.00000000000 0.00000000000 0.00000000000 0.00000000000 0.00000000000 0.00000000000 0.00000000000 0.00000000000 0.00000000000 0.00000000000 0.00000000000 0.00000000000 0.00000000000 0.00000000000 0.00000000000 0.00000000000 0.00000000000 0.00000000000 0.00000000000 0.00000000000 0.00000000000 0.00000000000 0.00000000000 0.00000000000 0.00000000000 0.00000000000 0.00000000000 0.00000000000 0.00000000000 0.00000000000 0.00000000000 0.00000000000 0.00000000000 0.00000000000 0.00000000000 0.00000000000 0.00000000000 0.00000000000 0.00000000000 0.00000000000
# logsel_slope_fsh[4]:
 0.00000000000 0.00000000000 0.00000000000 0.00000000000 0.00000000000 0.00000000000 0.00000000000 0.00000000000 0.00000000000 0.00000000000 0.00000000000 0.00000000000 0.00000000000 0.00000000000 0.00000000000 0.00000000000 0.00000000000 0.00000000000 0.00000000000 0.00000000000 0.00000000000 0.00000000000 0.00000000000 0.00000000000 0.00000000000 0.00000000000 0.00000000000 0.00000000000 0.00000000000 0.00000000000 0.00000000000 0.00000000000 0.00000000000 0.00000000000 0.00000000000 0.00000000000 0.00000000000
# sel50_fsh[1]:
 0.00000000000 0.00000000000 0.00000000000 0.00000000000 0.00000000000 0.00000000000 0.00000000000 0.00000000000 0.00000000000 0.00000000000 0.00000000000 0.00000000000 0.00000000000 0.00000000000 0.00000000000 0.00000000000 0.00000000000 0.00000000000 0.00000000000 0.00000000000 0.00000000000 0.00000000000 0.00000000000 0.00000000000 0.00000000000 0.00000000000 0.00000000000 0.00000000000 0.00000000000 0.00000000000 0.00000000000 0.00000000000 0.00000000000 0.00000000000 0.00000000000 0.00000000000 0.00000000000 0.00000000000 0.00000000000 0.00000000000 0.00000000000 0.00000000000 0.00000000000
# sel50_fsh[2]:
 0.00000000000 0.00000000000 0.00000000000 0.00000000000 0.00000000000 0.00000000000 0.00000000000 0.00000000000 0.00000000000 0.00000000000 0.00000000000 0.00000000000 0.00000000000 0.00000000000 0.00000000000 0.00000000000 0.00000000000 0.00000000000 0.00000000000 0.00000000000 0.00000000000 0.00000000000 0.00000000000 0.00000000000 0.00000000000 0.00000000000 0.00000000000 0.00000000000 0.00000000000 0.00000000000 0.00000000000 0.00000000000 0.00000000000 0.00000000000 0.00000000000 0.00000000000 0.00000000000 0.00000000000 0.00000000000 0.00000000000 0.00000000000 0.00000000000 0.00000000000
# sel50_fsh[3]:
 0.00000000000 0.00000000000 0.00000000000 0.00000000000 0.00000000000 0.00000000000 0.00000000000 0.00000000000 0.00000000000 0.00000000000 0.00000000000 0.00000000000 0.00000000000 0.00000000000 0.00000000000 0.00000000000 0.00000000000 0.00000000000 0.00000000000 0.00000000000 0.00000000000 0.00000000000 0.00000000000 0.00000000000 0.00000000000 0.00000000000 0.00000000000 0.00000000000 0.00000000000 0.00000000000 0.00000000000 0.00000000000 0.00000000000 0.00000000000 0.00000000000 0.00000000000 0.00000000000 0.00000000000 0.00000000000 0.00000000000 0.00000000000 0.00000000000 0.00000000000 0.00000000000 0.00000000000 0.00000000000
# sel50_fsh[4]:
 0.00000000000 0.00000000000 0.00000000000 0.00000000000 0.00000000000 0.00000000000 0.00000000000 0.00000000000 0.00000000000 0.00000000000 0.00000000000 0.00000000000 0.00000000000 0.00000000000 0.00000000000 0.00000000000 0.00000000000 0.00000000000 0.00000000000 0.00000000000 0.00000000000 0.00000000000 0.00000000000 0.00000000000 0.00000000000 0.00000000000 0.00000000000 0.00000000000 0.00000000000 0.00000000000 0.00000000000 0.00000000000 0.00000000000 0.00000000000 0.00000000000 0.00000000000 0.00000000000
# logsel_p1_fsh[1]:
 0.00000000000 0.00000000000 0.00000000000 0.00000000000 0.00000000000 0.00000000000 0.00000000000 0.00000000000 0.00000000000 0.00000000000 0.00000000000 0.00000000000 0.00000000000 0.00000000000 0.00000000000 0.00000000000 0.00000000000 0.00000000000 0.00000000000 0.00000000000 0.00000000000 0.00000000000 0.00000000000 0.00000000000 0.00000000000 0.00000000000 0.00000000000 0.00000000000 0.00000000000 0.00000000000 0.00000000000 0.00000000000 0.00000000000 0.00000000000 0.00000000000 0.00000000000 0.00000000000 0.00000000000 0.00000000000 0.00000000000 0.00000000000 0.00000000000 0.00000000000
# logsel_p1_fsh[2]:
 0.00000000000 0.00000000000 0.00000000000 0.00000000000 0.00000000000 0.00000000000 0.00000000000 0.00000000000 0.00000000000 0.00000000000 0.00000000000 0.00000000000 0.00000000000 0.00000000000 0.00000000000 0.00000000000 0.00000000000 0.00000000000 0.00000000000 0.00000000000 0.00000000000 0.00000000000 0.00000000000 0.00000000000 0.00000000000 0.00000000000 0.00000000000 0.00000000000 0.00000000000 0.00000000000 0.00000000000 0.00000000000 0.00000000000 0.00000000000 0.00000000000 0.00000000000 0.00000000000 0.00000000000 0.00000000000 0.00000000000 0.00000000000 0.00000000000 0.00000000000
# logsel_p1_fsh[3]:
 0.00000000000 0.00000000000 0.00000000000 0.00000000000 0.00000000000 0.00000000000 0.00000000000 0.00000000000 0.00000000000 0.00000000000 0.00000000000 0.00000000000 0.00000000000 0.00000000000 0.00000000000 0.00000000000 0.00000000000 0.00000000000 0.00000000000 0.00000000000 0.00000000000 0.00000000000 0.00000000000 0.00000000000 0.00000000000 0.00000000000 0.00000000000 0.00000000000 0.00000000000 0.00000000000 0.00000000000 0.00000000000 0.00000000000 0.00000000000 0.00000000000 0.00000000000 0.00000000000 0.00000000000 0.00000000000 0.00000000000 0.00000000000 0.00000000000 0.00000000000 0.00000000000 0.00000000000 0.00000000000
# logsel_p1_fsh[4]:
 0.00000000000 0.00000000000 0.00000000000 0.00000000000 0.00000000000 0.00000000000 0.00000000000 0.00000000000 0.00000000000 0.00000000000 0.00000000000 0.00000000000 0.00000000000 0.00000000000 0.00000000000 0.00000000000 0.00000000000 0.00000000000 0.00000000000 0.00000000000 0.00000000000 0.00000000000 0.00000000000 0.00000000000 0.00000000000 0.00000000000 0.00000000000 0.00000000000 0.00000000000 0.00000000000 0.00000000000 0.00000000000 0.00000000000 0.00000000000 0.00000000000 0.00000000000 0.00000000000
# logsel_p2_fsh[1]:
 0.00000000000 0.00000000000 0.00000000000 0.00000000000 0.00000000000 0.00000000000 0.00000000000 0.00000000000 0.00000000000 0.00000000000 0.00000000000 0.00000000000 0.00000000000 0.00000000000 0.00000000000 0.00000000000 0.00000000000 0.00000000000 0.00000000000 0.00000000000 0.00000000000 0.00000000000 0.00000000000 0.00000000000 0.00000000000 0.00000000000 0.00000000000 0.00000000000 0.00000000000 0.00000000000 0.00000000000 0.00000000000 0.00000000000 0.00000000000 0.00000000000 0.00000000000 0.00000000000 0.00000000000 0.00000000000 0.00000000000 0.00000000000 0.00000000000 0.00000000000
# logsel_p2_fsh[2]:
 0.00000000000 0.00000000000 0.00000000000 0.00000000000 0.00000000000 0.00000000000 0.00000000000 0.00000000000 0.00000000000 0.00000000000 0.00000000000 0.00000000000 0.00000000000 0.00000000000 0.00000000000 0.00000000000 0.00000000000 0.00000000000 0.00000000000 0.00000000000 0.00000000000 0.00000000000 0.00000000000 0.00000000000 0.00000000000 0.00000000000 0.00000000000 0.00000000000 0.00000000000 0.00000000000 0.00000000000 0.00000000000 0.00000000000 0.00000000000 0.00000000000 0.00000000000 0.00000000000 0.00000000000 0.00000000000 0.00000000000 0.00000000000 0.00000000000 0.00000000000
# logsel_p2_fsh[3]:
 0.00000000000 0.00000000000 0.00000000000 0.00000000000 0.00000000000 0.00000000000 0.00000000000 0.00000000000 0.00000000000 0.00000000000 0.00000000000 0.00000000000 0.00000000000 0.00000000000 0.00000000000 0.00000000000 0.00000000000 0.00000000000 0.00000000000 0.00000000000 0.00000000000 0.00000000000 0.00000000000 0.00000000000 0.00000000000 0.00000000000 0.00000000000 0.00000000000 0.00000000000 0.00000000000 0.00000000000 0.00000000000 0.00000000000 0.00000000000 0.00000000000 0.00000000000 0.00000000000 0.00000000000 0.00000000000 0.00000000000 0.00000000000 0.00000000000 0.00000000000 0.00000000000 0.00000000000 0.00000000000
# logsel_p2_fsh[4]:
 0.00000000000 0.00000000000 0.00000000000 0.00000000000 0.00000000000 0.00000000000 0.00000000000 0.00000000000 0.00000000000 0.00000000000 0.00000000000 0.00000000000 0.00000000000 0.00000000000 0.00000000000 0.00000000000 0.00000000000 0.00000000000 0.00000000000 0.00000000000 0.00000000000 0.00000000000 0.00000000000 0.00000000000 0.00000000000 0.00000000000 0.00000000000 0.00000000000 0.00000000000 0.00000000000 0.00000000000 0.00000000000 0.00000000000 0.00000000000 0.00000000000 0.00000000000 0.00000000000
# logsel_p3_fsh[1]:
 0.00000000000 0.00000000000 0.00000000000 0.00000000000 0.00000000000 0.00000000000 0.00000000000 0.00000000000 0.00000000000 0.00000000000 0.00000000000 0.00000000000 0.00000000000 0.00000000000 0.00000000000 0.00000000000 0.00000000000 0.00000000000 0.00000000000 0.00000000000 0.00000000000 0.00000000000 0.00000000000 0.00000000000 0.00000000000 0.00000000000 0.00000000000 0.00000000000 0.00000000000 0.00000000000 0.00000000000 0.00000000000 0.00000000000 0.00000000000 0.00000000000 0.00000000000 0.00000000000 0.00000000000 0.00000000000 0.00000000000 0.00000000000 0.00000000000 0.00000000000
# logsel_p3_fsh[2]:
 0.00000000000 0.00000000000 0.00000000000 0.00000000000 0.00000000000 0.00000000000 0.00000000000 0.00000000000 0.00000000000 0.00000000000 0.00000000000 0.00000000000 0.00000000000 0.00000000000 0.00000000000 0.00000000000 0.00000000000 0.00000000000 0.00000000000 0.00000000000 0.00000000000 0.00000000000 0.00000000000 0.00000000000 0.00000000000 0.00000000000 0.00000000000 0.00000000000 0.00000000000 0.00000000000 0.00000000000 0.00000000000 0.00000000000 0.00000000000 0.00000000000 0.00000000000 0.00000000000 0.00000000000 0.00000000000 0.00000000000 0.00000000000 0.00000000000 0.00000000000
# logsel_p3_fsh[3]:
 0.00000000000 0.00000000000 0.00000000000 0.00000000000 0.00000000000 0.00000000000 0.00000000000 0.00000000000 0.00000000000 0.00000000000 0.00000000000 0.00000000000 0.00000000000 0.00000000000 0.00000000000 0.00000000000 0.00000000000 0.00000000000 0.00000000000 0.00000000000 0.00000000000 0.00000000000 0.00000000000 0.00000000000 0.00000000000 0.00000000000 0.00000000000 0.00000000000 0.00000000000 0.00000000000 0.00000000000 0.00000000000 0.00000000000 0.00000000000 0.00000000000 0.00000000000 0.00000000000 0.00000000000 0.00000000000 0.00000000000 0.00000000000 0.00000000000 0.00000000000 0.00000000000 0.00000000000 0.00000000000
# logsel_p3_fsh[4]:
 0.00000000000 0.00000000000 0.00000000000 0.00000000000 0.00000000000 0.00000000000 0.00000000000 0.00000000000 0.00000000000 0.00000000000 0.00000000000 0.00000000000 0.00000000000 0.00000000000 0.00000000000 0.00000000000 0.00000000000 0.00000000000 0.00000000000 0.00000000000 0.00000000000 0.00000000000 0.00000000000 0.00000000000 0.00000000000 0.00000000000 0.00000000000 0.00000000000 0.00000000000 0.00000000000 0.00000000000 0.00000000000 0.00000000000 0.00000000000 0.00000000000 0.00000000000 0.00000000000
# rec_dev_future:
 0.00000000000 0.00000000000 0.00000000000 0.00000000000 0.00000000000 0.00000000000 0.00000000000 0.00000000000 0.00000000000 0.00000000000 0.00000000000 0.00000000000 0.00000000000 0.00000000000 0.00000000000 0.00000000000 0.00000000000 0.00000000000 0.00000000000 0.00000000000
# log_q_ind[1]:
0.600574846775
# log_q_ind[2]:
-1.89217031256
# log_q_ind[3]:
-9.16160788174
# log_q_ind[4]:
-0.109212292377
# log_q_ind[5]:
-5.44895027728
# log_q_ind[6]:
-7.76617767655
# log_q_ind[7]:
-1.54242171007
# log_q_power_ind[1]:
0.00000000000
# log_q_power_ind[2]:
0.00000000000
# log_q_power_ind[3]:
0.00000000000
# log_q_power_ind[4]:
0.00000000000
# log_q_power_ind[5]:
0.00000000000
# log_q_power_ind[6]:
0.00000000000
# log_q_power_ind[7]:
0.00000000000
# log_rw_q_ind[1]:
 -0.973534533375
# log_rw_q_ind[3]:
 -0.584448277488
# log_rw_q_ind[7]:
 -0.657440374387
# log_selcoffs_ind[1]:
 -2.27814377667 -1.44317877679 -0.817809120930 -0.364132300797 -0.0528619020087 0.172415481425 0.335128994786 0.448675201455 0.519711986135 0.555361515121
 -2.90815834944 -2.07112809956 -1.28200088422 -0.611412400019 -0.113547772002 0.227820302935 0.428734204669 0.535930259261 0.585336343666 0.593795597251
# log_selcoffs_ind[2]:
 -1.39745092127 -1.50184146658 -1.75016837637 -1.88428969880 -1.77228749547 -1.36043103372 -0.682013063712 0.148115742410 0.962711398660 1.50270879419
 -0.148377535264 -0.608418561217 -0.903382934139 -1.02962505725 -0.975896438878 -0.713076889925 -0.264538003364 0.264384811689 0.741048402821 1.02820200487
 0.365638313722 -0.0681997621652 -0.254861793425 -0.322738780479 -0.373600215790 -0.358729821258 -0.230303787029 0.000161680368292 0.273448837560 0.488301793051
# log_selcoffs_ind[3]:
 -0.202940821038 0.0202027052767 0.0202027052767 0.0202027052767 0.0202027052767 0.0202027052767 0.0202027052767 0.0202027052767 0.0202027052767 0.0202027052767
# log_selcoffs_ind[4]:
 -0.797284212415 -0.584352820073 -0.389100305637 -0.228840756526 -0.0922506215828 0.0382782517648 0.166993834802 0.288316716338 0.389580788235 0.454684157535
 -1.54943388797 -1.24518158350 -0.932756842746 -0.605169282490 -0.279174003204 0.0232299867217 0.285786498812 0.490535154252 0.619322842261 0.672288922450
# log_selcoffs_ind[5]:
 -3.04452005677 -0.669616569639 0.101782682789 0.174353368097 0.174353368097 0.174353368097 0.174353368097 0.174353368097 0.174353368097 0.174353368097
# log_selcoffs_ind[6]:
 -3.04452005677 -0.669616569639 0.101782682789 0.174353368097 0.174353368097 0.174353368097 0.174353368097 0.174353368097 0.174353368097 0.174353368097
# log_selcoffs_ind[7]:
 -3.04452005677 -0.669616569639 0.101782682789 0.174353368097 0.174353368097 0.174353368097 0.174353368097 0.174353368097 0.174353368097 0.174353368097
# logsel_slope_ind[1]:
 0.00000000000 0.00000000000
# logsel_slope_ind[2]:
 0.00000000000 0.00000000000 0.00000000000
# logsel_slope_ind[3]:
 0.00000000000
# logsel_slope_ind[4]:
 0.00000000000 0.00000000000
# logsel_slope_ind[5]:
 0.00000000000
# logsel_slope_ind[6]:
 0.00000000000
# logsel_slope_ind[7]:
 0.00000000000
# sel50_ind[1]:
 0.00000000000 0.00000000000
# sel50_ind[2]:
 0.00000000000 0.00000000000 0.00000000000
# sel50_ind[3]:
 0.00000000000
# sel50_ind[4]:
 0.00000000000 0.00000000000
# sel50_ind[5]:
 0.00000000000
# sel50_ind[6]:
 0.00000000000
# sel50_ind[7]:
 0.00000000000
# logsel_p1_ind[1]:
 0.00000000000 0.00000000000
# logsel_p1_ind[2]:
 0.00000000000 0.00000000000 0.00000000000
# logsel_p1_ind[3]:
 0.00000000000
# logsel_p1_ind[4]:
 0.00000000000 0.00000000000
# logsel_p1_ind[5]:
 0.00000000000
# logsel_p1_ind[6]:
 0.00000000000
# logsel_p1_ind[7]:
 0.00000000000
# sel_p2_ind[1]:
 0.00000000000 0.00000000000
# sel_p2_ind[2]:
 0.00000000000 0.00000000000 0.00000000000
# sel_p2_ind[3]:
 0.00000000000
# sel_p2_ind[4]:
 0.00000000000 0.00000000000
# sel_p2_ind[5]:
 0.00000000000
# sel_p2_ind[6]:
 0.00000000000
# sel_p2_ind[7]:
 0.00000000000
# logsel_p3_ind[1]:
 0.00000000000 0.00000000000
# logsel_p3_ind[2]:
 0.00000000000 0.00000000000 0.00000000000
# logsel_p3_ind[3]:
 0.00000000000
# logsel_p3_ind[4]:
 0.00000000000 0.00000000000
# logsel_p3_ind[5]:
 0.00000000000
# logsel_p3_ind[6]:
 0.00000000000
# logsel_p3_ind[7]:
 0.00000000000
