# Number of parameters = 1695 Objective function value = 1456.23601826853  Maximum gradient component = 0.103258282997474
# Mest[1]:
0.230000000000
# log_Linf[1]:
4.30945594184
# log_k[1]:
-1.83258146375
# log_Lo[1]:
2.89037175790
# log_sdage[1]:
-2.40794560865
# mean_log_rec[1]:
9.28093536696
# steepness[1]:
0.650000000000
# log_Rzero[1]:
9.37734745193
# rec_dev:
 -0.347935818031 -0.410303306332 -0.479552513359 -0.556262209367 -0.638820288156 -0.723199041025 -0.676403271404 -0.664868756605 -0.371945427562 -0.117109393555 0.0120934824813 0.107666193720 -0.0721739610332 -0.246194510954 -0.502639515205 -0.669984208079 -0.563651695237 -0.426409442244 -0.203194425751 0.215466574589 0.356644968123 0.412643104635 0.577452443687 0.741461701554 0.827079303138 0.548488450638 0.632265866315 1.28408294904 1.29561810753 0.774227277749 0.152541644084 0.450573998029 0.371652488751 0.663645412166 0.0889535578050 0.0744190587308 0.250868035884 0.299533400738 0.436757069821 0.498381397071 0.636907718809 0.858974865470 0.661566705458 0.537945479232 -0.184349748593 -0.438830049304 -0.180904655253 -0.649302833104 -1.61621733245 -0.891518177233 -0.564168582997 -0.478538369437 -1.04155846080 -0.876075677173 -1.10231218697 -0.437546768702 -0.469942372395 0.00220372699926 0.646531556971 0.818038272609 0.183124025346 -0.332147489162 0.0436970294262
# log_sigmar[1]:
-0.510825623766
# fmort:
 0.0124328365851 0.0174228163758 0.00737582220656 0.00870089169176 0.0161227338432 0.0202086091774 0.0267261791192 0.0265757511829 0.0631330000071 0.0643205250194 0.0371129656132 0.0578274172521 0.113295838475 0.0392260618457 0.0760743116833 0.0407222060147 0.00381123401779 0.0181532026672 0.0143855616187 0.0142343740679 0.0132086590401 0.0180316749749 0.0197744715881 0.0249455166502 0.0163519518757 0.0222780649929 0.0307991391536 0.0106428327426 0.00303215178399 0.00546271695083 0.00815873486265 0.0156080188691 0.00662320944310 0.0109720426690 0.0142503378748 0.0211610296599 0.0226748205693 0.0349803804891 0.0563912850221 0.0435515751915 0.0540220635980 0.0100201222187 0.00387540100420 0.00589569141692 0.00599708605025 0.00752155689802 0.00468166800906 0.00679035272046 0.00220245361870 0.00126609503915 0.00412247487235 0.00537842874876
 0.00143333208753 0.00208365859618 0.00302624616023 0.00482110037169 0.00339181337671 0.00619422414722 0.00851918095994 0.0139322987304 0.0271081469620 0.0382506569973 0.0374584090273 0.0801068076346 0.113911384348 0.0780752073532 0.0825139496807 0.106710705219 0.126396881535 0.179252126802 0.217631099862 0.254753500186 0.263772385567 0.340531196917 0.431483410370 0.429204102551 0.522873388958 0.672178507185 0.653454112016 0.652458121060 0.386336073124 0.239805932182 0.159541673150 0.177011624831 0.175122488189 0.159196469767 0.160242248927 0.161869104223 0.168620494065 0.200602294256 0.171744213556 0.239722831760 0.135174402448 0.0914541417269 0.0700597643899 0.0603179443384 0.0566950567614 0.0654933087391 0.0684007825403 0.0666301891831 0.0676718657192 0.0609511398545 0.0526983493736 0.0748843967179
 0.000171781538497 0.000311368261108 0.000686966433062 0.00156651047980 0.00518266907380 0.00171506215200 0.00267973417431 0.0286063341187 0.0224839705919 0.0194645595683 0.0215980491983 0.0199264681700 0.00650753704326 0.00496061690554 0.00689693145367 0.00386231778392 0.00169856966104 0.00166805976627 0.00691548293145 0.00725866225418 0.00844035426150 0.00641365890653 0.00406703756443 0.00525554132619 0.00911375370346 0.0345477533103 0.0456212544415 0.0760118406225 0.0461528821815 0.0164149787796 0.0182415451375 0.0447120270985 0.00736748136214 0.0107895114265 0.00983952572648 0.00535633584403 0.0219674030668 0.0247261514075 0.0231588545870 0.0157851429453 0.00467009533105 0.0471537319387 0.0213927274670 0.00924105696959 0.00890082796928 0.00274602868182 0.00143834647709 0.000663842087234 0.00268036006254 0.00391045082729 0.00261688906420 0.00255357429175
 2.39530617563e-13 2.54241072639e-13 0.000639169298298 2.51187959321e-13 2.35922392733e-13 2.35089725464e-13 3.40119369141e-06 0.000238940708904 0.00582366243195 0.0421055028879 0.0460729824638 0.0656704805513 0.182860561504 0.234019727459 0.394681318467 0.419615284817 0.439136411084 0.426555484665 0.391280739174 0.317038003494 0.273681450519 0.163033808385 0.0120481915457 6.18394224716e-13 6.18949336229e-13 9.14268660779e-13 1.17877929640e-12 1.81743509131e-12 2.11969330977e-12 1.00482212073e-05 0.00195870579473 0.0135707086045 0.0391127268332 0.0704029772070 0.111812253443 0.0838091872901 0.115000313638 0.158588343036 0.181308872244 0.228671242031 0.212420866227 0.0575649526706 0.0383787569967 0.0386245745785 0.0410633759190 0.0521529490008 0.0313418232391 0.0229963360531 0.0160827343842 0.0142341781364 0.00105545021417 0.0104933029561
# log_selcoffs_fsh[1]:
 -3.53006677309 -2.22098536324 -1.24469194847 -0.326150768381 0.394681868336 0.769703283232 0.828129553843 0.343523067059 -0.672379614428
 -2.88505176215 -1.47854618480 -0.830956738075 -0.182395812033 0.432674965482 0.747687986422 0.640196238366 0.191355592039 -0.376810538539
 -2.39885227277 -1.12407941876 -0.413310929698 0.107848914796 0.462882824386 0.567290065394 0.434487594072 0.112200900810 -0.230857463062
 -1.94560415039 -0.819996283183 -0.262417689904 0.134834842408 0.503727185405 0.503554951533 0.293106880348 0.0257405015843 -0.189954430055
 -1.48395062543 -0.131854038890 0.140768868093 0.237214365627 0.258489592445 0.219894224611 0.112832135168 -0.0341160807041 -0.161227503394
 -1.43586436985 -0.336534874784 0.500913876408 0.564862172831 0.180437017623 -0.0187778800895 -0.124118506287 -0.207151098835 -0.270358597595
 -1.22506579903 -0.304128109658 0.506654544140 0.684933957357 0.220377195379 -0.106476663864 -0.264308493402 -0.333375676827 -0.363347345105
 -0.893028943914 -0.157452911819 0.490085188859 0.706477018556 0.207858530293 -0.162864783468 -0.356022905635 -0.427224797543 -0.440899949565
 -0.585285742058 0.206861390274 0.437643588952 0.509574465635 0.244538194779 -0.165221666006 -0.411751071941 -0.496548670020 -0.504591873456
 -0.380919056544 0.423819002975 0.526566482493 0.458388592155 0.0710823480718 -0.301762013441 -0.522850687613 -0.590966762373 -0.589605825563
 0.0241162308519 0.810956652334 0.482571768592 0.157143180598 -0.220152590932 -0.498591901268 -0.653498629654 -0.694994794708 -0.681116775126
 0.192953845683 0.802751205052 0.590350300602 0.135830813767 -0.378506461150 -0.636764867778 -0.757181720677 -0.784683291522 -0.763018087360
 -0.0426009854610 1.03640370882 0.651812260735 -0.0125287892477 -0.531810944658 -0.770300638733 -0.859096865293 -0.875267695071 -0.854790110330
 0.195534848644 1.01366522533 0.635933406022 -0.0395445837715 -0.601192929808 -0.836100969937 -0.916827730774 -0.928633368505 -0.911521820906
 0.223006024422 1.08900134812 0.587028754914 -0.0920385801291 -0.645550364868 -0.886915160824 -0.971343698507 -0.984082820557 -0.968884866008
 -0.0610197349859 1.17629484965 0.667347659035 -0.0965815358507 -0.691571927247 -0.939802363282 -1.02782323947 -1.04167731986 -1.02800578978
 0.0374163284220 1.21479085411 0.621957950774 -0.146298249224 -0.742374096469 -0.989937558953 -1.07658607972 -1.08987268698 -1.07523934746
 0.479189517651 1.06546440478 0.623012203601 -0.184003016526 -0.792874445714 -1.03809582808 -1.11995617022 -1.12806915902 -1.10879258927
 0.819612761824 1.02780154026 0.419033875813 -0.303802603066 -0.871692212303 -1.10858295563 -1.18315417120 -1.18143335789 -1.15344660236
 0.687422521715 1.14360188534 0.477726675318 -0.360201764422 -0.962540529332 -1.19358084823 -1.25463704575 -1.23574683643 -1.19543226200
 0.803202193259 1.20468589313 0.328276561417 -0.509679464934 -1.07899867328 -1.29027117875 -1.33425273711 -1.29436776855 -1.23859603396
 0.727163237682 1.26388623100 0.409721960325 -0.596327139469 -1.19834163275 -1.39094158457 -1.41200888109 -1.34661681134 -1.27256610442
 0.818368041615 1.21231848068 0.424398324159 -0.570076629806 -1.23992170127 -1.45470896333 -1.47139662671 -1.38505694994 -1.29101192689
 0.609093915192 1.32949906052 0.438177649100 -0.545391823635 -1.23510438008 -1.48410509749 -1.51312695684 -1.41550308003 -1.30174120625
 0.757881404758 1.20931977651 0.466197466741 -0.454340185184 -1.16111024996 -1.45649028967 -1.51221918833 -1.41424323789 -1.28541413330
 0.804466307517 1.12724035039 0.443050034003 -0.302457571041 -1.04998172330 -1.37439071574 -1.45131240241 -1.37011430911 -1.23910678957
 0.355823263941 1.23135341190 0.576125672358 -0.203218584042 -0.925411442601 -1.23769258334 -1.31932179887 -1.26114909440 -1.15682151548
 0.419632937123 1.17024696019 0.544792310102 -0.250519491068 -0.839860283418 -1.09075221344 -1.16678232861 -1.12869472279 -1.04809444951
 1.16783268417 0.705746772071 0.151048368799 -0.410568394952 -0.819169052545 -0.983682142510 -1.02578176869 -0.995231658880 -0.940544908408
 0.847923691277 1.00718032977 0.133188297308 -0.486062647389 -0.781398739526 -0.864638118599 -0.874628675185 -0.845998738318 -0.810326154945
 0.737863686493 0.977511052719 0.107399428726 -0.461942590708 -0.676824596575 -0.719800611605 -0.706834892915 -0.684042780609 -0.664726644099
 0.588636299909 0.816390747953 0.148189415347 -0.298692958485 -0.485910323916 -0.516979158839 -0.504485564259 -0.495053500696 -0.494591837920
 -0.0465303156175 0.618790369353 0.312116155259 -0.0265157592554 -0.169771987106 -0.251709367733 -0.271777289619 -0.299536056255 -0.322792424848
 -0.422450581775 0.164579802557 0.124134435367 0.151049705204 0.134102580118 0.0267001131804 -0.0114630582564 -0.124975541617 -0.187837080583
 -0.171863423541 0.283161279694 -0.0631335491910 -0.112089977641 0.00769793103599 0.0488442530288 0.0372532795092 -0.0252389211309 -0.0758149489958
 0.416535932211 -0.348936511100 -0.438592091472 -0.226169348081 0.00339731209941 0.119459667593 0.122557010852 0.0666561132272 0.00571848814163
 -0.230464474188 -0.512235081735 -0.517878748978 -0.139785075525 0.179536850445 0.269102243115 0.276565754455 0.194717689875 0.0974337274408
 -0.622385089182 -0.387877091054 -0.405726839690 -0.139577470741 0.180775274081 0.308927841619 0.275539223263 0.223696650678 0.113847153512
# log_selcoffs_fsh[2]:
 -2.97927438384 -1.39994243261 -0.655235922182 -0.284138968279 -0.119578287279 0.317991386566 0.845887190791 0.838095204016 0.141073188017 -0.979744803944
 -2.41043728985 -0.741379573299 -0.637555064945 -0.300796539651 0.0365431937796 0.335641031019 0.628915833591 0.651545088761 0.225803563805 -0.383470854751
 -2.39217479815 -0.893436065530 -0.461796806013 -0.229794887805 0.0536780315341 0.234603289203 0.415201734876 0.519520380114 0.375323907311 0.0985443404853
 -2.44159545479 -1.16891644781 -0.503987765928 -0.201979544441 0.0319940215106 0.152107431478 0.223519801628 0.401674368727 0.497380576389 0.466902749862
 -2.18403712370 -0.845482023975 -0.697989959641 -0.419042199332 -0.0198621422538 0.0884508505397 0.100246713964 0.307467938571 0.560196544859 0.699899727719
 -2.05768836332 -0.944119201879 -0.600309535532 -0.578551477956 -0.348642485258 -0.141071083839 0.00601529497778 0.293132810191 0.662078366944 0.922007302459
 -2.48223209761 -1.43566263718 -0.634493192413 -0.418562080125 -0.411991148150 -0.252401894774 -0.0101012777069 0.298075687246 0.689169434308 1.00127603379
 -2.86491983134 -2.01671607411 -1.32778094092 -0.708614297865 -0.239700710449 -0.0403691401098 0.162757406900 0.381781413663 0.694322292027 0.978790976020
 -3.07795997616 -2.25973809011 -1.64856636158 -1.04195075933 -0.364417877318 0.0854235640081 0.333269109292 0.549628754205 0.725526451210 0.844471266903
 -3.15870068166 -2.18284405854 -1.54357941910 -1.07381378443 -0.631489478310 -0.0977207339724 0.353054322340 0.699714381136 0.818409013340 0.764212524177
 -3.04139405600 -1.89350473323 -1.17900431900 -0.790382387792 -0.487675116734 -0.225738877351 0.199056473068 0.636571066232 0.821415371705 0.808481799614
 -2.94480782164 -1.73441258056 -0.960311826431 -0.561707241779 -0.333132780172 -0.0899813080363 0.276174602934 0.566893131325 0.699471071100 0.738934949413
 -2.74742965973 -1.27494364039 -0.604805459551 -0.226597716204 -0.0814024155006 -0.0379632391296 0.216230007266 0.423939472917 0.561827752090 0.644605802889
 -2.45764821153 -1.03304030453 -0.326458429867 -0.0331503993476 0.0539528491958 0.0701728662079 0.186220624415 0.324093248780 0.425622638004 0.484545827714
 -2.13522003416 -0.496480186785 -0.185720363141 -0.0490450243050 -0.0143487850588 0.0756532237771 0.170502609357 0.267218289276 0.358350592915 0.407418205518
 -1.88433979156 -0.191579842389 -0.111755902396 -0.136321920538 -0.103993414074 0.0153246336528 0.162300111191 0.246811287264 0.329223542354 0.400706996935
 -1.63029128270 -0.215161624279 -0.0495483728417 -0.118494002815 -0.147034049782 -0.0502320946640 0.113030542395 0.248537877693 0.347303628801 0.422954700908
 -1.75628298742 -0.199132626547 0.108343459771 0.0300506832698 -0.109022173960 -0.0870044367273 0.0498922311961 0.197120019769 0.303735934754 0.354588050314
 -1.82535977711 -0.379235076488 0.0900784569131 0.0777466205258 -0.0213675381210 -0.0474496094520 0.0545589377017 0.193758562461 0.302384447362 0.353378516846
 -1.81447321940 -0.562587219682 -0.166131441242 0.0373629802251 0.0224286095916 0.0153181031001 0.0960063460677 0.237008914091 0.362735382680 0.430968085830
 -1.77146196680 -0.602248132273 -0.222222063934 -0.0227885946044 -0.0135270433220 0.00587823478729 0.114532115856 0.251798400380 0.389412578848 0.487273198029
 -1.88174001980 -0.582351565240 -0.128039704803 -0.0136532851009 -0.0273073964812 -0.0108275592389 0.128614617235 0.258451912814 0.369641683768 0.458152172742
 -2.08443053531 -0.851254923341 -0.0547822947154 0.226083125094 0.0695063846995 0.00143393480291 0.0863908611371 0.217675627491 0.318537216911 0.382828870657
 -2.22804132769 -1.00255523796 -0.114123594799 0.272878022082 0.285851504570 0.105520113025 0.133542012155 0.180199652865 0.228575425181 0.246949708869
 -2.34571055419 -0.950287405378 0.102153710962 0.326006681131 0.298108729334 0.153855409104 0.0859736180670 0.118858374835 0.119286066585 0.155551647299
 -2.50945612238 -1.22672617610 -0.256223553990 0.583752619880 0.572479736759 0.276195463905 0.0244524202281 -0.0325365023254 -0.0296567619517 0.00442237820707
 -2.73594027772 -1.22965449837 -0.361564410454 0.481705273732 0.787536203950 0.404758023980 0.0778062714008 -0.101137102081 -0.192685533866 -0.197259414404
 -2.90958668308 -1.18831250361 -0.328611377058 0.344518379315 0.679068618430 0.514821412236 0.276938544858 -0.0180752771268 -0.221020849741 -0.272751681225
 -2.94912943395 -1.64188515350 -0.598222764772 0.409117610121 0.725536545048 0.550857087184 0.380779169960 -0.0586989049501 -0.271035090657 -0.315889716614
 -2.94373514966 -1.44471685633 -0.292627870729 0.489363447443 0.786923642970 0.440649715774 0.159414926929 -0.108219678908 -0.266459123723 -0.291349740415
 -2.80697555915 -1.13179691677 0.00526223097141 0.455132282076 0.488724332674 0.278653939191 0.143229801604 0.0402278259513 -0.0371396405382 -0.0776032381667
 -2.73197600146 -1.08005948812 -0.226388465406 0.203325737349 0.258618572651 0.239064421778 0.211537827241 0.264663175065 0.242641493855 0.177370868133
 -2.52397065161 -0.789010534071 -0.303106952597 -0.111756058600 0.0877729273916 0.0991491382130 0.199389278169 0.359928388576 0.430140568049 0.368423559002
 -2.90072153840 -1.12221185199 -0.360168758281 0.0612339731314 0.201593201638 0.245321144756 0.254014719672 0.328429919137 0.325725831750 0.258014215171
 -3.18537385304 -1.50069089899 -0.640864873842 -0.135393782441 0.272844898156 0.391767904114 0.415122278934 0.390685098376 0.302790153376 0.178968066838
 -3.41245228381 -1.92585216002 -0.861752194972 -0.213553490727 0.210497174302 0.449157070220 0.511567643487 0.468112742748 0.300701475142 0.160576933880
 -3.48542681966 -2.30333765220 -1.33888798765 -0.457279093734 0.233534040011 0.497269763215 0.643182089132 0.545992121871 0.296362322849 0.0891175389890
 -3.45598411043 -2.36987615001 -1.65482832055 -0.843374461502 0.0586863329318 0.595737742960 0.722911309148 0.643848360542 0.311375007506 0.0480670969840
 -3.43508216911 -2.46962589041 -1.64572354882 -0.792510983402 0.0684009811721 0.601004137508 0.754575555533 0.613956540366 0.292799815902 0.0278351035877
# log_selcoffs_fsh[3]:
 -1.22118311764 -0.368667840317 1.03113518600 0.500032251090 -0.342296743174 -0.811875453046 -0.900712288318
 -1.42268718013 -0.354100327129 1.06322950172 0.494923932228 -0.361571888502 -0.830956806043 -0.944596135496
 -0.838431638349 -0.370733286300 0.966650142678 0.486928878143 -0.309006988845 -0.756204349098 -0.873877354019
 -1.74508295651 -0.481216315384 1.12040254658 0.444312296778 -0.356963318618 -0.769862256557 -0.869984089312
 -2.04474645222 -0.405981026109 1.03164605129 0.484291180803 -0.237334315745 -0.654522865228 -0.761121677979
 -2.16164482168 -0.594938578679 0.743375687724 0.730153377001 0.00245549962306 -0.492642247413 -0.613637630563
 -2.18738506553 -0.618177055762 0.643013384118 0.823366050579 0.0164068477804 -0.495547848797 -0.611151464439
 -1.93810727417 -0.0313674693424 0.753596748643 0.521464927838 -0.0804220729359 -0.493895492606 -0.607315462382
 -1.71672895480 0.101739270708 0.576051121996 0.520184812466 0.0586700481445 -0.421137281445 -0.625135212317
 -1.66131605405 0.218939140532 0.701083173085 0.465206566813 -0.0571146302669 -0.561848055386 -0.815457200893
 -1.91198701625 -0.364850337584 0.766362467426 0.821356976659 -0.0696465588739 -0.761464643814 -1.10051318159
 -2.00896993618 -0.425004188514 0.749926151506 0.861122025330 0.00557357793427 -0.814179473778 -1.26990916094
 -1.97738349895 -0.320119473355 0.961861056374 0.695454073893 -0.169831162811 -0.908616999485 -1.31886914284
 -1.72703141245 0.357175341719 0.940880864805 0.386461589697 -0.369539928318 -0.961736722976 -1.25309357250
 -1.76042531312 0.0517014589653 1.06638376743 0.419389663209 -0.434995656359 -0.964672647610 -1.13724094679
 -1.80571759520 0.0599356862451 1.18376347269 0.238665457135 -0.636279903448 -1.03285304136 -1.04290592026
 -1.67720153085 0.313074182229 1.07666614070 0.231348219052 -0.689550285390 -1.01842638760 -0.948453585625
 -1.65772299903 0.362797362711 1.06527624492 0.181157723640 -0.643701945434 -1.00152625408 -0.969754905737
 -1.25400597724 0.886140559287 0.727040661035 -0.00173783550607 -0.677093956627 -1.01307931951 -1.04842868562
 -1.06837084680 0.964160531500 0.692302278425 -0.116281188336 -0.756030382312 -1.06202165910 -1.10857521117
 -0.843383411039 0.982300180849 0.700516065666 -0.195528680964 -0.854144168671 -1.13281324094 -1.15775539352
 -0.928336858636 0.938570137572 0.771008495749 -0.208050310063 -0.894994739625 -1.12435923720 -1.07621387055
 -0.806244790610 0.485057412590 1.05405751025 -0.165730853686 -0.897630029879 -1.01782990640 -0.812507770821
 -0.380567263020 0.824746772767 0.709283447282 -0.270304231857 -0.917798212035 -1.01071263186 -0.741949613506
 -0.304170696212 0.547885751041 0.929180383144 -0.112895054977 -0.940483397508 -1.13443139084 -0.928993795205
 -0.106790548621 0.790931301848 0.571263616218 0.0857029531417 -0.777075732597 -1.23117870477 -1.25823807687
 -0.814389256009 0.850204443047 0.843859829778 -0.0214062317522 -0.802357759044 -1.33615708431 -1.60100235718
 -1.32605433000 0.385025088195 1.22013484851 0.0876793474493 -0.892125316429 -1.51016270240 -1.86506978025
 -1.69455225883 0.0874333977352 1.29396718083 0.286655124181 -0.849734661943 -1.66071457865 -2.05396614428
 -1.82019493268 -0.0733753587184 0.887155170219 0.966759713969 -0.589215992429 -1.69594755574 -2.18086492230
 -1.70037073424 0.813923382144 0.729086284955 0.529667328399 -0.676849928466 -1.73161638015 -2.26458358965
 -1.86397003751 0.405083315908 1.23729580180 0.228437850226 -0.928496746548 -1.86065779884 -2.38724654991
 -2.04373659130 -0.197036861813 1.38630496553 0.352653662588 -0.928746202759 -1.92796428950 -2.45431272346
 -1.95861292085 -0.119921233119 1.06888281211 0.854668892155 -0.744980115883 -1.90625656824 -2.45508696389
 -1.86367062349 -0.00349093883482 1.34651325206 0.323586270331 -0.946356016519 -1.91983134070 -2.43585096237
 -1.40029037567 0.954701287267 0.930532158129 0.0208712280021 -1.02641997146 -1.90317804423 -2.39415435214
 -1.21300873213 0.919266682470 0.971077835650 -0.0318700153484 -1.07568123917 -1.89369465404 -2.36185179545
 -0.906660079633 0.986652252419 0.873986304101 -0.0897379223842 -1.04223791407 -1.86433980738 -2.34746847261
 -1.20412644919 0.948129332966 0.905497143985 0.0214619898572 -0.986564581439 -1.84911591552 -2.36358597048
 -1.46086558120 0.211437172718 1.28085940753 0.239232025913 -0.895006914239 -1.82587303432 -2.37703920555
 -1.58167508901 -0.0248528070130 1.23609248063 0.483708026484 -0.712197623811 -1.76526602781 -2.37520845180
 -1.67924108478 -0.174745565726 0.937905666291 0.932391799883 -0.495812686532 -1.72902329136 -2.38513724388
# log_selcoffs_fsh[4]:
 -7.07338882263 -5.62786266831 -4.12203648131 -2.51461126150 -0.899291030528 0.443226334814 1.15887143934 0.978221935058 0.0841663364923
 -7.06199657893 -5.63087681509 -4.14273084687 -2.51916400807 -0.863002813736 0.481599283911 1.17706728545 0.935130078634 0.0641083572009
 -6.99596737782 -5.59380827119 -4.15535212587 -2.62397474226 -1.02684674523 0.357177529825 1.15188501698 1.01311593387 0.183507541451
 -6.87114783905 -5.49336850310 -4.10939492521 -2.68427979509 -1.19960512247 0.159381083336 1.05445520996 1.10547398927 0.435021382452
 -6.73235581282 -5.36346292441 -4.00811154176 -2.66530966887 -1.27932723824 0.0341003239424 0.950178896850 1.11915543170 0.665275575159
 -6.59072405035 -5.26871254803 -3.94032077872 -2.61126249267 -1.33301976805 -0.127140572228 0.816246000303 1.14242331179 0.858643279765
 -6.45822518578 -5.15960817327 -3.87059839309 -2.56337646384 -1.33178703338 -0.182705597505 0.729069517430 1.10820166229 0.991666370706
 -6.33454945824 -5.02574862269 -3.76208913063 -2.51739606981 -1.31390627234 -0.252134233877 0.643570754133 1.09735556974 1.07920840779
 -6.21674560296 -4.89508125254 -3.64313026005 -2.47583232439 -1.35973144333 -0.271486043251 0.621214738247 1.07214143604 1.12443125730
 -6.09169836926 -4.81583823390 -3.55491061354 -2.31456931539 -1.23557567388 -0.276165186543 0.562150746797 1.04270011231 1.16987254548
 -5.98303807899 -4.71134265872 -3.49737624764 -2.31422538571 -1.13546160812 -0.174539561363 0.556885030011 1.00970386430 1.16572048105
 -5.89644886266 -4.56278298425 -3.33136109467 -2.24286542850 -1.16882533634 -0.115016923208 0.599668977601 0.997026409421 1.13497966200
 -5.82994789107 -4.38118600244 -3.03538535714 -1.96632112225 -1.11935708777 -0.206225853252 0.654176144336 1.00621404319 1.09781272046
 -5.74544022030 -4.15750017382 -2.58515968866 -1.38242017792 -0.660871740010 -0.0714494929367 0.490202685423 0.905399168722 1.13197981908
 -5.63486323768 -3.97172494592 -2.29340457290 -1.00497293324 -0.330867043005 0.0150399921975 0.375867333677 0.803817417568 1.12715114059
 -5.48514096023 -3.79572100446 -2.05599293824 -0.724494769895 -0.249085451330 -0.00603568824937 0.312155810281 0.748858817525 1.13346481552
 -5.34561996231 -3.70594938669 -2.04974541488 -0.765138226628 -0.254697894512 0.0273203796520 0.345058926958 0.741753084261 1.11909536021
 -5.21394721996 -3.69335174077 -2.28283869461 -1.20259448687 -0.457295223190 0.174381488130 0.535002965366 0.761228584024 1.06312394147
 -5.06160227459 -3.63624475212 -2.34834449042 -1.35924195726 -0.606598706007 0.0607809931875 0.518379196012 0.851204422354 1.09369779523
 -4.96141917618 -3.57874441800 -2.34658226795 -1.40469871244 -0.743809864817 -0.0993327173981 0.550687324706 0.934989854477 1.08572177314
 -4.85161980238 -3.46976522921 -2.20570307516 -1.32632782528 -0.735736472369 -0.232805835919 0.390447632819 0.980784339632 1.15366472286
 -4.73148010044 -3.34967802379 -1.92452048540 -1.11345414668 -0.632587243699 -0.160996076216 0.307984690493 0.818549965800 1.24453536129
 -4.61828253017 -3.39751929794 -2.21300129544 -1.24475641399 -0.556284541328 -0.00375686570692 0.371923414965 0.779328378900 1.21169584077
 -4.44881029812 -3.30040905226 -2.23897664465 -1.31271897732 -0.588138605446 -0.00644578418554 0.373973255807 0.759626180145 1.23427150688
 -4.38546492698 -3.22477360521 -2.08638013466 -1.10616364212 -0.403522038838 0.187007798807 0.554352098764 0.785893748598 0.987321859755
 -4.18404110270 -2.95953037612 -1.67517238372 -0.870109020086 -0.422812211409 0.0793293581733 0.526001303126 0.834440860840 0.952930172258
 -3.87461718598 -2.77346173727 -1.62332831451 -0.785327118963 -0.321644541680 0.0621699374394 0.475691863137 0.815042523689 0.957848325373
 -3.40369518257 -2.44741781923 -1.50875640766 -0.725232492086 -0.277160869063 0.0139191000603 0.295686529620 0.710773247763 1.10634030249
 -2.76124606169 -1.97004415242 -1.34719413200 -0.824591920116 -0.455029238421 -0.190897564592 0.181253432036 0.683670149539 1.24082136144
 -2.72458271247 -2.04608275024 -1.28538721889 -0.770338723446 -0.535388290554 -0.302847439613 0.0942961970271 0.695076958809 1.29167705500
 -2.20558515142 -1.68347947205 -1.46955325317 -1.17327150819 -0.810361459533 -0.473451826148 0.0730458811571 0.736106503992 1.36955235697
 -1.72197009480 -1.14040199660 -1.30558774153 -1.36154176175 -1.07197611888 -0.610274714512 0.00641100524322 0.760367980821 1.37201534454
 -1.64994018636 -1.31071782299 -1.30028163359 -1.30567380112 -1.07180165125 -0.607017486525 0.0435696572500 0.786801750346 1.35237782303
# log_sel_spl_fsh[1]:
 0.00000000000 0.00000000000 0.00000000000 0.00000000000
 0.00000000000 0.00000000000 0.00000000000 0.00000000000
 0.00000000000 0.00000000000 0.00000000000 0.00000000000
 0.00000000000 0.00000000000 0.00000000000 0.00000000000
 0.00000000000 0.00000000000 0.00000000000 0.00000000000
 0.00000000000 0.00000000000 0.00000000000 0.00000000000
 0.00000000000 0.00000000000 0.00000000000 0.00000000000
 0.00000000000 0.00000000000 0.00000000000 0.00000000000
 0.00000000000 0.00000000000 0.00000000000 0.00000000000
 0.00000000000 0.00000000000 0.00000000000 0.00000000000
 0.00000000000 0.00000000000 0.00000000000 0.00000000000
 0.00000000000 0.00000000000 0.00000000000 0.00000000000
 0.00000000000 0.00000000000 0.00000000000 0.00000000000
 0.00000000000 0.00000000000 0.00000000000 0.00000000000
 0.00000000000 0.00000000000 0.00000000000 0.00000000000
 0.00000000000 0.00000000000 0.00000000000 0.00000000000
 0.00000000000 0.00000000000 0.00000000000 0.00000000000
 0.00000000000 0.00000000000 0.00000000000 0.00000000000
 0.00000000000 0.00000000000 0.00000000000 0.00000000000
 0.00000000000 0.00000000000 0.00000000000 0.00000000000
 0.00000000000 0.00000000000 0.00000000000 0.00000000000
 0.00000000000 0.00000000000 0.00000000000 0.00000000000
 0.00000000000 0.00000000000 0.00000000000 0.00000000000
 0.00000000000 0.00000000000 0.00000000000 0.00000000000
 0.00000000000 0.00000000000 0.00000000000 0.00000000000
 0.00000000000 0.00000000000 0.00000000000 0.00000000000
 0.00000000000 0.00000000000 0.00000000000 0.00000000000
 0.00000000000 0.00000000000 0.00000000000 0.00000000000
 0.00000000000 0.00000000000 0.00000000000 0.00000000000
 0.00000000000 0.00000000000 0.00000000000 0.00000000000
 0.00000000000 0.00000000000 0.00000000000 0.00000000000
 0.00000000000 0.00000000000 0.00000000000 0.00000000000
 0.00000000000 0.00000000000 0.00000000000 0.00000000000
 0.00000000000 0.00000000000 0.00000000000 0.00000000000
 0.00000000000 0.00000000000 0.00000000000 0.00000000000
 0.00000000000 0.00000000000 0.00000000000 0.00000000000
 0.00000000000 0.00000000000 0.00000000000 0.00000000000
 0.00000000000 0.00000000000 0.00000000000 0.00000000000
# log_sel_spl_fsh[2]:
 0.00000000000 0.00000000000 0.00000000000 0.00000000000
 0.00000000000 0.00000000000 0.00000000000 0.00000000000
 0.00000000000 0.00000000000 0.00000000000 0.00000000000
 0.00000000000 0.00000000000 0.00000000000 0.00000000000
 0.00000000000 0.00000000000 0.00000000000 0.00000000000
 0.00000000000 0.00000000000 0.00000000000 0.00000000000
 0.00000000000 0.00000000000 0.00000000000 0.00000000000
 0.00000000000 0.00000000000 0.00000000000 0.00000000000
 0.00000000000 0.00000000000 0.00000000000 0.00000000000
 0.00000000000 0.00000000000 0.00000000000 0.00000000000
 0.00000000000 0.00000000000 0.00000000000 0.00000000000
 0.00000000000 0.00000000000 0.00000000000 0.00000000000
 0.00000000000 0.00000000000 0.00000000000 0.00000000000
 0.00000000000 0.00000000000 0.00000000000 0.00000000000
 0.00000000000 0.00000000000 0.00000000000 0.00000000000
 0.00000000000 0.00000000000 0.00000000000 0.00000000000
 0.00000000000 0.00000000000 0.00000000000 0.00000000000
 0.00000000000 0.00000000000 0.00000000000 0.00000000000
 0.00000000000 0.00000000000 0.00000000000 0.00000000000
 0.00000000000 0.00000000000 0.00000000000 0.00000000000
 0.00000000000 0.00000000000 0.00000000000 0.00000000000
 0.00000000000 0.00000000000 0.00000000000 0.00000000000
 0.00000000000 0.00000000000 0.00000000000 0.00000000000
 0.00000000000 0.00000000000 0.00000000000 0.00000000000
 0.00000000000 0.00000000000 0.00000000000 0.00000000000
 0.00000000000 0.00000000000 0.00000000000 0.00000000000
 0.00000000000 0.00000000000 0.00000000000 0.00000000000
 0.00000000000 0.00000000000 0.00000000000 0.00000000000
 0.00000000000 0.00000000000 0.00000000000 0.00000000000
 0.00000000000 0.00000000000 0.00000000000 0.00000000000
 0.00000000000 0.00000000000 0.00000000000 0.00000000000
 0.00000000000 0.00000000000 0.00000000000 0.00000000000
 0.00000000000 0.00000000000 0.00000000000 0.00000000000
 0.00000000000 0.00000000000 0.00000000000 0.00000000000
 0.00000000000 0.00000000000 0.00000000000 0.00000000000
 0.00000000000 0.00000000000 0.00000000000 0.00000000000
 0.00000000000 0.00000000000 0.00000000000 0.00000000000
 0.00000000000 0.00000000000 0.00000000000 0.00000000000
 0.00000000000 0.00000000000 0.00000000000 0.00000000000
# log_sel_spl_fsh[3]:
 0.00000000000 0.00000000000 0.00000000000 0.00000000000
 0.00000000000 0.00000000000 0.00000000000 0.00000000000
 0.00000000000 0.00000000000 0.00000000000 0.00000000000
 0.00000000000 0.00000000000 0.00000000000 0.00000000000
 0.00000000000 0.00000000000 0.00000000000 0.00000000000
 0.00000000000 0.00000000000 0.00000000000 0.00000000000
 0.00000000000 0.00000000000 0.00000000000 0.00000000000
 0.00000000000 0.00000000000 0.00000000000 0.00000000000
 0.00000000000 0.00000000000 0.00000000000 0.00000000000
 0.00000000000 0.00000000000 0.00000000000 0.00000000000
 0.00000000000 0.00000000000 0.00000000000 0.00000000000
 0.00000000000 0.00000000000 0.00000000000 0.00000000000
 0.00000000000 0.00000000000 0.00000000000 0.00000000000
 0.00000000000 0.00000000000 0.00000000000 0.00000000000
 0.00000000000 0.00000000000 0.00000000000 0.00000000000
 0.00000000000 0.00000000000 0.00000000000 0.00000000000
 0.00000000000 0.00000000000 0.00000000000 0.00000000000
 0.00000000000 0.00000000000 0.00000000000 0.00000000000
 0.00000000000 0.00000000000 0.00000000000 0.00000000000
 0.00000000000 0.00000000000 0.00000000000 0.00000000000
 0.00000000000 0.00000000000 0.00000000000 0.00000000000
 0.00000000000 0.00000000000 0.00000000000 0.00000000000
 0.00000000000 0.00000000000 0.00000000000 0.00000000000
 0.00000000000 0.00000000000 0.00000000000 0.00000000000
 0.00000000000 0.00000000000 0.00000000000 0.00000000000
 0.00000000000 0.00000000000 0.00000000000 0.00000000000
 0.00000000000 0.00000000000 0.00000000000 0.00000000000
 0.00000000000 0.00000000000 0.00000000000 0.00000000000
 0.00000000000 0.00000000000 0.00000000000 0.00000000000
 0.00000000000 0.00000000000 0.00000000000 0.00000000000
 0.00000000000 0.00000000000 0.00000000000 0.00000000000
 0.00000000000 0.00000000000 0.00000000000 0.00000000000
 0.00000000000 0.00000000000 0.00000000000 0.00000000000
 0.00000000000 0.00000000000 0.00000000000 0.00000000000
 0.00000000000 0.00000000000 0.00000000000 0.00000000000
 0.00000000000 0.00000000000 0.00000000000 0.00000000000
 0.00000000000 0.00000000000 0.00000000000 0.00000000000
 0.00000000000 0.00000000000 0.00000000000 0.00000000000
 0.00000000000 0.00000000000 0.00000000000 0.00000000000
 0.00000000000 0.00000000000 0.00000000000 0.00000000000
 0.00000000000 0.00000000000 0.00000000000 0.00000000000
 0.00000000000 0.00000000000 0.00000000000 0.00000000000
# log_sel_spl_fsh[4]:
 0.00000000000 0.00000000000 0.00000000000 0.00000000000
 0.00000000000 0.00000000000 0.00000000000 0.00000000000
 0.00000000000 0.00000000000 0.00000000000 0.00000000000
 0.00000000000 0.00000000000 0.00000000000 0.00000000000
 0.00000000000 0.00000000000 0.00000000000 0.00000000000
 0.00000000000 0.00000000000 0.00000000000 0.00000000000
 0.00000000000 0.00000000000 0.00000000000 0.00000000000
 0.00000000000 0.00000000000 0.00000000000 0.00000000000
 0.00000000000 0.00000000000 0.00000000000 0.00000000000
 0.00000000000 0.00000000000 0.00000000000 0.00000000000
 0.00000000000 0.00000000000 0.00000000000 0.00000000000
 0.00000000000 0.00000000000 0.00000000000 0.00000000000
 0.00000000000 0.00000000000 0.00000000000 0.00000000000
 0.00000000000 0.00000000000 0.00000000000 0.00000000000
 0.00000000000 0.00000000000 0.00000000000 0.00000000000
 0.00000000000 0.00000000000 0.00000000000 0.00000000000
 0.00000000000 0.00000000000 0.00000000000 0.00000000000
 0.00000000000 0.00000000000 0.00000000000 0.00000000000
 0.00000000000 0.00000000000 0.00000000000 0.00000000000
 0.00000000000 0.00000000000 0.00000000000 0.00000000000
 0.00000000000 0.00000000000 0.00000000000 0.00000000000
 0.00000000000 0.00000000000 0.00000000000 0.00000000000
 0.00000000000 0.00000000000 0.00000000000 0.00000000000
 0.00000000000 0.00000000000 0.00000000000 0.00000000000
 0.00000000000 0.00000000000 0.00000000000 0.00000000000
 0.00000000000 0.00000000000 0.00000000000 0.00000000000
 0.00000000000 0.00000000000 0.00000000000 0.00000000000
 0.00000000000 0.00000000000 0.00000000000 0.00000000000
 0.00000000000 0.00000000000 0.00000000000 0.00000000000
 0.00000000000 0.00000000000 0.00000000000 0.00000000000
 0.00000000000 0.00000000000 0.00000000000 0.00000000000
 0.00000000000 0.00000000000 0.00000000000 0.00000000000
 0.00000000000 0.00000000000 0.00000000000 0.00000000000
# logsel_slope_fsh[1]:
 0.00000000000 0.00000000000 0.00000000000 0.00000000000 0.00000000000 0.00000000000 0.00000000000 0.00000000000 0.00000000000 0.00000000000 0.00000000000 0.00000000000 0.00000000000 0.00000000000 0.00000000000 0.00000000000 0.00000000000 0.00000000000 0.00000000000 0.00000000000 0.00000000000 0.00000000000 0.00000000000 0.00000000000 0.00000000000 0.00000000000 0.00000000000 0.00000000000 0.00000000000 0.00000000000 0.00000000000 0.00000000000 0.00000000000 0.00000000000 0.00000000000 0.00000000000 0.00000000000 0.00000000000
# logsel_slope_fsh[2]:
 0.00000000000 0.00000000000 0.00000000000 0.00000000000 0.00000000000 0.00000000000 0.00000000000 0.00000000000 0.00000000000 0.00000000000 0.00000000000 0.00000000000 0.00000000000 0.00000000000 0.00000000000 0.00000000000 0.00000000000 0.00000000000 0.00000000000 0.00000000000 0.00000000000 0.00000000000 0.00000000000 0.00000000000 0.00000000000 0.00000000000 0.00000000000 0.00000000000 0.00000000000 0.00000000000 0.00000000000 0.00000000000 0.00000000000 0.00000000000 0.00000000000 0.00000000000 0.00000000000 0.00000000000 0.00000000000
# logsel_slope_fsh[3]:
 0.00000000000 0.00000000000 0.00000000000 0.00000000000 0.00000000000 0.00000000000 0.00000000000 0.00000000000 0.00000000000 0.00000000000 0.00000000000 0.00000000000 0.00000000000 0.00000000000 0.00000000000 0.00000000000 0.00000000000 0.00000000000 0.00000000000 0.00000000000 0.00000000000 0.00000000000 0.00000000000 0.00000000000 0.00000000000 0.00000000000 0.00000000000 0.00000000000 0.00000000000 0.00000000000 0.00000000000 0.00000000000 0.00000000000 0.00000000000 0.00000000000 0.00000000000 0.00000000000 0.00000000000 0.00000000000 0.00000000000 0.00000000000 0.00000000000
# logsel_slope_fsh[4]:
 0.00000000000 0.00000000000 0.00000000000 0.00000000000 0.00000000000 0.00000000000 0.00000000000 0.00000000000 0.00000000000 0.00000000000 0.00000000000 0.00000000000 0.00000000000 0.00000000000 0.00000000000 0.00000000000 0.00000000000 0.00000000000 0.00000000000 0.00000000000 0.00000000000 0.00000000000 0.00000000000 0.00000000000 0.00000000000 0.00000000000 0.00000000000 0.00000000000 0.00000000000 0.00000000000 0.00000000000 0.00000000000 0.00000000000
# sel50_fsh[1]:
 0.00000000000 0.00000000000 0.00000000000 0.00000000000 0.00000000000 0.00000000000 0.00000000000 0.00000000000 0.00000000000 0.00000000000 0.00000000000 0.00000000000 0.00000000000 0.00000000000 0.00000000000 0.00000000000 0.00000000000 0.00000000000 0.00000000000 0.00000000000 0.00000000000 0.00000000000 0.00000000000 0.00000000000 0.00000000000 0.00000000000 0.00000000000 0.00000000000 0.00000000000 0.00000000000 0.00000000000 0.00000000000 0.00000000000 0.00000000000 0.00000000000 0.00000000000 0.00000000000 0.00000000000
# sel50_fsh[2]:
 0.00000000000 0.00000000000 0.00000000000 0.00000000000 0.00000000000 0.00000000000 0.00000000000 0.00000000000 0.00000000000 0.00000000000 0.00000000000 0.00000000000 0.00000000000 0.00000000000 0.00000000000 0.00000000000 0.00000000000 0.00000000000 0.00000000000 0.00000000000 0.00000000000 0.00000000000 0.00000000000 0.00000000000 0.00000000000 0.00000000000 0.00000000000 0.00000000000 0.00000000000 0.00000000000 0.00000000000 0.00000000000 0.00000000000 0.00000000000 0.00000000000 0.00000000000 0.00000000000 0.00000000000 0.00000000000
# sel50_fsh[3]:
 0.00000000000 0.00000000000 0.00000000000 0.00000000000 0.00000000000 0.00000000000 0.00000000000 0.00000000000 0.00000000000 0.00000000000 0.00000000000 0.00000000000 0.00000000000 0.00000000000 0.00000000000 0.00000000000 0.00000000000 0.00000000000 0.00000000000 0.00000000000 0.00000000000 0.00000000000 0.00000000000 0.00000000000 0.00000000000 0.00000000000 0.00000000000 0.00000000000 0.00000000000 0.00000000000 0.00000000000 0.00000000000 0.00000000000 0.00000000000 0.00000000000 0.00000000000 0.00000000000 0.00000000000 0.00000000000 0.00000000000 0.00000000000 0.00000000000
# sel50_fsh[4]:
 0.00000000000 0.00000000000 0.00000000000 0.00000000000 0.00000000000 0.00000000000 0.00000000000 0.00000000000 0.00000000000 0.00000000000 0.00000000000 0.00000000000 0.00000000000 0.00000000000 0.00000000000 0.00000000000 0.00000000000 0.00000000000 0.00000000000 0.00000000000 0.00000000000 0.00000000000 0.00000000000 0.00000000000 0.00000000000 0.00000000000 0.00000000000 0.00000000000 0.00000000000 0.00000000000 0.00000000000 0.00000000000 0.00000000000
# logsel_p1_fsh[1]:
 0.00000000000 0.00000000000 0.00000000000 0.00000000000 0.00000000000 0.00000000000 0.00000000000 0.00000000000 0.00000000000 0.00000000000 0.00000000000 0.00000000000 0.00000000000 0.00000000000 0.00000000000 0.00000000000 0.00000000000 0.00000000000 0.00000000000 0.00000000000 0.00000000000 0.00000000000 0.00000000000 0.00000000000 0.00000000000 0.00000000000 0.00000000000 0.00000000000 0.00000000000 0.00000000000 0.00000000000 0.00000000000 0.00000000000 0.00000000000 0.00000000000 0.00000000000 0.00000000000 0.00000000000
# logsel_p1_fsh[2]:
 0.00000000000 0.00000000000 0.00000000000 0.00000000000 0.00000000000 0.00000000000 0.00000000000 0.00000000000 0.00000000000 0.00000000000 0.00000000000 0.00000000000 0.00000000000 0.00000000000 0.00000000000 0.00000000000 0.00000000000 0.00000000000 0.00000000000 0.00000000000 0.00000000000 0.00000000000 0.00000000000 0.00000000000 0.00000000000 0.00000000000 0.00000000000 0.00000000000 0.00000000000 0.00000000000 0.00000000000 0.00000000000 0.00000000000 0.00000000000 0.00000000000 0.00000000000 0.00000000000 0.00000000000 0.00000000000
# logsel_p1_fsh[3]:
 0.00000000000 0.00000000000 0.00000000000 0.00000000000 0.00000000000 0.00000000000 0.00000000000 0.00000000000 0.00000000000 0.00000000000 0.00000000000 0.00000000000 0.00000000000 0.00000000000 0.00000000000 0.00000000000 0.00000000000 0.00000000000 0.00000000000 0.00000000000 0.00000000000 0.00000000000 0.00000000000 0.00000000000 0.00000000000 0.00000000000 0.00000000000 0.00000000000 0.00000000000 0.00000000000 0.00000000000 0.00000000000 0.00000000000 0.00000000000 0.00000000000 0.00000000000 0.00000000000 0.00000000000 0.00000000000 0.00000000000 0.00000000000 0.00000000000
# logsel_p1_fsh[4]:
 0.00000000000 0.00000000000 0.00000000000 0.00000000000 0.00000000000 0.00000000000 0.00000000000 0.00000000000 0.00000000000 0.00000000000 0.00000000000 0.00000000000 0.00000000000 0.00000000000 0.00000000000 0.00000000000 0.00000000000 0.00000000000 0.00000000000 0.00000000000 0.00000000000 0.00000000000 0.00000000000 0.00000000000 0.00000000000 0.00000000000 0.00000000000 0.00000000000 0.00000000000 0.00000000000 0.00000000000 0.00000000000 0.00000000000
# sel_p2_fsh[1]:
 0.00000000000 0.00000000000 0.00000000000 0.00000000000 0.00000000000 0.00000000000 0.00000000000 0.00000000000 0.00000000000 0.00000000000 0.00000000000 0.00000000000 0.00000000000 0.00000000000 0.00000000000 0.00000000000 0.00000000000 0.00000000000 0.00000000000 0.00000000000 0.00000000000 0.00000000000 0.00000000000 0.00000000000 0.00000000000 0.00000000000 0.00000000000 0.00000000000 0.00000000000 0.00000000000 0.00000000000 0.00000000000 0.00000000000 0.00000000000 0.00000000000 0.00000000000 0.00000000000 0.00000000000
# sel_p2_fsh[2]:
 0.00000000000 0.00000000000 0.00000000000 0.00000000000 0.00000000000 0.00000000000 0.00000000000 0.00000000000 0.00000000000 0.00000000000 0.00000000000 0.00000000000 0.00000000000 0.00000000000 0.00000000000 0.00000000000 0.00000000000 0.00000000000 0.00000000000 0.00000000000 0.00000000000 0.00000000000 0.00000000000 0.00000000000 0.00000000000 0.00000000000 0.00000000000 0.00000000000 0.00000000000 0.00000000000 0.00000000000 0.00000000000 0.00000000000 0.00000000000 0.00000000000 0.00000000000 0.00000000000 0.00000000000 0.00000000000
# sel_p2_fsh[3]:
 0.00000000000 0.00000000000 0.00000000000 0.00000000000 0.00000000000 0.00000000000 0.00000000000 0.00000000000 0.00000000000 0.00000000000 0.00000000000 0.00000000000 0.00000000000 0.00000000000 0.00000000000 0.00000000000 0.00000000000 0.00000000000 0.00000000000 0.00000000000 0.00000000000 0.00000000000 0.00000000000 0.00000000000 0.00000000000 0.00000000000 0.00000000000 0.00000000000 0.00000000000 0.00000000000 0.00000000000 0.00000000000 0.00000000000 0.00000000000 0.00000000000 0.00000000000 0.00000000000 0.00000000000 0.00000000000 0.00000000000 0.00000000000 0.00000000000
# sel_p2_fsh[4]:
 0.00000000000 0.00000000000 0.00000000000 0.00000000000 0.00000000000 0.00000000000 0.00000000000 0.00000000000 0.00000000000 0.00000000000 0.00000000000 0.00000000000 0.00000000000 0.00000000000 0.00000000000 0.00000000000 0.00000000000 0.00000000000 0.00000000000 0.00000000000 0.00000000000 0.00000000000 0.00000000000 0.00000000000 0.00000000000 0.00000000000 0.00000000000 0.00000000000 0.00000000000 0.00000000000 0.00000000000 0.00000000000 0.00000000000
# logsel_p3_fsh[1]:
 0.00000000000 0.00000000000 0.00000000000 0.00000000000 0.00000000000 0.00000000000 0.00000000000 0.00000000000 0.00000000000 0.00000000000 0.00000000000 0.00000000000 0.00000000000 0.00000000000 0.00000000000 0.00000000000 0.00000000000 0.00000000000 0.00000000000 0.00000000000 0.00000000000 0.00000000000 0.00000000000 0.00000000000 0.00000000000 0.00000000000 0.00000000000 0.00000000000 0.00000000000 0.00000000000 0.00000000000 0.00000000000 0.00000000000 0.00000000000 0.00000000000 0.00000000000 0.00000000000 0.00000000000
# logsel_p3_fsh[2]:
 0.00000000000 0.00000000000 0.00000000000 0.00000000000 0.00000000000 0.00000000000 0.00000000000 0.00000000000 0.00000000000 0.00000000000 0.00000000000 0.00000000000 0.00000000000 0.00000000000 0.00000000000 0.00000000000 0.00000000000 0.00000000000 0.00000000000 0.00000000000 0.00000000000 0.00000000000 0.00000000000 0.00000000000 0.00000000000 0.00000000000 0.00000000000 0.00000000000 0.00000000000 0.00000000000 0.00000000000 0.00000000000 0.00000000000 0.00000000000 0.00000000000 0.00000000000 0.00000000000 0.00000000000 0.00000000000
# logsel_p3_fsh[3]:
 0.00000000000 0.00000000000 0.00000000000 0.00000000000 0.00000000000 0.00000000000 0.00000000000 0.00000000000 0.00000000000 0.00000000000 0.00000000000 0.00000000000 0.00000000000 0.00000000000 0.00000000000 0.00000000000 0.00000000000 0.00000000000 0.00000000000 0.00000000000 0.00000000000 0.00000000000 0.00000000000 0.00000000000 0.00000000000 0.00000000000 0.00000000000 0.00000000000 0.00000000000 0.00000000000 0.00000000000 0.00000000000 0.00000000000 0.00000000000 0.00000000000 0.00000000000 0.00000000000 0.00000000000 0.00000000000 0.00000000000 0.00000000000 0.00000000000
# logsel_p3_fsh[4]:
 0.00000000000 0.00000000000 0.00000000000 0.00000000000 0.00000000000 0.00000000000 0.00000000000 0.00000000000 0.00000000000 0.00000000000 0.00000000000 0.00000000000 0.00000000000 0.00000000000 0.00000000000 0.00000000000 0.00000000000 0.00000000000 0.00000000000 0.00000000000 0.00000000000 0.00000000000 0.00000000000 0.00000000000 0.00000000000 0.00000000000 0.00000000000 0.00000000000 0.00000000000 0.00000000000 0.00000000000 0.00000000000 0.00000000000
# rec_dev_future:
 0.00000000000 0.00000000000 0.00000000000 0.00000000000 0.00000000000 0.00000000000 0.00000000000 0.00000000000 0.00000000000 0.00000000000 0.00000000000 0.00000000000 0.00000000000 0.00000000000 0.00000000000 0.00000000000 0.00000000000 0.00000000000 0.00000000000 0.00000000000
# log_q_ind[1]:
0.402110389823
# log_q_ind[2]:
-2.54465570005
# log_q_ind[3]:
-9.45105869347
# log_q_ind[4]:
0.0666969249400
# log_q_ind[5]:
-5.64003304940
# log_q_ind[6]:
-7.97889385532
# log_q_ind[7]:
-0.474337411535
# log_q_power_ind[1]:
0.00000000000
# log_q_power_ind[2]:
0.00000000000
# log_q_power_ind[3]:
0.00000000000
# log_q_power_ind[4]:
0.00000000000
# log_q_power_ind[5]:
0.00000000000
# log_q_power_ind[6]:
0.00000000000
# log_q_power_ind[7]:
0.00000000000
# log_rw_q_ind[1]:
 -1.61425060386
# log_rw_q_ind[3]:
 -0.606684038381
# log_selcoffs_ind[1]:
 -1.79090157338 -0.844020817473 -0.0643284300133 0.412244331368 0.527709609765 0.421461667040 0.210273894160 -0.0227644034293 -0.217171794942 -0.328812313628
 -1.80141270906 -0.987899720498 -0.260083735137 0.265181325173 0.547461006014 0.564394834627 0.333160188490 0.0245147286822 -0.231442641573 -0.375268481356
# log_selcoffs_ind[2]:
 -0.981130980166 -0.358708580958 -0.126826780863 -0.104571698913 -0.189634244295 -0.180665016968 -0.0340717397263 0.202923806341 0.433320445473 0.559107165245
 -0.788214439508 -0.252339602364 0.00799866349751 0.0929894909271 0.0602697337681 0.00545909718913 0.0100473972958 0.0817944043256 0.183780927286 0.260980131220
 -0.556788510862 0.0157475214414 0.220050428479 0.215570059294 0.113268254331 -0.0109402036949 -0.0914467268555 -0.0963378280434 -0.0392392271844 0.0324990794233
# log_selcoffs_ind[3]:
 -0.202940821038 0.0202027052767 0.0202027052767 0.0202027052767 0.0202027052767 0.0202027052767 0.0202027052767 0.0202027052767 0.0202027052767 0.0202027052767
# log_selcoffs_ind[4]:
 -3.26496272555 -2.07168928183 -1.03220408206 -0.356212910577 -0.0389399364345 0.152812449774 0.314134184437 0.462968325500 0.578070540123 0.648106533877
 -3.89142522088 -2.89840951979 -1.92333778407 -1.06648925602 -0.393526089628 0.0774216225099 0.399173618888 0.635106672248 0.749048191268 0.782149594002
# log_selcoffs_ind[5]:
 -3.04452005677 -0.669616569639 0.101782682789 0.174353368097 0.174353368097 0.174353368097 0.174353368097 0.174353368097 0.174353368097 0.174353368097
# log_selcoffs_ind[6]:
 -3.04452005677 -0.669616569639 0.101782682789 0.174353368097 0.174353368097 0.174353368097 0.174353368097 0.174353368097 0.174353368097 0.174353368097
# log_selcoffs_ind[7]:
 -3.04452005677 -0.669616569639 0.101782682789 0.174353368097 0.174353368097 0.174353368097 0.174353368097 0.174353368097 0.174353368097 0.174353368097
# logsel_slope_ind[1]:
 0.00000000000 0.00000000000
# logsel_slope_ind[2]:
 0.00000000000 0.00000000000 0.00000000000
# logsel_slope_ind[3]:
 0.00000000000
# logsel_slope_ind[4]:
 0.00000000000 0.00000000000
# logsel_slope_ind[5]:
 0.00000000000
# logsel_slope_ind[6]:
 0.00000000000
# logsel_slope_ind[7]:
 0.00000000000
# sel50_ind[1]:
 0.00000000000 0.00000000000
# sel50_ind[2]:
 0.00000000000 0.00000000000 0.00000000000
# sel50_ind[3]:
 0.00000000000
# sel50_ind[4]:
 0.00000000000 0.00000000000
# sel50_ind[5]:
 0.00000000000
# sel50_ind[6]:
 0.00000000000
# sel50_ind[7]:
 0.00000000000
# logsel_p1_ind[1]:
 0.00000000000 0.00000000000
# logsel_p1_ind[2]:
 0.00000000000 0.00000000000 0.00000000000
# logsel_p1_ind[3]:
 0.00000000000
# logsel_p1_ind[4]:
 0.00000000000 0.00000000000
# logsel_p1_ind[5]:
 0.00000000000
# logsel_p1_ind[6]:
 0.00000000000
# logsel_p1_ind[7]:
 0.00000000000
# sel_p2_ind[1]:
 0.00000000000 0.00000000000
# sel_p2_ind[2]:
 0.00000000000 0.00000000000 0.00000000000
# sel_p2_ind[3]:
 0.00000000000
# sel_p2_ind[4]:
 0.00000000000 0.00000000000
# sel_p2_ind[5]:
 0.00000000000
# sel_p2_ind[6]:
 0.00000000000
# sel_p2_ind[7]:
 0.00000000000
# logsel_p3_ind[1]:
 0.00000000000 0.00000000000
# logsel_p3_ind[2]:
 0.00000000000 0.00000000000 0.00000000000
# logsel_p3_ind[3]:
 0.00000000000
# logsel_p3_ind[4]:
 0.00000000000 0.00000000000
# logsel_p3_ind[5]:
 0.00000000000
# logsel_p3_ind[6]:
 0.00000000000
# logsel_p3_ind[7]:
 0.00000000000
