# Number of parameters = 1695 Objective function value = 1316.72356257932  Maximum gradient component = 0.000208899955358087
# Mest[1]:
0.280000000000
# log_Linf[1]:
4.38701417618
# log_k[1]:
-1.83258146375
# log_Lo[1]:
2.75684036527
# log_sdage[1]:
-2.40794560865
# mean_log_rec[1]:
9.35779231316
# steepness[1]:
0.900000000000
# log_Rzero[1]:
9.51489377909
# rec_dev:
 -0.0888997499724 -0.111452206233 -0.139290911523 -0.173215885659 -0.214178789020 -0.262786931252 -0.318179732684 -0.379444195677 -0.448993641944 -0.526538027376 -0.605212957449 -0.422625983319 -0.486910635692 -0.555557190168 -0.657652521346 -0.691764667890 -0.490592022819 -0.322548397470 -0.0794050934096 0.214507176209 0.226637443998 0.191191527634 0.327423073385 0.511087716191 0.870545117891 0.621172251603 0.703135105788 1.52261925047 1.50651488386 0.886655467961 0.277056310732 0.516383979298 0.598922464904 0.802133424087 0.298358719417 0.264904266632 0.269945304209 0.252621710014 0.440980819870 0.442891297240 0.612714993917 0.711359539046 0.501537506922 0.553529423367 -0.0335969412116 -0.232639486954 0.0111963465610 -0.450922955359 -1.65371261240 -0.745440288821 -0.353262065722 -0.491311909509 -0.917049771757 -0.833683472988 -0.969401062407 -0.358823818369 -0.380951225802 0.0677878471969 0.681527577009 1.07508719414 0.384896199540 -0.326248566614 -0.180258197948
# log_sigmar[1]:
-0.510825623766
# fmort:
 -4.75011641671 -4.33007038720 -5.06072946833 -4.75280836008 -4.03148946972 -3.75968063886 -3.46658364914 -3.49700090178 -2.80092990542 -2.85116118701 -3.07621846030 -2.65993301435 -1.91444402043 -2.86839278604 -2.01400881228 -2.60572745042 -5.02147428805 -3.72073480127 -4.13428552202 -4.26482284931 -4.36846004024 -4.05428016066 -3.98003087561 -3.79722220691 -4.24363075025 -3.95757411657 -3.54584384015 -4.55040200955 -5.73570722419 -5.12707672841 -4.73312515380 -4.00891228061 -4.84872877365 -4.42669362703 -4.29621536067 -3.90746398537 -3.87650975433 -3.40742502549 -2.82660012645 -3.13272137208 -2.92254508706 -4.60035796446 -5.55581883108 -5.06063088421 -5.05889219866 -4.81479365454 -5.19581872085 -4.87728966597 -6.16433896907 -6.51739682135 -5.39791457188 -5.20924769060
 -7.13352640508 -6.69869801343 -6.25153070966 -5.69559860716 -5.93816299566 -5.24139265260 -4.73201390664 -4.38311384640 -3.86425659894 -3.62091305685 -3.48759026778 -2.72709258382 -2.48019028097 -2.77874746338 -2.39468123243 -1.99846187914 -1.78395519341 -1.49424824542 -1.28460729522 -1.13960601672 -1.08881380355 -0.880883332846 -0.612955120784 -0.565486129744 -0.380775496005 -0.126765038366 -0.187972677762 -0.186648360260 -0.679931866029 -1.13335585083 -1.58905262312 -1.46561873543 -1.38078626649 -1.45364171552 -1.44704303609 -1.42400529843 -1.34993004798 -1.12945439133 -1.26266283665 -0.956992020039 -1.51310879620 -1.87181693054 -2.25675561819 -2.41233608324 -2.34956035245 -2.15757469546 -2.23284959853 -2.28557475679 -2.26043258943 -2.33922629071 -2.40505124618 -2.32689630752
 -8.34549716344 -7.61095567428 -6.75776412893 -5.94261525750 -4.75896926730 -5.87799834428 -5.49656439846 -3.14871137217 -3.44736416331 -3.71471786214 -3.65360057204 -3.67689771348 -4.70849951236 -4.95220536000 -4.65571828214 -5.34805605224 -6.28201625165 -6.39787045996 -5.12887593911 -5.12214312089 -4.86619910695 -5.06179569814 -5.54828552323 -5.37723781777 -4.86720967423 -3.56824457543 -3.27423519799 -2.65698535457 -3.08799272039 -4.10797065913 -4.00098729773 -3.06119881831 -4.86112362634 -4.54707658432 -4.67473785957 -5.24153316066 -3.82878488673 -3.78047839625 -3.81522987175 -4.05757560461 -5.38000867235 -3.10590568036 -3.82742033085 -4.64458012320 -4.70501420878 -5.91983573986 -6.58299396897 -7.34382704621 -5.92693603661 -5.56511852520 -5.87981345486 -5.93674882235
 -9.69202543451 -9.63576596031 -7.87102260229 -9.51440564755 -9.44724420114 -9.37451756578 -9.25902159202 -8.39322812300 -5.16787300000 -3.02570479944 -2.92459521200 -2.47405673579 -1.65925103914 -1.12305930758 -0.702377208219 -0.947257619187 -1.16493461574 -1.50812233668 -1.86492058213 -2.19603052735 -2.49164847040 -3.10466084172 -5.66849783410 -9.17710862412 -9.01069278691 -8.72956460487 -8.36152887702 -7.99941161931 -7.81491794221 -7.90213170377 -7.40645382126 -5.52974084468 -4.41725660854 -3.87893252019 -3.27044540929 -3.40422454768 -2.94068500710 -2.55565057469 -2.36543696486 -2.06455282203 -2.23921425649 -3.55213723333 -3.98241182219 -4.00801631549 -3.65080239648 -3.50922168875 -4.03418819271 -4.19418151175 -4.30704868594 -4.55354828925 -7.06251648136 -4.80373253049
# log_selcoffs_fsh[1]:
 -3.76454926038 -2.14965891217 -1.12235241591 -0.0851477523666 0.812883149413 1.01092557325 0.399360360268 -0.352765427004 -0.866896697004
 -3.31528432073 -1.67583331941 -0.985469669779 -0.170734797760 0.663426277465 0.942206663241 0.502969934844 -0.150043835192 -0.618317511134
 -2.98118775423 -1.52662768293 -0.725081384302 0.0430932603498 0.632762480979 0.779256899413 0.449059369399 -0.0633906466000 -0.453171523284
 -2.58764596516 -1.30270703026 -0.671655736394 -0.0647036594952 0.661948134434 0.761598467075 0.395185626432 -0.0556720427079 -0.365240538090
 -1.98032075620 -0.428066382839 -0.134732071904 0.100830582345 0.360219341060 0.479242691819 0.312132368836 0.0156093312999 -0.223636855865
 -1.88984116611 -0.644013084081 0.359873820836 0.578980366297 0.265615635719 0.140876991649 0.0285978559900 -0.139307901346 -0.285192784837
 -1.59265274576 -0.529464187957 0.424560843436 0.702423966032 0.298454900492 -0.00237687450549 -0.161640007712 -0.272688458080 -0.352885913300
 -1.14874110192 -0.323186863465 0.456414192114 0.752708911387 0.245166192193 -0.108323561881 -0.297864981623 -0.383117687530 -0.417526528599
 -0.812286724150 0.156771124957 0.384460579495 0.535523008788 0.322783958286 -0.115607733627 -0.376314645124 -0.464829555011 -0.473454684058
 -0.588183604812 0.356708106328 0.514555015700 0.523582266694 0.142390598138 -0.269440458381 -0.509224919417 -0.571370168906 -0.557668676757
 -0.0778976749401 0.875227078962 0.437717804297 0.149600832054 -0.213472891511 -0.500345498521 -0.653531284876 -0.679379334560 -0.646740471042
 0.142531111697 0.818563119345 0.597462586184 0.142577682495 -0.391795782951 -0.656283671356 -0.764423805973 -0.768706902240 -0.723616106105
 -0.142026465650 1.11082301477 0.642053164890 -0.0672720481528 -0.595535333224 -0.822615735559 -0.887183308851 -0.870255529242 -0.823214064967
 0.172276590313 1.09694009858 0.607348591220 -0.124878194632 -0.694592982524 -0.908119206309 -0.955325792301 -0.926048070343 -0.878318192985
 0.144631124283 1.18807901068 0.558624431641 -0.185152520128 -0.745276145984 -0.965445190133 -1.01440273989 -0.983351296341 -0.935781062701
 -0.258659639998 1.24616886887 0.689731498925 -0.146623999695 -0.773825815954 -1.01046864821 -1.06723019289 -1.03853394990 -0.991844083393
 -0.165741611028 1.29463357253 0.614738004933 -0.190365279709 -0.805748827656 -1.04410659101 -1.10362658414 -1.07793967724 -1.03134848905
 0.414407850366 1.08997208966 0.649218454150 -0.212130399550 -0.833500996157 -1.06653117607 -1.12349763221 -1.09533745468 -1.04657564051
 0.783001774789 1.06610084787 0.392206503718 -0.333544941583 -0.893641678277 -1.11461478609 -1.16635277017 -1.13170186976 -1.07844820063
 0.445138818645 1.21017767166 0.546069584204 -0.330507254291 -0.946909846467 -1.16994902846 -1.21113111052 -1.16392825285 -1.10333874157
 0.566284321512 1.26195104421 0.405670757164 -0.443028267916 -1.02228678633 -1.22934110311 -1.25831331057 -1.19561970688 -1.12491155430
 0.460876561462 1.29954961502 0.502811120379 -0.506235469445 -1.10939429678 -1.29388263973 -1.30256965899 -1.22169617066 -1.13867033776
 0.644205780285 1.22397711145 0.472318806985 -0.484180819375 -1.11897490636 -1.31810228845 -1.32346377846 -1.22896933779 -1.13361594215
 0.414607199090 1.35629828621 0.422048591733 -0.503645797771 -1.11103868905 -1.31924459642 -1.33243621355 -1.23405835968 -1.12848138399
 0.682485573367 1.22608693066 0.370726865580 -0.461696273167 -1.04835243900 -1.27803702040 -1.30528586140 -1.20706059621 -1.09340906793
 0.678590190310 1.17563850222 0.364878207326 -0.332882988483 -0.971968601312 -1.22024531719 -1.24801937694 -1.15132956676 -1.03643986205
 0.0528323738636 1.25245452930 0.583013007749 -0.167389130467 -0.854408503861 -1.10748115793 -1.13906232792 -1.05399938401 -0.954659555524
 0.192681342435 1.16057404062 0.561980591912 -0.210525150092 -0.768445228314 -0.976897050088 -0.998516619846 -0.927509175284 -0.850356593228
 1.15496797444 0.650441313399 0.0605695323421 -0.444585313398 -0.781079095045 -0.889671751216 -0.878150366470 -0.806681716147 -0.743239733787
 0.741091638541 1.04328231474 0.0575258110046 -0.572656285201 -0.782877817296 -0.793880543794 -0.739335148079 -0.667469476640 -0.615433182804
 0.603296852003 1.03158839123 0.00353754564470 -0.567592321697 -0.698973075197 -0.662796993458 -0.578563182705 -0.511257188315 -0.473264590576
 0.480429729680 0.814615175947 0.0447889941577 -0.391119406147 -0.497539816248 -0.455414072211 -0.371353653318 -0.317103026811 -0.297661804524
 -0.337397813922 0.555856027869 0.232113605125 -0.0694619034190 -0.130683327450 -0.168141453032 -0.134475984421 -0.128958269569 -0.135969447446
 -0.822483569511 -0.0600122334964 -0.0446140600587 0.125677546789 0.221714040393 0.135573301752 0.143219636149 0.0197949263624 -0.0395291594753
 -0.458497941320 0.200736811086 -0.222807813594 -0.213870916726 0.0224803520689 0.134174421281 0.164446627887 0.113200329899 0.0702897827715
 0.266352775297 -0.598666530861 -0.649246717101 -0.316156135622 0.0295535131585 0.211314976893 0.243158401390 0.191417432334 0.133082674164
 -0.580497777909 -0.861795226945 -0.748710237229 -0.180256947317 0.258584309443 0.364534994491 0.376534162212 0.278878106527 0.179094794727
 -0.996727137648 -0.642596739635 -0.608363842581 -0.130676524796 0.300496766947 0.415205217608 0.320022897253 0.233455853983 0.163750147913
# log_selcoffs_fsh[2]:
 -2.24364636253 -0.331578299405 0.465072541179 0.836504258206 0.629136059627 0.131367978968 -0.279115430855 -0.559804376824 -0.716537137107 -0.813880641573
 -2.16782267269 -0.280587510733 -0.309126829040 0.296186679808 0.750881812875 0.619542309224 0.132452534939 -0.290628768820 -0.491145646733 -0.556630896713
 -2.70210990454 -0.889127626613 -0.442288265092 0.0791561684317 0.651835955150 0.731046541325 0.324711620440 -0.0874056131186 -0.269174476227 -0.305543307559
 -3.12770265420 -1.55514193463 -0.682048334944 -0.165138044965 0.480710177286 0.770327790683 0.423601589400 0.100783761639 -0.0116488658058 -0.00797240870043
 -2.75792367930 -1.15708203555 -1.10030402321 -0.589025689916 0.227083422449 0.635022602038 0.450676235863 0.282126877215 0.273184806011 0.324308857208
 -2.42537550010 -1.24515458663 -0.985501972661 -0.890559048499 -0.375716272098 0.105959001505 0.343881032892 0.486595439734 0.635488606285 0.749661539614
 -3.08446712951 -1.82528015251 -0.892987062630 -0.691965630704 -0.584567924500 -0.249171380083 0.142501490082 0.494303274641 0.776568695876 0.947691630727
 -3.62263928693 -2.63443523734 -1.83803320066 -1.06274918592 -0.441888984970 -0.0531741855747 0.255785990317 0.482638226698 0.788061355414 0.991364400203
 -3.86891948309 -2.86825536595 -2.23218189815 -1.50101993142 -0.612479035216 -0.0186454529411 0.374749739431 0.645530565894 0.817658013980 0.892726090833
 -3.94983817750 -2.70993615192 -2.01714823742 -1.52075270279 -1.00928057242 -0.295689856106 0.302634180094 0.805327965931 0.964378669146 0.806526518061
 -3.78181344353 -2.27622359891 -1.51537926956 -1.10767474372 -0.775429775835 -0.501610431328 0.0634937980336 0.710230043205 0.986813824463 0.906543608820
 -3.67885621451 -2.18344377676 -1.34077741406 -0.891223840918 -0.583878803400 -0.277597921878 0.243949734456 0.662682464371 0.845534520517 0.845643049565
 -3.35312756206 -1.49076927289 -0.872829822015 -0.486398927526 -0.257754535463 -0.210625475256 0.164266895683 0.492568843908 0.717463967911 0.815402896041
 -2.91690878080 -1.17491868012 -0.490783355988 -0.234919741868 -0.162695481153 -0.0701818330017 0.158173014106 0.398373704156 0.587753103613 0.688883646698
 -2.53735458689 -0.477517547745 -0.258746658296 -0.238518139089 -0.303782582718 -0.177494589838 0.114181158643 0.357877446374 0.543892834136 0.637347907356
 -2.21249856128 -0.209842789677 -0.210390851035 -0.312285417297 -0.400847793587 -0.262153773636 0.0368522995488 0.313040592582 0.540618477502 0.681323164471
 -1.79423714178 -0.223459014381 -0.201540276246 -0.263531258213 -0.407568821010 -0.346314190175 -0.0672641084890 0.248425785686 0.550324708854 0.753709707219
 -1.95384147378 -0.158100699763 0.0778034481540 -0.0841259663208 -0.329239922925 -0.334603779662 -0.100447895243 0.202502936185 0.454885483796 0.622886290194
 -2.09959251281 -0.310660005873 0.114822865845 0.00179502935234 -0.251387924180 -0.258761428287 -0.0395010700929 0.229928129607 0.433662009030 0.535706870678
 -2.23564190204 -0.547086566642 -0.189462741638 -0.0233553175703 -0.168660664684 -0.172641015978 0.0532029782296 0.320508544903 0.493967232597 0.561107623620
 -2.33055055382 -0.756096196757 -0.204921485627 0.000420644208849 -0.146008485160 -0.193524328356 0.0326072635377 0.335513057013 0.523255120213 0.593666964783
 -2.60522489649 -0.839780720436 -0.276998323054 0.0682354635230 -0.0412020676979 -0.0980856893031 0.0905358419380 0.323956926934 0.477015900972 0.536973475484
 -2.94507027598 -1.42440315587 -0.393906932158 0.145377454282 0.177876480479 0.0580010299652 0.168902230020 0.332042846524 0.414021551524 0.425761960772
 -3.12089949045 -1.80104014018 -0.783095409025 -0.0381778171557 0.317670372950 0.264779131229 0.364387478503 0.433319862565 0.372750317111 0.231456745214
 -3.18983694156 -1.66220335550 -0.795699079220 -0.323362057382 0.128072304910 0.360295884244 0.467088987260 0.553153812608 0.398457236735 0.182436912727
 -3.32057852204 -1.96116305219 -1.10321484638 -0.162088412694 0.286454620885 0.421602301237 0.441713435613 0.496239222188 0.364966285112 0.136745950530
 -3.59487800522 -1.75071470127 -0.967828117276 -0.0330981844909 0.431772062881 0.524658183843 0.485725778825 0.394169232349 0.164389888644 -0.0677537312661
 -3.80835898300 -1.64285384430 -0.786946814600 0.00513482104774 0.374435501787 0.415720091254 0.686536403344 0.461246610431 0.0127255482364 -0.263058673287
 -3.80913336834 -2.31851875368 -1.29402818627 0.0657070194158 0.584807452867 0.493543986164 0.677398389908 0.324298665495 -0.0178097516671 -0.260817965268
 -3.77237981906 -1.95968865009 -0.691959989176 0.181328548470 0.820906707848 0.504735014663 0.278312601822 0.0674939185252 -0.0672563089382 -0.125661516677
 -3.50530286820 -1.40671997440 -0.197827766004 0.226629664995 0.264509651215 0.152561261882 0.176995019144 0.212972193750 0.285546726583 0.351410176141
 -3.39339366866 -1.44648430749 -0.577586812745 -0.118001523016 -0.0256910501560 -0.0227658357071 0.0552606410323 0.343355977316 0.578665596495 0.731787211444
 -2.93794043144 -0.942194796185 -0.689315020320 -0.533094092710 -0.267597674809 -0.249366733455 -0.128117063535 0.282611133173 0.737232930335 0.966053496706
 -3.53750773843 -1.31519578188 -0.606988072811 -0.130135401177 -0.00480039843545 0.00651765667760 -0.0127014976876 0.230636667652 0.572003089085 0.815003259759
 -3.90785382603 -1.77628695263 -0.941950304283 -0.433900348773 0.104014245034 0.215442982632 0.243092947654 0.331238348752 0.540109010605 0.712315856185
 -4.26199447360 -2.33194654243 -1.13413944097 -0.469119775759 -0.0379454369482 0.221706618682 0.319179337601 0.423205775322 0.532779039122 0.753334288564
 -4.38274596102 -2.95911757310 -1.81935017227 -0.798968064648 -0.00122430613704 0.230472476045 0.489902076656 0.554501408661 0.563829606461 0.660174657172
 -4.28513835658 -2.99093460811 -2.37935973632 -1.43990820878 -0.367988935376 0.289721653431 0.527655262517 0.720855095365 0.647472920322 0.650447196367
 -4.17292294037 -3.10412354846 -2.32317203132 -1.52522272383 -0.645256487132 0.0582351220352 0.478033829797 0.701091882299 0.781922551345 0.799837350301
# log_selcoffs_fsh[3]:
 -1.20217007203 -0.413001863446 1.09077944649 0.580597688301 -0.354173592818 -1.07907219447 -1.45914820832
 -1.56383966868 -0.429787794937 1.14537094738 0.557013547958 -0.387853789164 -1.08603784384 -1.44859513019
 -1.19637002156 -0.378535759101 1.06440052444 0.573928229086 -0.318305529377 -1.01619559740 -1.38962135488
 -2.17580263921 -0.649713797538 1.19440080797 0.551309263160 -0.335488425838 -1.01335976974 -1.38950324848
 -2.55003584930 -0.721823879697 1.10113024838 0.656101022157 -0.174419589218 -0.914558490198 -1.34480182115
 -2.71000772544 -0.925662857343 0.756760823420 0.959139805129 0.0725773767879 -0.803067399244 -1.29771877961
 -2.71326651244 -0.885742056356 0.675888366853 0.997683126981 0.0916075249402 -0.766624801805 -1.26234629481
 -2.44008837250 -0.352589167261 0.869416415872 0.709973060573 0.00748295666626 -0.724968126431 -1.20839872027
 -2.13144253381 -0.125403393658 0.679436323660 0.732113405917 0.117795089210 -0.666169238702 -1.17677709627
 -1.97412111186 0.174473062156 0.817947218516 0.544117790150 -0.0700285062817 -0.777943961513 -1.23839178223
 -2.13315233479 -0.353905477478 0.928607546194 0.792362170323 -0.207891578890 -0.973100336541 -1.38709048199
 -2.23267226788 -0.413563347300 0.926260636256 0.841223584966 -0.204166988359 -1.05917793065 -1.49099001512
 -2.23080240897 -0.352996076040 1.07686629314 0.701608815055 -0.346954531392 -1.15170070867 -1.53907045652
 -2.00504770620 0.299681475512 1.04448895756 0.419972184366 -0.468183913705 -1.18024461027 -1.52000783100
 -2.01406500094 -0.0551935891829 1.15712601971 0.478329978507 -0.510567176165 -1.20010886288 -1.49263370979
 -2.03323528083 -0.0393194847518 1.27025911029 0.296713067384 -0.702352622674 -1.28118050068 -1.48142751345
 -1.96347887897 0.273843707023 1.19862983718 0.244725946847 -0.783534215133 -1.32309628958 -1.47542637910
 -1.95592988894 0.305016938718 1.21236220853 0.188559144549 -0.791401712620 -1.34611691214 -1.51623417778
 -1.67408768295 0.835585443058 0.910065837883 0.0900259919066 -0.783368510556 -1.34495773438 -1.55944317662
 -1.51680027490 0.854934053090 0.914971152080 0.0328377505191 -0.816476237135 -1.36711775297 -1.59723783152
 -1.44122332049 0.899700678662 0.910616198589 -0.0393009149547 -0.876736750219 -1.40598946786 -1.63006652294
 -1.43229358983 0.770100527295 1.01432440346 -0.00916813552315 -0.889523659243 -1.41191594870 -1.61769666609
 -1.43415287962 0.215980037992 1.27101425616 0.0692629450537 -0.865609492521 -1.37630689760 -1.55534333036
 -1.20612172358 0.589511157876 1.05507373225 0.102261127242 -0.801454192637 -1.35522847427 -1.55536070454
 -1.11430273319 0.264572267687 1.15087434994 0.270235074069 -0.768354915328 -1.41232348548 -1.65861529687
 -0.965928178791 0.774412703689 0.743434452351 0.380585825380 -0.700616872099 -1.48830066978 -1.82182929856
 -1.31668608276 0.743184807399 1.01548038957 0.108490581309 -0.858281066795 -1.62179810226 -2.02011892144
 -1.62489954326 0.321695712096 1.27872752100 0.142570753435 -0.947127477717 -1.73566988435 -2.17008969352
 -1.97688259545 -0.00386599203645 1.34271252772 0.302627982432 -0.890430255931 -1.78978707093 -2.25326448673
 -2.16248794609 -0.155714984866 0.958479889300 0.970982735366 -0.662281049925 -1.79508366501 -2.31158822315
 -2.00566895775 0.749430503010 0.842833294192 0.518122884087 -0.715733329249 -1.80185145738 -2.36450314457
 -2.15682010133 0.116995295329 1.36041252465 0.223799430354 -0.973288494133 -1.91624609904 -2.44673694837
 -2.29497895990 -0.324249427469 1.41946958455 0.355961526300 -0.952191161275 -1.94663805902 -2.46463771785
 -2.23043839225 -0.232717800948 1.15945506649 0.795485689293 -0.782924172995 -1.89485864887 -2.41887017479
 -2.12733280951 -0.128053355072 1.38427088602 0.316237813021 -0.939223470854 -1.87933008838 -2.36931845436
 -1.71839401965 0.853460577908 1.00717666917 0.0899441190589 -0.970147390586 -1.82712187278 -2.29251348322
 -1.58131346757 0.782744031456 1.06679749189 0.0533543407985 -0.990374390742 -1.78916841096 -2.23090839729
 -1.42417736334 0.922609728501 0.953075057139 -0.0187309237056 -0.957465651441 -1.74895277441 -2.20265816269
 -1.61096050611 0.828956705209 0.998947321662 0.100154482455 -0.907808830228 -1.73638938021 -2.21594041304
 -1.75350426403 -0.00154809874668 1.33040445292 0.282205810802 -0.836289018068 -1.72139477652 -2.22910987301
 -1.74052679717 -0.127513984400 1.25229416809 0.494072884720 -0.673848210563 -1.66607372054 -2.22356631663
 -1.71821144823 -0.197242246234 0.976099061282 0.891837261987 -0.503267474418 -1.64006947085 -2.23107953349
# log_selcoffs_fsh[4]:
 -3.17994102586 -2.67311082049 -2.13562311692 -1.53911088690 -0.880115189609 -0.193927059860 0.438186858119 0.920807782487 1.18079617530
 -3.16768420277 -2.66740117061 -2.13543405593 -1.54338834882 -0.887352503756 -0.201622355608 0.434569955770 0.921924637499 1.18449826623
 -3.14419025897 -2.65571363186 -2.13586755723 -1.54995308151 -0.898323739275 -0.211408425835 0.430578434305 0.922939283037 1.18928465941
 -3.10761968091 -2.63551508837 -2.13344049411 -1.56599846897 -0.916171036253 -0.221089145199 0.429135359778 0.925825032135 1.19232434513
 -3.05357637702 -2.59041469744 -2.11159994012 -1.56850639437 -0.945187708091 -0.239508340791 0.432602117502 0.931327832390 1.19199937638
 -2.97533181212 -2.51518337920 -2.05698449444 -1.54490036134 -0.928659575072 -0.233019431887 0.441507937823 0.933133088314 1.17625687257
 -2.88097528621 -2.41537676625 -1.93462624291 -1.44953600410 -0.874095959862 -0.180132814494 0.477200261739 0.928478252333 1.12519552329
 -2.76532012525 -2.30308134722 -1.82237214009 -1.30736630805 -0.752340409832 -0.122759563418 0.486587575259 0.905939032179 1.08118523319
 -2.59773718998 -2.13360605750 -1.68121973007 -1.19111430761 -0.629143824502 -0.0415972661114 0.498038820287 0.866490614519 1.02989628550
 -2.40431294848 -1.90208350308 -1.42661791658 -1.01653964273 -0.554530756352 -0.0133597290900 0.481849426677 0.828013680670 0.989372315512
 -2.21741396546 -1.67000226019 -1.14925250585 -0.723505807407 -0.408892300258 -0.0311493075666 0.413795558677 0.768839396387 0.954516715545
 -2.05748557697 -1.49436087253 -0.938931644345 -0.475994710058 -0.177886452515 0.0190348294511 0.323823740082 0.669775110588 0.893253280167
 -1.92705369612 -1.35944525649 -0.821913274673 -0.355821758981 -0.0406997600300 0.134034905659 0.315766800511 0.576124254189 0.790021040097
 -1.80825293634 -1.23583959521 -0.707450760694 -0.279873593850 0.00670714603055 0.183241574515 0.343279995334 0.531670155652 0.681843981445
 -1.69770328177 -1.11337301157 -0.588016661475 -0.186363943660 0.0689105833857 0.218705534748 0.340508873198 0.472190290950 0.575532728838
 -1.60034586117 -0.992344436539 -0.461124644177 -0.0824593381430 0.135223041843 0.241352032120 0.315561189274 0.399358116152 0.467742736000
 -1.51768017580 -0.867290081090 -0.322333206647 0.0304384182239 0.195660274226 0.244820595502 0.270476562200 0.315957500281 0.357438001687
 -1.47105921845 -0.737865612410 -0.132466190026 0.171621916384 0.264886910985 0.209996885176 0.182592945765 0.199744722986 0.239527484363
 -1.46196537935 -0.667827316573 0.0695227013211 0.329229264500 0.284866360384 0.182074522351 0.0777119472841 0.0727183584075 0.102537069553
 -1.49505342944 -0.681521246993 0.0695363059670 0.526551085101 0.369150193532 0.135577781150 0.000650542834365 -0.0542032093671 -0.0353898412998
 -1.52294879550 -0.738973673885 -0.0608908474858 0.465008409171 0.523973002847 0.219302853268 -0.00282741778444 -0.0806587221438 -0.0858219114465
 -1.52682655811 -0.786274796102 -0.158197424610 0.263201690930 0.510420130940 0.345660288332 0.128394058879 -0.000152200536794 -0.0442603232249
 -1.55089133461 -0.868353935617 -0.248371077487 0.145199285337 0.350538226469 0.357923562957 0.250941116329 0.159457461149 0.116593361015
 -1.60186988740 -0.987597130961 -0.438226328586 -0.00928099947203 0.244829236016 0.341723400998 0.336426357812 0.309463001150 0.294656619932
 -1.65495724493 -1.09248926428 -0.574922175002 -0.145686462020 0.153934248979 0.311562312037 0.375398892199 0.413017560490 0.436593666745
 -1.71287541884 -1.18460573432 -0.714157154476 -0.287305330216 0.0562603676621 0.271600830418 0.400004914840 0.498503175094 0.568646927512
 -1.76234714845 -1.23738360128 -0.847864308314 -0.423890057093 -0.0177537281450 0.225203662123 0.397717669978 0.562969493755 0.681129390544
 -1.86595196497 -1.40644642792 -0.966495678060 -0.411126116475 -0.0446992660250 0.122786959517 0.304481845662 0.582447185475 0.843141939589
 -1.42339565912 -1.40676786771 -1.10286174448 -0.703594887364 -0.270307943021 0.0574350058469 0.344652007003 0.647666733227 0.933192078943
 -1.75888983030 -1.47437491954 -1.26593900415 -0.848534040829 -0.345765371349 0.0857714310234 0.409118193496 0.705191079846 0.940736259674
 -1.47133143740 -1.32117502555 -1.33167089114 -1.06238941065 -0.604475586906 -0.107289057832 0.391660003319 0.774994447848 1.02935244088
 -1.16294046349 -0.868438032255 -1.15333291685 -1.16170127672 -0.774437163271 -0.234279487307 0.304322350791 0.767504031156 1.05678256039
 -1.10984407288 -1.00595045717 -1.11242990858 -1.08964099759 -0.762433046606 -0.244881084896 0.303842032486 0.771159757874 1.05533635666
# log_sel_spl_fsh[1]:
 0.00000000000 0.00000000000 0.00000000000 0.00000000000
 0.00000000000 0.00000000000 0.00000000000 0.00000000000
 0.00000000000 0.00000000000 0.00000000000 0.00000000000
 0.00000000000 0.00000000000 0.00000000000 0.00000000000
 0.00000000000 0.00000000000 0.00000000000 0.00000000000
 0.00000000000 0.00000000000 0.00000000000 0.00000000000
 0.00000000000 0.00000000000 0.00000000000 0.00000000000
 0.00000000000 0.00000000000 0.00000000000 0.00000000000
 0.00000000000 0.00000000000 0.00000000000 0.00000000000
 0.00000000000 0.00000000000 0.00000000000 0.00000000000
 0.00000000000 0.00000000000 0.00000000000 0.00000000000
 0.00000000000 0.00000000000 0.00000000000 0.00000000000
 0.00000000000 0.00000000000 0.00000000000 0.00000000000
 0.00000000000 0.00000000000 0.00000000000 0.00000000000
 0.00000000000 0.00000000000 0.00000000000 0.00000000000
 0.00000000000 0.00000000000 0.00000000000 0.00000000000
 0.00000000000 0.00000000000 0.00000000000 0.00000000000
 0.00000000000 0.00000000000 0.00000000000 0.00000000000
 0.00000000000 0.00000000000 0.00000000000 0.00000000000
 0.00000000000 0.00000000000 0.00000000000 0.00000000000
 0.00000000000 0.00000000000 0.00000000000 0.00000000000
 0.00000000000 0.00000000000 0.00000000000 0.00000000000
 0.00000000000 0.00000000000 0.00000000000 0.00000000000
 0.00000000000 0.00000000000 0.00000000000 0.00000000000
 0.00000000000 0.00000000000 0.00000000000 0.00000000000
 0.00000000000 0.00000000000 0.00000000000 0.00000000000
 0.00000000000 0.00000000000 0.00000000000 0.00000000000
 0.00000000000 0.00000000000 0.00000000000 0.00000000000
 0.00000000000 0.00000000000 0.00000000000 0.00000000000
 0.00000000000 0.00000000000 0.00000000000 0.00000000000
 0.00000000000 0.00000000000 0.00000000000 0.00000000000
 0.00000000000 0.00000000000 0.00000000000 0.00000000000
 0.00000000000 0.00000000000 0.00000000000 0.00000000000
 0.00000000000 0.00000000000 0.00000000000 0.00000000000
 0.00000000000 0.00000000000 0.00000000000 0.00000000000
 0.00000000000 0.00000000000 0.00000000000 0.00000000000
 0.00000000000 0.00000000000 0.00000000000 0.00000000000
 0.00000000000 0.00000000000 0.00000000000 0.00000000000
# log_sel_spl_fsh[2]:
 0.00000000000 0.00000000000 0.00000000000 0.00000000000
 0.00000000000 0.00000000000 0.00000000000 0.00000000000
 0.00000000000 0.00000000000 0.00000000000 0.00000000000
 0.00000000000 0.00000000000 0.00000000000 0.00000000000
 0.00000000000 0.00000000000 0.00000000000 0.00000000000
 0.00000000000 0.00000000000 0.00000000000 0.00000000000
 0.00000000000 0.00000000000 0.00000000000 0.00000000000
 0.00000000000 0.00000000000 0.00000000000 0.00000000000
 0.00000000000 0.00000000000 0.00000000000 0.00000000000
 0.00000000000 0.00000000000 0.00000000000 0.00000000000
 0.00000000000 0.00000000000 0.00000000000 0.00000000000
 0.00000000000 0.00000000000 0.00000000000 0.00000000000
 0.00000000000 0.00000000000 0.00000000000 0.00000000000
 0.00000000000 0.00000000000 0.00000000000 0.00000000000
 0.00000000000 0.00000000000 0.00000000000 0.00000000000
 0.00000000000 0.00000000000 0.00000000000 0.00000000000
 0.00000000000 0.00000000000 0.00000000000 0.00000000000
 0.00000000000 0.00000000000 0.00000000000 0.00000000000
 0.00000000000 0.00000000000 0.00000000000 0.00000000000
 0.00000000000 0.00000000000 0.00000000000 0.00000000000
 0.00000000000 0.00000000000 0.00000000000 0.00000000000
 0.00000000000 0.00000000000 0.00000000000 0.00000000000
 0.00000000000 0.00000000000 0.00000000000 0.00000000000
 0.00000000000 0.00000000000 0.00000000000 0.00000000000
 0.00000000000 0.00000000000 0.00000000000 0.00000000000
 0.00000000000 0.00000000000 0.00000000000 0.00000000000
 0.00000000000 0.00000000000 0.00000000000 0.00000000000
 0.00000000000 0.00000000000 0.00000000000 0.00000000000
 0.00000000000 0.00000000000 0.00000000000 0.00000000000
 0.00000000000 0.00000000000 0.00000000000 0.00000000000
 0.00000000000 0.00000000000 0.00000000000 0.00000000000
 0.00000000000 0.00000000000 0.00000000000 0.00000000000
 0.00000000000 0.00000000000 0.00000000000 0.00000000000
 0.00000000000 0.00000000000 0.00000000000 0.00000000000
 0.00000000000 0.00000000000 0.00000000000 0.00000000000
 0.00000000000 0.00000000000 0.00000000000 0.00000000000
 0.00000000000 0.00000000000 0.00000000000 0.00000000000
 0.00000000000 0.00000000000 0.00000000000 0.00000000000
 0.00000000000 0.00000000000 0.00000000000 0.00000000000
# log_sel_spl_fsh[3]:
 0.00000000000 0.00000000000 0.00000000000 0.00000000000
 0.00000000000 0.00000000000 0.00000000000 0.00000000000
 0.00000000000 0.00000000000 0.00000000000 0.00000000000
 0.00000000000 0.00000000000 0.00000000000 0.00000000000
 0.00000000000 0.00000000000 0.00000000000 0.00000000000
 0.00000000000 0.00000000000 0.00000000000 0.00000000000
 0.00000000000 0.00000000000 0.00000000000 0.00000000000
 0.00000000000 0.00000000000 0.00000000000 0.00000000000
 0.00000000000 0.00000000000 0.00000000000 0.00000000000
 0.00000000000 0.00000000000 0.00000000000 0.00000000000
 0.00000000000 0.00000000000 0.00000000000 0.00000000000
 0.00000000000 0.00000000000 0.00000000000 0.00000000000
 0.00000000000 0.00000000000 0.00000000000 0.00000000000
 0.00000000000 0.00000000000 0.00000000000 0.00000000000
 0.00000000000 0.00000000000 0.00000000000 0.00000000000
 0.00000000000 0.00000000000 0.00000000000 0.00000000000
 0.00000000000 0.00000000000 0.00000000000 0.00000000000
 0.00000000000 0.00000000000 0.00000000000 0.00000000000
 0.00000000000 0.00000000000 0.00000000000 0.00000000000
 0.00000000000 0.00000000000 0.00000000000 0.00000000000
 0.00000000000 0.00000000000 0.00000000000 0.00000000000
 0.00000000000 0.00000000000 0.00000000000 0.00000000000
 0.00000000000 0.00000000000 0.00000000000 0.00000000000
 0.00000000000 0.00000000000 0.00000000000 0.00000000000
 0.00000000000 0.00000000000 0.00000000000 0.00000000000
 0.00000000000 0.00000000000 0.00000000000 0.00000000000
 0.00000000000 0.00000000000 0.00000000000 0.00000000000
 0.00000000000 0.00000000000 0.00000000000 0.00000000000
 0.00000000000 0.00000000000 0.00000000000 0.00000000000
 0.00000000000 0.00000000000 0.00000000000 0.00000000000
 0.00000000000 0.00000000000 0.00000000000 0.00000000000
 0.00000000000 0.00000000000 0.00000000000 0.00000000000
 0.00000000000 0.00000000000 0.00000000000 0.00000000000
 0.00000000000 0.00000000000 0.00000000000 0.00000000000
 0.00000000000 0.00000000000 0.00000000000 0.00000000000
 0.00000000000 0.00000000000 0.00000000000 0.00000000000
 0.00000000000 0.00000000000 0.00000000000 0.00000000000
 0.00000000000 0.00000000000 0.00000000000 0.00000000000
 0.00000000000 0.00000000000 0.00000000000 0.00000000000
 0.00000000000 0.00000000000 0.00000000000 0.00000000000
 0.00000000000 0.00000000000 0.00000000000 0.00000000000
 0.00000000000 0.00000000000 0.00000000000 0.00000000000
# log_sel_spl_fsh[4]:
 0.00000000000 0.00000000000 0.00000000000 0.00000000000
 0.00000000000 0.00000000000 0.00000000000 0.00000000000
 0.00000000000 0.00000000000 0.00000000000 0.00000000000
 0.00000000000 0.00000000000 0.00000000000 0.00000000000
 0.00000000000 0.00000000000 0.00000000000 0.00000000000
 0.00000000000 0.00000000000 0.00000000000 0.00000000000
 0.00000000000 0.00000000000 0.00000000000 0.00000000000
 0.00000000000 0.00000000000 0.00000000000 0.00000000000
 0.00000000000 0.00000000000 0.00000000000 0.00000000000
 0.00000000000 0.00000000000 0.00000000000 0.00000000000
 0.00000000000 0.00000000000 0.00000000000 0.00000000000
 0.00000000000 0.00000000000 0.00000000000 0.00000000000
 0.00000000000 0.00000000000 0.00000000000 0.00000000000
 0.00000000000 0.00000000000 0.00000000000 0.00000000000
 0.00000000000 0.00000000000 0.00000000000 0.00000000000
 0.00000000000 0.00000000000 0.00000000000 0.00000000000
 0.00000000000 0.00000000000 0.00000000000 0.00000000000
 0.00000000000 0.00000000000 0.00000000000 0.00000000000
 0.00000000000 0.00000000000 0.00000000000 0.00000000000
 0.00000000000 0.00000000000 0.00000000000 0.00000000000
 0.00000000000 0.00000000000 0.00000000000 0.00000000000
 0.00000000000 0.00000000000 0.00000000000 0.00000000000
 0.00000000000 0.00000000000 0.00000000000 0.00000000000
 0.00000000000 0.00000000000 0.00000000000 0.00000000000
 0.00000000000 0.00000000000 0.00000000000 0.00000000000
 0.00000000000 0.00000000000 0.00000000000 0.00000000000
 0.00000000000 0.00000000000 0.00000000000 0.00000000000
 0.00000000000 0.00000000000 0.00000000000 0.00000000000
 0.00000000000 0.00000000000 0.00000000000 0.00000000000
 0.00000000000 0.00000000000 0.00000000000 0.00000000000
 0.00000000000 0.00000000000 0.00000000000 0.00000000000
 0.00000000000 0.00000000000 0.00000000000 0.00000000000
 0.00000000000 0.00000000000 0.00000000000 0.00000000000
# logsel_slope_fsh[1]:
 0.00000000000 0.00000000000 0.00000000000 0.00000000000 0.00000000000 0.00000000000 0.00000000000 0.00000000000 0.00000000000 0.00000000000 0.00000000000 0.00000000000 0.00000000000 0.00000000000 0.00000000000 0.00000000000 0.00000000000 0.00000000000 0.00000000000 0.00000000000 0.00000000000 0.00000000000 0.00000000000 0.00000000000 0.00000000000 0.00000000000 0.00000000000 0.00000000000 0.00000000000 0.00000000000 0.00000000000 0.00000000000 0.00000000000 0.00000000000 0.00000000000 0.00000000000 0.00000000000 0.00000000000
# logsel_slope_fsh[2]:
 0.00000000000 0.00000000000 0.00000000000 0.00000000000 0.00000000000 0.00000000000 0.00000000000 0.00000000000 0.00000000000 0.00000000000 0.00000000000 0.00000000000 0.00000000000 0.00000000000 0.00000000000 0.00000000000 0.00000000000 0.00000000000 0.00000000000 0.00000000000 0.00000000000 0.00000000000 0.00000000000 0.00000000000 0.00000000000 0.00000000000 0.00000000000 0.00000000000 0.00000000000 0.00000000000 0.00000000000 0.00000000000 0.00000000000 0.00000000000 0.00000000000 0.00000000000 0.00000000000 0.00000000000 0.00000000000
# logsel_slope_fsh[3]:
 0.00000000000 0.00000000000 0.00000000000 0.00000000000 0.00000000000 0.00000000000 0.00000000000 0.00000000000 0.00000000000 0.00000000000 0.00000000000 0.00000000000 0.00000000000 0.00000000000 0.00000000000 0.00000000000 0.00000000000 0.00000000000 0.00000000000 0.00000000000 0.00000000000 0.00000000000 0.00000000000 0.00000000000 0.00000000000 0.00000000000 0.00000000000 0.00000000000 0.00000000000 0.00000000000 0.00000000000 0.00000000000 0.00000000000 0.00000000000 0.00000000000 0.00000000000 0.00000000000 0.00000000000 0.00000000000 0.00000000000 0.00000000000 0.00000000000
# logsel_slope_fsh[4]:
 0.00000000000 0.00000000000 0.00000000000 0.00000000000 0.00000000000 0.00000000000 0.00000000000 0.00000000000 0.00000000000 0.00000000000 0.00000000000 0.00000000000 0.00000000000 0.00000000000 0.00000000000 0.00000000000 0.00000000000 0.00000000000 0.00000000000 0.00000000000 0.00000000000 0.00000000000 0.00000000000 0.00000000000 0.00000000000 0.00000000000 0.00000000000 0.00000000000 0.00000000000 0.00000000000 0.00000000000 0.00000000000 0.00000000000
# sel50_fsh[1]:
 0.00000000000 0.00000000000 0.00000000000 0.00000000000 0.00000000000 0.00000000000 0.00000000000 0.00000000000 0.00000000000 0.00000000000 0.00000000000 0.00000000000 0.00000000000 0.00000000000 0.00000000000 0.00000000000 0.00000000000 0.00000000000 0.00000000000 0.00000000000 0.00000000000 0.00000000000 0.00000000000 0.00000000000 0.00000000000 0.00000000000 0.00000000000 0.00000000000 0.00000000000 0.00000000000 0.00000000000 0.00000000000 0.00000000000 0.00000000000 0.00000000000 0.00000000000 0.00000000000 0.00000000000
# sel50_fsh[2]:
 0.00000000000 0.00000000000 0.00000000000 0.00000000000 0.00000000000 0.00000000000 0.00000000000 0.00000000000 0.00000000000 0.00000000000 0.00000000000 0.00000000000 0.00000000000 0.00000000000 0.00000000000 0.00000000000 0.00000000000 0.00000000000 0.00000000000 0.00000000000 0.00000000000 0.00000000000 0.00000000000 0.00000000000 0.00000000000 0.00000000000 0.00000000000 0.00000000000 0.00000000000 0.00000000000 0.00000000000 0.00000000000 0.00000000000 0.00000000000 0.00000000000 0.00000000000 0.00000000000 0.00000000000 0.00000000000
# sel50_fsh[3]:
 0.00000000000 0.00000000000 0.00000000000 0.00000000000 0.00000000000 0.00000000000 0.00000000000 0.00000000000 0.00000000000 0.00000000000 0.00000000000 0.00000000000 0.00000000000 0.00000000000 0.00000000000 0.00000000000 0.00000000000 0.00000000000 0.00000000000 0.00000000000 0.00000000000 0.00000000000 0.00000000000 0.00000000000 0.00000000000 0.00000000000 0.00000000000 0.00000000000 0.00000000000 0.00000000000 0.00000000000 0.00000000000 0.00000000000 0.00000000000 0.00000000000 0.00000000000 0.00000000000 0.00000000000 0.00000000000 0.00000000000 0.00000000000 0.00000000000
# sel50_fsh[4]:
 0.00000000000 0.00000000000 0.00000000000 0.00000000000 0.00000000000 0.00000000000 0.00000000000 0.00000000000 0.00000000000 0.00000000000 0.00000000000 0.00000000000 0.00000000000 0.00000000000 0.00000000000 0.00000000000 0.00000000000 0.00000000000 0.00000000000 0.00000000000 0.00000000000 0.00000000000 0.00000000000 0.00000000000 0.00000000000 0.00000000000 0.00000000000 0.00000000000 0.00000000000 0.00000000000 0.00000000000 0.00000000000 0.00000000000
# logsel_p1_fsh[1]:
 0.00000000000 0.00000000000 0.00000000000 0.00000000000 0.00000000000 0.00000000000 0.00000000000 0.00000000000 0.00000000000 0.00000000000 0.00000000000 0.00000000000 0.00000000000 0.00000000000 0.00000000000 0.00000000000 0.00000000000 0.00000000000 0.00000000000 0.00000000000 0.00000000000 0.00000000000 0.00000000000 0.00000000000 0.00000000000 0.00000000000 0.00000000000 0.00000000000 0.00000000000 0.00000000000 0.00000000000 0.00000000000 0.00000000000 0.00000000000 0.00000000000 0.00000000000 0.00000000000 0.00000000000
# logsel_p1_fsh[2]:
 0.00000000000 0.00000000000 0.00000000000 0.00000000000 0.00000000000 0.00000000000 0.00000000000 0.00000000000 0.00000000000 0.00000000000 0.00000000000 0.00000000000 0.00000000000 0.00000000000 0.00000000000 0.00000000000 0.00000000000 0.00000000000 0.00000000000 0.00000000000 0.00000000000 0.00000000000 0.00000000000 0.00000000000 0.00000000000 0.00000000000 0.00000000000 0.00000000000 0.00000000000 0.00000000000 0.00000000000 0.00000000000 0.00000000000 0.00000000000 0.00000000000 0.00000000000 0.00000000000 0.00000000000 0.00000000000
# logsel_p1_fsh[3]:
 0.00000000000 0.00000000000 0.00000000000 0.00000000000 0.00000000000 0.00000000000 0.00000000000 0.00000000000 0.00000000000 0.00000000000 0.00000000000 0.00000000000 0.00000000000 0.00000000000 0.00000000000 0.00000000000 0.00000000000 0.00000000000 0.00000000000 0.00000000000 0.00000000000 0.00000000000 0.00000000000 0.00000000000 0.00000000000 0.00000000000 0.00000000000 0.00000000000 0.00000000000 0.00000000000 0.00000000000 0.00000000000 0.00000000000 0.00000000000 0.00000000000 0.00000000000 0.00000000000 0.00000000000 0.00000000000 0.00000000000 0.00000000000 0.00000000000
# logsel_p1_fsh[4]:
 0.00000000000 0.00000000000 0.00000000000 0.00000000000 0.00000000000 0.00000000000 0.00000000000 0.00000000000 0.00000000000 0.00000000000 0.00000000000 0.00000000000 0.00000000000 0.00000000000 0.00000000000 0.00000000000 0.00000000000 0.00000000000 0.00000000000 0.00000000000 0.00000000000 0.00000000000 0.00000000000 0.00000000000 0.00000000000 0.00000000000 0.00000000000 0.00000000000 0.00000000000 0.00000000000 0.00000000000 0.00000000000 0.00000000000
# logsel_p2_fsh[1]:
 0.00000000000 0.00000000000 0.00000000000 0.00000000000 0.00000000000 0.00000000000 0.00000000000 0.00000000000 0.00000000000 0.00000000000 0.00000000000 0.00000000000 0.00000000000 0.00000000000 0.00000000000 0.00000000000 0.00000000000 0.00000000000 0.00000000000 0.00000000000 0.00000000000 0.00000000000 0.00000000000 0.00000000000 0.00000000000 0.00000000000 0.00000000000 0.00000000000 0.00000000000 0.00000000000 0.00000000000 0.00000000000 0.00000000000 0.00000000000 0.00000000000 0.00000000000 0.00000000000 0.00000000000
# logsel_p2_fsh[2]:
 0.00000000000 0.00000000000 0.00000000000 0.00000000000 0.00000000000 0.00000000000 0.00000000000 0.00000000000 0.00000000000 0.00000000000 0.00000000000 0.00000000000 0.00000000000 0.00000000000 0.00000000000 0.00000000000 0.00000000000 0.00000000000 0.00000000000 0.00000000000 0.00000000000 0.00000000000 0.00000000000 0.00000000000 0.00000000000 0.00000000000 0.00000000000 0.00000000000 0.00000000000 0.00000000000 0.00000000000 0.00000000000 0.00000000000 0.00000000000 0.00000000000 0.00000000000 0.00000000000 0.00000000000 0.00000000000
# logsel_p2_fsh[3]:
 0.00000000000 0.00000000000 0.00000000000 0.00000000000 0.00000000000 0.00000000000 0.00000000000 0.00000000000 0.00000000000 0.00000000000 0.00000000000 0.00000000000 0.00000000000 0.00000000000 0.00000000000 0.00000000000 0.00000000000 0.00000000000 0.00000000000 0.00000000000 0.00000000000 0.00000000000 0.00000000000 0.00000000000 0.00000000000 0.00000000000 0.00000000000 0.00000000000 0.00000000000 0.00000000000 0.00000000000 0.00000000000 0.00000000000 0.00000000000 0.00000000000 0.00000000000 0.00000000000 0.00000000000 0.00000000000 0.00000000000 0.00000000000 0.00000000000
# logsel_p2_fsh[4]:
 0.00000000000 0.00000000000 0.00000000000 0.00000000000 0.00000000000 0.00000000000 0.00000000000 0.00000000000 0.00000000000 0.00000000000 0.00000000000 0.00000000000 0.00000000000 0.00000000000 0.00000000000 0.00000000000 0.00000000000 0.00000000000 0.00000000000 0.00000000000 0.00000000000 0.00000000000 0.00000000000 0.00000000000 0.00000000000 0.00000000000 0.00000000000 0.00000000000 0.00000000000 0.00000000000 0.00000000000 0.00000000000 0.00000000000
# logsel_p3_fsh[1]:
 0.00000000000 0.00000000000 0.00000000000 0.00000000000 0.00000000000 0.00000000000 0.00000000000 0.00000000000 0.00000000000 0.00000000000 0.00000000000 0.00000000000 0.00000000000 0.00000000000 0.00000000000 0.00000000000 0.00000000000 0.00000000000 0.00000000000 0.00000000000 0.00000000000 0.00000000000 0.00000000000 0.00000000000 0.00000000000 0.00000000000 0.00000000000 0.00000000000 0.00000000000 0.00000000000 0.00000000000 0.00000000000 0.00000000000 0.00000000000 0.00000000000 0.00000000000 0.00000000000 0.00000000000
# logsel_p3_fsh[2]:
 0.00000000000 0.00000000000 0.00000000000 0.00000000000 0.00000000000 0.00000000000 0.00000000000 0.00000000000 0.00000000000 0.00000000000 0.00000000000 0.00000000000 0.00000000000 0.00000000000 0.00000000000 0.00000000000 0.00000000000 0.00000000000 0.00000000000 0.00000000000 0.00000000000 0.00000000000 0.00000000000 0.00000000000 0.00000000000 0.00000000000 0.00000000000 0.00000000000 0.00000000000 0.00000000000 0.00000000000 0.00000000000 0.00000000000 0.00000000000 0.00000000000 0.00000000000 0.00000000000 0.00000000000 0.00000000000
# logsel_p3_fsh[3]:
 0.00000000000 0.00000000000 0.00000000000 0.00000000000 0.00000000000 0.00000000000 0.00000000000 0.00000000000 0.00000000000 0.00000000000 0.00000000000 0.00000000000 0.00000000000 0.00000000000 0.00000000000 0.00000000000 0.00000000000 0.00000000000 0.00000000000 0.00000000000 0.00000000000 0.00000000000 0.00000000000 0.00000000000 0.00000000000 0.00000000000 0.00000000000 0.00000000000 0.00000000000 0.00000000000 0.00000000000 0.00000000000 0.00000000000 0.00000000000 0.00000000000 0.00000000000 0.00000000000 0.00000000000 0.00000000000 0.00000000000 0.00000000000 0.00000000000
# logsel_p3_fsh[4]:
 0.00000000000 0.00000000000 0.00000000000 0.00000000000 0.00000000000 0.00000000000 0.00000000000 0.00000000000 0.00000000000 0.00000000000 0.00000000000 0.00000000000 0.00000000000 0.00000000000 0.00000000000 0.00000000000 0.00000000000 0.00000000000 0.00000000000 0.00000000000 0.00000000000 0.00000000000 0.00000000000 0.00000000000 0.00000000000 0.00000000000 0.00000000000 0.00000000000 0.00000000000 0.00000000000 0.00000000000 0.00000000000 0.00000000000
# rec_dev_future:
 0.00000000000 0.00000000000 0.00000000000 0.00000000000 0.00000000000 0.00000000000 0.00000000000 0.00000000000 0.00000000000 0.00000000000 0.00000000000 0.00000000000 0.00000000000 0.00000000000 0.00000000000 0.00000000000 0.00000000000 0.00000000000 0.00000000000 0.00000000000
# log_q_ind[1]:
0.382802459682
# log_q_ind[2]:
-2.37165126775
# log_q_ind[3]:
-9.31417626407
# log_q_ind[4]:
-0.313194818225
# log_q_ind[5]:
-5.71177372142
# log_q_ind[6]:
-8.10818580385
# log_q_ind[7]:
-1.16669325802
# log_q_power_ind[1]:
0.00000000000
# log_q_power_ind[2]:
0.00000000000
# log_q_power_ind[3]:
0.00000000000
# log_q_power_ind[4]:
0.00000000000
# log_q_power_ind[5]:
0.00000000000
# log_q_power_ind[6]:
0.00000000000
# log_q_power_ind[7]:
0.00000000000
# log_rw_q_ind[1]:
 -0.955255539434
# log_rw_q_ind[3]:
 -0.597649214875
# log_selcoffs_ind[1]:
 -2.10498884887 -1.29297828768 -0.687500159173 -0.258635628588 0.0198787381317 0.208178903209 0.333313902491 0.411440653177 0.452749483315 0.470033802349
 -2.73307747108 -1.93765946673 -1.18192141909 -0.526435169099 -0.0275831945223 0.304431373767 0.470347820752 0.524860793687 0.511850788546 0.473588749074
# log_selcoffs_ind[2]:
 -0.923167469239 -1.04804577171 -1.32893138176 -1.51033824570 -1.44801172510 -1.09443373481 -0.502857854777 0.215223915298 0.910153783172 1.35250838602
 0.171295940228 -0.319982912465 -0.662120112938 -0.852720884179 -0.867556719961 -0.668442945448 -0.286140163862 0.183205265145 0.614917662242 0.879950964000
 0.535862874424 0.178907411628 -0.0942077560605 -0.311560276325 -0.481017050627 -0.518923373929 -0.388228582219 -0.129627238905 0.171376394655 0.402686417387
# log_selcoffs_ind[3]:
 -0.202940821038 0.0202027052767 0.0202027052767 0.0202027052767 0.0202027052767 0.0202027052767 0.0202027052767 0.0202027052767 0.0202027052767 0.0202027052767
# log_selcoffs_ind[4]:
 -0.653308485421 -0.471170448492 -0.304930549018 -0.171434423114 -0.0613083975092 0.0428435706298 0.146396056604 0.245107837691 0.328463397335 0.383371834745
 -1.39801851964 -1.10643333001 -0.808277406605 -0.500351692537 -0.200935993193 0.0663825119695 0.291882824764 0.459008904137 0.558796004014 0.595323747977
# log_selcoffs_ind[5]:
 -3.04452005677 -0.669616569639 0.101782682789 0.174353368097 0.174353368097 0.174353368097 0.174353368097 0.174353368097 0.174353368097 0.174353368097
# log_selcoffs_ind[6]:
 -3.04452005677 -0.669616569639 0.101782682789 0.174353368097 0.174353368097 0.174353368097 0.174353368097 0.174353368097 0.174353368097 0.174353368097
# log_selcoffs_ind[7]:
 -3.04452005677 -0.669616569639 0.101782682789 0.174353368097 0.174353368097 0.174353368097 0.174353368097 0.174353368097 0.174353368097 0.174353368097
# logsel_slope_ind[1]:
 0.00000000000 0.00000000000
# logsel_slope_ind[2]:
 0.00000000000 0.00000000000 0.00000000000
# logsel_slope_ind[3]:
 0.00000000000
# logsel_slope_ind[4]:
 0.00000000000 0.00000000000
# logsel_slope_ind[5]:
 0.00000000000
# logsel_slope_ind[6]:
 0.00000000000
# logsel_slope_ind[7]:
 0.00000000000
# sel50_ind[1]:
 0.00000000000 0.00000000000
# sel50_ind[2]:
 0.00000000000 0.00000000000 0.00000000000
# sel50_ind[3]:
 0.00000000000
# sel50_ind[4]:
 0.00000000000 0.00000000000
# sel50_ind[5]:
 0.00000000000
# sel50_ind[6]:
 0.00000000000
# sel50_ind[7]:
 0.00000000000
# logsel_p1_ind[1]:
 0.00000000000 0.00000000000
# logsel_p1_ind[2]:
 0.00000000000 0.00000000000 0.00000000000
# logsel_p1_ind[3]:
 0.00000000000
# logsel_p1_ind[4]:
 0.00000000000 0.00000000000
# logsel_p1_ind[5]:
 0.00000000000
# logsel_p1_ind[6]:
 0.00000000000
# logsel_p1_ind[7]:
 0.00000000000
# sel_p2_ind[1]:
 0.00000000000 0.00000000000
# sel_p2_ind[2]:
 0.00000000000 0.00000000000 0.00000000000
# sel_p2_ind[3]:
 0.00000000000
# sel_p2_ind[4]:
 0.00000000000 0.00000000000
# sel_p2_ind[5]:
 0.00000000000
# sel_p2_ind[6]:
 0.00000000000
# sel_p2_ind[7]:
 0.00000000000
# logsel_p3_ind[1]:
 0.00000000000 0.00000000000
# logsel_p3_ind[2]:
 0.00000000000 0.00000000000 0.00000000000
# logsel_p3_ind[3]:
 0.00000000000
# logsel_p3_ind[4]:
 0.00000000000 0.00000000000
# logsel_p3_ind[5]:
 0.00000000000
# logsel_p3_ind[6]:
 0.00000000000
# logsel_p3_ind[7]:
 0.00000000000
