# Number of parameters = 1513 Objective function value = 1293.14368973197  Maximum gradient component = 0.000172376551788061
# Mest[1]:
0.280000000000
# log_Linf[1]:
4.29810139974
# log_k[1]:
-1.83258146375
# log_Lo[1]:
2.60712428251
# log_sdage[1]:
-2.40794560865
# mean_log_rec[1]:
9.41600530520
# steepness[1]:
0.650000000000
# log_Rzero[1]:
9.73176327159
# rec_dev:
 -0.0515964197453 -0.0671093575385 -0.0867350821857 -0.111389716762 -0.142083439739 -0.179710425792 -0.224211895216 -0.275020055115 -0.333882636994 -0.401251930546 -0.473013082855 -0.536845028988 -0.604668725872 -0.679296670292 -0.791531367323 -0.764575792940 -0.455220528961 -0.275016143046 0.0345987881684 0.192079506172 0.204317187718 0.206389725177 0.380291077759 0.532325019605 0.842522340677 0.480538751779 0.723510552555 1.53291237392 1.46802303652 0.702233853023 0.157386678402 0.279973205394 0.635961085193 0.752239233566 0.191243818674 0.270169156721 0.115859356782 0.0948515412313 0.241939780468 0.220023480749 0.476102787686 0.417190249987 0.441129774468 0.346855498709 -0.150232176577 -0.158126351643 -0.0374091508002 -0.507014785838 -1.58846165398 -0.555061553267 -0.217534866393 -0.900422037861 -1.21542338094 -1.33575448818 -1.23979417777 -0.727481408029 -0.641617395156 -0.00677755712357 0.530911413384 0.871819107726 0.574539730251 0.262246656739 0.440591995622 -0.286594592223 -0.584789446551 0.0840109262697 0.323648723149
# log_sigmar[1]:
-0.510825623766
# fmort:
 -4.89978606206 -4.48585509622 -5.21641102033 -4.89267345926 -4.12560346399 -3.79647616019 -3.47656837270 -3.50567411683 -2.83636983913 -2.94902270569 -3.24147158873 -2.85924658800 -2.13699136793 -3.10808253318 -2.30785564199 -2.90541941524 -5.30079399403 -3.95171948860 -4.30922695887 -4.38619593526 -4.42100756973 -4.05985814110 -3.96839290964 -3.81133755123 -4.27061606174 -3.98978353608 -3.51859574979 -4.47154873401 -5.60866409446 -4.97981457586 -4.57875361977 -3.87356525825 -4.72509602039 -4.27266620300 -4.16418704690 -3.81544625395 -3.77165153468 -3.26963613522 -2.66592180986 -3.02994017197 -2.74798979910 -4.24870866560 -5.08751800278 -4.53693084740 -4.47258959672 -4.14557418532 -4.50186576288 -4.14723716395 -5.33730037223 -5.64066866662 -4.51743157007 -4.59596488731 -4.82683438498 -5.03391339881 -4.75740349584 -4.93090339459
 -7.29236752770 -6.84942000064 -6.37334624335 -5.77225557894 -5.97880317587 -5.26602080663 -4.76232433875 -4.44387195295 -3.98010449887 -3.77581521960 -3.64470608571 -2.87812696066 -2.65345710141 -2.96209209094 -2.60423124682 -2.23808328971 -2.06645196890 -1.74062221972 -1.54549287266 -1.39173270074 -1.37489364206 -1.11912474102 -0.822302356762 -0.812130674538 -0.594973351306 -0.311708911383 -0.336203503978 -0.319095401042 -0.790078934209 -1.19247742450 -1.40630908991 -1.18772980565 -1.08850797231 -1.16689971400 -1.17513241998 -1.16662301848 -1.06038682518 -0.800742846014 -0.859943447329 -0.513168142013 -1.04962430490 -1.46250999215 -1.86020545481 -2.02397949744 -2.00896594214 -1.83873027654 -1.83203039308 -1.80552480440 -1.68277026340 -1.79477573063 -1.86608188317 -1.90886892298 -2.02834335030 -1.96253362861 -1.66569614276 -1.92732192531
 -8.60274093939 -7.86524584681 -6.95302335610 -6.07259029411 -4.86265411212 -5.97340052234 -5.56662693031 -3.24132134133 -3.58394839749 -3.87271048457 -3.79882594542 -3.80190993486 -4.85962164279 -5.05123116141 -4.77406125360 -5.50172434276 -6.37836314097 -6.44513973620 -5.27977500244 -5.36348908859 -4.96747518166 -5.02770026194 -5.43645335704 -5.34251586209 -4.93045844267 -3.73165381539 -3.30969721706 -2.51701986945 -2.66487239409 -3.70291448486 -3.68337082782 -2.80550705408 -4.57485393207 -4.36911837159 -4.48801886573 -5.14811128449 -3.70809623725 -3.59707848822 -3.65825993218 -3.78582980914 -4.93810419652 -2.71655808606 -3.36933405011 -4.11387791775 -4.19425589228 -5.40001684810 -6.00904754423 -6.86448189979 -5.46335660731 -5.11564886751 -5.50288288380 -5.75059999494 -5.41680860984 -4.98441055532 -4.87453442339 -4.70391080189
 -9.83266558689 -9.77343904027 -8.00777590843 -9.65072619077 -9.58110817203 -9.50333730569 -9.37970434771 -8.50518315854 -5.27781318610 -3.16751513890 -3.13181491170 -2.77747792167 -2.12270714235 -1.83074861774 -1.61130662770 -1.91549400018 -2.12581113541 -2.39965944827 -2.61698239859 -2.75903803428 -2.87629760256 -3.41626962316 -6.02284062878 -9.52433698847 -9.36625194998 -9.10607799828 -8.79899958053 -8.54546364756 -8.43433877315 -8.56399706331 -8.06005895713 -6.14673051093 -4.98943124638 -4.27048729287 -3.52000591448 -3.65935649992 -3.13189234190 -2.51314564003 -2.44239963639 -2.47644176442 -2.58430494249 -3.72339471810 -4.00284188400 -3.98912360557 -3.57871100007 -3.39061260276 -3.89629093284 -3.98803200509 -4.04107471126 -4.24615158148 -6.84055161001 -4.98959310454 -4.85931687684 -4.50809661948 -5.54309452207 -6.50827111713
# log_selcoffs_fsh[1]:
 -3.57435797855 -1.99115896799 -1.00935667482 -0.0247272583194 0.845219216164 0.993599801469 0.350798505021 -0.419499098041 -0.945732511111
 -3.10325341504 -1.47857951610 -0.843047511699 -0.0785991963171 0.720624146786 0.925655221208 0.427595426410 -0.252619980414 -0.728229210578
 -2.78523507764 -1.30233631106 -0.542349919725 0.159122672880 0.686720446234 0.744067371332 0.355286004492 -0.182502418571 -0.577872868098
 -2.41080823967 -1.11763137982 -0.466651002818 0.0823693199776 0.713333327395 0.714293205185 0.295370441674 -0.180630832322 -0.496995424190
 -1.81288795498 -0.283141160212 0.0118498269841 0.239624103235 0.411695891790 0.419173843464 0.189739720986 -0.132324767219 -0.377400523497
 -1.72420773122 -0.519116205568 0.443474842870 0.647367039077 0.290302874379 0.0892743333477 -0.0816360672307 -0.277948354963 -0.432526749274
 -1.45280891373 -0.394631554497 0.501585429395 0.732128497408 0.294632535684 -0.0478348118956 -0.253555836050 -0.393954637512 -0.486174157814
 -1.05108342431 -0.213699559397 0.551692368911 0.766691850683 0.211809379171 -0.167274577022 -0.384049186839 -0.494847166931 -0.542339521666
 -0.807053970787 0.245744785110 0.457465402107 0.573133325608 0.291745774571 -0.181155976777 -0.462494513791 -0.569896381280 -0.592373774562
 -0.597320448355 0.349182521662 0.583962837154 0.563721473329 0.144453150591 -0.310444239011 -0.579505713808 -0.660604365080 -0.661193435576
 -0.0590260272732 0.879897538002 0.445952036740 0.187815551167 -0.194802100089 -0.511605124017 -0.696587623578 -0.745521252460 -0.728198207408
 0.146702487227 0.840945455112 0.594579067646 0.144298213984 -0.375212894604 -0.656272362889 -0.789028081398 -0.817833031895 -0.788912990804
 -0.0835139280680 1.10121704927 0.644391352397 -0.0671392063368 -0.588780515729 -0.816348373506 -0.896250537920 -0.899287585840 -0.866543931379
 0.222223886826 1.11190340666 0.569255436187 -0.143148519050 -0.696035306452 -0.907473366401 -0.961114516818 -0.944354465592 -0.906499025120
 0.184815276179 1.18549971725 0.543028425203 -0.198149069525 -0.742896208765 -0.959971713838 -1.01226582876 -0.987335722332 -0.945146366705
 -0.239851888620 1.23888696458 0.680905804224 -0.141950752203 -0.760274945445 -0.995220274252 -1.05394393959 -1.02764117774 -0.981988717422
 -0.187241466217 1.28799798967 0.606630491909 -0.177338080711 -0.782302194218 -1.01969515269 -1.07941162147 -1.05242790949 -1.00360124273
 0.432952959637 1.04664766901 0.650639709022 -0.185513084036 -0.799054891936 -1.03071801571 -1.08558227970 -1.05147560835 -0.996869666684
 0.722766611403 1.07367268102 0.393422188628 -0.308189581183 -0.857840645220 -1.07457697924 -1.12036905673 -1.07436236574 -1.01127547337
 0.442776171715 1.17290740705 0.551821821186 -0.307697519278 -0.909508420196 -1.12529848822 -1.15613970904 -1.09094064918 -1.01562982828
 0.502721969683 1.26866118432 0.390526489790 -0.434433393250 -0.994827841309 -1.18821911004 -1.20011732313 -1.11139156230 -1.02027413468
 0.335731497764 1.29565703462 0.547452811341 -0.484653561132 -1.08327038580 -1.25473611381 -1.23731138682 -1.12203760300 -1.01205840429
 0.585425761035 1.18932627339 0.510870451484 -0.442715714372 -1.08602356976 -1.27481473582 -1.24787689036 -1.10843804169 -0.977848744469
 0.359186734855 1.33666169349 0.416567359212 -0.485488978109 -1.08123962715 -1.27293560971 -1.24766092017 -1.09439265787 -0.946039375670
 0.571471038685 1.24097027910 0.355213408241 -0.468102236490 -1.03105366185 -1.23070548425 -1.20755208663 -1.04096289382 -0.875323370436
 0.501198808161 1.18732013473 0.408672031970 -0.345008315995 -0.967163072778 -1.17608855320 -1.13406976679 -0.950395430856 -0.774287606845
 -0.0436961677655 1.20965670947 0.569373949832 -0.186797308912 -0.862745210458 -1.06965704167 -1.01370589305 -0.819367519620 -0.644472935636
 0.291699632390 1.06502852661 0.472859454395 -0.281267762004 -0.798576185460 -0.945119143297 -0.856800983036 -0.655292658697 -0.480353317412
 1.12088098929 0.618858545726 -0.0882784830774 -0.579310233002 -0.853890298836 -0.884008562713 -0.743330945867 -0.528666745119 -0.362333973998
 0.714589208061 0.950444610986 -0.0558050858677 -0.724672518994 -0.882624781972 -0.792875449889 -0.592331880302 -0.361246341887 -0.194184593608
 0.435666536362 0.965708390099 -0.115970609268 -0.703963648448 -0.811377304690 -0.669679553689 -0.422380748655 -0.176067430507 -0.00795899630363
 0.277339817376 0.621322375194 -0.0988106889453 -0.529201754093 -0.593172299351 -0.460069241027 -0.201420898848 0.0596670056016 0.232020376359
 -0.689817992225 0.283830557041 -0.0150475116105 -0.254010243154 -0.249787524439 -0.182455399440 0.0170083555236 0.242077584371 0.409550705842
 -1.33301699451 -0.463235348131 -0.366985017021 -0.147036112776 0.0567263649780 0.0917095342633 0.294398094678 0.361053416567 0.482068864557
 -1.01352093025 -0.352395310878 -0.678303558478 -0.571234651370 -0.215469789776 0.0837883071062 0.346686904265 0.515296109491 0.631104199914
 -0.392844457176 -1.25239181617 -1.24875011039 -0.809815958196 -0.298261613853 0.121565153306 0.436901921340 0.621077079014 0.706575245568
 -1.51047413544 -1.62445612371 -1.45757514840 -0.821694388691 -0.189758416379 0.216203289575 0.555995068749 0.704673960827 0.729630507767
 -2.10349817787 -1.68379021415 -1.45526010961 -0.894022332625 -0.261956255149 0.255995770027 0.567354065686 0.734052374362 0.761535519492
 -2.11223253295 -2.13037941511 -1.86339739527 -1.21731904279 -0.399579445198 0.272232933743 0.696175205765 0.802703627828 0.736181158388
 -2.33495774390 -2.28908391486 -1.91749375905 -1.19732585283 -0.418343089467 0.263657033541 0.694590230099 0.805499252072 0.766551427587
 -2.29946394406 -2.14333046897 -1.67670353336 -1.03204262161 -0.380500867374 0.133242602813 0.532553540619 0.811372473202 0.899689096764
 -2.56562701024 -2.04886104716 -1.37851791110 -0.808548948619 -0.287823354529 0.131328253972 0.427690915889 0.736314841524 0.949577645944
 -2.60880458817 -2.02103072274 -1.36914267818 -0.777408038661 -0.260845905353 0.127570060021 0.432783823705 0.726091820883 0.941936841616
# log_selcoffs_fsh[2]:
 -2.12738725835 -0.238571284172 0.531236622238 0.846818814194 0.614072547174 0.0724910140971 -0.355890443506 -0.623766709720 -0.756172122435 -0.842128740930
 -1.98821420332 -0.136915260796 -0.233451833022 0.319211396266 0.753772797301 0.577495746121 0.0573654420875 -0.360347023429 -0.526255487243 -0.563322148677
 -2.53808601059 -0.666601285047 -0.297826833769 0.141956261695 0.666077967468 0.684242000685 0.234224116627 -0.171345476645 -0.307330458073 -0.298603565205
 -2.95373002512 -1.36659156685 -0.436282272334 -0.00746901558446 0.538646913821 0.721892658959 0.309634751390 -0.00944440094978 -0.0677432459769 -0.00617191161215
 -2.56543250955 -1.01399896165 -0.942973050216 -0.432582337336 0.292582074879 0.606266045263 0.362899955613 0.195023440575 0.238862061896 0.354844831712
 -2.16887271793 -1.06840222088 -0.850891608826 -0.746126128281 -0.242070003063 0.144733093246 0.283647247604 0.390036696157 0.574353925327 0.751033118599
 -2.82929078815 -1.58515493219 -0.741985543377 -0.576714028192 -0.459547438787 -0.145116435383 0.156911724409 0.428914125067 0.699701551606 0.909466013821
 -3.37705883556 -2.38877794753 -1.60424056068 -0.902398379883 -0.318789276176 0.0675576677291 0.350881526971 0.464526507482 0.693934172467 0.899102956592
 -3.68019482606 -2.63276370856 -2.01493415620 -1.32706163872 -0.515864377541 0.0420946704317 0.443508429874 0.676749934021 0.757305551564 0.791262664338
 -3.78023466190 -2.54868270498 -1.80506536010 -1.34108554347 -0.879253090392 -0.256147866670 0.314510721508 0.827932340783 0.941331269173 0.723816940046
 -3.61036134735 -2.12871120639 -1.38134741842 -0.897649239078 -0.576407170970 -0.342616968044 0.127222876401 0.705827314626 0.934976980382 0.795266232376
 -3.52356324848 -2.03274100562 -1.22450396576 -0.757795706760 -0.382118099660 -0.0950349751497 0.380802627510 0.677660553198 0.741104708002 0.669978921180
 -3.18025553032 -1.37661404460 -0.728296538443 -0.377141036007 -0.119928609787 -0.0513956491510 0.285369006781 0.523519601684 0.610411255505 0.610394302175
 -2.71803087437 -0.989449924749 -0.368286943324 -0.101969512330 -0.0431888603335 0.0221594168571 0.225613702060 0.397827680859 0.479655466635 0.488521420608
 -2.33578811161 -0.297263895084 -0.00862479955758 -0.0683254979279 -0.186090354874 -0.120769047010 0.122088140479 0.305906228288 0.406766855127 0.424580833603
 -2.01874448660 -0.00576861816311 0.0303348076068 -0.0721401645007 -0.247880620918 -0.187798482546 0.0477875100012 0.239747509298 0.369139663337 0.429265911339
 -1.67962190547 -0.0357763559928 0.0117727081002 -0.0521565695947 -0.262361151442 -0.268784860398 -0.0468382436373 0.202227979835 0.398673248845 0.522311812652
 -1.96508656239 -0.279339887710 0.0526324408982 -0.0235628840937 -0.246571898643 -0.265414712824 -0.0601292796144 0.213256421251 0.432645921645 0.589884822574
 -2.23236217956 -0.418774054580 -0.0306759897914 -0.0193182271888 -0.238824357474 -0.231074521499 -0.00918999283960 0.259604047530 0.471150972125 0.595466243362
 -2.33195118129 -0.704780985389 -0.290648352024 -0.0964025857497 -0.186040516137 -0.178848876855 0.0582901082394 0.342202072542 0.542346902681 0.640917549125
 -2.43226213085 -0.773144540358 -0.310773734233 -0.0680058304598 -0.193215014005 -0.211535841918 0.0163489738070 0.339253635739 0.567261156978 0.676005952770
 -2.76384551474 -0.859201750231 -0.225396097786 -0.00150928354598 -0.101884640225 -0.147827208916 0.0502663396106 0.298940005647 0.511213723115 0.633265516903
 -3.12940456165 -1.52107739668 -0.369575144215 0.189832911798 0.151748784218 0.0148598181278 0.120806993203 0.293211624152 0.420142664658 0.511357605096
 -3.32875262015 -1.93778527359 -0.873721695912 -0.0616703049373 0.310969075158 0.251818129510 0.335759586668 0.423366753454 0.401720950428 0.329987946697
 -3.44510096381 -1.81169248911 -0.953230684086 -0.421049707749 0.0665401946330 0.344705963262 0.484863629833 0.568128979742 0.453533728039 0.277413583269
 -3.64620927142 -2.17433854363 -1.24752759123 -0.356375750759 0.141510770749 0.349662865644 0.479005205361 0.590812081584 0.471793426742 0.246401586861
 -3.90425587984 -2.05203230846 -1.17341045518 -0.177615634269 0.234872777560 0.387724791084 0.465561908024 0.563062004551 0.395834645963 0.123853486271
 -3.94199451937 -1.94595641853 -1.07220370342 -0.198361260559 0.207567734685 0.273965277025 0.653192600847 0.598195320839 0.298541066239 0.0403474598800
 -3.83584284685 -2.33136462850 -1.50242527144 -0.114932336991 0.431827926237 0.421295468566 0.641808301422 0.409453818315 0.216245262678 0.0544105243157
 -3.77625628164 -1.96315920877 -0.723396620937 -0.0400424984772 0.710494558635 0.501962920764 0.309214634049 0.149482786052 0.0919108897142 0.0806705333238
 -3.53269744634 -1.35207960656 -0.186283095357 0.270527900354 0.170837621679 0.112418940150 0.161007483588 0.204888087443 0.303662894982 0.411582499013
 -3.46236105688 -1.44825359976 -0.431959669299 0.00938656797676 0.147697945010 -0.0132763544563 0.0372306670517 0.272635851352 0.488902695275 0.666363381438
 -3.08882046048 -0.947651737757 -0.675330439843 -0.379046927126 -0.0785942169430 -0.0545639560216 -0.0718611594887 0.266983505982 0.644122683204 0.859078881544
 -3.84845814097 -1.50032965645 -0.667174372779 -0.163336966218 0.0861740258657 0.144741779818 0.121077835292 0.268869346507 0.524107682429 0.703733096162
 -4.32399400054 -2.16464128148 -1.19188281216 -0.545893255662 0.0397575101534 0.284842294817 0.372396699565 0.456390339319 0.556056468298 0.612761659306
 -4.77359907789 -2.80087251427 -1.58810445832 -0.770366254795 -0.184798361818 0.165561041558 0.424152880282 0.587861610379 0.641406301306 0.705436488583
 -5.06922659427 -3.39833249707 -2.19188830135 -1.13490965630 -0.179270258083 0.232240367332 0.537597312564 0.682829876733 0.641782900151 0.609003743927
 -5.15332563260 -3.54422700103 -2.68657085515 -1.76233463484 -0.659558072036 0.176685361295 0.596038176828 0.780174168859 0.727235238088 0.667376845709
 -5.16426932339 -3.64371926310 -2.46501182260 -1.84503440942 -0.999951360212 -0.238317379441 0.383137872584 0.724135954505 0.871068818102 0.974544064123
 -5.07918311469 -3.72121322129 -2.49722878337 -1.64536290877 -1.16308238502 -0.590566834060 -0.00134268735819 0.524596656438 0.905916582029 1.29886831354
 -4.95505710050 -3.39423447656 -2.11718372248 -1.22692251623 -0.848595970024 -0.739396439836 -0.472318193856 0.00753482594022 0.766643191110 1.58037117917
 -4.92408982462 -3.08558432719 -1.61209386478 -0.909779357406 -0.463290257377 -0.561968842406 -0.705410852284 -0.455485835864 0.433293515657 1.70024249463
 -5.11143968396 -3.08934240116 -1.09112422048 0.0626291776115 0.0885649265625 -0.164544216014 -0.614712628797 -0.744531369679 0.0713525836706 1.50793032961
# log_selcoffs_fsh[3]:
 -3.60683090367 -1.11531416126 0.841479581305 1.08990247178 -0.282552740095 -1.10021046738 -1.32949317738
 -3.80980422531 -0.698411182619 0.878121160076 0.809119873637 -0.0176147026582 -0.673166219507 -1.09202198819
# log_selcoffs_fsh[4]:
 -1.98416323577 -1.66186261946 -1.30347922893 -0.881342770655 -0.408029255296 0.0689020974277 0.478749964893 0.766289223770 0.910189998428
 -1.96991749721 -1.65643239181 -1.30470819840 -0.883686513675 -0.408418453353 0.0692166338508 0.479480163404 0.766385102893 0.908914885093
 -1.94270265714 -1.64595821843 -1.30898407986 -0.890403366203 -0.406908940460 0.0748936690422 0.484553163422 0.765319467769 0.902867842872
 -1.89658030048 -1.62280188107 -1.31383286979 -0.908890902784 -0.414010231356 0.0855632023624 0.495046220758 0.765634963219 0.891816547308
 -1.82460507976 -1.57467696205 -1.29101469260 -0.915634134342 -0.434559234509 0.0793719505371 0.506472580790 0.769109077121 0.879196166390
 -1.72847578307 -1.49201897495 -1.25765061210 -0.908187432241 -0.427683141112 0.0800963796383 0.506648317865 0.765103934805 0.861033804510
 -1.61365814577 -1.39928611684 -1.16378856363 -0.858604450317 -0.418440014415 0.0847006279545 0.502690238954 0.748263056683 0.835107929988
 -1.46168171679 -1.29118076027 -1.07544732443 -0.771169032154 -0.364907414922 0.0912809212616 0.482324282496 0.717884173911 0.801924029426
 -1.23735539396 -1.11698052278 -0.965510865530 -0.714720190737 -0.329242626718 0.0942768048978 0.456518415300 0.678157838828 0.763288579676
 -0.963559089338 -0.883023703124 -0.770103007129 -0.615458396940 -0.340381438120 0.0466817717368 0.400723572244 0.632153030573 0.726450877148
 -0.682278632151 -0.632776456041 -0.565437907652 -0.448568610899 -0.301236717771 -0.0416599943542 0.295638674888 0.555893598563 0.678128435399
 -0.409540281352 -0.424177558436 -0.392789613208 -0.313871641210 -0.205141628052 -0.0774424659601 0.161055719370 0.434473751573 0.597208951397
 -0.151883782995 -0.226723752361 -0.282213845099 -0.258400313577 -0.178383417674 -0.0759284981809 0.0812757045736 0.303842837249 0.478803818806
 0.0948983642519 -0.0438884083344 -0.162433289297 -0.224453932687 -0.218011455361 -0.144555135742 0.000946329988329 0.193487577499 0.343889381718
 0.329038707303 0.127286136463 -0.0630393025083 -0.207226208051 -0.269120956104 -0.234723140480 -0.111592943417 0.0588854172966 0.193081342604
 0.540629245363 0.282659625147 0.0164708613654 -0.211528479558 -0.339512564762 -0.347039390201 -0.250336975477 -0.0982244174714 0.0260841053205
 0.716018043412 0.426692561767 0.0781399581005 -0.242610133499 -0.428997435247 -0.477881930164 -0.408836862680 -0.272677897181 -0.152358047193
 0.780175802692 0.486733788785 0.161641396390 -0.207534563617 -0.456912554354 -0.556515920585 -0.523780044286 -0.410031066430 -0.300049547826
 0.825799558471 0.456690178209 0.223650864760 -0.124666408424 -0.444677550688 -0.591106372873 -0.597171467646 -0.511580411328 -0.416470418201
 0.721143903132 0.419590255544 0.251330949353 0.0278201610809 -0.298304085681 -0.523565819119 -0.576347986490 -0.532933017309 -0.470606670233
 0.488130007974 0.351600330344 0.180350214852 0.0895715031023 -0.0925016301219 -0.308113980891 -0.416006309355 -0.410527162879 -0.373102314648
 0.179141795387 0.144948991527 0.126421691425 0.0838234287595 0.0512852345311 -0.0751345602630 -0.180053377366 -0.221106882414 -0.212533424636
 -0.152698464093 -0.0722335652409 0.0556875591145 0.0971398640811 0.110682055904 0.0742241159308 -0.00183608511298 -0.0605999764673 -0.0849447319724
 -0.515715068483 -0.319299735286 -0.122812690241 0.0707652875775 0.190834264758 0.207562291539 0.148128278725 0.0786731944325 0.0354294624129
 -0.855103788433 -0.548812827206 -0.247484856778 0.0413146103712 0.266741027734 0.298112633470 0.230938140476 0.151307314700 0.0935200695585
 -1.20415015225 -0.797580254243 -0.425874098525 -0.0587781041576 0.244770764190 0.381818276868 0.345848797333 0.255597169645 0.187993193959
 -1.53484724330 -0.999503754995 -0.626781484224 -0.180075026346 0.234073893024 0.422256115531 0.433468375417 0.343790601751 0.266137280402
 -1.87951056740 -1.32252569840 -0.805252635858 -0.202791872093 0.215404942668 0.353298771521 0.411364668321 0.435346120532 0.469351303692
 -1.52704359491 -1.41992918476 -0.989660777901 -0.492387429155 -0.0213377739879 0.294709493576 0.471372185408 0.568581425228 0.625214980901
 -1.93607947380 -1.54867647757 -1.23125571348 -0.710296055451 -0.147594361519 0.269160773592 0.517320061819 0.660718619361 0.729682662475
 -1.80024654442 -1.42214186310 -1.31701362077 -0.981843666772 -0.480771960809 0.0235028195978 0.470341150939 0.778644260088 0.928158843531
 -1.56359626421 -0.977502215989 -1.05001764709 -1.01367172043 -0.686340117638 -0.180057749323 0.322998648654 0.762804007439 1.04287826515
 -1.25238277025 -0.185526088390 0.198357520216 -0.209167549384 -0.381025673501 -0.308351474696 -0.0210407434078 0.378180272904 0.691260267289
 -1.15518248036 0.190694918634 0.224823353890 -0.0347229258492 -0.282812314312 -0.364374873975 -0.171237009421 0.212527880601 0.547670866599
 -1.21966363747 -0.101895393636 0.343366891888 0.269127213896 -0.226379660334 -0.489095658844 -0.354550732779 0.123746595005 0.609344527802
 -1.25104323865 -0.177880005453 0.252360359491 0.114310613404 -0.213839130123 -0.581933447226 -0.539082691304 0.0713329619184 0.894075407908
 -0.656214291725 0.420991821029 0.310235494709 -0.0909764043188 -0.492107810180 -0.688374753653 -0.526084636430 0.0265903408735 0.667491608929
# log_sel_spl_fsh[1]:
 0.00000000000 0.00000000000 0.00000000000 0.00000000000
 0.00000000000 0.00000000000 0.00000000000 0.00000000000
 0.00000000000 0.00000000000 0.00000000000 0.00000000000
 0.00000000000 0.00000000000 0.00000000000 0.00000000000
 0.00000000000 0.00000000000 0.00000000000 0.00000000000
 0.00000000000 0.00000000000 0.00000000000 0.00000000000
 0.00000000000 0.00000000000 0.00000000000 0.00000000000
 0.00000000000 0.00000000000 0.00000000000 0.00000000000
 0.00000000000 0.00000000000 0.00000000000 0.00000000000
 0.00000000000 0.00000000000 0.00000000000 0.00000000000
 0.00000000000 0.00000000000 0.00000000000 0.00000000000
 0.00000000000 0.00000000000 0.00000000000 0.00000000000
 0.00000000000 0.00000000000 0.00000000000 0.00000000000
 0.00000000000 0.00000000000 0.00000000000 0.00000000000
 0.00000000000 0.00000000000 0.00000000000 0.00000000000
 0.00000000000 0.00000000000 0.00000000000 0.00000000000
 0.00000000000 0.00000000000 0.00000000000 0.00000000000
 0.00000000000 0.00000000000 0.00000000000 0.00000000000
 0.00000000000 0.00000000000 0.00000000000 0.00000000000
 0.00000000000 0.00000000000 0.00000000000 0.00000000000
 0.00000000000 0.00000000000 0.00000000000 0.00000000000
 0.00000000000 0.00000000000 0.00000000000 0.00000000000
 0.00000000000 0.00000000000 0.00000000000 0.00000000000
 0.00000000000 0.00000000000 0.00000000000 0.00000000000
 0.00000000000 0.00000000000 0.00000000000 0.00000000000
 0.00000000000 0.00000000000 0.00000000000 0.00000000000
 0.00000000000 0.00000000000 0.00000000000 0.00000000000
 0.00000000000 0.00000000000 0.00000000000 0.00000000000
 0.00000000000 0.00000000000 0.00000000000 0.00000000000
 0.00000000000 0.00000000000 0.00000000000 0.00000000000
 0.00000000000 0.00000000000 0.00000000000 0.00000000000
 0.00000000000 0.00000000000 0.00000000000 0.00000000000
 0.00000000000 0.00000000000 0.00000000000 0.00000000000
 0.00000000000 0.00000000000 0.00000000000 0.00000000000
 0.00000000000 0.00000000000 0.00000000000 0.00000000000
 0.00000000000 0.00000000000 0.00000000000 0.00000000000
 0.00000000000 0.00000000000 0.00000000000 0.00000000000
 0.00000000000 0.00000000000 0.00000000000 0.00000000000
 0.00000000000 0.00000000000 0.00000000000 0.00000000000
 0.00000000000 0.00000000000 0.00000000000 0.00000000000
 0.00000000000 0.00000000000 0.00000000000 0.00000000000
 0.00000000000 0.00000000000 0.00000000000 0.00000000000
 0.00000000000 0.00000000000 0.00000000000 0.00000000000
# log_sel_spl_fsh[2]:
 0.00000000000 0.00000000000 0.00000000000 0.00000000000
 0.00000000000 0.00000000000 0.00000000000 0.00000000000
 0.00000000000 0.00000000000 0.00000000000 0.00000000000
 0.00000000000 0.00000000000 0.00000000000 0.00000000000
 0.00000000000 0.00000000000 0.00000000000 0.00000000000
 0.00000000000 0.00000000000 0.00000000000 0.00000000000
 0.00000000000 0.00000000000 0.00000000000 0.00000000000
 0.00000000000 0.00000000000 0.00000000000 0.00000000000
 0.00000000000 0.00000000000 0.00000000000 0.00000000000
 0.00000000000 0.00000000000 0.00000000000 0.00000000000
 0.00000000000 0.00000000000 0.00000000000 0.00000000000
 0.00000000000 0.00000000000 0.00000000000 0.00000000000
 0.00000000000 0.00000000000 0.00000000000 0.00000000000
 0.00000000000 0.00000000000 0.00000000000 0.00000000000
 0.00000000000 0.00000000000 0.00000000000 0.00000000000
 0.00000000000 0.00000000000 0.00000000000 0.00000000000
 0.00000000000 0.00000000000 0.00000000000 0.00000000000
 0.00000000000 0.00000000000 0.00000000000 0.00000000000
 0.00000000000 0.00000000000 0.00000000000 0.00000000000
 0.00000000000 0.00000000000 0.00000000000 0.00000000000
 0.00000000000 0.00000000000 0.00000000000 0.00000000000
 0.00000000000 0.00000000000 0.00000000000 0.00000000000
 0.00000000000 0.00000000000 0.00000000000 0.00000000000
 0.00000000000 0.00000000000 0.00000000000 0.00000000000
 0.00000000000 0.00000000000 0.00000000000 0.00000000000
 0.00000000000 0.00000000000 0.00000000000 0.00000000000
 0.00000000000 0.00000000000 0.00000000000 0.00000000000
 0.00000000000 0.00000000000 0.00000000000 0.00000000000
 0.00000000000 0.00000000000 0.00000000000 0.00000000000
 0.00000000000 0.00000000000 0.00000000000 0.00000000000
 0.00000000000 0.00000000000 0.00000000000 0.00000000000
 0.00000000000 0.00000000000 0.00000000000 0.00000000000
 0.00000000000 0.00000000000 0.00000000000 0.00000000000
 0.00000000000 0.00000000000 0.00000000000 0.00000000000
 0.00000000000 0.00000000000 0.00000000000 0.00000000000
 0.00000000000 0.00000000000 0.00000000000 0.00000000000
 0.00000000000 0.00000000000 0.00000000000 0.00000000000
 0.00000000000 0.00000000000 0.00000000000 0.00000000000
 0.00000000000 0.00000000000 0.00000000000 0.00000000000
 0.00000000000 0.00000000000 0.00000000000 0.00000000000
 0.00000000000 0.00000000000 0.00000000000 0.00000000000
 0.00000000000 0.00000000000 0.00000000000 0.00000000000
 0.00000000000 0.00000000000 0.00000000000 0.00000000000
# log_sel_spl_fsh[3]:
 0.00000000000 0.00000000000 0.00000000000 0.00000000000
 0.00000000000 0.00000000000 0.00000000000 0.00000000000
# log_sel_spl_fsh[4]:
 0.00000000000 0.00000000000 0.00000000000 0.00000000000
 0.00000000000 0.00000000000 0.00000000000 0.00000000000
 0.00000000000 0.00000000000 0.00000000000 0.00000000000
 0.00000000000 0.00000000000 0.00000000000 0.00000000000
 0.00000000000 0.00000000000 0.00000000000 0.00000000000
 0.00000000000 0.00000000000 0.00000000000 0.00000000000
 0.00000000000 0.00000000000 0.00000000000 0.00000000000
 0.00000000000 0.00000000000 0.00000000000 0.00000000000
 0.00000000000 0.00000000000 0.00000000000 0.00000000000
 0.00000000000 0.00000000000 0.00000000000 0.00000000000
 0.00000000000 0.00000000000 0.00000000000 0.00000000000
 0.00000000000 0.00000000000 0.00000000000 0.00000000000
 0.00000000000 0.00000000000 0.00000000000 0.00000000000
 0.00000000000 0.00000000000 0.00000000000 0.00000000000
 0.00000000000 0.00000000000 0.00000000000 0.00000000000
 0.00000000000 0.00000000000 0.00000000000 0.00000000000
 0.00000000000 0.00000000000 0.00000000000 0.00000000000
 0.00000000000 0.00000000000 0.00000000000 0.00000000000
 0.00000000000 0.00000000000 0.00000000000 0.00000000000
 0.00000000000 0.00000000000 0.00000000000 0.00000000000
 0.00000000000 0.00000000000 0.00000000000 0.00000000000
 0.00000000000 0.00000000000 0.00000000000 0.00000000000
 0.00000000000 0.00000000000 0.00000000000 0.00000000000
 0.00000000000 0.00000000000 0.00000000000 0.00000000000
 0.00000000000 0.00000000000 0.00000000000 0.00000000000
 0.00000000000 0.00000000000 0.00000000000 0.00000000000
 0.00000000000 0.00000000000 0.00000000000 0.00000000000
 0.00000000000 0.00000000000 0.00000000000 0.00000000000
 0.00000000000 0.00000000000 0.00000000000 0.00000000000
 0.00000000000 0.00000000000 0.00000000000 0.00000000000
 0.00000000000 0.00000000000 0.00000000000 0.00000000000
 0.00000000000 0.00000000000 0.00000000000 0.00000000000
 0.00000000000 0.00000000000 0.00000000000 0.00000000000
 0.00000000000 0.00000000000 0.00000000000 0.00000000000
 0.00000000000 0.00000000000 0.00000000000 0.00000000000
 0.00000000000 0.00000000000 0.00000000000 0.00000000000
 0.00000000000 0.00000000000 0.00000000000 0.00000000000
# logsel_slope_fsh[1]:
 0.00000000000 0.00000000000 0.00000000000 0.00000000000 0.00000000000 0.00000000000 0.00000000000 0.00000000000 0.00000000000 0.00000000000 0.00000000000 0.00000000000 0.00000000000 0.00000000000 0.00000000000 0.00000000000 0.00000000000 0.00000000000 0.00000000000 0.00000000000 0.00000000000 0.00000000000 0.00000000000 0.00000000000 0.00000000000 0.00000000000 0.00000000000 0.00000000000 0.00000000000 0.00000000000 0.00000000000 0.00000000000 0.00000000000 0.00000000000 0.00000000000 0.00000000000 0.00000000000 0.00000000000 0.00000000000 0.00000000000 0.00000000000 0.00000000000 0.00000000000
# logsel_slope_fsh[2]:
 0.00000000000 0.00000000000 0.00000000000 0.00000000000 0.00000000000 0.00000000000 0.00000000000 0.00000000000 0.00000000000 0.00000000000 0.00000000000 0.00000000000 0.00000000000 0.00000000000 0.00000000000 0.00000000000 0.00000000000 0.00000000000 0.00000000000 0.00000000000 0.00000000000 0.00000000000 0.00000000000 0.00000000000 0.00000000000 0.00000000000 0.00000000000 0.00000000000 0.00000000000 0.00000000000 0.00000000000 0.00000000000 0.00000000000 0.00000000000 0.00000000000 0.00000000000 0.00000000000 0.00000000000 0.00000000000 0.00000000000 0.00000000000 0.00000000000 0.00000000000
# logsel_slope_fsh[3]:
 0.00000000000 0.00000000000
# logsel_slope_fsh[4]:
 0.00000000000 0.00000000000 0.00000000000 0.00000000000 0.00000000000 0.00000000000 0.00000000000 0.00000000000 0.00000000000 0.00000000000 0.00000000000 0.00000000000 0.00000000000 0.00000000000 0.00000000000 0.00000000000 0.00000000000 0.00000000000 0.00000000000 0.00000000000 0.00000000000 0.00000000000 0.00000000000 0.00000000000 0.00000000000 0.00000000000 0.00000000000 0.00000000000 0.00000000000 0.00000000000 0.00000000000 0.00000000000 0.00000000000 0.00000000000 0.00000000000 0.00000000000 0.00000000000
# sel50_fsh[1]:
 0.00000000000 0.00000000000 0.00000000000 0.00000000000 0.00000000000 0.00000000000 0.00000000000 0.00000000000 0.00000000000 0.00000000000 0.00000000000 0.00000000000 0.00000000000 0.00000000000 0.00000000000 0.00000000000 0.00000000000 0.00000000000 0.00000000000 0.00000000000 0.00000000000 0.00000000000 0.00000000000 0.00000000000 0.00000000000 0.00000000000 0.00000000000 0.00000000000 0.00000000000 0.00000000000 0.00000000000 0.00000000000 0.00000000000 0.00000000000 0.00000000000 0.00000000000 0.00000000000 0.00000000000 0.00000000000 0.00000000000 0.00000000000 0.00000000000 0.00000000000
# sel50_fsh[2]:
 0.00000000000 0.00000000000 0.00000000000 0.00000000000 0.00000000000 0.00000000000 0.00000000000 0.00000000000 0.00000000000 0.00000000000 0.00000000000 0.00000000000 0.00000000000 0.00000000000 0.00000000000 0.00000000000 0.00000000000 0.00000000000 0.00000000000 0.00000000000 0.00000000000 0.00000000000 0.00000000000 0.00000000000 0.00000000000 0.00000000000 0.00000000000 0.00000000000 0.00000000000 0.00000000000 0.00000000000 0.00000000000 0.00000000000 0.00000000000 0.00000000000 0.00000000000 0.00000000000 0.00000000000 0.00000000000 0.00000000000 0.00000000000 0.00000000000 0.00000000000
# sel50_fsh[3]:
 0.00000000000 0.00000000000
# sel50_fsh[4]:
 0.00000000000 0.00000000000 0.00000000000 0.00000000000 0.00000000000 0.00000000000 0.00000000000 0.00000000000 0.00000000000 0.00000000000 0.00000000000 0.00000000000 0.00000000000 0.00000000000 0.00000000000 0.00000000000 0.00000000000 0.00000000000 0.00000000000 0.00000000000 0.00000000000 0.00000000000 0.00000000000 0.00000000000 0.00000000000 0.00000000000 0.00000000000 0.00000000000 0.00000000000 0.00000000000 0.00000000000 0.00000000000 0.00000000000 0.00000000000 0.00000000000 0.00000000000 0.00000000000
# logsel_p1_fsh[1]:
 0.00000000000 0.00000000000 0.00000000000 0.00000000000 0.00000000000 0.00000000000 0.00000000000 0.00000000000 0.00000000000 0.00000000000 0.00000000000 0.00000000000 0.00000000000 0.00000000000 0.00000000000 0.00000000000 0.00000000000 0.00000000000 0.00000000000 0.00000000000 0.00000000000 0.00000000000 0.00000000000 0.00000000000 0.00000000000 0.00000000000 0.00000000000 0.00000000000 0.00000000000 0.00000000000 0.00000000000 0.00000000000 0.00000000000 0.00000000000 0.00000000000 0.00000000000 0.00000000000 0.00000000000 0.00000000000 0.00000000000 0.00000000000 0.00000000000 0.00000000000
# logsel_p1_fsh[2]:
 0.00000000000 0.00000000000 0.00000000000 0.00000000000 0.00000000000 0.00000000000 0.00000000000 0.00000000000 0.00000000000 0.00000000000 0.00000000000 0.00000000000 0.00000000000 0.00000000000 0.00000000000 0.00000000000 0.00000000000 0.00000000000 0.00000000000 0.00000000000 0.00000000000 0.00000000000 0.00000000000 0.00000000000 0.00000000000 0.00000000000 0.00000000000 0.00000000000 0.00000000000 0.00000000000 0.00000000000 0.00000000000 0.00000000000 0.00000000000 0.00000000000 0.00000000000 0.00000000000 0.00000000000 0.00000000000 0.00000000000 0.00000000000 0.00000000000 0.00000000000
# logsel_p1_fsh[3]:
 0.00000000000 0.00000000000
# logsel_p1_fsh[4]:
 0.00000000000 0.00000000000 0.00000000000 0.00000000000 0.00000000000 0.00000000000 0.00000000000 0.00000000000 0.00000000000 0.00000000000 0.00000000000 0.00000000000 0.00000000000 0.00000000000 0.00000000000 0.00000000000 0.00000000000 0.00000000000 0.00000000000 0.00000000000 0.00000000000 0.00000000000 0.00000000000 0.00000000000 0.00000000000 0.00000000000 0.00000000000 0.00000000000 0.00000000000 0.00000000000 0.00000000000 0.00000000000 0.00000000000 0.00000000000 0.00000000000 0.00000000000 0.00000000000
# logsel_p2_fsh[1]:
 0.00000000000 0.00000000000 0.00000000000 0.00000000000 0.00000000000 0.00000000000 0.00000000000 0.00000000000 0.00000000000 0.00000000000 0.00000000000 0.00000000000 0.00000000000 0.00000000000 0.00000000000 0.00000000000 0.00000000000 0.00000000000 0.00000000000 0.00000000000 0.00000000000 0.00000000000 0.00000000000 0.00000000000 0.00000000000 0.00000000000 0.00000000000 0.00000000000 0.00000000000 0.00000000000 0.00000000000 0.00000000000 0.00000000000 0.00000000000 0.00000000000 0.00000000000 0.00000000000 0.00000000000 0.00000000000 0.00000000000 0.00000000000 0.00000000000 0.00000000000
# logsel_p2_fsh[2]:
 0.00000000000 0.00000000000 0.00000000000 0.00000000000 0.00000000000 0.00000000000 0.00000000000 0.00000000000 0.00000000000 0.00000000000 0.00000000000 0.00000000000 0.00000000000 0.00000000000 0.00000000000 0.00000000000 0.00000000000 0.00000000000 0.00000000000 0.00000000000 0.00000000000 0.00000000000 0.00000000000 0.00000000000 0.00000000000 0.00000000000 0.00000000000 0.00000000000 0.00000000000 0.00000000000 0.00000000000 0.00000000000 0.00000000000 0.00000000000 0.00000000000 0.00000000000 0.00000000000 0.00000000000 0.00000000000 0.00000000000 0.00000000000 0.00000000000 0.00000000000
# logsel_p2_fsh[3]:
 0.00000000000 0.00000000000
# logsel_p2_fsh[4]:
 0.00000000000 0.00000000000 0.00000000000 0.00000000000 0.00000000000 0.00000000000 0.00000000000 0.00000000000 0.00000000000 0.00000000000 0.00000000000 0.00000000000 0.00000000000 0.00000000000 0.00000000000 0.00000000000 0.00000000000 0.00000000000 0.00000000000 0.00000000000 0.00000000000 0.00000000000 0.00000000000 0.00000000000 0.00000000000 0.00000000000 0.00000000000 0.00000000000 0.00000000000 0.00000000000 0.00000000000 0.00000000000 0.00000000000 0.00000000000 0.00000000000 0.00000000000 0.00000000000
# logsel_p3_fsh[1]:
 0.00000000000 0.00000000000 0.00000000000 0.00000000000 0.00000000000 0.00000000000 0.00000000000 0.00000000000 0.00000000000 0.00000000000 0.00000000000 0.00000000000 0.00000000000 0.00000000000 0.00000000000 0.00000000000 0.00000000000 0.00000000000 0.00000000000 0.00000000000 0.00000000000 0.00000000000 0.00000000000 0.00000000000 0.00000000000 0.00000000000 0.00000000000 0.00000000000 0.00000000000 0.00000000000 0.00000000000 0.00000000000 0.00000000000 0.00000000000 0.00000000000 0.00000000000 0.00000000000 0.00000000000 0.00000000000 0.00000000000 0.00000000000 0.00000000000 0.00000000000
# logsel_p3_fsh[2]:
 0.00000000000 0.00000000000 0.00000000000 0.00000000000 0.00000000000 0.00000000000 0.00000000000 0.00000000000 0.00000000000 0.00000000000 0.00000000000 0.00000000000 0.00000000000 0.00000000000 0.00000000000 0.00000000000 0.00000000000 0.00000000000 0.00000000000 0.00000000000 0.00000000000 0.00000000000 0.00000000000 0.00000000000 0.00000000000 0.00000000000 0.00000000000 0.00000000000 0.00000000000 0.00000000000 0.00000000000 0.00000000000 0.00000000000 0.00000000000 0.00000000000 0.00000000000 0.00000000000 0.00000000000 0.00000000000 0.00000000000 0.00000000000 0.00000000000 0.00000000000
# logsel_p3_fsh[3]:
 0.00000000000 0.00000000000
# logsel_p3_fsh[4]:
 0.00000000000 0.00000000000 0.00000000000 0.00000000000 0.00000000000 0.00000000000 0.00000000000 0.00000000000 0.00000000000 0.00000000000 0.00000000000 0.00000000000 0.00000000000 0.00000000000 0.00000000000 0.00000000000 0.00000000000 0.00000000000 0.00000000000 0.00000000000 0.00000000000 0.00000000000 0.00000000000 0.00000000000 0.00000000000 0.00000000000 0.00000000000 0.00000000000 0.00000000000 0.00000000000 0.00000000000 0.00000000000 0.00000000000 0.00000000000 0.00000000000 0.00000000000 0.00000000000
# rec_dev_future:
 0.00000000000 0.00000000000 0.00000000000 0.00000000000 0.00000000000 0.00000000000 0.00000000000 0.00000000000 0.00000000000 0.00000000000 0.00000000000 0.00000000000 0.00000000000 0.00000000000 0.00000000000 0.00000000000 0.00000000000 0.00000000000 0.00000000000 0.00000000000
# log_q_ind[1]:
-2.16223219994
# log_q_ind[2]:
-9.56239390235
# log_q_ind[3]:
-7.77041449110
# log_q_ind[4]:
-1.57444758907
# log_q_power_ind[1]:
0.00000000000
# log_q_power_ind[2]:
0.00000000000
# log_q_power_ind[3]:
0.00000000000
# log_q_power_ind[4]:
0.00000000000
# log_rw_q_ind[2]:
 -0.0459892517242
# log_rw_q_ind[4]:
 -0.707423589231
# log_selcoffs_ind[1]:
 -0.154727763381 0.143813432562 0.0784774385574 -0.149176806015 -0.292807499878 -0.266025138911 -0.116796529748 0.0680587563432 0.217003868504 0.285553517708
 0.500536312902 0.144842542284 -0.0782402882108 -0.209526834487 -0.264965229705 -0.233151797249 -0.139164880312 -0.0427162429822 0.0226517560670 0.0472485642620
 0.659605444664 0.215193525180 0.0436573917522 -0.00922282924377 -0.0899540810148 -0.187487452101 -0.260238201341 -0.293393842960 -0.284754409666 -0.250235876325
# log_selcoffs_ind[2]:
 -0.202940821038 0.0202027052767 0.0202027052767 0.0202027052767 0.0202027052767 0.0202027052767 0.0202027052767 0.0202027052767 0.0202027052767 0.0202027052767
# log_selcoffs_ind[3]:
 -3.04452005677 -0.669616569639 0.101782682789 0.174353368097 0.174353368097 0.174353368097 0.174353368097 0.174353368097 0.174353368097 0.174353368097
# log_selcoffs_ind[4]:
 -3.04452005677 -0.669616569639 0.101782682789 0.174353368097 0.174353368097 0.174353368097 0.174353368097 0.174353368097 0.174353368097 0.174353368097
# logsel_slope_ind[1]:
 0.00000000000 0.00000000000 0.00000000000
# logsel_slope_ind[2]:
 0.00000000000
# logsel_slope_ind[3]:
 0.00000000000
# logsel_slope_ind[4]:
 0.00000000000
# sel50_ind[1]:
 0.00000000000 0.00000000000 0.00000000000
# sel50_ind[2]:
 0.00000000000
# sel50_ind[3]:
 0.00000000000
# sel50_ind[4]:
 0.00000000000
# logsel_p1_ind[1]:
 0.00000000000 0.00000000000 0.00000000000
# logsel_p1_ind[2]:
 0.00000000000
# logsel_p1_ind[3]:
 0.00000000000
# logsel_p1_ind[4]:
 0.00000000000
# sel_p2_ind[1]:
 0.00000000000 0.00000000000 0.00000000000
# sel_p2_ind[2]:
 0.00000000000
# sel_p2_ind[3]:
 0.00000000000
# sel_p2_ind[4]:
 0.00000000000
# logsel_p3_ind[1]:
 0.00000000000 0.00000000000 0.00000000000
# logsel_p3_ind[2]:
 0.00000000000
# logsel_p3_ind[3]:
 0.00000000000
# logsel_p3_ind[4]:
 0.00000000000
