# Number of parameters = 1821 Objective function value = 1234.67856728878  Maximum gradient component = 0.000149430922316720
# Mest[1]:
0.280000000000
# log_Linf[1]:
4.29810139974
# log_k[1]:
-1.83258146375
# log_Lo[1]:
2.60712428251
# log_sdage[1]:
-2.40794560865
# mean_log_rec[1]:
9.37792149613
# steepness[1]:
0.650000000000
# log_Rzero[1]:
9.70957832976
# rec_dev:
 -0.0644597470375 -0.0835314106145 -0.107463021726 -0.137247018081 -0.173925636587 -0.218279212682 -0.269798334061 -0.327683111564 -0.393775635797 -0.467660116634 -0.544148030022 -0.611411710425 -0.681722458248 -0.761819108505 -0.872177178878 -0.852724670508 -0.595204034089 -0.408075613991 -0.0421939965467 0.168796721498 0.195958783834 0.225354395677 0.373977991785 0.526150840212 0.866747170285 0.587776691261 0.770395510397 1.57586664420 1.48479677903 0.749923251357 0.219394397467 0.378024900665 0.669151174397 0.794456225390 0.245836580256 0.308156361308 0.193369043122 0.142228854032 0.281562456023 0.234360814108 0.512007189049 0.492984477326 0.526721864650 0.426123764032 -0.0844362350237 -0.207176517332 -0.0552069967497 -0.528273642327 -1.57048208531 -0.588305902342 -0.249829447592 -0.901935896158 -1.19117836359 -1.30034347979 -1.21457932842 -0.725196571410 -0.697445637783 -0.166791584110 0.327640223007 0.648474533576 0.471227515743 0.227842944744 0.527886283453 0.00194853831562 -0.402895356926 0.158260582688 0.353617257069
# log_sigmar[1]:
-0.510825623766
# fmort:
 -4.83070322068 -4.40965160323 -5.13376351364 -4.80426242105 -4.03065735076 -3.69494172202 -3.36692396945 -3.37710379382 -2.67404360864 -2.75074064742 -3.02002844498 -2.63647088362 -1.91010789364 -2.88641389061 -2.07955733952 -2.69023426558 -5.11664202182 -3.81226767072 -4.21338743154 -4.31530754705 -4.37085328964 -4.03275774097 -3.95521839796 -3.79574191324 -4.25333848580 -3.97742771983 -3.52064208440 -4.47037090294 -5.59063443685 -4.94724784703 -4.55417832407 -3.87646975358 -4.74339430648 -4.30154556500 -4.17308918783 -3.78228295044 -3.72224347643 -3.21711382004 -2.61053029994 -2.93783826557 -2.61982122347 -4.11894676162 -4.96030134593 -4.38966015129 -4.29474046162 -3.94253536319 -4.26849717450 -3.87219706372 -5.03774789589 -5.32937396939 -4.19643167438 -4.26051707376 -4.48370120176 -4.70366339160 -4.44743150021 -4.65431853174
 -7.22342360435 -6.77461734729 -6.29304879800 -5.68720742880 -5.88943734147 -5.17018218380 -4.64938519369 -4.30358028216 -3.81476882452 -3.59693393882 -3.47196230412 -2.71813769221 -2.49152915174 -2.79619343895 -2.40938384258 -2.03326643229 -1.86041701185 -1.53821860683 -1.34185556051 -1.19768423181 -1.19125256207 -0.954622893420 -0.658116388221 -0.629328170456 -0.420857205067 -0.137695129140 -0.174680777561 -0.158744848965 -0.624101448856 -1.01110156097 -1.22031096466 -0.999068299076 -0.900663348724 -0.980459498290 -0.998484170722 -1.01703895331 -0.953651750426 -0.716086402791 -0.775319547550 -0.398472813593 -0.885021928638 -1.26482088414 -1.65816955480 -1.81227895221 -1.79903036299 -1.63851669210 -1.64069064087 -1.60449157932 -1.45892561586 -1.58259963727 -1.65078658851 -1.68333676613 -1.79302341513 -1.71368771889 -1.40666497836 -1.60612741852
 -8.58728959689 -7.84442480559 -6.94313565266 -6.04513743467 -4.83000774434 -5.94403142379 -5.50225910988 -3.12722954831 -3.40775400797 -3.62862868155 -3.55654877755 -3.60763541484 -4.64072090006 -4.81037048874 -4.47834683714 -5.12537261275 -6.14214797962 -6.26441763791 -4.97283366048 -5.05659792176 -4.91714210886 -5.11374903290 -5.47832610017 -5.31762038392 -4.84330747755 -3.66565043714 -3.27947697075 -2.51319991384 -2.71035678084 -3.68536718582 -3.49174699689 -2.52828670095 -4.14039269071 -3.84016863496 -4.04448736750 -4.76313864900 -3.52985375013 -3.49627141587 -3.54915040018 -3.76081987216 -4.99181276394 -2.77805583625 -3.31413320696 -4.06118687994 -4.14534669531 -5.32413712956 -5.91615219719 -6.68982957363 -5.29209583693 -4.85533829396 -5.14992447789 -5.49133198032 -5.31625827256 -4.89255937811 -4.85359820709 -4.88154683893
 -9.77402035613 -9.70752712792 -7.93452890619 -9.57032677914 -9.49247649031 -9.40515598973 -9.27141025597 -8.38393124704 -5.13999599093 -3.01266166855 -2.96812002186 -2.61041001106 -1.94689351314 -1.67540123616 -1.50499429050 -1.86603963018 -2.13261150075 -2.44285341453 -2.70191807857 -2.87367927238 -2.99141390758 -3.49208178647 -6.07085209454 -9.57587476252 -9.42451247619 -9.17599646812 -8.85928480595 -8.57302793739 -8.43095189125 -8.54768373077 -8.02799174312 -6.10225180979 -4.93750942691 -4.25320965488 -3.50768441305 -3.61270207257 -3.07358754861 -2.48930513758 -2.34702591507 -2.33417840754 -2.43908474514 -3.57141011432 -3.84776258104 -3.82746085783 -3.42094549357 -3.23857184992 -3.74884862538 -3.83361912191 -3.87070788831 -4.06229321029 -6.64035930381 -4.72845362754 -4.61266219255 -4.27250826676 -5.29266433013 -6.26847170717
# log_selcoffs_fsh[1]:
 -3.77310435731 -2.17226164048 -1.17207295815 -0.148176935521 0.797545705806 1.03116071960 0.433276116852 -0.338662286481 -0.887539627639
 -3.30464692574 -1.65921906411 -0.990438139535 -0.195722498330 0.665764413645 0.955163375085 0.508162414830 -0.162637849355 -0.649818425887
 -2.96899656500 -1.48782917669 -0.687540164561 0.0589667951556 0.641311689147 0.778934638446 0.437576579389 -0.0867769008412 -0.485675783989
 -2.56490350032 -1.27521139571 -0.618653874041 -0.0185083685048 0.679556237635 0.749175100538 0.370014385688 -0.0871658816660 -0.399234143335
 -1.92840395595 -0.403075535352 -0.105067506164 0.144074788667 0.383303556995 0.465651128928 0.279295041100 -0.0222048921599 -0.260440367115
 -1.81758088140 -0.594933217935 0.373100641308 0.593388240544 0.275453928319 0.128072651976 -0.000439357067638 -0.172449669540 -0.316472118721
 -1.53293572778 -0.459135973909 0.458539768670 0.696489403511 0.285885853851 -0.0208511640387 -0.188248068148 -0.300864917074 -0.378453984843
 -1.11658086362 -0.273359598015 0.509340393428 0.751223288618 0.212158779732 -0.142618152770 -0.329501032591 -0.411942767293 -0.441727040315
 -0.841931912903 0.191657937598 0.415306876607 0.556089721876 0.303679139013 -0.151507658862 -0.409741289649 -0.491925234321 -0.494828963763
 -0.615997660512 0.325064872093 0.543146009504 0.543694406470 0.151632139812 -0.280175552934 -0.528058718817 -0.587095246263 -0.567512703654
 -0.0781605446815 0.861316929920 0.424347925794 0.167619838186 -0.192604679927 -0.487131938866 -0.649111907014 -0.676230482926 -0.639426604562
 0.132698980091 0.821891447049 0.577778863807 0.132711181439 -0.373826386517 -0.635054980636 -0.745325898802 -0.751188510038 -0.703375813207
 -0.102531815554 1.09041521599 0.628374904695 -0.0766770843865 -0.584318861604 -0.796762187936 -0.857247294250 -0.836655019451 -0.786505745999
 0.220249354015 1.09281321820 0.558633048612 -0.151377573259 -0.689425936291 -0.885384542923 -0.921649590783 -0.882108269053 -0.827904141775
 0.187754353769 1.17516550512 0.522075917862 -0.212584929232 -0.739658575649 -0.939206396864 -0.973702789557 -0.927009421657 -0.869557526618
 -0.239875271259 1.23167062695 0.663147572832 -0.156838884227 -0.757953408637 -0.975188052601 -1.01596843059 -0.968421911149 -0.908542974502
 -0.209488973631 1.27940600438 0.596418194110 -0.184299038044 -0.775211258789 -0.997382712675 -1.04061345211 -0.993354765807 -0.930931650832
 0.393904370400 1.03431661181 0.652433368764 -0.179057280291 -0.781516242210 -1.00138015172 -1.04206247101 -0.989055223073 -0.921166225584
 0.695824099938 1.05570229433 0.395420722527 -0.292686667983 -0.830830712529 -1.03832296117 -1.07236919381 -1.00935835604 -0.933954120952
 0.428983889086 1.15127020458 0.544647094979 -0.293443053757 -0.881734216124 -1.08711124301 -1.10619138974 -1.02483060479 -0.937826180514
 0.508780492303 1.24762416119 0.372475713247 -0.431071152111 -0.970241533675 -1.15090331428 -1.14950597246 -1.04475630665 -0.942560538534
 0.378262034627 1.27340487292 0.514324042816 -0.495280744011 -1.06713106924 -1.22148566916 -1.18686612217 -1.05471854264 -0.933698092227
 0.598075760626 1.18121567818 0.474289506653 -0.463389022803 -1.07967663043 -1.24909016364 -1.20058452561 -1.04209953586 -0.899363416009
 0.360261130792 1.32597491408 0.398769762573 -0.500579537752 -1.07879572032 -1.25262219191 -1.20342144605 -1.02807252903 -0.865951670403
 0.561788736723 1.23028614556 0.342482819645 -0.479412928218 -1.03080142940 -1.21406113902 -1.16535270122 -0.973639772786 -0.791488693184
 0.508929774987 1.16121263800 0.398693359562 -0.352717310897 -0.966431641741 -1.15949420875 -1.09032645572 -0.878982997407 -0.683912113265
 -0.0571886109178 1.19149423580 0.552004108953 -0.197425362370 -0.861460619215 -1.05188618376 -0.967042421462 -0.742723744476 -0.547884998727
 0.246866512166 1.03255426126 0.468654720652 -0.280024848667 -0.788855893147 -0.919969061103 -0.801382227613 -0.567814285516 -0.371372527860
 1.06368013740 0.591345284588 -0.0798378768403 -0.565636434498 -0.833950318653 -0.848640132121 -0.677709172569 -0.430378140364 -0.242151685422
 0.645708792584 0.902622948671 -0.0686718707283 -0.708844858869 -0.859007952735 -0.751660050862 -0.520051755174 -0.255277889674 -0.0657156300059
 0.368695814003 0.900004925002 -0.161561140420 -0.717266433579 -0.793918685722 -0.628886274080 -0.349453791605 -0.0681987780133 0.123309961368
 0.208597547994 0.534179989100 -0.181305534243 -0.585739896397 -0.610040079385 -0.432364307603 -0.135658888095 0.161334231237 0.358099434381
 -0.734580248220 0.192670548667 -0.123123085864 -0.350575729222 -0.310532335587 -0.189039335965 0.0689490495444 0.333648761176 0.525395543065
 -1.33915715653 -0.535477335012 -0.478145040857 -0.263714007168 -0.0365568662353 0.0492452217982 0.319302185311 0.446299962481 0.593962032086
 -1.01934144777 -0.402338342787 -0.778192362703 -0.691595083503 -0.326492164052 0.0121365430053 0.339085182196 0.576962474241 0.738338450873
 -0.432742191526 -1.30830135670 -1.32851469752 -0.912564189678 -0.406556383971 0.0392294508051 0.411739577816 0.668484226965 0.810024206353
 -1.64079802652 -1.69605893234 -1.51883309826 -0.892600986466 -0.276713565185 0.138167086967 0.525566970144 0.744670299849 0.828818098394
 -2.32411038985 -1.83248899861 -1.53675016063 -0.950648533334 -0.318063679099 0.196010432551 0.535752403747 0.764429870987 0.850128165725
 -2.42668792283 -2.36208528846 -2.02052731116 -1.30129733862 -0.442440597735 0.243796616354 0.681203246126 0.828437009240 0.801167573129
 -2.71170451565 -2.59658039116 -2.15192145196 -1.35213740029 -0.483449571361 0.250594558798 0.705664875372 0.834849542483 0.812262454808
 -2.68121639250 -2.49675724627 -1.97675043619 -1.25136654546 -0.503864457158 0.111905490413 0.565832185851 0.862960799185 0.944239459923
 -2.92945087716 -2.40528251920 -1.71266738134 -1.07318618251 -0.447416599411 0.0791031798694 0.473009071354 0.814875749696 1.01113812163
 -2.96815753976 -2.37144161755 -1.69453448928 -1.04102132086 -0.426414159093 0.0724203839840 0.468674398396 0.804317483228 1.01431698106
# log_selcoffs_fsh[2]:
 -2.26888986864 -0.355850997878 0.426203617062 0.780334131596 0.625202558090 0.167791371771 -0.208335178522 -0.473308348215 -0.637543168547 -0.760172420577
 -2.18173585658 -0.291568593862 -0.347399266530 0.231893738655 0.719815279681 0.626658564206 0.170725246943 -0.232143749315 -0.422527739105 -0.489767121656
 -2.73163301305 -0.873975659413 -0.437050412377 0.0531821056618 0.620320212284 0.711568610136 0.324079263753 -0.0632113537162 -0.216078150185 -0.231736107220
 -3.13504412767 -1.55589503215 -0.628960441865 -0.122408557795 0.484015377467 0.734737116825 0.378455531530 0.0816670304045 0.0146256442467 0.0584608160980
 -2.73026082011 -1.18634989839 -1.11216465293 -0.585415286961 0.205706664769 0.594947479981 0.409069541964 0.267746835855 0.313354901055 0.420008803224
 -2.33668811876 -1.21627401408 -1.00307633728 -0.891224793865 -0.370859826769 0.0808737910348 0.289622711992 0.440069899664 0.641308262487 0.818916300241
 -2.99751254424 -1.73698396169 -0.868444278223 -0.704097173690 -0.583947961938 -0.249274001690 0.112286403522 0.448276945305 0.762838864437 0.991034669546
 -3.53839069564 -2.53990226542 -1.73497617142 -1.00590061558 -0.422334500523 -0.0360118725662 0.264867584054 0.448646034047 0.753790957789 1.00624607289
 -3.82404081367 -2.78344763435 -2.15158903240 -1.43567620300 -0.595624442756 -0.0363971798744 0.365473709150 0.632506547475 0.799351285873 0.915886479570
 -3.92034434606 -2.68975520802 -1.95596191550 -1.46982977077 -0.980676046124 -0.328038765680 0.251779299697 0.786873346949 0.971388021815 0.842017130291
 -3.75047100656 -2.26695664365 -1.51896351923 -1.04701791198 -0.706241091023 -0.448439541184 0.0577090463965 0.672489738859 0.972358703572 0.919539659436
 -3.66194874000 -2.17433467255 -1.36120674430 -0.884394188712 -0.512300489738 -0.210221614602 0.295507593574 0.657943786676 0.808673810479 0.816356791509
 -3.31932834456 -1.51600747286 -0.875956643699 -0.501975018864 -0.226454405560 -0.154746628033 0.203295418802 0.504954029166 0.695352075579 0.780100975620
 -2.85161167510 -1.14984956728 -0.517497792803 -0.237910255327 -0.140755205708 -0.0566777875137 0.166877550651 0.399970696408 0.581091142768 0.676154506387
 -2.46061668976 -0.449104083954 -0.207625772251 -0.212913648670 -0.278524436892 -0.175877861130 0.0970362980541 0.337238969731 0.527389640194 0.621964488445
 -2.14239460534 -0.151596498210 -0.153733262667 -0.240113649400 -0.356657642610 -0.247544800468 0.0362394201050 0.290414843584 0.500389099529 0.628755864469
 -1.83001527978 -0.175443373733 -0.156821191050 -0.211756843250 -0.380179303837 -0.341678336042 -0.0705059330742 0.247637980368 0.524917572567 0.712426266647
 -2.15269952160 -0.444676252967 -0.0981904213405 -0.166196846323 -0.350298121167 -0.337572023139 -0.0927187908448 0.242916055033 0.545473644889 0.769935446443
 -2.44104338385 -0.625636091793 -0.209674381949 -0.152794987788 -0.314691830694 -0.275942402063 -0.0284566667398 0.288858009364 0.571236562704 0.762058837078
 -2.54551295004 -0.936492617883 -0.503266603352 -0.235243822790 -0.270512297249 -0.222825635756 0.0379517314377 0.362472534259 0.631329415133 0.795580145347
 -2.61949696494 -1.00283188217 -0.528639527945 -0.231662942963 -0.287290115080 -0.272125110073 -0.0167673928565 0.351401516255 0.657886505817 0.846087530702
 -2.89181082613 -1.06169054401 -0.443824831631 -0.170283199814 -0.214256212055 -0.215786196483 0.00650318923835 0.304760542916 0.611417108407 0.830617292574
 -3.21145525066 -1.64978664023 -0.545886713511 0.0320182810169 0.0299226257494 -0.0700473500789 0.0688423565038 0.293047982785 0.524347398992 0.738068839524
 -3.39361028771 -2.03092475348 -0.995580646043 -0.187176578353 0.204401545362 0.169630846076 0.283506836387 0.419612367405 0.499263101881 0.547009832948
 -3.50279376688 -1.88633390399 -1.05030105344 -0.531948713537 -0.0234708312823 0.272036709244 0.434440317378 0.559294589813 0.531183415883 0.468158580850
 -3.69489708459 -2.24024890252 -1.31455330694 -0.430031484553 0.0614794254479 0.276087441432 0.427158693821 0.587747389716 0.549419029870 0.407590754265
 -3.96435900808 -2.10616352814 -1.23693814012 -0.244199909381 0.166462990164 0.329160342426 0.434362902701 0.577792307176 0.471077468230 0.252309815011
 -4.03804338826 -2.01085982982 -1.12332514999 -0.267823402727 0.157160368598 0.238357168407 0.642549736933 0.612608797004 0.356338916929 0.134754895082
 -3.96712389445 -2.43223191458 -1.54392138535 -0.175299168085 0.361654554646 0.406774217805 0.656375504199 0.439438114161 0.257837796872 0.121384951094
 -3.92483616108 -2.10297960191 -0.812107078992 -0.0316437697616 0.681171147020 0.488366284945 0.325079676995 0.179808877694 0.124997907169 0.118023990786
 -3.67567008732 -1.51408488696 -0.330858950394 0.206080402841 0.211042047137 0.142356268820 0.187624050733 0.237484003580 0.335667257173 0.435826107386
 -3.58035306100 -1.60300588931 -0.595537874111 -0.116286170767 0.123244787863 0.0653139262877 0.0946854046793 0.310934813137 0.519009572719 0.686286728925
 -3.15534440923 -1.06959399796 -0.823587176218 -0.520666274514 -0.163034596541 -0.0397077045965 0.0191477845557 0.329516153544 0.674310280737 0.874764661945
 -3.84669354149 -1.55115547196 -0.766350486501 -0.282082466062 -0.0122586734727 0.109671596875 0.161856616301 0.348062146011 0.575799801021 0.729207818278
 -4.28628326128 -2.14106701227 -1.22875649396 -0.625226321371 -0.0527355401629 0.218662336462 0.362969144325 0.500356060915 0.616825162566 0.646024477319
 -4.74226748173 -2.74089962512 -1.54963410728 -0.801497255329 -0.254477965340 0.0827947927338 0.370860900395 0.593794023473 0.694906056787 0.761178859306
 -5.10461285611 -3.35232794202 -2.11962851367 -1.08139043392 -0.191108058533 0.188726838004 0.489101675692 0.670325415368 0.670921243483 0.654516532484
 -5.27305278683 -3.58600475510 -2.64304296600 -1.68735974074 -0.596849204626 0.180845279386 0.574823578284 0.760316048388 0.728695845239 0.680108922552
 -5.37058939316 -3.78812737786 -2.52998080856 -1.81005898131 -0.921494680932 -0.168114260965 0.405568993117 0.724387233075 0.854149215845 0.945160991411
 -5.35623517851 -3.97167734034 -2.68010340516 -1.73166826515 -1.13251875661 -0.507914213489 0.0855760664809 0.575179663962 0.909732728251 1.24024832771
 -5.25870000253 -3.72638028382 -2.41510967677 -1.42107959880 -0.927769395140 -0.688816532797 -0.358671943197 0.134920392768 0.829545414789 1.52757188720
 -5.21686254810 -3.44178183289 -2.00701090640 -1.20630943436 -0.620427373130 -0.589127280093 -0.597963212507 -0.286931506751 0.575108096788 1.67869086410
 -5.33364866555 -3.40325535357 -1.50004597535 -0.388792362527 -0.212927023156 -0.283762074237 -0.572770992994 -0.579221287057 0.262033056010 1.62450151793
# log_selcoffs_fsh[3]:
 -1.91917205544 -1.14298295434 0.250202201999 1.06127327822 0.342364158108 -0.511577171247 -1.04341611088
 -2.28809315271 -1.19190321662 0.428864627434 1.02165505290 0.288842846840 -0.527748998652 -1.03062877324
 -2.11745808264 -0.982453091576 0.285120601519 1.00429549905 0.350912524139 -0.447816822707 -0.951967517870
 -2.95222986194 -1.49355460764 0.323365526140 1.09393710959 0.306845986967 -0.482737967566 -0.969682843342
 -3.35991646669 -1.70783087146 0.353314882740 1.01271565685 0.419426466910 -0.373278718919 -0.922322763735
 -3.53988090411 -1.87455947200 -0.148750835460 1.02951843868 0.667877323776 -0.232836901419 -0.882654818902
 -3.57601184693 -1.82291587145 -0.204400032793 1.03780110932 0.658199978027 -0.209160762251 -0.844569603018
 -3.45547050355 -1.49076709283 0.522706301312 0.819284466128 0.425494596914 -0.224356880892 -0.780036781065
 -3.19965040557 -1.27542176826 0.387947222554 0.769534156015 0.538732613724 -0.146717345365 -0.755391756085
 -2.95111450276 -0.816058431135 0.290425919059 0.846648438957 0.461007342319 -0.236050326042 -0.773661737999
 -2.95181429562 -1.16565544667 0.167205006147 1.05599474688 0.406927273702 -0.404465904441 -0.892381396381
 -2.99524131528 -1.14631123557 0.285494203386 1.05833121631 0.362601154354 -0.502332500434 -0.972832786249
 -3.03025929927 -1.16272062962 0.375894815416 1.11204418821 0.243773803470 -0.655959018485 -1.05785112185
 -2.94464002201 -0.745392416189 0.787577556887 0.831588835938 0.110559280144 -0.665619362530 -1.05859581083
 -2.95332617115 -0.943655200123 0.677085700469 0.928055610787 0.168960894658 -0.637678213233 -1.05463363281
 -2.97441386821 -0.924074416566 0.771286073520 0.951396574636 -0.0194977695397 -0.747904024306 -1.06100875604
 -2.98072027429 -0.655591987449 0.989052969727 0.752595242853 -0.193688560830 -0.822986784616 -1.03313875198
 -3.02572273299 -0.726491415767 1.12018183485 0.628379103664 -0.312743313913 -0.856644829318 -0.989207205224
 -2.91848635352 -0.300383725205 1.08776253419 0.482474129538 -0.318251654659 -0.765645028770 -0.854977788089
 -2.88276979254 -0.424534741942 1.13480407164 0.394093446834 -0.348710168780 -0.690131911881 -0.714910845879
 -2.80380491890 -0.255159199923 1.07635407957 0.301406263559 -0.345982807258 -0.567469472258 -0.503480378962
 -2.76487032865 -0.560747144621 1.08123625247 0.277368042611 -0.344652757030 -0.457295147696 -0.278657056412
 -2.55988570123 -0.817216481736 0.880552621611 0.350150995890 -0.226723609347 -0.255428802142 0.0749103147543
 -2.28580401758 -0.490423706995 0.595509109683 0.381076972838 -0.120376102527 -0.137984314560 0.223485174794
 -2.08375232212 -0.624262183763 0.392901147643 0.637460224698 -0.0338599550425 -0.179410033743 0.152265039312
 -1.84215037540 0.214550529604 0.339885876271 0.258249932832 -0.00595180687441 -0.183202629434 0.0733474466043
 -2.09838195275 -0.000893770381359 0.961675982045 0.277853798566 -0.358513341865 -0.562688543404 -0.395299277328
 -2.34134962094 -0.399362831751 1.01794593684 0.594709491819 -0.332427886516 -0.754764946871 -0.764117388047
 -2.57376704001 -0.565966729076 1.00171608905 0.690917416022 -0.232477685077 -0.798789998393 -0.928857569921
 -2.64178707996 -0.593161972501 0.618552555774 0.947585135408 0.0936996156835 -0.738128980331 -1.00994407179
 -2.52099135909 0.309792572826 0.706277156733 0.626432175144 -0.0925415677570 -0.820090334387 -1.18052369705
 -2.81122890878 -0.647530224453 1.27942788015 0.448064129676 -0.411548824898 -1.05551222076 -1.40228864866
 -2.98962784442 -0.981549352396 0.983631440119 0.920876222823 -0.224259955851 -1.05161181824 -1.42361142386
 -3.03162779108 -1.04742941271 0.654418773500 1.08204976400 0.0455639671702 -0.898883029905 -1.29998112806
 -3.02705643446 -0.949159092322 0.861372182458 0.961928992569 -0.131549303559 -0.899347786901 -1.21146853564
 -2.84396014520 -0.218289074991 1.04730190288 0.516392335630 -0.224589035522 -0.786360553582 -1.02820980062
 -2.80904235845 -0.293754700778 1.00731351176 0.539179746153 -0.200790343177 -0.685898327794 -0.868163320604
 -2.82117772032 -0.0637975046192 0.959006941865 0.441146259164 -0.161330553272 -0.610040493878 -0.811170789457
 -3.10677489903 -0.542018870401 1.08410913466 0.519286109717 -0.170526352054 -0.680244850506 -0.951046953836
 -3.38094763295 -1.20998202269 0.913809845092 0.811201936283 0.0159620064949 -0.623655098860 -0.990763207787
 -3.52957876280 -1.67435745431 0.198067133797 1.10029069145 0.386579533415 -0.391878185378 -0.888075918619
 -3.61410296838 -2.01628782156 -0.446702233972 0.930371803351 0.829091509512 -0.0938144034027 -0.769950255234
 -3.69238370433 -2.16883089988 -0.522499446598 0.774382697572 0.886867626077 0.128119685181 -0.626827288895
 -3.68302540682 -2.19975678098 -0.654326805307 0.537273177151 0.898986457328 0.417363655371 -0.418806530668
 -3.62273987682 -2.18789062677 -0.854675743989 0.274703219643 0.893197693924 0.619548624235 -0.200210614302
 -3.54873454729 -2.11360093398 -0.765453143667 0.303038825862 0.827170189056 0.583681173044 -0.0493129500008
# log_selcoffs_fsh[4]:
 -1.97865466861 -1.61282003911 -1.21721551853 -0.776422543051 -0.313127017144 0.128049755712 0.488795551002 0.730550226063 0.846716618566
 -1.96377222877 -1.60547221251 -1.21423343581 -0.773643943754 -0.310235888645 0.128665109045 0.487973397673 0.729088941038 0.844934462303
 -1.93536615247 -1.59157997641 -1.21193646121 -0.768668996987 -0.299997418608 0.135439407042 0.490116466316 0.724510573552 0.836679356068
 -1.88505062214 -1.56090191714 -1.20744263359 -0.776542265690 -0.295393322592 0.149745313427 0.496895098677 0.719931035716 0.822243220103
 -1.80665197750 -1.49280084691 -1.16415967498 -0.769533425252 -0.311694370906 0.144462035513 0.505355076560 0.718622302101 0.805957350143
 -1.70942070208 -1.38986651720 -1.10213588243 -0.750079730762 -0.298154941959 0.145093989230 0.501839532464 0.708270770077 0.781552912708
 -1.60157702124 -1.29441666532 -0.981763184792 -0.674744378275 -0.285399626124 0.148072081443 0.492674963708 0.684101556908 0.746895727006
 -1.46491205966 -1.19489435779 -0.896031737378 -0.564071580955 -0.214351709254 0.156237846814 0.465370437290 0.643018321871 0.702158845164
 -1.26552239525 -1.03265792270 -0.792727551967 -0.509033824276 -0.164202334586 0.167707105696 0.436054853239 0.593820345258 0.652073478515
 -1.03223249923 -0.820569832930 -0.601683469893 -0.410570308541 -0.170342250746 0.128160930015 0.381406347883 0.540598145491 0.604840463558
 -0.801842473675 -0.608262928123 -0.418324308665 -0.244839907751 -0.129923949524 0.0486561332922 0.282504988680 0.460844910109 0.546004223154
 -0.583426717745 -0.442113324317 -0.275936946631 -0.126180538021 -0.0324863893885 0.0181358850226 0.161735388938 0.345443450670 0.460282410470
 -0.372784777162 -0.283720667759 -0.195410594007 -0.0855220787443 -0.00430497555277 0.0329588591851 0.0981001961361 0.233526289694 0.352309081016
 -0.164659626573 -0.131092873948 -0.0977069969357 -0.0624142155433 -0.0371541828979 -0.0141354165541 0.0442912087562 0.148718525967 0.241492825263
 0.0360538740710 0.0143897915019 -0.0119297413482 -0.0431311919290 -0.0711795643305 -0.0767905266542 -0.0359616828035 0.0475647386195 0.124072373772
 0.225374985415 0.150725562207 0.0641560462263 -0.0330747014431 -0.114957986477 -0.155857230874 -0.137385576395 -0.0692502979770 -0.00100739466581
 0.399036162442 0.278898930203 0.131625452448 -0.0375349002039 -0.172953624095 -0.253112788031 -0.257788629918 -0.200467919142 -0.133035824385
 0.514237104134 0.357232722304 0.186395632642 -0.0379924841534 -0.215999457942 -0.328121614506 -0.357533043156 -0.315820247389 -0.253539893096
 0.606004860523 0.370012017173 0.232249502300 -0.0174930334901 -0.255791939575 -0.384522803756 -0.430618963025 -0.404586223101 -0.352934214110
 0.537952362672 0.352675977588 0.249400031098 0.0804551493865 -0.182469901067 -0.367978450269 -0.430916942043 -0.427641272112 -0.400033316702
 0.358046262489 0.281616969043 0.160228835886 0.106521023958 -0.0303863179634 -0.213299492205 -0.314153114822 -0.328124567736 -0.315600009616
 0.0932625142831 0.0692806290195 0.0886088390827 0.0805076050666 0.0800359909221 -0.0212930706127 -0.113119615239 -0.160662048695 -0.165887876131
 -0.211808346922 -0.126966999022 0.0119780292468 0.0812408926599 0.119902778115 0.104174728878 0.0406165576133 -0.0178055241678 -0.0487189074144
 -0.552740867810 -0.354652761037 -0.152973082018 0.0503038832133 0.183511927298 0.218630755466 0.173454801159 0.108047044753 0.0621866781607
 -0.860744389878 -0.559631909135 -0.260004368019 0.0232943298919 0.245118948745 0.297659297565 0.245818822722 0.171906108634 0.113692103634
 -1.18787908766 -0.801124835691 -0.440848137691 -0.0764672122075 0.226890998963 0.373249997553 0.355014727073 0.273574415973 0.205743354143
 -1.49978957347 -1.00054155013 -0.650726007987 -0.207342515264 0.217570549110 0.416376020843 0.439931780693 0.362387173105 0.282068255458
 -1.82004137483 -1.31342634252 -0.831061990040 -0.241942134583 0.180918069861 0.338313597407 0.423495507675 0.465351803315 0.487126956230
 -1.45880113116 -1.38557367883 -0.988661048243 -0.513460997323 -0.0485613722371 0.276281974711 0.470474794425 0.580284353966 0.635883846193
 -1.88794826571 -1.49844035306 -1.19422484908 -0.699260024798 -0.155058109068 0.254899694710 0.508246228895 0.660106301249 0.732934646564
 -1.81715569804 -1.37861070404 -1.25685885484 -0.935133147451 -0.464436260491 0.0178667417039 0.456890630368 0.769213111435 0.926147707149
 -1.64736436640 -0.988375711587 -0.996909363851 -0.956633540801 -0.648514993025 -0.172977145816 0.314596548308 0.752750977910 1.03870066106
 -1.47132085036 -0.335107397659 0.121761109218 -0.219316794152 -0.363501715479 -0.280085787548 0.0183005996547 0.429837689045 0.749589715452
 -1.39247831502 -0.000966709482122 0.101521825903 -0.0846958895274 -0.274313494297 -0.317852269267 -0.0912856977946 0.319360256368 0.667857005044
 -1.45100212872 -0.347988669801 0.140175832230 0.156516091648 -0.248789205109 -0.433677738815 -0.236348344301 0.282831611326 0.786364032744
 -1.46365518130 -0.468842037348 -0.0729680023614 -0.0985870059747 -0.287604587271 -0.536415046394 -0.395173341292 0.265125449075 1.09697103906
 -0.827319844566 0.187761860936 0.0332614076666 -0.325692174038 -0.604205190800 -0.659268809382 -0.378697179250 0.256740099734 0.939689335003
# log_sel_spl_fsh[1]:
 0.00000000000 0.00000000000 0.00000000000 0.00000000000
 0.00000000000 0.00000000000 0.00000000000 0.00000000000
 0.00000000000 0.00000000000 0.00000000000 0.00000000000
 0.00000000000 0.00000000000 0.00000000000 0.00000000000
 0.00000000000 0.00000000000 0.00000000000 0.00000000000
 0.00000000000 0.00000000000 0.00000000000 0.00000000000
 0.00000000000 0.00000000000 0.00000000000 0.00000000000
 0.00000000000 0.00000000000 0.00000000000 0.00000000000
 0.00000000000 0.00000000000 0.00000000000 0.00000000000
 0.00000000000 0.00000000000 0.00000000000 0.00000000000
 0.00000000000 0.00000000000 0.00000000000 0.00000000000
 0.00000000000 0.00000000000 0.00000000000 0.00000000000
 0.00000000000 0.00000000000 0.00000000000 0.00000000000
 0.00000000000 0.00000000000 0.00000000000 0.00000000000
 0.00000000000 0.00000000000 0.00000000000 0.00000000000
 0.00000000000 0.00000000000 0.00000000000 0.00000000000
 0.00000000000 0.00000000000 0.00000000000 0.00000000000
 0.00000000000 0.00000000000 0.00000000000 0.00000000000
 0.00000000000 0.00000000000 0.00000000000 0.00000000000
 0.00000000000 0.00000000000 0.00000000000 0.00000000000
 0.00000000000 0.00000000000 0.00000000000 0.00000000000
 0.00000000000 0.00000000000 0.00000000000 0.00000000000
 0.00000000000 0.00000000000 0.00000000000 0.00000000000
 0.00000000000 0.00000000000 0.00000000000 0.00000000000
 0.00000000000 0.00000000000 0.00000000000 0.00000000000
 0.00000000000 0.00000000000 0.00000000000 0.00000000000
 0.00000000000 0.00000000000 0.00000000000 0.00000000000
 0.00000000000 0.00000000000 0.00000000000 0.00000000000
 0.00000000000 0.00000000000 0.00000000000 0.00000000000
 0.00000000000 0.00000000000 0.00000000000 0.00000000000
 0.00000000000 0.00000000000 0.00000000000 0.00000000000
 0.00000000000 0.00000000000 0.00000000000 0.00000000000
 0.00000000000 0.00000000000 0.00000000000 0.00000000000
 0.00000000000 0.00000000000 0.00000000000 0.00000000000
 0.00000000000 0.00000000000 0.00000000000 0.00000000000
 0.00000000000 0.00000000000 0.00000000000 0.00000000000
 0.00000000000 0.00000000000 0.00000000000 0.00000000000
 0.00000000000 0.00000000000 0.00000000000 0.00000000000
 0.00000000000 0.00000000000 0.00000000000 0.00000000000
 0.00000000000 0.00000000000 0.00000000000 0.00000000000
 0.00000000000 0.00000000000 0.00000000000 0.00000000000
 0.00000000000 0.00000000000 0.00000000000 0.00000000000
 0.00000000000 0.00000000000 0.00000000000 0.00000000000
# log_sel_spl_fsh[2]:
 0.00000000000 0.00000000000 0.00000000000 0.00000000000
 0.00000000000 0.00000000000 0.00000000000 0.00000000000
 0.00000000000 0.00000000000 0.00000000000 0.00000000000
 0.00000000000 0.00000000000 0.00000000000 0.00000000000
 0.00000000000 0.00000000000 0.00000000000 0.00000000000
 0.00000000000 0.00000000000 0.00000000000 0.00000000000
 0.00000000000 0.00000000000 0.00000000000 0.00000000000
 0.00000000000 0.00000000000 0.00000000000 0.00000000000
 0.00000000000 0.00000000000 0.00000000000 0.00000000000
 0.00000000000 0.00000000000 0.00000000000 0.00000000000
 0.00000000000 0.00000000000 0.00000000000 0.00000000000
 0.00000000000 0.00000000000 0.00000000000 0.00000000000
 0.00000000000 0.00000000000 0.00000000000 0.00000000000
 0.00000000000 0.00000000000 0.00000000000 0.00000000000
 0.00000000000 0.00000000000 0.00000000000 0.00000000000
 0.00000000000 0.00000000000 0.00000000000 0.00000000000
 0.00000000000 0.00000000000 0.00000000000 0.00000000000
 0.00000000000 0.00000000000 0.00000000000 0.00000000000
 0.00000000000 0.00000000000 0.00000000000 0.00000000000
 0.00000000000 0.00000000000 0.00000000000 0.00000000000
 0.00000000000 0.00000000000 0.00000000000 0.00000000000
 0.00000000000 0.00000000000 0.00000000000 0.00000000000
 0.00000000000 0.00000000000 0.00000000000 0.00000000000
 0.00000000000 0.00000000000 0.00000000000 0.00000000000
 0.00000000000 0.00000000000 0.00000000000 0.00000000000
 0.00000000000 0.00000000000 0.00000000000 0.00000000000
 0.00000000000 0.00000000000 0.00000000000 0.00000000000
 0.00000000000 0.00000000000 0.00000000000 0.00000000000
 0.00000000000 0.00000000000 0.00000000000 0.00000000000
 0.00000000000 0.00000000000 0.00000000000 0.00000000000
 0.00000000000 0.00000000000 0.00000000000 0.00000000000
 0.00000000000 0.00000000000 0.00000000000 0.00000000000
 0.00000000000 0.00000000000 0.00000000000 0.00000000000
 0.00000000000 0.00000000000 0.00000000000 0.00000000000
 0.00000000000 0.00000000000 0.00000000000 0.00000000000
 0.00000000000 0.00000000000 0.00000000000 0.00000000000
 0.00000000000 0.00000000000 0.00000000000 0.00000000000
 0.00000000000 0.00000000000 0.00000000000 0.00000000000
 0.00000000000 0.00000000000 0.00000000000 0.00000000000
 0.00000000000 0.00000000000 0.00000000000 0.00000000000
 0.00000000000 0.00000000000 0.00000000000 0.00000000000
 0.00000000000 0.00000000000 0.00000000000 0.00000000000
 0.00000000000 0.00000000000 0.00000000000 0.00000000000
# log_sel_spl_fsh[3]:
 0.00000000000 0.00000000000 0.00000000000 0.00000000000
 0.00000000000 0.00000000000 0.00000000000 0.00000000000
 0.00000000000 0.00000000000 0.00000000000 0.00000000000
 0.00000000000 0.00000000000 0.00000000000 0.00000000000
 0.00000000000 0.00000000000 0.00000000000 0.00000000000
 0.00000000000 0.00000000000 0.00000000000 0.00000000000
 0.00000000000 0.00000000000 0.00000000000 0.00000000000
 0.00000000000 0.00000000000 0.00000000000 0.00000000000
 0.00000000000 0.00000000000 0.00000000000 0.00000000000
 0.00000000000 0.00000000000 0.00000000000 0.00000000000
 0.00000000000 0.00000000000 0.00000000000 0.00000000000
 0.00000000000 0.00000000000 0.00000000000 0.00000000000
 0.00000000000 0.00000000000 0.00000000000 0.00000000000
 0.00000000000 0.00000000000 0.00000000000 0.00000000000
 0.00000000000 0.00000000000 0.00000000000 0.00000000000
 0.00000000000 0.00000000000 0.00000000000 0.00000000000
 0.00000000000 0.00000000000 0.00000000000 0.00000000000
 0.00000000000 0.00000000000 0.00000000000 0.00000000000
 0.00000000000 0.00000000000 0.00000000000 0.00000000000
 0.00000000000 0.00000000000 0.00000000000 0.00000000000
 0.00000000000 0.00000000000 0.00000000000 0.00000000000
 0.00000000000 0.00000000000 0.00000000000 0.00000000000
 0.00000000000 0.00000000000 0.00000000000 0.00000000000
 0.00000000000 0.00000000000 0.00000000000 0.00000000000
 0.00000000000 0.00000000000 0.00000000000 0.00000000000
 0.00000000000 0.00000000000 0.00000000000 0.00000000000
 0.00000000000 0.00000000000 0.00000000000 0.00000000000
 0.00000000000 0.00000000000 0.00000000000 0.00000000000
 0.00000000000 0.00000000000 0.00000000000 0.00000000000
 0.00000000000 0.00000000000 0.00000000000 0.00000000000
 0.00000000000 0.00000000000 0.00000000000 0.00000000000
 0.00000000000 0.00000000000 0.00000000000 0.00000000000
 0.00000000000 0.00000000000 0.00000000000 0.00000000000
 0.00000000000 0.00000000000 0.00000000000 0.00000000000
 0.00000000000 0.00000000000 0.00000000000 0.00000000000
 0.00000000000 0.00000000000 0.00000000000 0.00000000000
 0.00000000000 0.00000000000 0.00000000000 0.00000000000
 0.00000000000 0.00000000000 0.00000000000 0.00000000000
 0.00000000000 0.00000000000 0.00000000000 0.00000000000
 0.00000000000 0.00000000000 0.00000000000 0.00000000000
 0.00000000000 0.00000000000 0.00000000000 0.00000000000
 0.00000000000 0.00000000000 0.00000000000 0.00000000000
 0.00000000000 0.00000000000 0.00000000000 0.00000000000
 0.00000000000 0.00000000000 0.00000000000 0.00000000000
 0.00000000000 0.00000000000 0.00000000000 0.00000000000
 0.00000000000 0.00000000000 0.00000000000 0.00000000000
# log_sel_spl_fsh[4]:
 0.00000000000 0.00000000000 0.00000000000 0.00000000000
 0.00000000000 0.00000000000 0.00000000000 0.00000000000
 0.00000000000 0.00000000000 0.00000000000 0.00000000000
 0.00000000000 0.00000000000 0.00000000000 0.00000000000
 0.00000000000 0.00000000000 0.00000000000 0.00000000000
 0.00000000000 0.00000000000 0.00000000000 0.00000000000
 0.00000000000 0.00000000000 0.00000000000 0.00000000000
 0.00000000000 0.00000000000 0.00000000000 0.00000000000
 0.00000000000 0.00000000000 0.00000000000 0.00000000000
 0.00000000000 0.00000000000 0.00000000000 0.00000000000
 0.00000000000 0.00000000000 0.00000000000 0.00000000000
 0.00000000000 0.00000000000 0.00000000000 0.00000000000
 0.00000000000 0.00000000000 0.00000000000 0.00000000000
 0.00000000000 0.00000000000 0.00000000000 0.00000000000
 0.00000000000 0.00000000000 0.00000000000 0.00000000000
 0.00000000000 0.00000000000 0.00000000000 0.00000000000
 0.00000000000 0.00000000000 0.00000000000 0.00000000000
 0.00000000000 0.00000000000 0.00000000000 0.00000000000
 0.00000000000 0.00000000000 0.00000000000 0.00000000000
 0.00000000000 0.00000000000 0.00000000000 0.00000000000
 0.00000000000 0.00000000000 0.00000000000 0.00000000000
 0.00000000000 0.00000000000 0.00000000000 0.00000000000
 0.00000000000 0.00000000000 0.00000000000 0.00000000000
 0.00000000000 0.00000000000 0.00000000000 0.00000000000
 0.00000000000 0.00000000000 0.00000000000 0.00000000000
 0.00000000000 0.00000000000 0.00000000000 0.00000000000
 0.00000000000 0.00000000000 0.00000000000 0.00000000000
 0.00000000000 0.00000000000 0.00000000000 0.00000000000
 0.00000000000 0.00000000000 0.00000000000 0.00000000000
 0.00000000000 0.00000000000 0.00000000000 0.00000000000
 0.00000000000 0.00000000000 0.00000000000 0.00000000000
 0.00000000000 0.00000000000 0.00000000000 0.00000000000
 0.00000000000 0.00000000000 0.00000000000 0.00000000000
 0.00000000000 0.00000000000 0.00000000000 0.00000000000
 0.00000000000 0.00000000000 0.00000000000 0.00000000000
 0.00000000000 0.00000000000 0.00000000000 0.00000000000
 0.00000000000 0.00000000000 0.00000000000 0.00000000000
# logsel_slope_fsh[1]:
 0.00000000000 0.00000000000 0.00000000000 0.00000000000 0.00000000000 0.00000000000 0.00000000000 0.00000000000 0.00000000000 0.00000000000 0.00000000000 0.00000000000 0.00000000000 0.00000000000 0.00000000000 0.00000000000 0.00000000000 0.00000000000 0.00000000000 0.00000000000 0.00000000000 0.00000000000 0.00000000000 0.00000000000 0.00000000000 0.00000000000 0.00000000000 0.00000000000 0.00000000000 0.00000000000 0.00000000000 0.00000000000 0.00000000000 0.00000000000 0.00000000000 0.00000000000 0.00000000000 0.00000000000 0.00000000000 0.00000000000 0.00000000000 0.00000000000 0.00000000000
# logsel_slope_fsh[2]:
 0.00000000000 0.00000000000 0.00000000000 0.00000000000 0.00000000000 0.00000000000 0.00000000000 0.00000000000 0.00000000000 0.00000000000 0.00000000000 0.00000000000 0.00000000000 0.00000000000 0.00000000000 0.00000000000 0.00000000000 0.00000000000 0.00000000000 0.00000000000 0.00000000000 0.00000000000 0.00000000000 0.00000000000 0.00000000000 0.00000000000 0.00000000000 0.00000000000 0.00000000000 0.00000000000 0.00000000000 0.00000000000 0.00000000000 0.00000000000 0.00000000000 0.00000000000 0.00000000000 0.00000000000 0.00000000000 0.00000000000 0.00000000000 0.00000000000 0.00000000000
# logsel_slope_fsh[3]:
 0.00000000000 0.00000000000 0.00000000000 0.00000000000 0.00000000000 0.00000000000 0.00000000000 0.00000000000 0.00000000000 0.00000000000 0.00000000000 0.00000000000 0.00000000000 0.00000000000 0.00000000000 0.00000000000 0.00000000000 0.00000000000 0.00000000000 0.00000000000 0.00000000000 0.00000000000 0.00000000000 0.00000000000 0.00000000000 0.00000000000 0.00000000000 0.00000000000 0.00000000000 0.00000000000 0.00000000000 0.00000000000 0.00000000000 0.00000000000 0.00000000000 0.00000000000 0.00000000000 0.00000000000 0.00000000000 0.00000000000 0.00000000000 0.00000000000 0.00000000000 0.00000000000 0.00000000000 0.00000000000
# logsel_slope_fsh[4]:
 0.00000000000 0.00000000000 0.00000000000 0.00000000000 0.00000000000 0.00000000000 0.00000000000 0.00000000000 0.00000000000 0.00000000000 0.00000000000 0.00000000000 0.00000000000 0.00000000000 0.00000000000 0.00000000000 0.00000000000 0.00000000000 0.00000000000 0.00000000000 0.00000000000 0.00000000000 0.00000000000 0.00000000000 0.00000000000 0.00000000000 0.00000000000 0.00000000000 0.00000000000 0.00000000000 0.00000000000 0.00000000000 0.00000000000 0.00000000000 0.00000000000 0.00000000000 0.00000000000
# sel50_fsh[1]:
 0.00000000000 0.00000000000 0.00000000000 0.00000000000 0.00000000000 0.00000000000 0.00000000000 0.00000000000 0.00000000000 0.00000000000 0.00000000000 0.00000000000 0.00000000000 0.00000000000 0.00000000000 0.00000000000 0.00000000000 0.00000000000 0.00000000000 0.00000000000 0.00000000000 0.00000000000 0.00000000000 0.00000000000 0.00000000000 0.00000000000 0.00000000000 0.00000000000 0.00000000000 0.00000000000 0.00000000000 0.00000000000 0.00000000000 0.00000000000 0.00000000000 0.00000000000 0.00000000000 0.00000000000 0.00000000000 0.00000000000 0.00000000000 0.00000000000 0.00000000000
# sel50_fsh[2]:
 0.00000000000 0.00000000000 0.00000000000 0.00000000000 0.00000000000 0.00000000000 0.00000000000 0.00000000000 0.00000000000 0.00000000000 0.00000000000 0.00000000000 0.00000000000 0.00000000000 0.00000000000 0.00000000000 0.00000000000 0.00000000000 0.00000000000 0.00000000000 0.00000000000 0.00000000000 0.00000000000 0.00000000000 0.00000000000 0.00000000000 0.00000000000 0.00000000000 0.00000000000 0.00000000000 0.00000000000 0.00000000000 0.00000000000 0.00000000000 0.00000000000 0.00000000000 0.00000000000 0.00000000000 0.00000000000 0.00000000000 0.00000000000 0.00000000000 0.00000000000
# sel50_fsh[3]:
 0.00000000000 0.00000000000 0.00000000000 0.00000000000 0.00000000000 0.00000000000 0.00000000000 0.00000000000 0.00000000000 0.00000000000 0.00000000000 0.00000000000 0.00000000000 0.00000000000 0.00000000000 0.00000000000 0.00000000000 0.00000000000 0.00000000000 0.00000000000 0.00000000000 0.00000000000 0.00000000000 0.00000000000 0.00000000000 0.00000000000 0.00000000000 0.00000000000 0.00000000000 0.00000000000 0.00000000000 0.00000000000 0.00000000000 0.00000000000 0.00000000000 0.00000000000 0.00000000000 0.00000000000 0.00000000000 0.00000000000 0.00000000000 0.00000000000 0.00000000000 0.00000000000 0.00000000000 0.00000000000
# sel50_fsh[4]:
 0.00000000000 0.00000000000 0.00000000000 0.00000000000 0.00000000000 0.00000000000 0.00000000000 0.00000000000 0.00000000000 0.00000000000 0.00000000000 0.00000000000 0.00000000000 0.00000000000 0.00000000000 0.00000000000 0.00000000000 0.00000000000 0.00000000000 0.00000000000 0.00000000000 0.00000000000 0.00000000000 0.00000000000 0.00000000000 0.00000000000 0.00000000000 0.00000000000 0.00000000000 0.00000000000 0.00000000000 0.00000000000 0.00000000000 0.00000000000 0.00000000000 0.00000000000 0.00000000000
# logsel_p1_fsh[1]:
 0.00000000000 0.00000000000 0.00000000000 0.00000000000 0.00000000000 0.00000000000 0.00000000000 0.00000000000 0.00000000000 0.00000000000 0.00000000000 0.00000000000 0.00000000000 0.00000000000 0.00000000000 0.00000000000 0.00000000000 0.00000000000 0.00000000000 0.00000000000 0.00000000000 0.00000000000 0.00000000000 0.00000000000 0.00000000000 0.00000000000 0.00000000000 0.00000000000 0.00000000000 0.00000000000 0.00000000000 0.00000000000 0.00000000000 0.00000000000 0.00000000000 0.00000000000 0.00000000000 0.00000000000 0.00000000000 0.00000000000 0.00000000000 0.00000000000 0.00000000000
# logsel_p1_fsh[2]:
 0.00000000000 0.00000000000 0.00000000000 0.00000000000 0.00000000000 0.00000000000 0.00000000000 0.00000000000 0.00000000000 0.00000000000 0.00000000000 0.00000000000 0.00000000000 0.00000000000 0.00000000000 0.00000000000 0.00000000000 0.00000000000 0.00000000000 0.00000000000 0.00000000000 0.00000000000 0.00000000000 0.00000000000 0.00000000000 0.00000000000 0.00000000000 0.00000000000 0.00000000000 0.00000000000 0.00000000000 0.00000000000 0.00000000000 0.00000000000 0.00000000000 0.00000000000 0.00000000000 0.00000000000 0.00000000000 0.00000000000 0.00000000000 0.00000000000 0.00000000000
# logsel_p1_fsh[3]:
 0.00000000000 0.00000000000 0.00000000000 0.00000000000 0.00000000000 0.00000000000 0.00000000000 0.00000000000 0.00000000000 0.00000000000 0.00000000000 0.00000000000 0.00000000000 0.00000000000 0.00000000000 0.00000000000 0.00000000000 0.00000000000 0.00000000000 0.00000000000 0.00000000000 0.00000000000 0.00000000000 0.00000000000 0.00000000000 0.00000000000 0.00000000000 0.00000000000 0.00000000000 0.00000000000 0.00000000000 0.00000000000 0.00000000000 0.00000000000 0.00000000000 0.00000000000 0.00000000000 0.00000000000 0.00000000000 0.00000000000 0.00000000000 0.00000000000 0.00000000000 0.00000000000 0.00000000000 0.00000000000
# logsel_p1_fsh[4]:
 0.00000000000 0.00000000000 0.00000000000 0.00000000000 0.00000000000 0.00000000000 0.00000000000 0.00000000000 0.00000000000 0.00000000000 0.00000000000 0.00000000000 0.00000000000 0.00000000000 0.00000000000 0.00000000000 0.00000000000 0.00000000000 0.00000000000 0.00000000000 0.00000000000 0.00000000000 0.00000000000 0.00000000000 0.00000000000 0.00000000000 0.00000000000 0.00000000000 0.00000000000 0.00000000000 0.00000000000 0.00000000000 0.00000000000 0.00000000000 0.00000000000 0.00000000000 0.00000000000
# logsel_p2_fsh[1]:
 0.00000000000 0.00000000000 0.00000000000 0.00000000000 0.00000000000 0.00000000000 0.00000000000 0.00000000000 0.00000000000 0.00000000000 0.00000000000 0.00000000000 0.00000000000 0.00000000000 0.00000000000 0.00000000000 0.00000000000 0.00000000000 0.00000000000 0.00000000000 0.00000000000 0.00000000000 0.00000000000 0.00000000000 0.00000000000 0.00000000000 0.00000000000 0.00000000000 0.00000000000 0.00000000000 0.00000000000 0.00000000000 0.00000000000 0.00000000000 0.00000000000 0.00000000000 0.00000000000 0.00000000000 0.00000000000 0.00000000000 0.00000000000 0.00000000000 0.00000000000
# logsel_p2_fsh[2]:
 0.00000000000 0.00000000000 0.00000000000 0.00000000000 0.00000000000 0.00000000000 0.00000000000 0.00000000000 0.00000000000 0.00000000000 0.00000000000 0.00000000000 0.00000000000 0.00000000000 0.00000000000 0.00000000000 0.00000000000 0.00000000000 0.00000000000 0.00000000000 0.00000000000 0.00000000000 0.00000000000 0.00000000000 0.00000000000 0.00000000000 0.00000000000 0.00000000000 0.00000000000 0.00000000000 0.00000000000 0.00000000000 0.00000000000 0.00000000000 0.00000000000 0.00000000000 0.00000000000 0.00000000000 0.00000000000 0.00000000000 0.00000000000 0.00000000000 0.00000000000
# logsel_p2_fsh[3]:
 0.00000000000 0.00000000000 0.00000000000 0.00000000000 0.00000000000 0.00000000000 0.00000000000 0.00000000000 0.00000000000 0.00000000000 0.00000000000 0.00000000000 0.00000000000 0.00000000000 0.00000000000 0.00000000000 0.00000000000 0.00000000000 0.00000000000 0.00000000000 0.00000000000 0.00000000000 0.00000000000 0.00000000000 0.00000000000 0.00000000000 0.00000000000 0.00000000000 0.00000000000 0.00000000000 0.00000000000 0.00000000000 0.00000000000 0.00000000000 0.00000000000 0.00000000000 0.00000000000 0.00000000000 0.00000000000 0.00000000000 0.00000000000 0.00000000000 0.00000000000 0.00000000000 0.00000000000 0.00000000000
# logsel_p2_fsh[4]:
 0.00000000000 0.00000000000 0.00000000000 0.00000000000 0.00000000000 0.00000000000 0.00000000000 0.00000000000 0.00000000000 0.00000000000 0.00000000000 0.00000000000 0.00000000000 0.00000000000 0.00000000000 0.00000000000 0.00000000000 0.00000000000 0.00000000000 0.00000000000 0.00000000000 0.00000000000 0.00000000000 0.00000000000 0.00000000000 0.00000000000 0.00000000000 0.00000000000 0.00000000000 0.00000000000 0.00000000000 0.00000000000 0.00000000000 0.00000000000 0.00000000000 0.00000000000 0.00000000000
# logsel_p3_fsh[1]:
 0.00000000000 0.00000000000 0.00000000000 0.00000000000 0.00000000000 0.00000000000 0.00000000000 0.00000000000 0.00000000000 0.00000000000 0.00000000000 0.00000000000 0.00000000000 0.00000000000 0.00000000000 0.00000000000 0.00000000000 0.00000000000 0.00000000000 0.00000000000 0.00000000000 0.00000000000 0.00000000000 0.00000000000 0.00000000000 0.00000000000 0.00000000000 0.00000000000 0.00000000000 0.00000000000 0.00000000000 0.00000000000 0.00000000000 0.00000000000 0.00000000000 0.00000000000 0.00000000000 0.00000000000 0.00000000000 0.00000000000 0.00000000000 0.00000000000 0.00000000000
# logsel_p3_fsh[2]:
 0.00000000000 0.00000000000 0.00000000000 0.00000000000 0.00000000000 0.00000000000 0.00000000000 0.00000000000 0.00000000000 0.00000000000 0.00000000000 0.00000000000 0.00000000000 0.00000000000 0.00000000000 0.00000000000 0.00000000000 0.00000000000 0.00000000000 0.00000000000 0.00000000000 0.00000000000 0.00000000000 0.00000000000 0.00000000000 0.00000000000 0.00000000000 0.00000000000 0.00000000000 0.00000000000 0.00000000000 0.00000000000 0.00000000000 0.00000000000 0.00000000000 0.00000000000 0.00000000000 0.00000000000 0.00000000000 0.00000000000 0.00000000000 0.00000000000 0.00000000000
# logsel_p3_fsh[3]:
 0.00000000000 0.00000000000 0.00000000000 0.00000000000 0.00000000000 0.00000000000 0.00000000000 0.00000000000 0.00000000000 0.00000000000 0.00000000000 0.00000000000 0.00000000000 0.00000000000 0.00000000000 0.00000000000 0.00000000000 0.00000000000 0.00000000000 0.00000000000 0.00000000000 0.00000000000 0.00000000000 0.00000000000 0.00000000000 0.00000000000 0.00000000000 0.00000000000 0.00000000000 0.00000000000 0.00000000000 0.00000000000 0.00000000000 0.00000000000 0.00000000000 0.00000000000 0.00000000000 0.00000000000 0.00000000000 0.00000000000 0.00000000000 0.00000000000 0.00000000000 0.00000000000 0.00000000000 0.00000000000
# logsel_p3_fsh[4]:
 0.00000000000 0.00000000000 0.00000000000 0.00000000000 0.00000000000 0.00000000000 0.00000000000 0.00000000000 0.00000000000 0.00000000000 0.00000000000 0.00000000000 0.00000000000 0.00000000000 0.00000000000 0.00000000000 0.00000000000 0.00000000000 0.00000000000 0.00000000000 0.00000000000 0.00000000000 0.00000000000 0.00000000000 0.00000000000 0.00000000000 0.00000000000 0.00000000000 0.00000000000 0.00000000000 0.00000000000 0.00000000000 0.00000000000 0.00000000000 0.00000000000 0.00000000000 0.00000000000
# rec_dev_future:
 0.00000000000 0.00000000000 0.00000000000 0.00000000000 0.00000000000 0.00000000000 0.00000000000 0.00000000000 0.00000000000 0.00000000000 0.00000000000 0.00000000000 0.00000000000 0.00000000000 0.00000000000 0.00000000000 0.00000000000 0.00000000000 0.00000000000 0.00000000000
# log_q_ind[1]:
-2.03908665538
# log_q_ind[2]:
-9.38075831669
# log_q_ind[3]:
-7.61397393492
# log_q_ind[4]:
-1.41920746084
# log_q_power_ind[1]:
0.00000000000
# log_q_power_ind[2]:
0.00000000000
# log_q_power_ind[3]:
0.00000000000
# log_q_power_ind[4]:
0.00000000000
# log_rw_q_ind[2]:
 -0.0409320980563
# log_rw_q_ind[4]:
 -0.615052103930
# log_selcoffs_ind[1]:
 -0.174030774913 0.122255356354 0.0394850187368 -0.205140806279 -0.356495283283 -0.318655769432 -0.137744304993 0.0927164668633 0.282655424164 0.373291313993
 0.472001873721 0.117354315787 -0.100168630809 -0.220769464232 -0.264228467477 -0.228648988480 -0.133639157230 -0.0264953440449 0.0554009008846 0.0921844107564
 0.655435119240 0.231331083612 0.0697226955656 0.0138358347460 -0.0808079663130 -0.197776628360 -0.287738940154 -0.325253784884 -0.304763210234 -0.254792439653
# log_selcoffs_ind[2]:
 -0.202940821038 0.0202027052767 0.0202027052767 0.0202027052767 0.0202027052767 0.0202027052767 0.0202027052767 0.0202027052767 0.0202027052767 0.0202027052767
# log_selcoffs_ind[3]:
 -3.04452005677 -0.669616569639 0.101782682789 0.174353368097 0.174353368097 0.174353368097 0.174353368097 0.174353368097 0.174353368097 0.174353368097
# log_selcoffs_ind[4]:
 -3.04452005677 -0.669616569639 0.101782682789 0.174353368097 0.174353368097 0.174353368097 0.174353368097 0.174353368097 0.174353368097 0.174353368097
# logsel_slope_ind[1]:
 0.00000000000 0.00000000000 0.00000000000
# logsel_slope_ind[2]:
 0.00000000000
# logsel_slope_ind[3]:
 0.00000000000
# logsel_slope_ind[4]:
 0.00000000000
# sel50_ind[1]:
 0.00000000000 0.00000000000 0.00000000000
# sel50_ind[2]:
 0.00000000000
# sel50_ind[3]:
 0.00000000000
# sel50_ind[4]:
 0.00000000000
# logsel_p1_ind[1]:
 0.00000000000 0.00000000000 0.00000000000
# logsel_p1_ind[2]:
 0.00000000000
# logsel_p1_ind[3]:
 0.00000000000
# logsel_p1_ind[4]:
 0.00000000000
# sel_p2_ind[1]:
 0.00000000000 0.00000000000 0.00000000000
# sel_p2_ind[2]:
 0.00000000000
# sel_p2_ind[3]:
 0.00000000000
# sel_p2_ind[4]:
 0.00000000000
# logsel_p3_ind[1]:
 0.00000000000 0.00000000000 0.00000000000
# logsel_p3_ind[2]:
 0.00000000000
# logsel_p3_ind[3]:
 0.00000000000
# logsel_p3_ind[4]:
 0.00000000000
