# Number of parameters = 480 Objective function value = 1544.12274846084  Maximum gradient component = 8.64272862328349e-05
# Mest[1]:
0.280000000000
# log_Linf[1]:
4.29810139974
# log_k[1]:
-1.83258146375
# log_Lo[1]:
2.60712428251
# log_sdage[1]:
-2.40794560865
# mean_log_rec[1]:
9.66771627894
# steepness[1]:
0.650000000000
# log_Rzero[1]:
9.56865582829
# rec_dev:
 -0.0173236428615 -0.0227738786768 -0.0298506262106 -0.0390191111398 -0.0508558374358 -0.0660904672696 -0.0854644683590 -0.109212874053 -0.138219383286 -0.174134512767 -0.217018531682 -0.254800836924 -0.300202793975 -0.385793515311 -0.510027991347 -0.455684297031 -0.119998142953 0.0552134586263 0.386713191356 0.564284183733 0.511532728118 0.542797975417 0.675559560550 0.758703979204 1.04755943113 0.575080299254 0.686775721079 1.51751421726 1.38280276723 0.469163719548 -0.156088876660 -0.0427334759158 0.327369477610 0.491605218000 -0.0389414805499 0.0380806849352 -0.106332659696 -0.118101924917 0.160716710500 0.219998253780 0.458142715270 0.334317028341 0.300639290119 0.167180405063 -0.378505958030 -0.452685249775 -0.358005927391 -0.917586608106 -2.07440765028 -1.03227624220 -0.616873566881 -1.06652443736 -1.19798790598 -1.24593251253 -1.05657324421 -0.417071203299 -0.353926300993 0.0995924416797 0.371379639108 0.583168811352 0.329356979352 0.0750176127811 0.302399651342 -0.341174798652 -0.750153868225 -0.109181614432 0.304790309701
# log_sigmar[1]:
-0.510825623766
# fmort:
 -5.23108609825 -4.84911694113 -5.60995469292 -5.31315882889 -4.57372385689 -4.27764961343 -4.00415204395 -4.10137160314 -3.55508210092 -3.81390229393 -4.22828912434 -3.91592572297 -3.30049239889 -4.33364340359 -3.54754744053 -4.04179431918 -6.38327190548 -5.06829161907 -5.19045700909 -4.86037910992 -4.74067692289 -4.34979385087 -4.26316103837 -3.97997672043 -4.39850281676 -4.18601312492 -3.64682605380 -4.58165456621 -5.83698029193 -5.29128406337 -4.98284479349 -4.08181330275 -4.92857950282 -4.45124597261 -4.32536544504 -4.02245569934 -3.97489141609 -3.51423093477 -2.99080965826 -3.44333007942 -3.14045104667 -4.78399444464 -5.77268003614 -5.26738114782 -5.40497714811 -5.44616921005 -5.37904041864 -4.96000159391 -6.35043565535 -6.84158501519 -5.68454824692 -5.73091208784 -5.79111450795 -5.86107038783 -5.41922436340 -5.45793733319
 -7.64177084636 -7.23156557727 -6.78525166196 -6.20958481127 -6.43903303866 -5.75330285585 -5.28556737811 -5.00453445812 -4.59206374612 -4.42661911498 -4.31566560608 -3.59081463931 -3.43514140863 -3.75497250749 -3.62213342950 -3.42953709471 -3.38470220338 -3.16279477884 -3.16491035061 -3.06429719257 -2.83692385495 -2.44568365825 -2.20414898708 -2.14877556381 -1.70397393815 -1.25187643920 -1.13730232950 -1.08599960599 -1.60205425610 -1.93558034340 -2.20307946246 -2.03543455188 -2.11465774048 -2.22563411913 -2.16555640655 -2.14043759492 -2.01288495217 -1.81076219796 -1.95617466170 -1.62783233131 -2.27062255450 -2.73820417894 -2.85091361552 -2.89691779803 -2.82839323700 -2.77934132039 -2.69973995496 -2.78828872932 -2.85832630640 -3.07927587986 -3.25790264187 -3.38566856849 -3.59555359774 -3.48869109239 -3.07645661141 -2.87585376920
 -8.97404246322 -8.26505422580 -7.35595226244 -6.52029679366 -5.33152977232 -6.43809251616 -6.05373729885 -3.76322596418 -4.21211412639 -4.57155145048 -4.57605804160 -4.64229047074 -5.73625068730 -5.91977022387 -5.60958292802 -6.29578073270 -7.18719447158 -7.03719737691 -5.69490558019 -5.84692761297 -5.43283932691 -5.30351308615 -5.53243686807 -5.38094897094 -5.00533629005 -3.89897169817 -3.53056614578 -2.87727203729 -3.32601145432 -4.53495608000 -4.43395359353 -3.52449641600 -5.22681228983 -4.92372069478 -4.95428461866 -5.56232879948 -4.09313279664 -3.97979022809 -4.04912679255 -4.24953941533 -5.52894637512 -3.24365680680 -3.82111288696 -4.58924517552 -4.78894994751 -6.03766979005 -6.68687819715 -7.56949580133 -6.06900151788 -5.50624758890 -5.74329121472 -5.95813227882 -5.66425062065 -5.21050606771 -5.10127250442 -4.96897680975
 -10.0539272883 -10.0386197783 -8.31356460153 -9.99316312910 -9.96071206765 -9.92419267091 -9.84605473440 -9.02757394306 -5.87424925856 -3.86312711484 -3.93054040330 -3.67830691216 -3.15826017942 -2.98224734720 -2.84016770561 -3.16761716252 -3.23238200437 -3.31046839347 -3.36070863250 -3.39402640107 -3.45573201789 -3.91955267870 -6.48975675605 -10.0289644961 -9.92819578966 -9.72686857832 -9.44652000951 -9.16110811579 -8.93285812027 -8.82056993780 -7.97675275358 -5.84389902315 -4.53484192792 -3.83666433725 -3.22228452587 -3.40441261167 -2.93353314235 -2.57328360998 -2.44194456958 -2.31263863487 -2.52668599012 -3.78130508216 -4.20430045496 -4.21660408883 -3.83240317540 -3.71708557139 -4.35096347230 -4.53597016998 -4.56837741640 -4.81269852670 -7.32770448687 -5.11534345680 -4.96219373857 -4.60578928643 -5.82281824072 -6.74700972352
# log_selcoffs_fsh[1]:
 -2.17665460568 -0.739423371834 -0.317911389579 0.347971458824 0.955618439802 0.791781584894 -0.163878589823 -1.01224396538 -1.40453910525
 -0.623385337391 0.926562409963 0.485588233241 0.467478241382 -0.0347901428094 -0.430132981961 -0.751300604827 -1.05403896487 -1.27133682776
 0.364816529041 1.28877255085 -0.0531285449352 -0.563487514913 -0.667667245994 -0.646898417915 -0.617282658407 -0.757702607556 -0.996362311476
 -0.776964052349 -0.664794654973 -0.852017646240 -0.373955321537 0.198313616133 0.530777165109 0.689005729873 0.308830240052 -0.449265509880
# log_selcoffs_fsh[2]:
 -1.86204957941 0.0589321011571 0.369167480319 0.581588056672 0.628032226683 0.342022515504 -0.201481149192 -0.453526387405 -0.692315084624 -1.15993748364
 -2.31198941233 -0.235357964640 -0.123740374667 0.0707096980666 0.178205349233 0.302611633493 0.534756410923 0.479692221812 -0.0613490411835 -1.07234404420
 -3.17662060263 -1.03252384879 -0.306700229168 0.439771175205 0.597726693693 0.390417501688 0.438895506797 0.219566476226 -0.212044198707 -0.884535874880
 -3.96625827484 -1.57922880551 -0.902757323657 -0.275474085757 0.252530343147 0.429004404197 0.469017255910 0.522991150064 0.378443070505 0.0409062988247
# log_selcoffs_fsh[3]:
 -2.99534987720 -1.23287252636 0.659505234084 1.32149428422 -0.387558004456 -1.66082803142 -2.23512941975
 -3.27896554005 -0.411149070702 1.39050749603 0.422658076893 -0.790871964471 -1.67544360591 -2.15528787020
 -3.36685228482 -0.211167349670 1.13549392823 0.718088295610 -0.441101472551 -1.45621727553 -2.15244764184
 -3.67468272091 -0.893828106773 0.672923636010 0.774678378744 0.525631396979 -0.506813140145 -1.95359393741
# log_selcoffs_fsh[4]:
 -1.51082685230 -1.24683245006 -0.998285171393 -0.552066538765 -0.0779944406322 0.0352137748273 0.199472981143 0.566219297982 0.957211902219
 -1.57844336734 -0.837477246829 -0.906715892169 -0.783561386063 -0.538812225273 -0.297474887035 0.0341954490041 0.592846483490 1.20304096737
 -1.66497197444 0.0745422857284 0.131260093464 -0.138655209979 -0.393095046324 -0.542440533929 -0.366544723745 0.215448779330 0.929319377773
# log_sel_spl_fsh[1]:
 0.00000000000 0.00000000000 0.00000000000 0.00000000000
 0.00000000000 0.00000000000 0.00000000000 0.00000000000
 0.00000000000 0.00000000000 0.00000000000 0.00000000000
 0.00000000000 0.00000000000 0.00000000000 0.00000000000
# log_sel_spl_fsh[2]:
 0.00000000000 0.00000000000 0.00000000000 0.00000000000
 0.00000000000 0.00000000000 0.00000000000 0.00000000000
 0.00000000000 0.00000000000 0.00000000000 0.00000000000
 0.00000000000 0.00000000000 0.00000000000 0.00000000000
# log_sel_spl_fsh[3]:
 0.00000000000 0.00000000000 0.00000000000 0.00000000000
 0.00000000000 0.00000000000 0.00000000000 0.00000000000
 0.00000000000 0.00000000000 0.00000000000 0.00000000000
 0.00000000000 0.00000000000 0.00000000000 0.00000000000
# log_sel_spl_fsh[4]:
 0.00000000000 0.00000000000 0.00000000000 0.00000000000
 0.00000000000 0.00000000000 0.00000000000 0.00000000000
 0.00000000000 0.00000000000 0.00000000000 0.00000000000
# logsel_slope_fsh[1]:
 0.00000000000 0.00000000000 0.00000000000 0.00000000000
# logsel_slope_fsh[2]:
 0.00000000000 0.00000000000 0.00000000000 0.00000000000
# logsel_slope_fsh[3]:
 0.00000000000 0.00000000000 0.00000000000 0.00000000000
# logsel_slope_fsh[4]:
 0.00000000000 0.00000000000 0.00000000000
# sel50_fsh[1]:
 0.00000000000 0.00000000000 0.00000000000 0.00000000000
# sel50_fsh[2]:
 0.00000000000 0.00000000000 0.00000000000 0.00000000000
# sel50_fsh[3]:
 0.00000000000 0.00000000000 0.00000000000 0.00000000000
# sel50_fsh[4]:
 0.00000000000 0.00000000000 0.00000000000
# logsel_p1_fsh[1]:
 0.00000000000 0.00000000000 0.00000000000 0.00000000000
# logsel_p1_fsh[2]:
 0.00000000000 0.00000000000 0.00000000000 0.00000000000
# logsel_p1_fsh[3]:
 0.00000000000 0.00000000000 0.00000000000 0.00000000000
# logsel_p1_fsh[4]:
 0.00000000000 0.00000000000 0.00000000000
# logsel_p2_fsh[1]:
 0.00000000000 0.00000000000 0.00000000000 0.00000000000
# logsel_p2_fsh[2]:
 0.00000000000 0.00000000000 0.00000000000 0.00000000000
# logsel_p2_fsh[3]:
 0.00000000000 0.00000000000 0.00000000000 0.00000000000
# logsel_p2_fsh[4]:
 0.00000000000 0.00000000000 0.00000000000
# logsel_p3_fsh[1]:
 0.00000000000 0.00000000000 0.00000000000 0.00000000000
# logsel_p3_fsh[2]:
 0.00000000000 0.00000000000 0.00000000000 0.00000000000
# logsel_p3_fsh[3]:
 0.00000000000 0.00000000000 0.00000000000 0.00000000000
# logsel_p3_fsh[4]:
 0.00000000000 0.00000000000 0.00000000000
# rec_dev_future:
 0.00000000000 0.00000000000 0.00000000000 0.00000000000 0.00000000000 0.00000000000 0.00000000000 0.00000000000 0.00000000000 0.00000000000 0.00000000000 0.00000000000 0.00000000000 0.00000000000 0.00000000000 0.00000000000 0.00000000000 0.00000000000 0.00000000000 0.00000000000
# log_q_ind[1]:
-2.81057224708
# log_q_ind[2]:
-10.7137449083
# log_q_ind[3]:
-8.19141926368
# log_q_ind[4]:
-1.83458508743
# log_q_power_ind[1]:
0.00000000000
# log_q_power_ind[2]:
0.00000000000
# log_q_power_ind[3]:
0.00000000000
# log_q_power_ind[4]:
0.00000000000
# log_rw_q_ind[2]:
 0.000806701911695
# log_rw_q_ind[4]:
 -0.598124660789
# log_selcoffs_ind[1]:
 0.485636080418 0.706523959969 0.544478420414 0.184019557228 -0.161897204367 -0.405246594714 -0.575123399358 -0.711458610384 -0.819474969232 -0.890275010694
 0.858688370198 0.542234121019 0.305824491614 0.0955199114022 -0.112723197742 -0.320979685903 -0.526881337106 -0.727169187424 -0.900999005594 -1.01225398532
 1.02136683400 0.486151730221 0.248233121605 0.122469126744 -0.0780510428154 -0.355065057968 -0.653472580725 -0.919203557301 -1.10144182481 -1.17956203948
# log_selcoffs_ind[2]:
 -0.202940821038 0.0202027052767 0.0202027052767 0.0202027052767 0.0202027052767 0.0202027052767 0.0202027052767 0.0202027052767 0.0202027052767 0.0202027052767
# log_selcoffs_ind[3]:
 -3.04452005677 -0.669616569639 0.101782682789 0.174353368097 0.174353368097 0.174353368097 0.174353368097 0.174353368097 0.174353368097 0.174353368097
# log_selcoffs_ind[4]:
 -3.04452005677 -0.669616569639 0.101782682789 0.174353368097 0.174353368097 0.174353368097 0.174353368097 0.174353368097 0.174353368097 0.174353368097
# logsel_slope_ind[1]:
 0.00000000000 0.00000000000 0.00000000000
# logsel_slope_ind[2]:
 0.00000000000
# logsel_slope_ind[3]:
 0.00000000000
# logsel_slope_ind[4]:
 0.00000000000
# sel50_ind[1]:
 0.00000000000 0.00000000000 0.00000000000
# sel50_ind[2]:
 0.00000000000
# sel50_ind[3]:
 0.00000000000
# sel50_ind[4]:
 0.00000000000
# logsel_p1_ind[1]:
 0.00000000000 0.00000000000 0.00000000000
# logsel_p1_ind[2]:
 0.00000000000
# logsel_p1_ind[3]:
 0.00000000000
# logsel_p1_ind[4]:
 0.00000000000
# sel_p2_ind[1]:
 0.00000000000 0.00000000000 0.00000000000
# sel_p2_ind[2]:
 0.00000000000
# sel_p2_ind[3]:
 0.00000000000
# sel_p2_ind[4]:
 0.00000000000
# logsel_p3_ind[1]:
 0.00000000000 0.00000000000 0.00000000000
# logsel_p3_ind[2]:
 0.00000000000
# logsel_p3_ind[3]:
 0.00000000000
# logsel_p3_ind[4]:
 0.00000000000
