# Number of parameters = 1513 Objective function value = 3556.26037722032  Maximum gradient component = 0.000190311843576992
# Mest[1]:
0.280000000000
# Mest[2]:
0.330000000000
# log_Linf[1]:
4.29810139974
# log_Linf[2]:
4.29810139974
# log_k[1]:
-1.83258146375
# log_k[2]:
-1.83258146375
# log_Lo[1]:
2.60712428251
# log_Lo[2]:
2.60712428251
# log_sdage[1]:
-2.40794560865
# log_sdage[2]:
-2.40794560865
# mean_log_rec[1]:
9.28398426139
# mean_log_rec[2]:
7.38133414105
# mean_log_rec[3]:
6.18865804268
# steepness[1]:
0.650000000000
# steepness[2]:
0.650000000000
# steepness[3]:
0.650000000000
# log_Rzero[1]:
9.29532029125
# log_Rzero[2]:
7.63018807103
# log_Rzero[3]:
6.42930457814
# rec_dev:
 -0.0326849983836 -0.0427437504547 -0.0556164980117 -0.0720302385201 -0.0928706439233 -0.119124714825 -0.151061628704 -0.188309062130 -0.232729166924 -0.285606167724 -0.345026421476 -0.398917712956 -0.460292211823 -0.533782250213 -0.653462435801 -0.676312970546 -0.448829842826 -0.272844455435 -0.0128153052441 0.217497371170 0.257283871214 0.285342621970 0.395432141334 0.488955812346 1.00165404668 0.806342734823 0.850438257646 1.67871792970 1.54075576032 0.728881639399 0.155429006232 0.421280260556 0.629873891220 0.720838949238 0.216117760382 0.246186699422 0.0296314439249 0.213410110103 0.349865489472 0.425807192241 0.541749655122 0.638797943584 0.630409409691 0.520084785998 0.0783368690484 -0.453942992035 -0.386248259233 -0.873684833788 -1.67446311964 -0.818992285512 -0.965337503773 -1.20998698317 -1.27085554261 -1.29523496753 -1.09332364413 -0.480229528858 -0.347012428456 -0.0612492561523 0.162975721300 0.547236237871 0.137739531528 -0.628837674568 -0.158061495755
 -0.00403018301626 -0.00455929385091 -0.00482514536023 -0.00483577404084 -0.00396367975911 -0.00490174074332 -0.0106697128224 -0.0275214146896 -0.0709205052711 -0.192884515791 -0.194417648843 -0.579201330056 -0.0925647313165 0.311326525413 -0.261341667836 -0.514653940023 0.540560945110 0.753884275095 0.174364109599 0.396035034090 0.252701625821 -0.344243327310 -0.590107103116 -0.0589007095867 -1.28673073406 -2.22505296849 -1.01941185742 0.0997029926244 0.872120590363 0.125949763723 0.0491856678404 -0.827530863835 -0.847091412393 0.342634030799 0.376070613524 0.451526405481 1.18862851936 0.111963459925 0.638981038601 0.701756750528 2.33572933583 2.34126285206 0.245873682303 1.36023458449 -1.66739465895 1.03320306598 1.82338386679 0.791472488934 -0.635330524193 -0.372465637461 1.64298088588 0.678342197504 0.318950404091 -0.627892013785 -2.02395462444 -1.66336555880 -1.44016614755 -0.185604349661 1.09486450769 0.164611086029 -1.26733414240 -1.35838985669 0.0300150029480
# log_sigmar[1]:
-0.510825623766
# log_sigmar[2]:
-0.510825623766
# log_sigmar[3]:
-0.510825623766
# fmort:
 -4.79838478117 -4.39879765664 -5.14438779843 -4.83681113959 -4.08715859627 -3.77525756951 -3.46232495358 -3.50345346443 -2.87011934365 -3.00483805999 -3.29094517706 -2.90287952855 -2.17629100758 -3.11655917271 -2.29085113731 -2.86452841800 -5.26735922929 -3.98853441112 -4.34517228779 -4.41091398561 -4.41990170202 -4.04623338979 -3.94367021168 -3.74183873219 -4.17127854484 -3.86915277625 -3.38534389521 -4.44797844378 -5.68947698190 -5.09286775423 -4.67588706600 -4.03827951526 -4.90598690715 -4.44712910710 -4.28370467480 -3.72206454401 -3.56588796363 -3.10099289239 -2.61653911785 -2.90090446315 -2.37029562529 -3.97520811537 -4.96234132219 -4.47232090383 -4.45943659125 -4.16643159115 -4.50724440649 -4.10975451024 -5.29413858223 -5.66757206974 -4.50050868498 -4.53555371893
 -7.18702065101 -6.75760396291 -6.29491585855 -5.70671415195 -5.92653428308 -5.21938479361 -4.70495983333 -4.39823600052 -3.96121746865 -3.76275199107 -3.64111598630 -2.90021543236 -2.66298106171 -2.93023496797 -2.60289127949 -2.28616433678 -2.19832172889 -1.98815309305 -1.99298844568 -1.92762864485 -1.88866807318 -1.46460531685 -1.01385917003 -0.891511311221 -0.469494733229 0.0933115496598 0.351042920380 0.532200050852 0.0424019726740 -0.389304169165 -0.681757160952 -0.486281138839 -0.449852166713 -0.628716808486 -0.703732628689 -0.712971334199 -0.845273531642 -0.773240473477 -1.05855699333 -0.885187884713 -1.36483664056 -1.56812741199 -1.62986352799 -1.69827386012 -1.70802752756 -1.50630919523 -1.38143446458 -1.27767672831 -1.16124545799 -1.26683653010 -1.25627007314 -1.26522522577
 -6.49887125527 -5.78029957594 -4.75018598965 -4.03149244493 -3.05898361631 -4.11437791054 -3.69800227318 -1.40961440725 -1.70082202523 -1.54108089354 -1.17801724881 -0.548352629960 -1.29251157632 -1.46838590576 -1.28429524533 -0.977442679100 -1.08457684991 -2.00849430964 -1.25047821568 -1.92081803840 -1.27780945600 -1.59765194447 -1.75683754538 -1.47830920073 -1.69985385248 -0.268759556604 -0.0328289301815 0.990313604551 2.79748868714 1.15528506677 0.113793496162 1.01440150668 1.82173549364 2.24002194448 2.25598213902 1.76644002152 2.46958020258 2.36357739474 2.68186787336 3.56567063545 0.632720737979 2.29612967361 2.25563560798 1.44434297095 2.11236404596 0.882464755614 0.721920935381 -0.342974351658 1.12564291399 1.56885347878 1.60945622148 1.48102566745
 -9.66512104827 -9.62337641211 -7.87395317107 -9.53209297780 -9.47612656079 -9.41197912638 -9.30474263623 -8.46834040488 -5.30911411837 -3.29534243034 -3.37855498762 -3.13178967464 -2.56313569686 -2.38551143220 -2.27461753988 -2.72522632471 -2.91062760887 -3.35727541593 -3.44223428887 -3.45038096808 -3.17328962355 -3.35745357068 -5.91295705050 -9.49699649231 -9.35188104815 -8.99294609003 -8.58546660999 -8.22108331810 -8.17977744813 -8.39562460836 -7.47581388671 -5.24544554095 -3.65300810710 -2.81982719520 -2.35709617853 -2.65300068585 -2.20997945290 -1.77433922842 -1.41717521425 -1.07661030345 -0.930397172967 -2.03447762543 -2.44043052166 -2.50293229914 -1.87176830330 -1.62716629791 -1.90239959481 -2.21288380738 -2.37429228669 -2.86778269975 -5.26774006977 -3.58812787875
# log_selcoffs_fsh[1]:
 -3.56702826681 -1.90771309029 -0.898112125767 0.0648958590827 0.887716640857 0.981952762032 0.282923515835 -0.534575686950 -1.08828499344
 -3.16281170200 -1.49102878478 -0.760690133472 0.0204960904944 0.785992478199 0.926034502524 0.357235811473 -0.378899498915 -0.888064613211
 -2.85007899686 -1.39072865408 -0.546882374157 0.248809577867 0.769379379432 0.757218303321 0.289213829829 -0.312632417063 -0.745791983084
 -2.45288944879 -1.17661814693 -0.535093790587 0.101296437276 0.805503425252 0.754982527489 0.251093342581 -0.295921233320 -0.656345433655
 -1.80298557904 -0.293933334629 0.00667672902853 0.249120522737 0.477074399690 0.474750904199 0.172966480220 -0.225496138634 -0.520272665644
 -1.68600916860 -0.489611847233 0.461114209649 0.671514331434 0.313974976092 0.107686323116 -0.103773453742 -0.356746348689 -0.553548460619
 -1.40796561164 -0.351471832900 0.539381750000 0.750299751872 0.303478678375 -0.0579369697402 -0.292427195686 -0.472058198997 -0.596586980339
 -1.01567422200 -0.176835028331 0.589015242862 0.791917573392 0.209179407644 -0.190366873073 -0.436291424661 -0.577132958277 -0.648502626579
 -0.745579228850 0.253593268223 0.489530565516 0.604734043882 0.295227387377 -0.206348347559 -0.515947846969 -0.651788110983 -0.694050654278
 -0.518703818216 0.395035503230 0.580795202380 0.579835771254 0.143413411602 -0.336278546368 -0.632156772607 -0.738156176065 -0.757158511036
 -0.0128013451699 0.928674866802 0.459163005492 0.167215739888 -0.225633617362 -0.554812202065 -0.757184848963 -0.825679056275 -0.826230746376
 0.192156573390 0.872970409649 0.622712650318 0.130105030467 -0.421088839032 -0.711944855739 -0.855600268450 -0.898938230740 -0.886361773974
 -0.0473881906195 1.14175916522 0.652581477043 -0.0868517623860 -0.639207481255 -0.881467539702 -0.969475546768 -0.983365915464 -0.963678576555
 0.181805469714 1.17215100299 0.597591418726 -0.173423098586 -0.758118287266 -0.982197634321 -1.04419356082 -1.03805479687 -1.01055062937
 0.193227954150 1.21715637961 0.583772518253 -0.221661052653 -0.811926764954 -1.04244659085 -1.10168586494 -1.08643591533 -1.05275475299
 -0.204266619051 1.29255200006 0.684714090199 -0.189108038649 -0.847163205904 -1.09510669241 -1.15768202638 -1.13714068151 -1.09750602494
 -0.0822834309653 1.33411395099 0.606450798431 -0.244625966934 -0.888963532681 -1.13853683293 -1.20039825510 -1.17407737626 -1.12731093990
 0.486178850698 1.13924058936 0.630378477588 -0.281199285187 -0.934626345177 -1.17692274499 -1.23185107703 -1.19418971925 -1.13738782760
 0.811168843371 1.12651164439 0.383531895552 -0.410702629525 -1.01097959158 -1.24140326835 -1.28581500989 -1.23157210707 -1.16204887812
 0.555057784611 1.23771626495 0.529134175609 -0.421781079734 -1.08546387404 -1.31683929615 -1.34378476205 -1.26459410029 -1.17781292254
 0.635270280889 1.31937203482 0.361711705587 -0.566512124823 -1.19324356245 -1.40486078134 -1.40992356879 -1.30122410724 -1.19365166917
 0.649424516012 1.30607729379 0.459017469774 -0.652917220991 -1.31124106587 -1.49814063303 -1.46965140109 -1.32743726997 -1.19514026890
 0.843336738215 1.25618760382 0.342154084388 -0.688925740295 -1.36447415880 -1.55863806789 -1.51363399772 -1.34172615888 -1.18302200993
 0.540137135317 1.42827078991 0.322982484449 -0.725707539045 -1.38202325576 -1.58092278885 -1.53398612381 -1.34275683549 -1.16027234665
 0.689077883816 1.33767030324 0.323377368112 -0.669556661367 -1.32839053650 -1.54800809183 -1.50763939924 -1.30209743740 -1.09878441751
 0.759394864806 1.20560778522 0.398482163911 -0.494956509022 -1.23337071063 -1.47591470765 -1.42873538554 -1.21297273992 -0.998945258555
 0.355552500059 1.27181190142 0.504457853585 -0.339163581042 -1.09578467709 -1.33624208836 -1.28470584831 -1.07023800274 -0.866311038705
 0.378466554188 1.23379864465 0.419190795350 -0.408559044537 -0.989169571728 -1.16976972459 -1.09583485283 -0.890848273157 -0.706280662651
 1.10689941270 0.752451253857 0.0538970908848 -0.572576142633 -0.941587495245 -1.01740116145 -0.905733796596 -0.703611834916 -0.539891005347
 0.675672865339 1.01506257091 0.0769584050826 -0.622953364804 -0.874845134406 -0.850445686287 -0.694583199220 -0.495858462459 -0.347754300532
 0.380260019684 1.00414835022 -0.0107330609685 -0.586899217069 -0.725243288873 -0.649544794699 -0.463842078618 -0.273333943250 -0.143652604616
 0.219517241078 0.637910323646 -0.0241600350973 -0.424278159940 -0.483401711736 -0.373308135303 -0.184811079685 -0.00856032897565 0.0987213460882
 -0.687412247514 0.266348631096 0.00772665313369 -0.191986525896 -0.159902894752 -0.0873743121282 0.0737914171488 0.192960824590 0.263042213766
 -1.11590164503 -0.449912767210 -0.386555889771 -0.132382432329 0.105863284219 0.156503540890 0.338802057079 0.331499071583 0.337823263832
 -0.598607470683 -0.171088311263 -0.646678872791 -0.572928216158 -0.205949710692 0.101231422661 0.345002094209 0.450651410914 0.481368998687
 0.0839689672612 -0.881940313741 -1.04661828886 -0.743667379338 -0.305851025998 0.0838925733716 0.374765469098 0.514090547858 0.542998391169
 -0.868857211708 -1.11098327684 -1.06429354307 -0.604417373527 -0.142195201640 0.176124529616 0.485235904910 0.612687142715 0.604310424328
 -1.28938534098 -1.06955995346 -0.993379005046 -0.550524248241 -0.111200158011 0.217124331026 0.444929106718 0.609064233926 0.640843975118
 -1.22865963373 -1.35380322585 -1.31635836316 -0.835489418908 -0.125384077460 0.315495021165 0.559920429996 0.647557763503 0.605839295025
# log_selcoffs_fsh[2]:
 -2.10830186585 -0.155924887219 0.609433226442 0.903529332179 0.638456983776 0.0757471599517 -0.412169394020 -0.796965932443 -1.06933800427 -1.24877478764
 -2.08893019175 -0.190510849861 -0.133366132112 0.446213045469 0.860176818554 0.640151311580 0.0196412986102 -0.552672926555 -0.894204123246 -1.05673101241
 -2.56517313780 -0.780150236065 -0.266176311301 0.320460759489 0.839611309522 0.788703949389 0.206735114779 -0.386169794473 -0.732460255674 -0.880334278970
 -2.87689544775 -1.31776564244 -0.425456707746 0.152317670246 0.779498640910 0.881479195913 0.313418371917 -0.222366906830 -0.537198781692 -0.673323292574
 -2.38222326626 -0.880124735129 -0.796227754115 -0.285011016949 0.504742751066 0.865984947488 0.506179260968 0.0786523427824 -0.208834181162 -0.351422627201
 -1.87108016722 -0.744904644167 -0.539879678809 -0.439919010055 0.0699220084884 0.502594395469 0.568445475558 0.386962089203 0.160926463506 0.00628790699738
 -2.51679115003 -1.20364847746 -0.321413552909 -0.175977681231 -0.0725994070281 0.221204119767 0.463327639902 0.495354021088 0.351718855032 0.203700875745
 -3.10399261638 -2.04826132347 -1.20878334238 -0.474061183918 0.0842428596430 0.420118389669 0.604778885308 0.534444427920 0.393686725154 0.243200238898
 -3.42845215796 -2.37658099138 -1.72017601212 -1.01786412173 -0.230901111420 0.289741866395 0.638872148630 0.746554061581 0.587370491865 0.337245178539
 -3.58109871797 -2.34946020987 -1.64204580610 -1.15546088647 -0.711642919144 -0.116059249234 0.424632466462 0.891100017248 0.869855354664 0.490770773989
 -3.53132633218 -2.00530000531 -1.27962455004 -0.861228533089 -0.527319874886 -0.281904067703 0.190468943238 0.742303679211 0.907709818632 0.693933637680
 -3.57547684189 -2.05814528627 -1.24003114775 -0.828045117898 -0.491926074015 -0.177979509308 0.331317834419 0.670859701500 0.784381413188 0.756052007334
 -3.38019790274 -1.55190992182 -0.955908913474 -0.627672810282 -0.397696224098 -0.310433406460 0.0966740772612 0.476293021031 0.771527036846 0.938507320823
 -3.12844247218 -1.32690528680 -0.751235457633 -0.576687296902 -0.501721653437 -0.375044269896 -0.0584047375582 0.349214485823 0.766830491110 1.04748684062
 -2.89440989303 -0.896920334700 -0.599676669440 -0.680991665302 -0.760920515320 -0.597260417415 -0.189488291873 0.286904496456 0.793372193797 1.12935764961
 -2.62128457385 -0.628895538191 -0.689201253491 -0.807519732177 -0.902811267241 -0.716239931499 -0.278878555175 0.240766563455 0.795962927494 1.19595861024
 -2.20723330515 -0.684922665194 -0.736059204244 -0.856093504235 -0.986603930588 -0.864694649778 -0.435693945134 0.154276446311 0.802900764070 1.29264111479
 -2.49924151719 -0.751610446181 -0.620946062603 -0.807072161386 -1.00820699784 -0.910283687421 -0.502368282222 0.101559363141 0.779967796940 1.33551983692
 -2.76464069617 -1.01356254862 -0.681662674900 -0.827505260510 -1.02062427753 -0.906840601974 -0.484108958497 0.117250015980 0.793350729570 1.36495774274
 -2.81532330092 -1.26361495595 -0.947863689234 -0.852804431125 -0.991250702431 -0.911300353033 -0.492376302055 0.133981277732 0.827410842058 1.39343193966
 -2.78384392510 -1.23790118415 -0.804924139840 -0.686906977615 -0.897921121492 -0.947621196707 -0.596189070509 0.0450975149992 0.797159484293 1.40771640308
 -2.82902023698 -1.24116124755 -0.701054280399 -0.490933987302 -0.706095536903 -0.820814763529 -0.579137889960 -0.0473472086513 0.710968934014 1.40118875341
 -2.92211647775 -1.59016147478 -0.785243699999 -0.335188343111 -0.427463133841 -0.617718220357 -0.488462859608 -0.0873092844688 0.602737495248 1.39194458999
 -2.95461123995 -1.73696964220 -0.934892369896 -0.382709010831 -0.129953798902 -0.253626460441 -0.155025946767 0.114713356485 0.593920431799 1.17990699048
 -2.94395279985 -1.45252553780 -0.787636190067 -0.542828933649 -0.247899746043 -0.0959933154603 0.0415228549100 0.292716407643 0.611421911587 1.01628999387
 -3.01647000678 -1.70934414496 -0.890352581402 -0.178451419953 0.0777031270399 0.0775528623983 0.117552191511 0.333468841921 0.556504996883 0.740230461022
 -3.13848103395 -1.42526802833 -0.742355389292 0.131176529211 0.373473966674 0.326233894404 0.269841966900 0.319037910668 0.285624008195 0.219442109627
 -3.30497094750 -1.01272162912 -0.477829679489 0.0555509810499 0.347794643176 0.321010300896 0.513521380199 0.367443259349 0.0924351763071 -0.0873969651854
 -3.49213990941 -1.79383706957 -0.833174851603 0.142917615166 0.402667167590 0.397445664964 0.575026630470 0.259676226632 0.100795757582 0.0500989041307
 -3.70730478722 -1.90087728947 -0.631042386623 0.0866886844088 0.547248101912 0.415236113050 0.245985240161 0.119256229061 0.183870363701 0.302181973733
 -3.66507633958 -1.51014227264 -0.307888757033 0.219664919156 0.216885727466 0.0435808097126 0.0728403634301 0.144077253202 0.356910178504 0.602498288546
 -3.72757768405 -1.71236785243 -0.636075047544 -0.105940049185 0.158398669126 0.125370917250 0.0264342517990 0.211186523131 0.491150743836 0.772576975159
 -3.38418662548 -1.31432422890 -0.997613686405 -0.621010069160 -0.193541278414 -0.0125129060917 0.0634842816484 0.308325859033 0.671276224034 0.954071230460
 -4.01099577728 -1.92817655305 -1.16270338953 -0.578475029628 -0.202633571199 0.0167757224460 0.149619083794 0.402917139897 0.686789833825 0.910145501926
 -4.31575969608 -2.40062582442 -1.68909540945 -1.10183261046 -0.397425086782 0.0215601340632 0.304388300610 0.561742686878 0.780668080743 0.872439173179
 -4.65666080349 -2.75656172162 -1.78495472153 -1.23440957942 -0.682353235082 -0.210470037359 0.255072886482 0.649467984986 0.857717466637 0.951542375257
 -4.84384539304 -3.27979965936 -2.17099499514 -1.37920856688 -0.676190941495 -0.283976488130 0.224643077841 0.681829864342 0.897445447213 0.972525219508
 -4.78365282319 -3.33140789486 -2.63304782571 -1.83174407866 -0.995066092295 -0.413073885276 0.0334378461215 0.580463586312 0.969146593709 1.17434490688
 -4.74280391318 -3.26903566251 -2.33885376891 -1.90852221953 -1.09832571139 -0.606539121549 -0.201913557012 0.283440466126 0.943903124742 1.41463722711
# log_selcoffs_fsh[3]:
 -5.39691786115 -1.36371531546 1.23506197344 0.468679358713 0.160023186140 -0.986235573457 -1.85297441532
 -7.52906544996 -3.46274569693 -2.46819098403 -2.38143206194 1.79444569392 -0.443787228551 -2.01573937390
# log_selcoffs_fsh[4]:
 -1.41554869659 -0.854337058404 -0.377061008866 -0.0459693045089 0.144714579824 0.247587158897 0.308573868932 0.353819740453 0.383952748839
 -1.42949311227 -0.836940022026 -0.346614848564 -0.0259332742620 0.146017389990 0.235516213878 0.294970326765 0.346235513479 0.382850180705
 -1.46222602946 -0.800630966927 -0.287745429189 0.0135070510323 0.149113755233 0.213179231418 0.268433686828 0.329146419188 0.378146236309
 -1.52227211083 -0.716220736330 -0.174765996303 0.0484104504150 0.136505562917 0.177640791095 0.228520212544 0.304221860292 0.372231059130
 -1.63480534166 -0.559609923577 0.0464723845392 0.105534472711 0.0773217497955 0.0953023710854 0.157261277489 0.258841666533 0.356690181231
 -1.72441628808 -0.534164270073 0.0675898951873 0.146402914211 0.0952528717440 0.0720044489689 0.129918540443 0.243909067678 0.349539361164
 -1.96912519911 -0.458285765903 0.284277257421 0.237226863186 0.0576808248150 -0.0123113022142 0.0400135248673 0.172227262645 0.304252017592
 -2.40952382971 -0.204545127469 0.476680288408 0.339917640595 0.0151903145817 -0.141379029796 -0.105017819089 0.0424291594635 0.225106995953
 -3.15996158232 0.247700534093 0.682181054354 0.293113924220 -0.104130837237 -0.296776585474 -0.264601399229 -0.109580444560 0.0484796550157
 -2.94309626592 -0.492565228299 0.634138188578 0.405177733265 -0.0184783477211 -0.204015815008 -0.144318951031 0.0459161904436 0.216349575181
 -3.07767529084 -0.959843014752 0.681653337369 0.379641271205 -0.0734528954433 -0.219004816048 -0.103732993293 0.124448198894 0.311586318299
 -3.16368600588 -0.472692270917 0.661108524314 0.188747091509 -0.144463181495 -0.255315542572 -0.106261784372 0.169239305406 0.382526199194
 -3.55791873524 -0.451189828932 0.447932695235 0.114265050015 -0.171524519273 -0.198012233200 -0.0202190516372 0.287097267823 0.514757186176
 -3.11721215200 -0.789612695895 -0.0270330715346 -0.121448714178 -0.227446713405 -0.109099592988 0.174455381837 0.507782461367 0.740663878356
 -2.86636173405 -0.800506303174 -0.536991293952 -0.556222766803 -0.401076317449 -0.0809457320327 0.305302003569 0.664367015678 0.893627951117
 -3.04945606606 -1.48457330849 -1.31387869508 -1.10970611641 -0.599074280917 -0.0537410168615 0.430275689278 0.814721520844 1.04181593369
 -4.02184269784 -1.73545320287 -2.91672847845 -1.83211147982 -0.795065572216 -0.0597241062684 0.497326463816 0.904266010565 1.12608500741
 -4.56223954456 -2.61157576862 -2.25491254131 -1.75681429493 -0.932807472807 -0.129953384676 0.494258735851 0.923199832688 1.16641641690
 -5.51978318128 -3.62937301193 -2.34190788242 -1.83874303265 -1.06719836496 -0.203262959355 0.461429725248 0.945132919943 1.22223577254
 -6.59571050315 -4.78619571825 -3.42204602136 -2.47871244648 -1.20561558523 -0.274201196947 0.391360876454 0.913256820084 1.34617201024
 -7.87563219809 -5.84686480052 -3.90614865268 -2.61239376117 -1.13753553556 -0.216099096607 0.436753776832 0.964885055062 1.28227462783
 -7.78695082320 -5.93947575702 -3.55460408520 -1.98474683569 -0.893507129995 -0.128314445299 0.479588733918 0.941566257147 1.21275737896
 -7.52416704874 -5.07355765611 -2.25393090184 -1.32222776224 -0.741315512662 -0.126417222526 0.463360718309 0.920382838522 1.15192608861
 -7.11796055422 -4.81453757430 -2.50187852878 -1.07749683045 -0.651584460148 -0.171069669696 0.402662155227 0.894599303158 1.18251277266
 -6.72843776974 -4.80613869230 -2.59803462755 -0.782745816064 -0.727384700538 -0.237564554521 0.400095177501 0.897811516379 1.17592681403
 -6.22699056839 -5.04988054848 -3.85694829949 -2.69582883716 -1.34779955242 -0.245379278526 0.527250497741 0.988292547510 1.24699373691
 -5.72428463576 -5.30814062949 -4.99297131022 -4.50289486311 -1.96382493688 -0.386338197764 0.489278360079 1.03332400864 1.31171319925
 -5.30628382678 -4.97704932874 -4.86984637398 -4.04048660588 -1.96046565216 -0.614161645100 0.292754596771 0.987607012746 1.44834820527
 -3.11579752740 -3.42540873671 -3.47994490210 -2.97166215921 -1.93821860284 -0.838116764630 0.122705252374 0.951870215880 1.51369936917
 -3.15095521681 -3.00050189763 -2.75739995848 -2.48345023222 -1.83710994820 -0.977052150480 -0.0566159673004 0.873929143039 1.58587330765
 -2.70986761347 -2.09655455825 -1.47751086821 -2.11894508263 -2.06079110678 -1.38904064072 -0.400209853355 0.718546541330 1.67969424002
 -2.26362794814 -1.80227465629 -2.10226271038 -2.52827873693 -2.17348602029 -1.57448768522 -0.652826357696 0.589285626492 1.77240025167
 -1.76597782750 -0.616941573780 -0.161384159439 -0.764365605785 -1.54756552150 -1.56265413090 -0.797878505562 0.426955928700 1.51898377484
# log_sel_spl_fsh[1]:
 0.00000000000 0.00000000000 0.00000000000 0.00000000000
 0.00000000000 0.00000000000 0.00000000000 0.00000000000
 0.00000000000 0.00000000000 0.00000000000 0.00000000000
 0.00000000000 0.00000000000 0.00000000000 0.00000000000
 0.00000000000 0.00000000000 0.00000000000 0.00000000000
 0.00000000000 0.00000000000 0.00000000000 0.00000000000
 0.00000000000 0.00000000000 0.00000000000 0.00000000000
 0.00000000000 0.00000000000 0.00000000000 0.00000000000
 0.00000000000 0.00000000000 0.00000000000 0.00000000000
 0.00000000000 0.00000000000 0.00000000000 0.00000000000
 0.00000000000 0.00000000000 0.00000000000 0.00000000000
 0.00000000000 0.00000000000 0.00000000000 0.00000000000
 0.00000000000 0.00000000000 0.00000000000 0.00000000000
 0.00000000000 0.00000000000 0.00000000000 0.00000000000
 0.00000000000 0.00000000000 0.00000000000 0.00000000000
 0.00000000000 0.00000000000 0.00000000000 0.00000000000
 0.00000000000 0.00000000000 0.00000000000 0.00000000000
 0.00000000000 0.00000000000 0.00000000000 0.00000000000
 0.00000000000 0.00000000000 0.00000000000 0.00000000000
 0.00000000000 0.00000000000 0.00000000000 0.00000000000
 0.00000000000 0.00000000000 0.00000000000 0.00000000000
 0.00000000000 0.00000000000 0.00000000000 0.00000000000
 0.00000000000 0.00000000000 0.00000000000 0.00000000000
 0.00000000000 0.00000000000 0.00000000000 0.00000000000
 0.00000000000 0.00000000000 0.00000000000 0.00000000000
 0.00000000000 0.00000000000 0.00000000000 0.00000000000
 0.00000000000 0.00000000000 0.00000000000 0.00000000000
 0.00000000000 0.00000000000 0.00000000000 0.00000000000
 0.00000000000 0.00000000000 0.00000000000 0.00000000000
 0.00000000000 0.00000000000 0.00000000000 0.00000000000
 0.00000000000 0.00000000000 0.00000000000 0.00000000000
 0.00000000000 0.00000000000 0.00000000000 0.00000000000
 0.00000000000 0.00000000000 0.00000000000 0.00000000000
 0.00000000000 0.00000000000 0.00000000000 0.00000000000
 0.00000000000 0.00000000000 0.00000000000 0.00000000000
 0.00000000000 0.00000000000 0.00000000000 0.00000000000
 0.00000000000 0.00000000000 0.00000000000 0.00000000000
 0.00000000000 0.00000000000 0.00000000000 0.00000000000
 0.00000000000 0.00000000000 0.00000000000 0.00000000000
# log_sel_spl_fsh[2]:
 0.00000000000 0.00000000000 0.00000000000 0.00000000000
 0.00000000000 0.00000000000 0.00000000000 0.00000000000
 0.00000000000 0.00000000000 0.00000000000 0.00000000000
 0.00000000000 0.00000000000 0.00000000000 0.00000000000
 0.00000000000 0.00000000000 0.00000000000 0.00000000000
 0.00000000000 0.00000000000 0.00000000000 0.00000000000
 0.00000000000 0.00000000000 0.00000000000 0.00000000000
 0.00000000000 0.00000000000 0.00000000000 0.00000000000
 0.00000000000 0.00000000000 0.00000000000 0.00000000000
 0.00000000000 0.00000000000 0.00000000000 0.00000000000
 0.00000000000 0.00000000000 0.00000000000 0.00000000000
 0.00000000000 0.00000000000 0.00000000000 0.00000000000
 0.00000000000 0.00000000000 0.00000000000 0.00000000000
 0.00000000000 0.00000000000 0.00000000000 0.00000000000
 0.00000000000 0.00000000000 0.00000000000 0.00000000000
 0.00000000000 0.00000000000 0.00000000000 0.00000000000
 0.00000000000 0.00000000000 0.00000000000 0.00000000000
 0.00000000000 0.00000000000 0.00000000000 0.00000000000
 0.00000000000 0.00000000000 0.00000000000 0.00000000000
 0.00000000000 0.00000000000 0.00000000000 0.00000000000
 0.00000000000 0.00000000000 0.00000000000 0.00000000000
 0.00000000000 0.00000000000 0.00000000000 0.00000000000
 0.00000000000 0.00000000000 0.00000000000 0.00000000000
 0.00000000000 0.00000000000 0.00000000000 0.00000000000
 0.00000000000 0.00000000000 0.00000000000 0.00000000000
 0.00000000000 0.00000000000 0.00000000000 0.00000000000
 0.00000000000 0.00000000000 0.00000000000 0.00000000000
 0.00000000000 0.00000000000 0.00000000000 0.00000000000
 0.00000000000 0.00000000000 0.00000000000 0.00000000000
 0.00000000000 0.00000000000 0.00000000000 0.00000000000
 0.00000000000 0.00000000000 0.00000000000 0.00000000000
 0.00000000000 0.00000000000 0.00000000000 0.00000000000
 0.00000000000 0.00000000000 0.00000000000 0.00000000000
 0.00000000000 0.00000000000 0.00000000000 0.00000000000
 0.00000000000 0.00000000000 0.00000000000 0.00000000000
 0.00000000000 0.00000000000 0.00000000000 0.00000000000
 0.00000000000 0.00000000000 0.00000000000 0.00000000000
 0.00000000000 0.00000000000 0.00000000000 0.00000000000
 0.00000000000 0.00000000000 0.00000000000 0.00000000000
# log_sel_spl_fsh[3]:
 0.00000000000 0.00000000000 0.00000000000 0.00000000000
 0.00000000000 0.00000000000 0.00000000000 0.00000000000
# log_sel_spl_fsh[4]:
 0.00000000000 0.00000000000 0.00000000000 0.00000000000
 0.00000000000 0.00000000000 0.00000000000 0.00000000000
 0.00000000000 0.00000000000 0.00000000000 0.00000000000
 0.00000000000 0.00000000000 0.00000000000 0.00000000000
 0.00000000000 0.00000000000 0.00000000000 0.00000000000
 0.00000000000 0.00000000000 0.00000000000 0.00000000000
 0.00000000000 0.00000000000 0.00000000000 0.00000000000
 0.00000000000 0.00000000000 0.00000000000 0.00000000000
 0.00000000000 0.00000000000 0.00000000000 0.00000000000
 0.00000000000 0.00000000000 0.00000000000 0.00000000000
 0.00000000000 0.00000000000 0.00000000000 0.00000000000
 0.00000000000 0.00000000000 0.00000000000 0.00000000000
 0.00000000000 0.00000000000 0.00000000000 0.00000000000
 0.00000000000 0.00000000000 0.00000000000 0.00000000000
 0.00000000000 0.00000000000 0.00000000000 0.00000000000
 0.00000000000 0.00000000000 0.00000000000 0.00000000000
 0.00000000000 0.00000000000 0.00000000000 0.00000000000
 0.00000000000 0.00000000000 0.00000000000 0.00000000000
 0.00000000000 0.00000000000 0.00000000000 0.00000000000
 0.00000000000 0.00000000000 0.00000000000 0.00000000000
 0.00000000000 0.00000000000 0.00000000000 0.00000000000
 0.00000000000 0.00000000000 0.00000000000 0.00000000000
 0.00000000000 0.00000000000 0.00000000000 0.00000000000
 0.00000000000 0.00000000000 0.00000000000 0.00000000000
 0.00000000000 0.00000000000 0.00000000000 0.00000000000
 0.00000000000 0.00000000000 0.00000000000 0.00000000000
 0.00000000000 0.00000000000 0.00000000000 0.00000000000
 0.00000000000 0.00000000000 0.00000000000 0.00000000000
 0.00000000000 0.00000000000 0.00000000000 0.00000000000
 0.00000000000 0.00000000000 0.00000000000 0.00000000000
 0.00000000000 0.00000000000 0.00000000000 0.00000000000
 0.00000000000 0.00000000000 0.00000000000 0.00000000000
 0.00000000000 0.00000000000 0.00000000000 0.00000000000
# logsel_slope_fsh[1]:
 0.00000000000 0.00000000000 0.00000000000 0.00000000000 0.00000000000 0.00000000000 0.00000000000 0.00000000000 0.00000000000 0.00000000000 0.00000000000 0.00000000000 0.00000000000 0.00000000000 0.00000000000 0.00000000000 0.00000000000 0.00000000000 0.00000000000 0.00000000000 0.00000000000 0.00000000000 0.00000000000 0.00000000000 0.00000000000 0.00000000000 0.00000000000 0.00000000000 0.00000000000 0.00000000000 0.00000000000 0.00000000000 0.00000000000 0.00000000000 0.00000000000 0.00000000000 0.00000000000 0.00000000000 0.00000000000
# logsel_slope_fsh[2]:
 0.00000000000 0.00000000000 0.00000000000 0.00000000000 0.00000000000 0.00000000000 0.00000000000 0.00000000000 0.00000000000 0.00000000000 0.00000000000 0.00000000000 0.00000000000 0.00000000000 0.00000000000 0.00000000000 0.00000000000 0.00000000000 0.00000000000 0.00000000000 0.00000000000 0.00000000000 0.00000000000 0.00000000000 0.00000000000 0.00000000000 0.00000000000 0.00000000000 0.00000000000 0.00000000000 0.00000000000 0.00000000000 0.00000000000 0.00000000000 0.00000000000 0.00000000000 0.00000000000 0.00000000000 0.00000000000
# logsel_slope_fsh[3]:
 0.00000000000 0.00000000000
# logsel_slope_fsh[4]:
 0.00000000000 0.00000000000 0.00000000000 0.00000000000 0.00000000000 0.00000000000 0.00000000000 0.00000000000 0.00000000000 0.00000000000 0.00000000000 0.00000000000 0.00000000000 0.00000000000 0.00000000000 0.00000000000 0.00000000000 0.00000000000 0.00000000000 0.00000000000 0.00000000000 0.00000000000 0.00000000000 0.00000000000 0.00000000000 0.00000000000 0.00000000000 0.00000000000 0.00000000000 0.00000000000 0.00000000000 0.00000000000 0.00000000000
# sel50_fsh[1]:
 0.00000000000 0.00000000000 0.00000000000 0.00000000000 0.00000000000 0.00000000000 0.00000000000 0.00000000000 0.00000000000 0.00000000000 0.00000000000 0.00000000000 0.00000000000 0.00000000000 0.00000000000 0.00000000000 0.00000000000 0.00000000000 0.00000000000 0.00000000000 0.00000000000 0.00000000000 0.00000000000 0.00000000000 0.00000000000 0.00000000000 0.00000000000 0.00000000000 0.00000000000 0.00000000000 0.00000000000 0.00000000000 0.00000000000 0.00000000000 0.00000000000 0.00000000000 0.00000000000 0.00000000000 0.00000000000
# sel50_fsh[2]:
 0.00000000000 0.00000000000 0.00000000000 0.00000000000 0.00000000000 0.00000000000 0.00000000000 0.00000000000 0.00000000000 0.00000000000 0.00000000000 0.00000000000 0.00000000000 0.00000000000 0.00000000000 0.00000000000 0.00000000000 0.00000000000 0.00000000000 0.00000000000 0.00000000000 0.00000000000 0.00000000000 0.00000000000 0.00000000000 0.00000000000 0.00000000000 0.00000000000 0.00000000000 0.00000000000 0.00000000000 0.00000000000 0.00000000000 0.00000000000 0.00000000000 0.00000000000 0.00000000000 0.00000000000 0.00000000000
# sel50_fsh[3]:
 0.00000000000 0.00000000000
# sel50_fsh[4]:
 0.00000000000 0.00000000000 0.00000000000 0.00000000000 0.00000000000 0.00000000000 0.00000000000 0.00000000000 0.00000000000 0.00000000000 0.00000000000 0.00000000000 0.00000000000 0.00000000000 0.00000000000 0.00000000000 0.00000000000 0.00000000000 0.00000000000 0.00000000000 0.00000000000 0.00000000000 0.00000000000 0.00000000000 0.00000000000 0.00000000000 0.00000000000 0.00000000000 0.00000000000 0.00000000000 0.00000000000 0.00000000000 0.00000000000
# logsel_p1_fsh[1]:
 0.00000000000 0.00000000000 0.00000000000 0.00000000000 0.00000000000 0.00000000000 0.00000000000 0.00000000000 0.00000000000 0.00000000000 0.00000000000 0.00000000000 0.00000000000 0.00000000000 0.00000000000 0.00000000000 0.00000000000 0.00000000000 0.00000000000 0.00000000000 0.00000000000 0.00000000000 0.00000000000 0.00000000000 0.00000000000 0.00000000000 0.00000000000 0.00000000000 0.00000000000 0.00000000000 0.00000000000 0.00000000000 0.00000000000 0.00000000000 0.00000000000 0.00000000000 0.00000000000 0.00000000000 0.00000000000
# logsel_p1_fsh[2]:
 0.00000000000 0.00000000000 0.00000000000 0.00000000000 0.00000000000 0.00000000000 0.00000000000 0.00000000000 0.00000000000 0.00000000000 0.00000000000 0.00000000000 0.00000000000 0.00000000000 0.00000000000 0.00000000000 0.00000000000 0.00000000000 0.00000000000 0.00000000000 0.00000000000 0.00000000000 0.00000000000 0.00000000000 0.00000000000 0.00000000000 0.00000000000 0.00000000000 0.00000000000 0.00000000000 0.00000000000 0.00000000000 0.00000000000 0.00000000000 0.00000000000 0.00000000000 0.00000000000 0.00000000000 0.00000000000
# logsel_p1_fsh[3]:
 0.00000000000 0.00000000000
# logsel_p1_fsh[4]:
 0.00000000000 0.00000000000 0.00000000000 0.00000000000 0.00000000000 0.00000000000 0.00000000000 0.00000000000 0.00000000000 0.00000000000 0.00000000000 0.00000000000 0.00000000000 0.00000000000 0.00000000000 0.00000000000 0.00000000000 0.00000000000 0.00000000000 0.00000000000 0.00000000000 0.00000000000 0.00000000000 0.00000000000 0.00000000000 0.00000000000 0.00000000000 0.00000000000 0.00000000000 0.00000000000 0.00000000000 0.00000000000 0.00000000000
# logsel_p2_fsh[1]:
 0.00000000000 0.00000000000 0.00000000000 0.00000000000 0.00000000000 0.00000000000 0.00000000000 0.00000000000 0.00000000000 0.00000000000 0.00000000000 0.00000000000 0.00000000000 0.00000000000 0.00000000000 0.00000000000 0.00000000000 0.00000000000 0.00000000000 0.00000000000 0.00000000000 0.00000000000 0.00000000000 0.00000000000 0.00000000000 0.00000000000 0.00000000000 0.00000000000 0.00000000000 0.00000000000 0.00000000000 0.00000000000 0.00000000000 0.00000000000 0.00000000000 0.00000000000 0.00000000000 0.00000000000 0.00000000000
# logsel_p2_fsh[2]:
 0.00000000000 0.00000000000 0.00000000000 0.00000000000 0.00000000000 0.00000000000 0.00000000000 0.00000000000 0.00000000000 0.00000000000 0.00000000000 0.00000000000 0.00000000000 0.00000000000 0.00000000000 0.00000000000 0.00000000000 0.00000000000 0.00000000000 0.00000000000 0.00000000000 0.00000000000 0.00000000000 0.00000000000 0.00000000000 0.00000000000 0.00000000000 0.00000000000 0.00000000000 0.00000000000 0.00000000000 0.00000000000 0.00000000000 0.00000000000 0.00000000000 0.00000000000 0.00000000000 0.00000000000 0.00000000000
# logsel_p2_fsh[3]:
 0.00000000000 0.00000000000
# logsel_p2_fsh[4]:
 0.00000000000 0.00000000000 0.00000000000 0.00000000000 0.00000000000 0.00000000000 0.00000000000 0.00000000000 0.00000000000 0.00000000000 0.00000000000 0.00000000000 0.00000000000 0.00000000000 0.00000000000 0.00000000000 0.00000000000 0.00000000000 0.00000000000 0.00000000000 0.00000000000 0.00000000000 0.00000000000 0.00000000000 0.00000000000 0.00000000000 0.00000000000 0.00000000000 0.00000000000 0.00000000000 0.00000000000 0.00000000000 0.00000000000
# logsel_p3_fsh[1]:
 0.00000000000 0.00000000000 0.00000000000 0.00000000000 0.00000000000 0.00000000000 0.00000000000 0.00000000000 0.00000000000 0.00000000000 0.00000000000 0.00000000000 0.00000000000 0.00000000000 0.00000000000 0.00000000000 0.00000000000 0.00000000000 0.00000000000 0.00000000000 0.00000000000 0.00000000000 0.00000000000 0.00000000000 0.00000000000 0.00000000000 0.00000000000 0.00000000000 0.00000000000 0.00000000000 0.00000000000 0.00000000000 0.00000000000 0.00000000000 0.00000000000 0.00000000000 0.00000000000 0.00000000000 0.00000000000
# logsel_p3_fsh[2]:
 0.00000000000 0.00000000000 0.00000000000 0.00000000000 0.00000000000 0.00000000000 0.00000000000 0.00000000000 0.00000000000 0.00000000000 0.00000000000 0.00000000000 0.00000000000 0.00000000000 0.00000000000 0.00000000000 0.00000000000 0.00000000000 0.00000000000 0.00000000000 0.00000000000 0.00000000000 0.00000000000 0.00000000000 0.00000000000 0.00000000000 0.00000000000 0.00000000000 0.00000000000 0.00000000000 0.00000000000 0.00000000000 0.00000000000 0.00000000000 0.00000000000 0.00000000000 0.00000000000 0.00000000000 0.00000000000
# logsel_p3_fsh[3]:
 0.00000000000 0.00000000000
# logsel_p3_fsh[4]:
 0.00000000000 0.00000000000 0.00000000000 0.00000000000 0.00000000000 0.00000000000 0.00000000000 0.00000000000 0.00000000000 0.00000000000 0.00000000000 0.00000000000 0.00000000000 0.00000000000 0.00000000000 0.00000000000 0.00000000000 0.00000000000 0.00000000000 0.00000000000 0.00000000000 0.00000000000 0.00000000000 0.00000000000 0.00000000000 0.00000000000 0.00000000000 0.00000000000 0.00000000000 0.00000000000 0.00000000000 0.00000000000 0.00000000000
# rec_dev_future:
 0.00000000000 0.00000000000 0.00000000000 0.00000000000 0.00000000000 0.00000000000 0.00000000000 0.00000000000 0.00000000000 0.00000000000 0.00000000000 0.00000000000 0.00000000000 0.00000000000 0.00000000000 0.00000000000 0.00000000000 0.00000000000 0.00000000000 0.00000000000
 0.00000000000 0.00000000000 0.00000000000 0.00000000000 0.00000000000 0.00000000000 0.00000000000 0.00000000000 0.00000000000 0.00000000000 0.00000000000 0.00000000000 0.00000000000 0.00000000000 0.00000000000 0.00000000000 0.00000000000 0.00000000000 0.00000000000 0.00000000000
# log_q_ind[1]:
0.446126351646
# log_q_ind[2]:
-2.69346949589
# log_q_ind[3]:
-2.91576391751
# log_q_ind[4]:
-0.399315687673
# log_q_ind[5]:
-0.290600428714
# log_q_ind[6]:
0.0148249559283
# log_q_ind[7]:
1.19124564759
# log_q_ind[8]:
2.29397497425
# log_q_power_ind[1]:
0.00000000000
# log_q_power_ind[2]:
0.00000000000
# log_q_power_ind[3]:
0.00000000000
# log_q_power_ind[4]:
0.00000000000
# log_q_power_ind[5]:
0.00000000000
# log_q_power_ind[6]:
0.00000000000
# log_q_power_ind[7]:
0.00000000000
# log_q_power_ind[8]:
0.00000000000
# log_rw_q_ind[1]:
 -1.05678238348
# log_rw_q_ind[3]:
 0.0115886899903
# log_rw_q_ind[6]:
 2.49748486606
# log_selcoffs_ind[1]:
 -1.88968488881 -1.15762260470 -0.630574668932 -0.271116075634 -0.0386466600067 0.134175070326 0.275799175760 0.394344390146 0.484328946097 0.536534772811
 -2.38838239214 -1.67952969404 -1.01084979472 -0.455881536429 -0.0728390883698 0.168628537310 0.324744166809 0.458735301220 0.570231729848 0.629198212850
# log_selcoffs_ind[2]:
 0.935076536346 0.978957478089 0.647691668148 0.0766335903758 -0.493401872553 -0.957784129357 -1.31541435895 -1.57782721005 -1.75398745757 -1.84525916401
 1.19802663768 0.825814133284 0.458757577095 0.0315093031943 -0.445644990396 -0.918162853340 -1.33028563546 -1.65102614578 -1.86831902547 -1.97854239389
 1.30947245894 0.814965326512 0.389646999345 -0.0514366382927 -0.541082076538 -1.02469140942 -1.44487671506 -1.76795337351 -1.98003652472 -2.08093288341
# log_selcoffs_ind[3]:
 -0.202940821038 0.0202027052767 0.0202027052767 0.0202027052767 0.0202027052767 0.0202027052767 0.0202027052767 0.0202027052767 0.0202027052767 0.0202027052767
# log_selcoffs_ind[4]:
 -0.333621799218 -0.258167792699 -0.190107557377 -0.138566292003 -0.0891806762620 -0.0218498394445 0.0658912664201 0.164785010359 0.257546106141 0.321840652219
 -1.06226223016 -0.866680924117 -0.665066038756 -0.445523411125 -0.216658242741 0.0126140275116 0.229348953606 0.410784697652 0.532389726090 0.583654014780
# log_selcoffs_ind[5]:
 -3.04452005677 -0.669616569639 0.101782682789 0.174353368097 0.174353368097 0.174353368097 0.174353368097 0.174353368097 0.174353368097 0.174353368097
# log_selcoffs_ind[6]:
 -3.04452005677 -0.669616569639 0.101782682789 0.174353368097 0.174353368097 0.174353368097 0.174353368097 0.174353368097 0.174353368097 0.174353368097
# log_selcoffs_ind[7]:
 -0.159493505810 -0.0417104840422 -0.00892066480343 0.0636500205045 0.0636500205045 0.0636500205045
# log_selcoffs_ind[8]:
 -0.171850237190 -0.0540672154223 0.0512932891244 0.0512932891244 0.0512932891244 0.0512932891244
# logsel_slope_ind[1]:
 0.00000000000 0.00000000000
# logsel_slope_ind[2]:
 0.00000000000 0.00000000000 0.00000000000
# logsel_slope_ind[3]:
 0.00000000000
# logsel_slope_ind[4]:
 0.00000000000 0.00000000000
# logsel_slope_ind[5]:
 0.00000000000
# logsel_slope_ind[6]:
 0.00000000000
# logsel_slope_ind[7]:
 0.00000000000
# logsel_slope_ind[8]:
 0.00000000000
# sel50_ind[1]:
 0.00000000000 0.00000000000
# sel50_ind[2]:
 0.00000000000 0.00000000000 0.00000000000
# sel50_ind[3]:
 0.00000000000
# sel50_ind[4]:
 0.00000000000 0.00000000000
# sel50_ind[5]:
 0.00000000000
# sel50_ind[6]:
 0.00000000000
# sel50_ind[7]:
 0.00000000000
# sel50_ind[8]:
 0.00000000000
# logsel_p1_ind[1]:
 0.00000000000 0.00000000000
# logsel_p1_ind[2]:
 0.00000000000 0.00000000000 0.00000000000
# logsel_p1_ind[3]:
 0.00000000000
# logsel_p1_ind[4]:
 0.00000000000 0.00000000000
# logsel_p1_ind[5]:
 0.00000000000
# logsel_p1_ind[6]:
 0.00000000000
# logsel_p1_ind[7]:
 0.00000000000
# logsel_p1_ind[8]:
 0.00000000000
# sel_p2_ind[1]:
 0.00000000000 0.00000000000
# sel_p2_ind[2]:
 0.00000000000 0.00000000000 0.00000000000
# sel_p2_ind[3]:
 0.00000000000
# sel_p2_ind[4]:
 0.00000000000 0.00000000000
# sel_p2_ind[5]:
 0.00000000000
# sel_p2_ind[6]:
 0.00000000000
# sel_p2_ind[7]:
 0.00000000000
# sel_p2_ind[8]:
 0.00000000000
# logsel_p3_ind[1]:
 0.00000000000 0.00000000000
# logsel_p3_ind[2]:
 0.00000000000 0.00000000000 0.00000000000
# logsel_p3_ind[3]:
 0.00000000000
# logsel_p3_ind[4]:
 0.00000000000 0.00000000000
# logsel_p3_ind[5]:
 0.00000000000
# logsel_p3_ind[6]:
 0.00000000000
# logsel_p3_ind[7]:
 0.00000000000
# logsel_p3_ind[8]:
 0.00000000000
