# Number of parameters = 1502 Objective function value = 1318.57369727385  Maximum gradient component = 0.00405197921034448
# Mest[1]:
0.230000000000
# Mest[2]:
0.330000000000
# log_Linf[1]:
4.30945594184
# log_Linf[2]:
4.38701417618
# log_k[1]:
-1.83258146375
# log_k[2]:
-1.83258146375
# log_Lo[1]:
2.89037175790
# log_Lo[2]:
2.89037175790
# log_sdage[1]:
-2.40794560865
# log_sdage[2]:
-2.40794560865
# mean_log_rec[1]:
9.50015757083
# mean_log_rec[2]:
8.26980957399
# mean_log_rec[3]:
7.70255338692
# steepness[1]:
0.650000000000
# steepness[2]:
0.650000000000
# steepness[3]:
0.650000000000
# log_Rzero[1]:
9.22914382643
# log_Rzero[2]:
8.32019088862
# log_Rzero[3]:
7.33672455098
# rec_dev:
 -0.421954654538 -0.492946654310 -0.570314511539 -0.654919137184 -0.744335567419 -0.834672481156 -0.801764782104 -0.806065267811 -0.570411560681 -0.433130373120 -0.354162569888 -0.247126105541 -0.371616052384 -0.416759652738 -0.445624549059 -0.364119731136 -0.0774871658759 0.241112751558 0.332637273633 0.352889040285 0.452413341978 0.468931690637 0.840255569003 0.853761859554 0.689657272275 1.48148290060 1.61857594129 0.699564299118 0.154606279886 0.387913484261 0.734580329426 0.754525601898 0.537386440493 0.307781862138 0.191388360365 0.242782402862 0.327792956827 0.455072563679 0.594692984090 0.567108333334 0.723558182821 0.654773463155 0.509463249972 -0.148194613197 -0.435128755534 -0.732716362984 -1.48870202814 -0.968262841866 -0.814203567916 -0.873043126769 -1.17410831860 -1.08293325427 -0.854384228645 -0.424790211352 -0.322020669893 -0.168307887274 -0.125739212348 0.179834748180 0.413441195892 -0.0850258392516 0.0711921900912 -0.0511865061892 0.219144953314
 -0.000304434126424 -0.000399010852826 -0.000507063918560 -0.000623338187122 -0.000732264930180 -0.000803839967615 -0.000786328678608 -0.000567191813493 -0.000303449418357 0.000278580990916 0.00120057914443 0.0274092523764 0.0276856822089 0.0277330251502 0.0271934757048 0.0235492255954 0.0145064040280 0.000517672782264 -0.0531360495561 0.348505252520 -0.0220029458174 -0.142276481042 -0.0361741974441 0.381666193401 -0.0700875366405 -0.281052781516 -0.563031572723 -0.0780292327700 0.352116385830 0.879461352585 0.243190072659 0.202507899205 -0.496899044709 -0.0221168334041 -0.430469228338 -0.625687156012 0.0652265859718 0.180896597661 0.107552158638 -0.108165626585 0.546526113272 1.15916691314 -0.404784115053 0.553985851094 -0.796276920658 -0.279544521341 0.605536164532 -0.0878194219968 -1.31842990830 -2.06733487833 -0.532523454509 0.758336883262 -0.713822135430 -0.322964178196 -1.67663799001 -0.596167909253 -0.840567125082 -0.331240686456 1.11376858053 1.16737757641 0.146958156425 -0.612104914441 -0.0752495821045
# log_sigmar[1]:
-0.510825623766
# log_sigmar[2]:
-0.510825623766
# log_sigmar[3]:
-0.510825623766
# fmort:
 0.0111647278147 0.0164055184127 0.00735848119677 0.00907330802832 0.0170573617354 0.0209635170144 0.0261160993979 0.0236922384479 0.0499344114588 0.0445267177179 0.0310812065691 0.0457106158513 0.0925875105178 0.0360891791851 0.0876243234839 0.0540666784000 0.00515078775413 0.0231291564040 0.0172369822443 0.0155913056907 0.0140414276476 0.0196700370612 0.0214317114157 0.0260339754760 0.0156168047497 0.0209736034945 0.0343403741661 0.0127208906111 0.00404822296689 0.00664849774764 0.0103255761726 0.0208707644033 0.00829221950890 0.0121511879615 0.0134864638971 0.0213789738347 0.0272558017861 0.0416483415895 0.0560184379629 0.0503238396668 0.0796017706062 0.0133738457724 0.00515808489526 0.00625885538759 0.00612967336744 0.00817894234810 0.00606341905630 0.00858525033785 0.00275260901571 0.00174262041731 0.00510215746612 0.00598649913805
 0.00139574113019 0.00207949814271 0.00306093194073 0.00490868946792 0.00345476531305 0.00628062722161 0.00846101780482 0.0129030606335 0.0223474451178 0.0278539930599 0.0313781622016 0.0637409760015 0.0866166100541 0.0629566466697 0.0797225962993 0.107275832457 0.123230851669 0.175521698114 0.207380547995 0.232695923450 0.233377443084 0.292884567615 0.372346525155 0.370977714133 0.479994909250 0.644083680693 0.625259214128 0.634233275429 0.383375761481 0.241391539930 0.176951465405 0.204397942070 0.206723325560 0.189221926026 0.187167043166 0.189114102798 0.200529441828 0.238637354783 0.199912377598 0.274760283019 0.159699069670 0.111966118404 0.0935265327220 0.0807688891755 0.0732791464029 0.0792846565132 0.0842065965352 0.0832261669541 0.0861205685344 0.0788203495988 0.0713254381422 0.0716444215480
 0.000627172688124 0.00122277609216 0.00302909885812 0.00649345500770 0.0207999512969 0.00646461358083 0.00825555170230 0.113805117021 0.119710614726 0.0976820133143 0.0983530079358 0.134681970820 0.0433007309142 0.0251740484232 0.0288195740861 0.0209545069759 0.0114352675702 0.0129722707732 0.0504895857689 0.0417859567099 0.0364455101322 0.0298623114647 0.0177054738442 0.0304619593219 0.0507096818137 0.242235980344 0.419211839474 0.782098495009 0.697576072693 0.197483503060 0.141864119531 0.458629409909 0.0645551558168 0.0880059912181 0.0719342234758 0.0466253200850 0.120450519025 0.100895641228 0.112029228819 0.134115651746 0.0338374300740 0.169524426594 0.0790283205942 0.0484824305613 0.0507265255836 0.0214695120244 0.0102026814396 0.00501083557770 0.0144975644335 0.0159523629423 0.0159348201157 0.0274495044046
 9.26874037002e-05 9.83076634622e-05 0.000562105429118 0.000103022592075 0.000102237437819 0.000101869907977 8.73378347790e-05 0.000230208163244 0.00500527487717 0.0319219998594 0.0299778205203 0.0391546910912 0.0934984408930 0.112064266827 0.154242118501 0.127992801838 0.118334029757 0.115620618029 0.107771332273 0.0823683968735 0.0655398926708 0.0412955344381 0.00352626899259 9.86900415451e-05 0.000116204649741 0.000162376751255 0.000204821179300 0.000306547880596 0.000357237372723 0.000365574846360 0.000660436043477 0.00458900310865 0.0137511569482 0.0263785144457 0.0461314619578 0.0390455739075 0.0585980690291 0.0886109286566 0.111314353501 0.150201459225 0.140493835771 0.0373802470296 0.0247388212276 0.0242962037846 0.0251739545071 0.0316511363559 0.0183257760477 0.0139083717395 0.0102033085350 0.00907523680043 0.000628562024253 0.00604746382853
# log_selcoffs_fsh[1]:
 -5.20981318920 -3.99246183057 -2.68125063113 -1.39081388021 -0.379117305043 0.498446936429 1.11890223043 0.928171389221 -0.305527734137
 -4.93867158123 -3.64969503169 -2.28334596998 -1.08585746120 -0.292999548748 0.434283510620 1.00426511979 0.863984673897 0.126550573647
 -4.65236227766 -3.37874116050 -2.09653761034 -0.974570933148 -0.152579261566 0.532239388925 0.903143087411 0.740440129602 0.285704444329
 -4.32198008240 -3.00822051987 -1.83989540634 -0.839795348673 -0.190666264019 0.406099134224 0.896198878217 0.762390686714 0.354654781338
 -4.02945636660 -2.66279278174 -1.28716646165 -0.303609998711 0.167849288097 0.438340349648 0.618943791322 0.583286287644 0.416397257138
 -3.80348293078 -2.52743843141 -1.36859949996 -0.387692228178 0.508251800107 0.706743527062 0.477654765012 0.329192678798 0.241269496966
 -3.57277167883 -2.31909733259 -1.21663051560 -0.290096405335 0.536760254694 0.768642826107 0.478259253574 0.213975087785 0.104353614122
 -3.33981885255 -2.01076599450 -0.985913916887 -0.129756766989 0.596735139754 0.759793664219 0.406353583241 0.122365829561 -0.00627170798707
 -3.14262485011 -1.77391146877 -0.579893822681 0.135607204113 0.526568122941 0.629538174045 0.413929091744 0.0815725099711 -0.0895141344700
 -2.93789329020 -1.45583169119 -0.233047604752 0.207130891932 0.545553314619 0.582486424118 0.313134934882 -0.0250469834371 -0.183275295151
 -2.74787460781 -1.08018688567 0.400862205618 0.462113073995 0.364707673369 0.292651392357 0.0902855279331 -0.140461468321 -0.258310856756
 -2.56297508814 -0.823042004587 0.386415701094 0.512223475589 0.475411794080 0.241239795036 -0.0428903178851 -0.239767022413 -0.332949442374
 -2.45079403759 -0.869240072821 0.410665833518 0.763623481637 0.462969709008 0.0822686774276 -0.203139230160 -0.363205188200 -0.423877493286
 -2.30006565276 -0.774887062176 0.436169933983 0.834611829380 0.438375871078 0.0160270858534 -0.280270679248 -0.432201289578 -0.482401621605
 -2.40448077863 -0.827794296979 0.591057412070 0.854473482828 0.369791943686 -0.0396844374052 -0.327272070991 -0.490181665746 -0.553884687145
 -2.37032794441 -0.856909363939 0.606858097074 0.814383256269 0.425813040150 -0.00472858253642 -0.328693003395 -0.518118285896 -0.601451583179
 -2.18916888861 -0.661392151889 0.738742464008 0.711150925846 0.354812980735 -0.0190182058347 -0.333240691607 -0.533617598784 -0.630980155870
 -1.87335105558 -0.384572749846 0.503999967204 0.785574220318 0.434093058939 -0.0261486750947 -0.352513743033 -0.552375408484 -0.653153486523
 -1.78851922321 -0.367844635675 0.789639106328 0.742670468049 0.253721021883 -0.136842337385 -0.430557517282 -0.620888945132 -0.717658571603
 -1.60510626175 -0.294435263842 0.719609810215 0.765204976959 0.340029439919 -0.145697659942 -0.487621702964 -0.682928344093 -0.771142823136
 -1.48333105641 -0.137034929908 0.855261112481 0.746337770567 0.196253645738 -0.261597553043 -0.585120417465 -0.766594577653 -0.840157660290
 -1.36407246047 -0.131561731857 0.693791004221 0.933248094187 0.273431294526 -0.364811183218 -0.710014995024 -0.864301215933 -0.911708709372
 -1.26308656414 0.154341314884 0.904887271563 0.767759637804 0.0834674410683 -0.471154591766 -0.807197893070 -0.946114369016 -0.972699983940
 -1.39287055668 -0.0347649624189 0.887040830019 0.968382572181 0.0365165482464 -0.572378521758 -0.895231809759 -1.02353937184 -1.03568439624
 -1.47636330119 -0.145626177645 0.892325867917 0.971871334599 0.116030091356 -0.529105598758 -0.892627141460 -1.04032027993 -1.05473326798
 -1.37543835631 0.0997774612792 0.750029089749 0.864250280686 0.229234492579 -0.353509866143 -0.795932198671 -0.983105482062 -1.00268033228
 -1.47635187207 -0.193796494762 0.678063319599 0.947487396439 0.277453164764 -0.251020447563 -0.694262600954 -0.897489804006 -0.932368924534
 -1.48834083682 -0.131669217756 0.777415980852 0.808067510002 0.225486468456 -0.245907473797 -0.604790563023 -0.785220073848 -0.818536138750
 -1.37968008563 0.411229502438 0.719056837402 0.508852637799 0.0766739508506 -0.260129563941 -0.488912697623 -0.616665288487 -0.653704113726
 -1.55716871320 0.0601396821147 0.639390518306 0.727854596587 0.0988534547749 -0.260460321929 -0.410964343566 -0.477911040387 -0.504785245327
 -1.72469826256 -0.0727467078199 0.835022622972 0.431171355205 0.0150871354420 -0.187967471206 -0.273255316577 -0.318040485074 -0.334499208541
 -1.76524589103 -0.191779235775 0.534696738238 0.371824352875 0.128181298430 -0.00777553977030 -0.0696733914760 -0.105992862574 -0.122264116494
 -1.82925218828 -0.837557719699 -0.0959856576206 0.490385994088 0.310842809979 0.192976190081 0.155768808729 0.0793791511634 0.0360209345414
 -1.88786511325 -1.03641798123 -0.362438056626 0.131456832281 0.193087270870 0.323281833191 0.396241644323 0.290528097889 0.214636264602
 -1.60413831750 -0.664573377915 -0.331360626692 0.175690414774 0.0503427862361 0.118828978104 0.282311415869 0.351871022939 0.370668941170
 -0.997603035858 -0.319551100430 -0.613659315466 -0.360184461365 -0.130665655095 0.115442269112 0.333084040975 0.462650423808 0.520236491159
 -1.27289853990 -1.00207854897 -0.944884050815 -0.419152313757 -0.0599417792082 0.286379241946 0.487982785594 0.526791155784 0.536846527809
 -1.63574884019 -1.40124078178 -1.08409978712 -0.416622565176 0.0632118148001 0.422462171711 0.544906385438 0.531375821836 0.434857143928
# log_selcoffs_fsh[2]:
 -5.93806571478 -4.01386112374 -2.32892800417 -0.954798654469 0.0866987402872 0.557175875545 0.910622868498 0.913900048630 0.252466421777 -0.932396916128
 -5.85922206094 -3.87700669887 -1.86724913553 -0.645200034230 -0.181224617673 0.373898387953 0.872643596643 0.921101191044 0.361922198306 -0.402989488924
 -5.74058101778 -3.95677743529 -2.22987543104 -0.843660520423 -0.155856112172 0.306676812879 0.774971983131 0.883625965233 0.495488704907 -0.00610395114488
 -5.58437852063 -3.90724993616 -2.41428143034 -1.22329149566 -0.377213557516 0.156457107213 0.672199872689 0.890843211399 0.652862359749 0.351058044542
 -5.46444925330 -3.71515213987 -2.09508466468 -1.08875114927 -0.613802194283 -0.148253453943 0.470902059441 0.815586845638 0.794674775598 0.709293539814
 -5.34921782310 -3.73306875251 -2.17573862300 -0.993883799257 -0.422093584443 -0.306078347312 0.0943569364000 0.552996831174 0.870118007316 1.05468383161
 -5.28047360632 -3.83276126886 -2.46556884058 -1.31003268131 -0.429039490425 -0.217168741759 -0.0311412031744 0.356109241560 0.840323051394 1.23789369545
 -5.26116342387 -3.94402135193 -2.72818153213 -1.73564426537 -0.995615163535 -0.478028070766 0.0548229392200 0.474155796056 0.890858870315 1.29310455606
 -5.25906916302 -3.99646584767 -2.81972109061 -1.90345501065 -1.22667040591 -0.655605766696 -0.0308262055584 0.523231101502 0.958919868416 1.30545210334
 -5.22995341884 -3.96025778696 -2.77762516470 -1.79166199759 -1.05928856641 -0.595444363490 -0.160044344447 0.385704425367 0.936779457187 1.37982176373
 -5.23835681736 -3.88520036591 -2.58584988489 -1.51128846303 -0.775376658051 -0.330698896082 -0.000878914393417 0.301175865641 0.785047795814 1.37527333797
 -5.31672873427 -3.85296308186 -2.48662021021 -1.33167720941 -0.591069461754 -0.201164431818 0.108536728663 0.399610459819 0.849413415715 1.19724206607
 -5.40282745626 -3.76244416468 -2.18135835461 -0.850340808193 -0.220625806417 0.0898003908740 0.264688228490 0.388092111551 0.718592792771 0.995990570384
 -5.48279041509 -3.62381941565 -1.82303410695 -0.529366120611 0.126646018413 0.277229548821 0.300583158536 0.377600109065 0.585249578933 0.769783824294
 -5.52205160513 -3.47685629310 -1.50099138092 -0.0781455001736 0.364395631682 0.326515895606 0.206270154034 0.258398107341 0.468390401268 0.626058591055
 -5.51482444706 -3.31033093319 -1.16658940192 0.105153277865 0.353142060722 0.285622905160 0.169741009182 0.217548681389 0.424815828926 0.601965849104
 -5.48920960413 -3.25935897189 -1.06762576048 0.100083586286 0.365355487632 0.299287940608 0.162572080487 0.189987146069 0.394640992891 0.614550752620
 -5.46014818826 -3.37064251901 -1.32173085779 0.0967122911991 0.434717686630 0.339447787360 0.165151650417 0.176145582686 0.378217962044 0.594761667003
 -5.40372989490 -3.45238833044 -1.55963481661 -0.0877489654657 0.449983378145 0.363568677480 0.184464346626 0.201377000583 0.413843698553 0.637954811023
 -5.31586485235 -3.48866787276 -1.71366942017 -0.329561027504 0.234298976401 0.355596381318 0.225216920789 0.253921291908 0.506070916404 0.776395408468
 -5.25098980269 -3.52577426471 -1.88680167487 -0.569039805698 0.164762993745 0.378459105548 0.266754157316 0.251344882558 0.517374754774 0.849923078541
 -5.22176585051 -3.57824675619 -2.03497616470 -0.770475857166 0.0191888602747 0.369248855732 0.340590036965 0.331590862427 0.557880789727 0.859192674412
 -5.21597428363 -3.61378371475 -2.18112507862 -0.997475029518 -0.194686027752 0.336394438787 0.423582627311 0.423425450971 0.611757268282 0.860624462981
 -5.25563536473 -3.65413063733 -2.20917929434 -1.06733485430 -0.367489826950 0.157948145416 0.476162422198 0.517953354726 0.690196908387 0.862478976987
 -5.31166140383 -3.70174330742 -2.18088488520 -0.905450166476 -0.237503016027 0.00743063508674 0.321832200028 0.545558285988 0.712805576494 0.921119500297
 -5.40926321326 -3.75713841258 -2.27622710610 -1.02589608057 -0.258513515927 0.250271332272 0.381579312671 0.475109944071 0.660682941054 0.894272193273
 -5.59650622988 -3.91412317277 -2.28599409937 -0.941324024801 -0.176917188836 0.390883688101 0.517921680643 0.493094117102 0.575474001001 0.729733834800
 -5.78717638338 -4.09899691436 -2.39131400177 -0.746175846237 0.000241238801173 0.496680164721 0.549109975980 0.443327297293 0.561059476085 0.547565547388
 -5.97805827235 -4.28994340702 -2.63993476893 -1.15564901869 -0.160500342640 0.689471310574 0.795702102890 0.501734029924 0.465600709437 0.256665224126
 -6.13705732171 -4.43692698043 -2.75228136636 -1.14735736046 0.0566818237966 0.731946681043 0.939448698012 0.496309290557 0.200637936517 0.0429699505135
 -6.22961473213 -4.48560526878 -2.70586090934 -0.954421796767 0.251656513376 0.759013758636 0.749735702689 0.468055678830 0.243908016959 0.116035489241
 -6.26704741218 -4.45739740257 -2.65080362686 -1.02660510167 -0.00203084404140 0.526169938565 0.694098014428 0.626992541503 0.460656659445 0.342380302669
 -6.27240274661 -4.38591552998 -2.36520624297 -0.702387159271 -0.172248161688 0.210577295052 0.552097636000 0.640545677807 0.619625645985 0.602964174916
 -6.30685492703 -4.47673343056 -2.61112699585 -0.963849739760 -0.163462784817 0.286270670219 0.562946790764 0.668088590539 0.626566530972 0.573102694297
 -6.29165176796 -4.54978390893 -2.77479129969 -1.13607609910 -0.358493357909 0.130362227676 0.552461469047 0.728525105512 0.720982670149 0.641943756833
 -6.24517011731 -4.60846382281 -2.97045230964 -1.34191334524 -0.411834576224 0.0835127499797 0.490424067448 0.713190073851 0.779375461690 0.728671565838
 -6.21571197319 -4.66501294250 -3.15529013830 -1.68886654386 -0.642305547796 0.0191962033118 0.521821539423 0.745349357245 0.832384635748 0.753631896718
 -6.18404201421 -4.67225337353 -3.20623930110 -1.85996523344 -0.901051217351 -0.124598672653 0.471701220430 0.807970477173 0.889422155204 0.799134015710
 -6.16311488163 -4.65589327173 -3.20234520686 -1.89903695533 -0.868677935327 -0.0907789294922 0.478744930641 0.780847687575 0.869006930090 0.825653649431
# log_selcoffs_fsh[3]:
 -2.44132158537 0.223763334422 1.47216109533 0.124835574004 -1.98025476592 -3.74477959021 -4.72195660499
 -2.43613376654 0.777209287684 1.27902078904 -0.00206255425421 -2.16445759653 -3.79983607830 -4.72586994996
# log_selcoffs_fsh[4]:
 -6.23174739737 -5.05153027091 -3.83207200173 -2.52098961992 -1.13460137869 0.145454545604 1.00662413851 1.11392574766 0.487863637762
 -6.21649191383 -5.03419018802 -3.80960312229 -2.46372940525 -1.04316666537 0.213845336062 1.01925393441 1.06095264601 0.490542212805
 -6.16815148257 -4.98995803483 -3.78156053790 -2.48691420399 -1.11186977739 0.145922740043 0.995524073712 1.08868881967 0.543821052457
 -6.07845882783 -4.89898343136 -3.71001501350 -2.47931917954 -1.17975844813 0.0379990628436 0.922252436845 1.12386469806 0.664862275513
 -5.97766154605 -4.78144612733 -3.59128611510 -2.39997423391 -1.15961659358 0.0228573495649 0.862100967621 1.09519805266 0.777564597376
 -5.87748978984 -4.70303747009 -3.51067094341 -2.30484809460 -1.14563898589 -0.0654369702480 0.792163656549 1.10441544475 0.866332012709
 -5.75578652045 -4.61073829967 -3.43097928527 -2.20621692471 -1.06297465953 -0.0380951066769 0.742317633002 1.06058785579 0.935114087901
 -5.61026687077 -4.47012821776 -3.34849827147 -2.16603780471 -1.01867288552 -0.0502275427124 0.717273877657 1.04331016286 0.969111380530
 -5.46401182862 -4.27457823570 -3.19356281854 -2.16957883615 -1.09735340282 -0.0792471780626 0.709552588727 1.04414290655 0.991392936237
 -5.31848007930 -4.11689663022 -2.97219321594 -1.93355093266 -1.00584956710 -0.101361155967 0.631109550671 1.01380725133 1.05705072050
 -5.20224548601 -3.97968011524 -2.81514034753 -1.75504419179 -0.813252512754 -0.0210035783611 0.597554481243 0.942357521355 1.07728224248
 -5.11321899180 -3.84281345269 -2.65158813603 -1.60505159963 -0.685199022026 0.0787086480115 0.588577645596 0.894892443304 1.05318104196
 -5.03204021568 -3.67204714231 -2.41079311446 -1.38969307974 -0.602697726321 0.0821185214371 0.591452391216 0.864529517029 1.03522414384
 -4.94847846706 -3.46519273600 -2.02534137772 -0.989040995497 -0.397315406138 0.0577832503701 0.462099587740 0.816188789342 1.05670745284
 -4.86403271333 -3.30380986128 -1.77554359628 -0.653701831664 -0.134136772775 0.0903986039685 0.348322176533 0.719772903948 1.03896609161
 -4.76421137348 -3.17009591488 -1.55921427423 -0.407375109203 -0.0528143230958 0.0751113824426 0.288853911490 0.657574878632 1.02324632746
 -4.68876576137 -3.13469266396 -1.58268099796 -0.416544072395 -0.0509172973416 0.127298099952 0.334194806320 0.643040336543 0.992273573489
 -4.62715080853 -3.21674232079 -1.92593450317 -0.939945573995 -0.250070186499 0.310538403680 0.567955289596 0.691304282009 0.920229036999
 -4.53103424844 -3.24720332433 -2.09071145272 -1.19302446893 -0.475624805161 0.164897748297 0.581146164207 0.823120086590 0.977195740617
 -4.46219490641 -3.25729862786 -2.18251037400 -1.34090337209 -0.688069224276 -0.0360980038926 0.573400891447 0.938535061660 1.02172666730
 -4.37875970358 -3.18495245654 -2.11548493318 -1.36640330846 -0.790533577366 -0.221655588113 0.429337860106 0.986775549060 1.13039412226
 -4.29656270096 -3.06138004646 -1.82887085223 -1.19715124239 -0.791272641590 -0.240450488854 0.326375883719 0.851157208766 1.25535394514
 -4.24596219001 -3.11818938077 -2.07199777014 -1.29542754737 -0.749428031555 -0.158296464810 0.348742230959 0.817907123463 1.26199336633
 -4.14281425238 -3.08437777604 -2.09066432364 -1.29116167881 -0.726878936464 -0.212814695002 0.281064726794 0.796756332637 1.30974073417
 -4.10515620605 -3.07209201853 -2.01143763115 -1.05575942820 -0.431608997932 0.0582079632637 0.426248676617 0.785068707377 1.10592096920
 -3.88780909349 -2.85485483867 -1.69915416602 -0.912708939808 -0.413087508137 0.0435161208791 0.417452303635 0.771054418166 1.08229906705
 -3.54524580288 -2.65550285286 -1.69787060363 -0.940100127422 -0.446909506764 -0.00223292273589 0.433054481467 0.817506947945 1.05884367390
 -2.99371827977 -2.26976948066 -1.54274696386 -0.944859290756 -0.518812211625 -0.149579591503 0.275791623233 0.770398964411 1.19680840297
 -2.20979142707 -1.67405539920 -1.29055421491 -0.957160385586 -0.729763004050 -0.455728863431 0.0383466575175 0.714676502028 1.34679059509
 -2.04112542790 -1.56291272441 -1.07078106130 -0.796256002179 -0.734912771401 -0.615560895205 -0.164164937621 0.619170950218 1.42092830232
 -1.61895075747 -1.01705110162 -1.03570435461 -1.05897624677 -0.944171896072 -0.753765277937 -0.260828809341 0.561170300739 1.47148960665
 -1.24879637792 -0.555338306038 -0.713862119174 -1.10184521326 -1.13615703876 -0.868530756598 -0.293612089751 0.559024950924 1.40661542979
 -1.14861004469 -0.735932892262 -0.775399832123 -1.04369224345 -1.11662837942 -0.852247518398 -0.237577363208 0.627226649005 1.38037929982
# log_sel_spl_fsh[1]:
 0.00000000000 0.00000000000 0.00000000000 0.00000000000
 0.00000000000 0.00000000000 0.00000000000 0.00000000000
 0.00000000000 0.00000000000 0.00000000000 0.00000000000
 0.00000000000 0.00000000000 0.00000000000 0.00000000000
 0.00000000000 0.00000000000 0.00000000000 0.00000000000
 0.00000000000 0.00000000000 0.00000000000 0.00000000000
 0.00000000000 0.00000000000 0.00000000000 0.00000000000
 0.00000000000 0.00000000000 0.00000000000 0.00000000000
 0.00000000000 0.00000000000 0.00000000000 0.00000000000
 0.00000000000 0.00000000000 0.00000000000 0.00000000000
 0.00000000000 0.00000000000 0.00000000000 0.00000000000
 0.00000000000 0.00000000000 0.00000000000 0.00000000000
 0.00000000000 0.00000000000 0.00000000000 0.00000000000
 0.00000000000 0.00000000000 0.00000000000 0.00000000000
 0.00000000000 0.00000000000 0.00000000000 0.00000000000
 0.00000000000 0.00000000000 0.00000000000 0.00000000000
 0.00000000000 0.00000000000 0.00000000000 0.00000000000
 0.00000000000 0.00000000000 0.00000000000 0.00000000000
 0.00000000000 0.00000000000 0.00000000000 0.00000000000
 0.00000000000 0.00000000000 0.00000000000 0.00000000000
 0.00000000000 0.00000000000 0.00000000000 0.00000000000
 0.00000000000 0.00000000000 0.00000000000 0.00000000000
 0.00000000000 0.00000000000 0.00000000000 0.00000000000
 0.00000000000 0.00000000000 0.00000000000 0.00000000000
 0.00000000000 0.00000000000 0.00000000000 0.00000000000
 0.00000000000 0.00000000000 0.00000000000 0.00000000000
 0.00000000000 0.00000000000 0.00000000000 0.00000000000
 0.00000000000 0.00000000000 0.00000000000 0.00000000000
 0.00000000000 0.00000000000 0.00000000000 0.00000000000
 0.00000000000 0.00000000000 0.00000000000 0.00000000000
 0.00000000000 0.00000000000 0.00000000000 0.00000000000
 0.00000000000 0.00000000000 0.00000000000 0.00000000000
 0.00000000000 0.00000000000 0.00000000000 0.00000000000
 0.00000000000 0.00000000000 0.00000000000 0.00000000000
 0.00000000000 0.00000000000 0.00000000000 0.00000000000
 0.00000000000 0.00000000000 0.00000000000 0.00000000000
 0.00000000000 0.00000000000 0.00000000000 0.00000000000
 0.00000000000 0.00000000000 0.00000000000 0.00000000000
# log_sel_spl_fsh[2]:
 0.00000000000 0.00000000000 0.00000000000 0.00000000000
 0.00000000000 0.00000000000 0.00000000000 0.00000000000
 0.00000000000 0.00000000000 0.00000000000 0.00000000000
 0.00000000000 0.00000000000 0.00000000000 0.00000000000
 0.00000000000 0.00000000000 0.00000000000 0.00000000000
 0.00000000000 0.00000000000 0.00000000000 0.00000000000
 0.00000000000 0.00000000000 0.00000000000 0.00000000000
 0.00000000000 0.00000000000 0.00000000000 0.00000000000
 0.00000000000 0.00000000000 0.00000000000 0.00000000000
 0.00000000000 0.00000000000 0.00000000000 0.00000000000
 0.00000000000 0.00000000000 0.00000000000 0.00000000000
 0.00000000000 0.00000000000 0.00000000000 0.00000000000
 0.00000000000 0.00000000000 0.00000000000 0.00000000000
 0.00000000000 0.00000000000 0.00000000000 0.00000000000
 0.00000000000 0.00000000000 0.00000000000 0.00000000000
 0.00000000000 0.00000000000 0.00000000000 0.00000000000
 0.00000000000 0.00000000000 0.00000000000 0.00000000000
 0.00000000000 0.00000000000 0.00000000000 0.00000000000
 0.00000000000 0.00000000000 0.00000000000 0.00000000000
 0.00000000000 0.00000000000 0.00000000000 0.00000000000
 0.00000000000 0.00000000000 0.00000000000 0.00000000000
 0.00000000000 0.00000000000 0.00000000000 0.00000000000
 0.00000000000 0.00000000000 0.00000000000 0.00000000000
 0.00000000000 0.00000000000 0.00000000000 0.00000000000
 0.00000000000 0.00000000000 0.00000000000 0.00000000000
 0.00000000000 0.00000000000 0.00000000000 0.00000000000
 0.00000000000 0.00000000000 0.00000000000 0.00000000000
 0.00000000000 0.00000000000 0.00000000000 0.00000000000
 0.00000000000 0.00000000000 0.00000000000 0.00000000000
 0.00000000000 0.00000000000 0.00000000000 0.00000000000
 0.00000000000 0.00000000000 0.00000000000 0.00000000000
 0.00000000000 0.00000000000 0.00000000000 0.00000000000
 0.00000000000 0.00000000000 0.00000000000 0.00000000000
 0.00000000000 0.00000000000 0.00000000000 0.00000000000
 0.00000000000 0.00000000000 0.00000000000 0.00000000000
 0.00000000000 0.00000000000 0.00000000000 0.00000000000
 0.00000000000 0.00000000000 0.00000000000 0.00000000000
 0.00000000000 0.00000000000 0.00000000000 0.00000000000
 0.00000000000 0.00000000000 0.00000000000 0.00000000000
# log_sel_spl_fsh[3]:
 0.00000000000 0.00000000000 0.00000000000 0.00000000000
 0.00000000000 0.00000000000 0.00000000000 0.00000000000
# log_sel_spl_fsh[4]:
 0.00000000000 0.00000000000 0.00000000000 0.00000000000
 0.00000000000 0.00000000000 0.00000000000 0.00000000000
 0.00000000000 0.00000000000 0.00000000000 0.00000000000
 0.00000000000 0.00000000000 0.00000000000 0.00000000000
 0.00000000000 0.00000000000 0.00000000000 0.00000000000
 0.00000000000 0.00000000000 0.00000000000 0.00000000000
 0.00000000000 0.00000000000 0.00000000000 0.00000000000
 0.00000000000 0.00000000000 0.00000000000 0.00000000000
 0.00000000000 0.00000000000 0.00000000000 0.00000000000
 0.00000000000 0.00000000000 0.00000000000 0.00000000000
 0.00000000000 0.00000000000 0.00000000000 0.00000000000
 0.00000000000 0.00000000000 0.00000000000 0.00000000000
 0.00000000000 0.00000000000 0.00000000000 0.00000000000
 0.00000000000 0.00000000000 0.00000000000 0.00000000000
 0.00000000000 0.00000000000 0.00000000000 0.00000000000
 0.00000000000 0.00000000000 0.00000000000 0.00000000000
 0.00000000000 0.00000000000 0.00000000000 0.00000000000
 0.00000000000 0.00000000000 0.00000000000 0.00000000000
 0.00000000000 0.00000000000 0.00000000000 0.00000000000
 0.00000000000 0.00000000000 0.00000000000 0.00000000000
 0.00000000000 0.00000000000 0.00000000000 0.00000000000
 0.00000000000 0.00000000000 0.00000000000 0.00000000000
 0.00000000000 0.00000000000 0.00000000000 0.00000000000
 0.00000000000 0.00000000000 0.00000000000 0.00000000000
 0.00000000000 0.00000000000 0.00000000000 0.00000000000
 0.00000000000 0.00000000000 0.00000000000 0.00000000000
 0.00000000000 0.00000000000 0.00000000000 0.00000000000
 0.00000000000 0.00000000000 0.00000000000 0.00000000000
 0.00000000000 0.00000000000 0.00000000000 0.00000000000
 0.00000000000 0.00000000000 0.00000000000 0.00000000000
 0.00000000000 0.00000000000 0.00000000000 0.00000000000
 0.00000000000 0.00000000000 0.00000000000 0.00000000000
 0.00000000000 0.00000000000 0.00000000000 0.00000000000
# logsel_slope_fsh[1]:
 0.00000000000 0.00000000000 0.00000000000 0.00000000000 0.00000000000 0.00000000000 0.00000000000 0.00000000000 0.00000000000 0.00000000000 0.00000000000 0.00000000000 0.00000000000 0.00000000000 0.00000000000 0.00000000000 0.00000000000 0.00000000000 0.00000000000 0.00000000000 0.00000000000 0.00000000000 0.00000000000 0.00000000000 0.00000000000 0.00000000000 0.00000000000 0.00000000000 0.00000000000 0.00000000000 0.00000000000 0.00000000000 0.00000000000 0.00000000000 0.00000000000 0.00000000000 0.00000000000 0.00000000000
# logsel_slope_fsh[2]:
 0.00000000000 0.00000000000 0.00000000000 0.00000000000 0.00000000000 0.00000000000 0.00000000000 0.00000000000 0.00000000000 0.00000000000 0.00000000000 0.00000000000 0.00000000000 0.00000000000 0.00000000000 0.00000000000 0.00000000000 0.00000000000 0.00000000000 0.00000000000 0.00000000000 0.00000000000 0.00000000000 0.00000000000 0.00000000000 0.00000000000 0.00000000000 0.00000000000 0.00000000000 0.00000000000 0.00000000000 0.00000000000 0.00000000000 0.00000000000 0.00000000000 0.00000000000 0.00000000000 0.00000000000 0.00000000000
# logsel_slope_fsh[3]:
 0.00000000000 0.00000000000
# logsel_slope_fsh[4]:
 0.00000000000 0.00000000000 0.00000000000 0.00000000000 0.00000000000 0.00000000000 0.00000000000 0.00000000000 0.00000000000 0.00000000000 0.00000000000 0.00000000000 0.00000000000 0.00000000000 0.00000000000 0.00000000000 0.00000000000 0.00000000000 0.00000000000 0.00000000000 0.00000000000 0.00000000000 0.00000000000 0.00000000000 0.00000000000 0.00000000000 0.00000000000 0.00000000000 0.00000000000 0.00000000000 0.00000000000 0.00000000000 0.00000000000
# sel50_fsh[1]:
 0.00000000000 0.00000000000 0.00000000000 0.00000000000 0.00000000000 0.00000000000 0.00000000000 0.00000000000 0.00000000000 0.00000000000 0.00000000000 0.00000000000 0.00000000000 0.00000000000 0.00000000000 0.00000000000 0.00000000000 0.00000000000 0.00000000000 0.00000000000 0.00000000000 0.00000000000 0.00000000000 0.00000000000 0.00000000000 0.00000000000 0.00000000000 0.00000000000 0.00000000000 0.00000000000 0.00000000000 0.00000000000 0.00000000000 0.00000000000 0.00000000000 0.00000000000 0.00000000000 0.00000000000
# sel50_fsh[2]:
 0.00000000000 0.00000000000 0.00000000000 0.00000000000 0.00000000000 0.00000000000 0.00000000000 0.00000000000 0.00000000000 0.00000000000 0.00000000000 0.00000000000 0.00000000000 0.00000000000 0.00000000000 0.00000000000 0.00000000000 0.00000000000 0.00000000000 0.00000000000 0.00000000000 0.00000000000 0.00000000000 0.00000000000 0.00000000000 0.00000000000 0.00000000000 0.00000000000 0.00000000000 0.00000000000 0.00000000000 0.00000000000 0.00000000000 0.00000000000 0.00000000000 0.00000000000 0.00000000000 0.00000000000 0.00000000000
# sel50_fsh[3]:
 0.00000000000 0.00000000000
# sel50_fsh[4]:
 0.00000000000 0.00000000000 0.00000000000 0.00000000000 0.00000000000 0.00000000000 0.00000000000 0.00000000000 0.00000000000 0.00000000000 0.00000000000 0.00000000000 0.00000000000 0.00000000000 0.00000000000 0.00000000000 0.00000000000 0.00000000000 0.00000000000 0.00000000000 0.00000000000 0.00000000000 0.00000000000 0.00000000000 0.00000000000 0.00000000000 0.00000000000 0.00000000000 0.00000000000 0.00000000000 0.00000000000 0.00000000000 0.00000000000
# logsel_p1_fsh[1]:
 0.00000000000 0.00000000000 0.00000000000 0.00000000000 0.00000000000 0.00000000000 0.00000000000 0.00000000000 0.00000000000 0.00000000000 0.00000000000 0.00000000000 0.00000000000 0.00000000000 0.00000000000 0.00000000000 0.00000000000 0.00000000000 0.00000000000 0.00000000000 0.00000000000 0.00000000000 0.00000000000 0.00000000000 0.00000000000 0.00000000000 0.00000000000 0.00000000000 0.00000000000 0.00000000000 0.00000000000 0.00000000000 0.00000000000 0.00000000000 0.00000000000 0.00000000000 0.00000000000 0.00000000000
# logsel_p1_fsh[2]:
 0.00000000000 0.00000000000 0.00000000000 0.00000000000 0.00000000000 0.00000000000 0.00000000000 0.00000000000 0.00000000000 0.00000000000 0.00000000000 0.00000000000 0.00000000000 0.00000000000 0.00000000000 0.00000000000 0.00000000000 0.00000000000 0.00000000000 0.00000000000 0.00000000000 0.00000000000 0.00000000000 0.00000000000 0.00000000000 0.00000000000 0.00000000000 0.00000000000 0.00000000000 0.00000000000 0.00000000000 0.00000000000 0.00000000000 0.00000000000 0.00000000000 0.00000000000 0.00000000000 0.00000000000 0.00000000000
# logsel_p1_fsh[3]:
 0.00000000000 0.00000000000
# logsel_p1_fsh[4]:
 0.00000000000 0.00000000000 0.00000000000 0.00000000000 0.00000000000 0.00000000000 0.00000000000 0.00000000000 0.00000000000 0.00000000000 0.00000000000 0.00000000000 0.00000000000 0.00000000000 0.00000000000 0.00000000000 0.00000000000 0.00000000000 0.00000000000 0.00000000000 0.00000000000 0.00000000000 0.00000000000 0.00000000000 0.00000000000 0.00000000000 0.00000000000 0.00000000000 0.00000000000 0.00000000000 0.00000000000 0.00000000000 0.00000000000
# sel_p2_fsh[1]:
 0.00000000000 0.00000000000 0.00000000000 0.00000000000 0.00000000000 0.00000000000 0.00000000000 0.00000000000 0.00000000000 0.00000000000 0.00000000000 0.00000000000 0.00000000000 0.00000000000 0.00000000000 0.00000000000 0.00000000000 0.00000000000 0.00000000000 0.00000000000 0.00000000000 0.00000000000 0.00000000000 0.00000000000 0.00000000000 0.00000000000 0.00000000000 0.00000000000 0.00000000000 0.00000000000 0.00000000000 0.00000000000 0.00000000000 0.00000000000 0.00000000000 0.00000000000 0.00000000000 0.00000000000
# sel_p2_fsh[2]:
 0.00000000000 0.00000000000 0.00000000000 0.00000000000 0.00000000000 0.00000000000 0.00000000000 0.00000000000 0.00000000000 0.00000000000 0.00000000000 0.00000000000 0.00000000000 0.00000000000 0.00000000000 0.00000000000 0.00000000000 0.00000000000 0.00000000000 0.00000000000 0.00000000000 0.00000000000 0.00000000000 0.00000000000 0.00000000000 0.00000000000 0.00000000000 0.00000000000 0.00000000000 0.00000000000 0.00000000000 0.00000000000 0.00000000000 0.00000000000 0.00000000000 0.00000000000 0.00000000000 0.00000000000 0.00000000000
# sel_p2_fsh[3]:
 0.00000000000 0.00000000000
# sel_p2_fsh[4]:
 0.00000000000 0.00000000000 0.00000000000 0.00000000000 0.00000000000 0.00000000000 0.00000000000 0.00000000000 0.00000000000 0.00000000000 0.00000000000 0.00000000000 0.00000000000 0.00000000000 0.00000000000 0.00000000000 0.00000000000 0.00000000000 0.00000000000 0.00000000000 0.00000000000 0.00000000000 0.00000000000 0.00000000000 0.00000000000 0.00000000000 0.00000000000 0.00000000000 0.00000000000 0.00000000000 0.00000000000 0.00000000000 0.00000000000
# logsel_p3_fsh[1]:
 0.00000000000 0.00000000000 0.00000000000 0.00000000000 0.00000000000 0.00000000000 0.00000000000 0.00000000000 0.00000000000 0.00000000000 0.00000000000 0.00000000000 0.00000000000 0.00000000000 0.00000000000 0.00000000000 0.00000000000 0.00000000000 0.00000000000 0.00000000000 0.00000000000 0.00000000000 0.00000000000 0.00000000000 0.00000000000 0.00000000000 0.00000000000 0.00000000000 0.00000000000 0.00000000000 0.00000000000 0.00000000000 0.00000000000 0.00000000000 0.00000000000 0.00000000000 0.00000000000 0.00000000000
# logsel_p3_fsh[2]:
 0.00000000000 0.00000000000 0.00000000000 0.00000000000 0.00000000000 0.00000000000 0.00000000000 0.00000000000 0.00000000000 0.00000000000 0.00000000000 0.00000000000 0.00000000000 0.00000000000 0.00000000000 0.00000000000 0.00000000000 0.00000000000 0.00000000000 0.00000000000 0.00000000000 0.00000000000 0.00000000000 0.00000000000 0.00000000000 0.00000000000 0.00000000000 0.00000000000 0.00000000000 0.00000000000 0.00000000000 0.00000000000 0.00000000000 0.00000000000 0.00000000000 0.00000000000 0.00000000000 0.00000000000 0.00000000000
# logsel_p3_fsh[3]:
 0.00000000000 0.00000000000
# logsel_p3_fsh[4]:
 0.00000000000 0.00000000000 0.00000000000 0.00000000000 0.00000000000 0.00000000000 0.00000000000 0.00000000000 0.00000000000 0.00000000000 0.00000000000 0.00000000000 0.00000000000 0.00000000000 0.00000000000 0.00000000000 0.00000000000 0.00000000000 0.00000000000 0.00000000000 0.00000000000 0.00000000000 0.00000000000 0.00000000000 0.00000000000 0.00000000000 0.00000000000 0.00000000000 0.00000000000 0.00000000000 0.00000000000 0.00000000000 0.00000000000
# rec_dev_future:
 0.00000000000 0.00000000000 0.00000000000 0.00000000000 0.00000000000 0.00000000000 0.00000000000 0.00000000000 0.00000000000 0.00000000000 0.00000000000 0.00000000000 0.00000000000 0.00000000000 0.00000000000 0.00000000000 0.00000000000 0.00000000000 0.00000000000 0.00000000000
 0.00000000000 0.00000000000 0.00000000000 0.00000000000 0.00000000000 0.00000000000 0.00000000000 0.00000000000 0.00000000000 0.00000000000 0.00000000000 0.00000000000 0.00000000000 0.00000000000 0.00000000000 0.00000000000 0.00000000000 0.00000000000 0.00000000000 0.00000000000
# log_q_ind[1]:
-0.0977481061847
# log_q_ind[2]:
-2.85266761185
# log_q_ind[3]:
-9.51953956928
# log_q_ind[4]:
-0.767686022019
# log_q_ind[5]:
-3.92138732830
# log_q_ind[6]:
-6.25091508471
# log_q_ind[7]:
-0.930149166429
# log_q_power_ind[1]:
0.00000000000
# log_q_power_ind[2]:
0.00000000000
# log_q_power_ind[3]:
0.00000000000
# log_q_power_ind[4]:
0.00000000000
# log_q_power_ind[5]:
0.00000000000
# log_q_power_ind[6]:
0.00000000000
# log_q_power_ind[7]:
0.00000000000
# log_rw_q_ind[1]:
 -1.08015615676
# log_rw_q_ind[3]:
 -0.348784055578
# log_selcoffs_ind[1]:
 -3.13382431992 -1.99658137611 -0.911260762440 -0.0802551406047 0.363687866899 0.509778175018 0.457871563826 0.329031248493 0.216909036287 0.165215331306
 -3.14222209187 -2.23130797168 -1.34166559538 -0.522498600307 0.126011862927 0.496803914512 0.595518062178 0.501372911416 0.363692388871 0.272797507907
# log_selcoffs_ind[2]:
 -1.29065913899 -0.619221758949 -0.152310682297 0.0543500584997 0.0230366590896 -0.0211786437733 0.0385270087776 0.203975222674 0.369042557445 0.443228352538
 -1.12734653560 -0.507589047650 -0.130579120954 0.130663266629 0.234098661029 0.209445479149 0.143477842461 0.109916522029 0.121470736058 0.148942664204
 -0.965795717759 -0.415028763790 -0.0377859150347 0.246929326217 0.349707219306 0.272787140077 0.114351585032 -0.0164561548223 -0.0690373076218 -0.0559339082690
# log_selcoffs_ind[3]:
 -0.202940821038 0.0202027052767 0.0202027052767 0.0202027052767 0.0202027052767 0.0202027052767 0.0202027052767 0.0202027052767 0.0202027052767 0.0202027052767
# log_selcoffs_ind[4]:
 -2.44585936554 -1.44461266246 -0.592795652867 -0.0697121908976 0.118316524079 0.204647149344 0.278977195512 0.354051942261 0.416031222611 0.455420844851
 -3.07967183157 -2.21054167333 -1.36341593177 -0.640992112285 -0.121215233038 0.232065955849 0.460810791041 0.577226640447 0.586838142959 0.559637969516
# log_selcoffs_ind[5]:
 -3.04452005677 -0.669616569639 0.101782682789 0.174353368097 0.174353368097 0.174353368097 0.174353368097 0.174353368097 0.174353368097 0.174353368097
# log_selcoffs_ind[6]:
 -3.04452005677 -0.669616569639 0.101782682789 0.174353368097 0.174353368097 0.174353368097 0.174353368097 0.174353368097 0.174353368097 0.174353368097
# log_selcoffs_ind[7]:
 -3.04452005677 -0.669616569639 0.101782682789 0.174353368097 0.174353368097 0.174353368097 0.174353368097 0.174353368097 0.174353368097 0.174353368097
# logsel_slope_ind[1]:
 0.00000000000 0.00000000000
# logsel_slope_ind[2]:
 0.00000000000 0.00000000000 0.00000000000
# logsel_slope_ind[3]:
 0.00000000000
# logsel_slope_ind[4]:
 0.00000000000 0.00000000000
# logsel_slope_ind[5]:
 0.00000000000
# logsel_slope_ind[6]:
 0.00000000000
# logsel_slope_ind[7]:
 0.00000000000
# sel50_ind[1]:
 0.00000000000 0.00000000000
# sel50_ind[2]:
 0.00000000000 0.00000000000 0.00000000000
# sel50_ind[3]:
 0.00000000000
# sel50_ind[4]:
 0.00000000000 0.00000000000
# sel50_ind[5]:
 0.00000000000
# sel50_ind[6]:
 0.00000000000
# sel50_ind[7]:
 0.00000000000
# logsel_p1_ind[1]:
 0.00000000000 0.00000000000
# logsel_p1_ind[2]:
 0.00000000000 0.00000000000 0.00000000000
# logsel_p1_ind[3]:
 0.00000000000
# logsel_p1_ind[4]:
 0.00000000000 0.00000000000
# logsel_p1_ind[5]:
 0.00000000000
# logsel_p1_ind[6]:
 0.00000000000
# logsel_p1_ind[7]:
 0.00000000000
# sel_p2_ind[1]:
 0.00000000000 0.00000000000
# sel_p2_ind[2]:
 0.00000000000 0.00000000000 0.00000000000
# sel_p2_ind[3]:
 0.00000000000
# sel_p2_ind[4]:
 0.00000000000 0.00000000000
# sel_p2_ind[5]:
 0.00000000000
# sel_p2_ind[6]:
 0.00000000000
# sel_p2_ind[7]:
 0.00000000000
# logsel_p3_ind[1]:
 0.00000000000 0.00000000000
# logsel_p3_ind[2]:
 0.00000000000 0.00000000000 0.00000000000
# logsel_p3_ind[3]:
 0.00000000000
# logsel_p3_ind[4]:
 0.00000000000 0.00000000000
# logsel_p3_ind[5]:
 0.00000000000
# logsel_p3_ind[6]:
 0.00000000000
# logsel_p3_ind[7]:
 0.00000000000
