# Number of parameters = 1441 Objective function value = 1253.83058180611  Maximum gradient component = 0.0215419442336657
# Mest[1]:
0.230000000000
# Mest[2]:
0.330000000000
# log_Linf[1]:
4.30945594184
# log_Linf[2]:
4.38701417618
# log_k[1]:
-1.83258146375
# log_k[2]:
-1.83258146375
# log_Lo[1]:
2.89037175790
# log_Lo[2]:
2.89037175790
# log_sdage[1]:
-2.40794560865
# log_sdage[2]:
-2.40794560865
# mean_log_rec[1]:
9.50886264987
# mean_log_rec[2]:
8.35855475460
# mean_log_rec[3]:
7.75588530503
# steepness[1]:
0.650000000000
# steepness[2]:
0.650000000000
# steepness[3]:
0.650000000000
# log_Rzero[1]:
9.11232164544
# log_Rzero[2]:
8.40651206107
# log_Rzero[3]:
7.44721000312
# rec_dev:
 -0.441646265832 -0.514740600405 -0.594055312098 -0.680516675403 -0.771536452798 -0.863180538832 -0.830356704084 -0.834701523888 -0.681887393537 -0.617339421251 -0.525951240185 -0.357459365005 -0.394581031545 -0.349393456721 -0.289834660153 -0.104589928911 0.193184716185 0.390323466473 0.381899471019 0.338426770587 0.392471087982 0.513338347941 0.730234303974 0.727193193329 0.675131321334 1.32705927802 1.52773155660 0.707687208091 0.127919801808 0.329576028151 0.645078553864 0.780802840412 0.545968524202 0.316955444347 0.229078577039 0.300568383550 0.336321680034 0.489234746472 0.670143595758 0.570641342338 0.710341489789 0.693253305032 0.499141535849 -0.133968726677 -0.466395627652 -0.758215773460 -1.48604782221 -1.02754676929 -0.855980379787 -1.02435869409 -1.05717991306 -1.10398555804 -1.01599317971 -0.512844725465 -0.300860820126 -0.273506517916 -0.109915121061 0.217390452959 0.444879864982 0.185512621827 0.104125645475 0.0291236809832
 -0.000140539118201 -0.000174346324798 -0.000202525358731 -0.000213874407084 -0.000188136296211 -9.04844741356e-05 0.000137783993175 0.000610897800136 0.00118600695592 0.00212603202943 0.00346225930101 0.0278217383800 0.0284970947362 0.0290080019029 0.0291718784283 0.0275991726095 0.0210736409951 0.00951293807680 -0.0418631797450 0.361582240829 -0.0123567481878 -0.110929879202 0.00432371135930 0.420342455530 -0.0375540610193 -0.242792402989 -0.532497000719 -0.0470624672287 0.366059151050 0.894160568022 0.278427551441 0.243788009128 -0.456955418162 -1.50706472208e-05 -0.449482371437 -0.673565225469 -0.00934981079677 0.0671528468432 0.0287232421438 -0.123797535331 0.533554265322 1.12890399928 -0.351935559353 0.579675419305 -0.652641763697 -0.219037077368 0.679277832547 -0.0504219584160 -1.21458127578 -2.03578760845 -0.521542187776 0.765720372952 -0.561212555066 -0.228884417442 -1.57015739557 -0.493937575597 -0.753028580081 -0.261543823864 1.15735211020 0.791091998703 -0.584527661336 -0.0775662009745
# log_sigmar[1]:
-0.510825623766
# log_sigmar[2]:
-0.510825623766
# log_sigmar[3]:
-0.510825623766
# fmort:
 0.0115805087352 0.0170330518964 0.00772934622220 0.00977912151767 0.0188430698263 0.0231736400673 0.0280896394631 0.0242218705378 0.0473105055755 0.0393293507874 0.0266768859912 0.0388720550124 0.0746467600279 0.0289844326424 0.0684075545268 0.0457475983356 0.00446230754565 0.0204172524881 0.0167348424250 0.0148103137072 0.0140166168954 0.0185991912736 0.0202066164240 0.0224598490824 0.0148780223114 0.0199709757883 0.0338536930146 0.0132382901385 0.00375959100984 0.00617057069360 0.00989884316920 0.0203526381716 0.00865815501620 0.0120340109085 0.0132710830809 0.0218801089727 0.0278256750121 0.0420017992974 0.0576088878492 0.0545617450331 0.0741914995132 0.0137993941119 0.00561342284884 0.00648879020533 0.00682756724149 0.00847863602327 0.00635016210796 0.00911149258048 0.00297443551398 0.00230796401480 0.00739926685165
 0.00146294132731 0.00224597889352 0.00343087895699 0.00568064246149 0.00407661288717 0.00734403814420 0.00948586096094 0.0138357367949 0.0222954151222 0.0275498321672 0.0249158310003 0.0494472499871 0.0680661914592 0.0555732189596 0.0750972106426 0.106625993048 0.119514422073 0.160458011049 0.222325128617 0.231651960851 0.232384280348 0.291422341095 0.381694717276 0.363816360820 0.485867431147 0.646045887362 0.626782703185 0.629858406623 0.371963831349 0.241671368616 0.181684379413 0.213161582219 0.210209681397 0.193578993789 0.188695028201 0.188189940674 0.197553843325 0.236470774642 0.204455302815 0.277282575021 0.164161509746 0.119115091013 0.102723493520 0.0825015858475 0.0798369815822 0.0801437788380 0.0892200092712 0.0836791991003 0.0896120054446 0.0792386909398 0.0626031093687
 0.000578414903650 0.00112707299317 0.00279824299656 0.00598622898775 0.0190994610096 0.00592884080347 0.00755780303481 0.102111482369 0.103296611453 0.0826076275288 0.0828177992889 0.111468973586 0.0358403291720 0.0213463299878 0.0248746822210 0.0184309947412 0.0101057609891 0.0114958415901 0.0439447154154 0.0364257686354 0.0320739546296 0.0263050492084 0.0155325688835 0.0268801298078 0.0447078315319 0.213463611840 0.364185567868 0.687044919770 0.602770984443 0.162397929670 0.117898828993 0.374440003787 0.0526423034080 0.0768642809850 0.0626930194914 0.0413853325752 0.0989281473124 0.0814575692629 0.0962615327573 0.117192903315 0.0293545300048 0.145298614361 0.0676493898846 0.0417350138297 0.0428741211027 0.0187482321913 0.00858537828831 0.00441123320386 0.0124887685382 0.0156580092001 0.0213953870637
 2.09277040142e-13 2.21767049169e-13 0.000570801745623 2.37865283026e-13 2.42306175124e-13 2.44526621174e-13 3.58449537913e-06 0.000242785874124 0.00505824421782 0.0312975209098 0.0277649854482 0.0350423046937 0.0785683814491 0.0928808522100 0.123592138637 0.0997533399936 0.0943460379745 0.0975044365600 0.0996126117065 0.0817512459078 0.0666241153164 0.0418975125092 0.00359767502055 2.24820162487e-13 2.62290189568e-13 3.68038932663e-13 4.64350780049e-13 6.96387392196e-13 7.87703235972e-13 3.53077109522e-06 0.000638777015154 0.00444084759280 0.0133781862355 0.0256391792686 0.0448339495268 0.0379371442297 0.0569443095587 0.0859335260788 0.108120066011 0.146464711396 0.138704843771 0.0373958351732 0.0251857158907 0.0256172319476 0.0270667304413 0.0347231191939 0.0206976662815 0.0163191343637 0.0122142063332 0.0110737090629 0.000475417328267
# log_selcoffs_fsh[1]:
 -4.83471002659 -3.68247039561 -2.44218242859 -1.22344680192 -0.283756774507 0.508634045487 1.08509718258 0.893375839541 -0.265730422252
 -4.52414854826 -3.28253215760 -1.96697959814 -0.820025866827 -0.173100089751 0.454008496085 0.948777056767 0.805151467815 0.127578870806
 -4.18930653702 -2.93757535544 -1.71354249616 -0.689845778245 -0.00767266813448 0.530726683155 0.824526629513 0.670167136757 0.279206681470
 -3.78899434686 -2.44814856388 -1.32419569846 -0.525115468399 -0.0472142463060 0.391307937518 0.762770127871 0.686969122237 0.384403308420
 -3.56691818931 -2.13283110426 -0.767976642493 -0.0141614950566 0.206862304731 0.338212640895 0.489609111986 0.497514151265 0.401998231026
 -3.39965531859 -2.04257382585 -0.786075032409 0.0876039742636 0.480865192265 0.466484359153 0.361586490388 0.298323160414 0.258264127140
 -3.23846590560 -1.95372420957 -0.878179296799 -0.0657412265227 0.554826233286 0.677912216127 0.391860261487 0.168798723682 0.0881085540690
 -3.07325696240 -1.76288223930 -0.778086893199 -0.00866542081808 0.595030021691 0.711349222999 0.358570723784 0.0821529099321 -0.0358372374895
 -2.94335608329 -1.62722543396 -0.450257392716 0.200463904190 0.522771033960 0.588194922168 0.381969007475 0.0541598219445 -0.124255819121
 -2.78215442813 -1.36038388136 -0.181107848995 0.222866950901 0.527361011329 0.583282669145 0.298163679430 -0.0443329582979 -0.214246256505
 -2.61926219660 -0.988818757764 0.456060119727 0.447803025338 0.329047369529 0.286468954994 0.0801585402364 -0.157648693946 -0.283102266034
 -2.44716109974 -0.728740593454 0.440913069168 0.480018800609 0.440031116891 0.235459673993 -0.0435420280672 -0.248803095952 -0.349071604888
 -2.33202226540 -0.662398686018 0.474409706760 0.696940258113 0.402522640041 0.0866437418764 -0.188033691239 -0.353234759428 -0.422323537954
 -2.24207306809 -0.697769052320 0.483648491431 0.833963584501 0.395909412847 -0.0166089733384 -0.292200165837 -0.438520379325 -0.493005962249
 -2.36830341183 -0.833200344845 0.627350269185 0.870322900620 0.345497460609 -0.0721811251308 -0.351920897568 -0.509348104592 -0.572518386841
 -2.31873017599 -0.818498717066 0.670239630222 0.796123948640 0.396624760873 -0.0256308019899 -0.351188536077 -0.537057270004 -0.617925424610
 -2.11157304738 -0.591354340325 0.781566006496 0.718965266401 0.307764826291 -0.0635663242179 -0.365348602077 -0.556674260935 -0.649481824083
 -1.76281537598 -0.289843262310 0.571286075290 0.771380846935 0.377670859313 -0.0676743888243 -0.385636641674 -0.576158638828 -0.670903403921
 -1.63711703244 -0.267479087316 0.844394540360 0.727204637894 0.183662919640 -0.199682029410 -0.473358369454 -0.648763662724 -0.737942732979
 -1.38443725557 -0.151127534305 0.823719113862 0.713293893077 0.217349819980 -0.229743482398 -0.532977719879 -0.709500724015 -0.789934451409
 -1.30273761858 -0.0157872471771 0.883435211980 0.710901930509 0.141184788337 -0.316475709282 -0.626552068976 -0.795313094946 -0.861251792536
 -1.24212773864 -0.0871844652254 0.710668051471 0.932607878983 0.247326426327 -0.407230793052 -0.750266590187 -0.896297633685 -0.936904615725
 -1.16223487402 0.179382759428 0.924794392703 0.756071694855 0.0643543518335 -0.511647345004 -0.846011587448 -0.977542874751 -0.999244564885
 -1.30287283125 -0.0210847097257 0.905500365514 0.970050955885 0.00309824717212 -0.609957087523 -0.928339248474 -1.05039588839 -1.06021893530
 -1.44466540409 -0.0817462733290 0.934572517401 0.946760433230 0.0651350633640 -0.567682809689 -0.920279972658 -1.06161700683 -1.07659518430
 -1.40049925270 0.154021141526 0.754748611372 0.854236724197 0.219017901647 -0.363559048416 -0.813853519473 -1.00184565464 -1.02177875841
 -1.40233845249 -0.147628961788 0.604989896880 0.959700536597 0.302680942353 -0.231170892487 -0.686643008849 -0.899344099976 -0.936763281135
 -1.25952234587 0.225788036316 0.467591257458 0.765860408568 0.311131714317 -0.164922621438 -0.549408867629 -0.748573366387 -0.792633300954
 -1.15190658723 0.407581279841 0.625672073250 0.496412520250 0.119647540238 -0.195154225493 -0.447018075219 -0.593753393485 -0.640783592748
 -1.27976211940 -0.00304391395054 0.493704666946 0.791938290088 0.144915362002 -0.222519935638 -0.382930848362 -0.460572886149 -0.494842536377
 -1.21999821718 0.387051167470 0.510589277248 0.293613580809 0.0338895399875 -0.129407687671 -0.221717301429 -0.269923618068 -0.291779087415
 -1.19964306237 0.364843251334 0.111923558785 0.153633498335 0.121855503488 0.0393272807848 -0.0320561216320 -0.0757338744880 -0.0957376034884
 -1.45275038119 -0.710393743826 -0.223929191464 0.409074212676 0.381842290707 0.236955826644 0.131564290630 0.0665969725298 0.0276017024658
 -1.69618288169 -1.03973108690 -0.429396520219 0.104293004147 0.255482982405 0.397685670487 0.363091996537 0.259188427838 0.173224775721
 -1.44330554124 -0.795578312935 -0.437938862116 0.157694315505 0.168064168176 0.222509472818 0.291032852802 0.308768139506 0.310850470118
 -0.640908893806 -0.293359387344 -0.755983694065 -0.407668705629 -0.153522600270 0.176246321628 0.351617990746 0.419623924038 0.469701635213
# log_selcoffs_fsh[2]:
 -6.48870542590 -5.03772464123 -3.58108188974 -1.96669034790 -0.581637245391 0.324788560212 0.986437802651 1.13587349776 0.520240878069 -0.907539806370
 -6.40237157002 -4.95941730471 -3.46592679679 -2.05045149967 -0.880178184979 0.184092575561 0.976100013005 1.17052436389 0.535860782913 -0.465402702869
 -6.27916625158 -4.89604282175 -3.49701556458 -2.13947442093 -1.02291660968 0.0379982766030 0.919123862764 1.15386856017 0.624334577837 -0.105538286631
 -6.11270697137 -4.76107246610 -3.47167771025 -2.23102690440 -1.15147118910 -0.186455819295 0.760734877517 1.14361491928 0.774255022030 0.229335435529
 -5.94612522608 -4.52669434560 -3.24990516594 -2.21182084845 -1.31955053763 -0.398344170288 0.586637129955 1.07999364327 0.893895339604 0.537881728763
 -5.78932191547 -4.44741589095 -3.15036782588 -1.96463919959 -1.14223695064 -0.524442431372 0.272452284240 0.893542313000 1.01059154275 0.870046201423
 -5.64809173181 -4.37903600580 -3.16905429176 -2.08161970037 -1.15040298520 -0.404946100645 0.166889918650 0.669726692594 0.982900485009 1.10728186875
 -5.53557281343 -4.31042667175 -3.16116618036 -2.15308750392 -1.27976099841 -0.569001705574 0.104473512098 0.586199744222 0.956106735866 1.24447522237
 -5.46144382032 -4.22884980491 -3.07075449321 -2.11451109075 -1.35831708919 -0.678164535198 0.0178060487921 0.608455897745 0.957300041737 1.27794391986
 -5.37576813898 -4.10888482854 -2.92497264012 -1.92698840626 -1.15694094853 -0.587365907628 -0.113508731183 0.476415562938 0.949395959861 1.34085802406
 -5.32081459940 -3.95059786732 -2.64169250008 -1.56045019747 -0.851528700940 -0.336108175478 0.0535987259005 0.369298608343 0.798742258159 1.34253937494
 -5.33627458787 -3.83456916595 -2.42043207032 -1.23384820712 -0.625997217694 -0.202491838983 0.113187356603 0.434433685905 0.854851776234 1.17159799714
 -5.36201927049 -3.68759899594 -2.07849339266 -0.803930624488 -0.263770253295 0.0873058521399 0.261458948978 0.441815797480 0.727084346196 0.961194963256
 -5.38347237522 -3.50376000793 -1.70956204276 -0.526818977569 0.0995725120059 0.285990080126 0.334004443733 0.417636326758 0.579321021152 0.721917813163
 -5.36178103556 -3.29245224562 -1.33338163572 -0.0727492937442 0.356129839367 0.338668196967 0.226547060383 0.269884211201 0.449182262988 0.589314067202
 -5.30066194799 -3.09064398561 -1.02987260324 0.0844221032191 0.333101741051 0.295381577338 0.197250136964 0.230648535074 0.407185014308 0.579655399311
 -5.25923620692 -3.02527351300 -0.921100021116 0.0530239442476 0.313421008632 0.300262151708 0.194081830400 0.210402721791 0.395484843530 0.610816884875
 -5.23173419019 -3.19625661577 -1.27710343572 0.00418039679040 0.401436435223 0.373344488827 0.208127217930 0.192865376999 0.379837277743 0.597746772676
 -5.19385559406 -3.32907540334 -1.56812377704 -0.251048297933 0.454501705620 0.449231669053 0.231160941105 0.197031343902 0.390611151371 0.628063950745
 -5.11931690396 -3.36937871869 -1.69385494230 -0.415279433529 0.243797345913 0.379071698815 0.238408869922 0.236340049783 0.489332583232 0.793702621378
 -5.08116935958 -3.44176366657 -1.89725255365 -0.625764080127 0.134305751647 0.386385261953 0.287222346898 0.244451406706 0.510285213088 0.869679087771
 -5.08191966965 -3.52209487180 -2.05923221820 -0.893010928417 -0.0514281806685 0.417332871998 0.393937533030 0.315140281959 0.536877949363 0.873627367988
 -5.10295531044 -3.58981215891 -2.22118244922 -1.09868414917 -0.265009900449 0.409989885795 0.450254449284 0.395712879331 0.587056894953 0.874504067345
 -5.17494907175 -3.65138515133 -2.25609442402 -1.12525059870 -0.409388159838 0.186619356590 0.505399687913 0.500846849789 0.673503104471 0.875873696130
 -5.25399971349 -3.69704839909 -2.19912606159 -0.908611427598 -0.263050091962 0.00375431290114 0.315497172862 0.534069300278 0.715218544690 0.940825106059
 -5.36653872791 -3.75932514741 -2.28407877162 -1.02044333543 -0.249627312401 0.240653342127 0.343583556794 0.455098893501 0.670763809733 0.922871092637
 -5.57733441836 -3.93051977176 -2.31052547845 -0.940653979237 -0.160813025443 0.392199714298 0.504697199584 0.467018834822 0.576571426818 0.753148987769
 -5.77701653742 -4.09095713590 -2.35635642955 -0.693701337545 0.0578420270193 0.514032131910 0.516140406363 0.394680303557 0.530281284657 0.585147579422
 -5.97167329749 -4.26714985909 -2.56964136229 -0.997986336776 -0.0808821576449 0.764031533133 0.727051611289 0.402709839325 0.434851163874 0.307080575049
 -6.14216714756 -4.39751820281 -2.67076006100 -1.02676174774 0.252994759389 0.867215996157 0.788168133372 0.390600482001 0.163374770055 0.0347067350127
 -6.24641521087 -4.43387709795 -2.57343059192 -0.786521556683 0.358009375572 0.838732833103 0.720812368773 0.366056295651 0.145094479187 0.0547667114364
 -6.29011761760 -4.41092453743 -2.48211401590 -0.720882575440 0.353078061188 0.634463290123 0.651131026829 0.435367250039 0.300622418747 0.256749967670
 -6.29956911494 -4.36359510536 -2.32934736303 -0.606084188550 0.00785054824836 0.339987130400 0.589266373882 0.617959929401 0.513297009870 0.470741939858
 -6.32472711333 -4.43048537322 -2.53798076285 -0.925493733773 -0.0888115057854 0.389286817763 0.621107229731 0.662611956896 0.556907300973 0.453547692082
 -6.30541040739 -4.46654215899 -2.59728195443 -1.08763518129 -0.346959845699 0.206692128985 0.617677312419 0.741288434171 0.664462325345 0.555069692442
 -6.26723692115 -4.54490238507 -2.87036966391 -1.27827713869 -0.351237658991 0.125043194730 0.539190361709 0.751898011779 0.748036984774 0.624217319666
 -6.25409276790 -4.61443043089 -3.04989974684 -1.56096351109 -0.512199665352 0.130311991647 0.562752455560 0.760204458560 0.800387011550 0.626953270737
# log_selcoffs_fsh[3]:
 -2.34912798461 0.291133180402 1.47732549511 0.0375696750881 -2.12951721696 -3.89135095516 -4.85418524322
 -2.32882094586 0.870170570545 1.29691318463 -0.307014041584 -2.35996544705 -3.94115455206 -4.85437415743
# log_selcoffs_fsh[4]:
 -5.92792780314 -4.79637625860 -3.64044709446 -2.42175542025 -1.14756325977 0.0545119949681 0.927508754238 1.12951403489 0.630356608427
 -5.91474400938 -4.77589406527 -3.60564879645 -2.33621021211 -1.01430281857 0.149101495285 0.935144717648 1.06721028198 0.634840436945
 -5.87908984756 -4.73734063990 -3.57124593541 -2.33370117898 -1.03589027358 0.130257708086 0.919277193885 1.07205357349 0.662946523362
 -5.81192393668 -4.65945808958 -3.50317446432 -2.31354935072 -1.07329864089 0.0640578245115 0.875923933408 1.08531635041 0.736696779744
 -5.73925273570 -4.56019576835 -3.39157218225 -2.23554906262 -1.04166376917 0.0699847267134 0.838669158483 1.05861559335 0.799626867915
 -5.66433501565 -4.50050478987 -3.32046530468 -2.13984128480 -1.02865923266 0.000818554500708 0.791703150957 1.07210558812 0.852130977190
 -5.56719507564 -4.42500107036 -3.25521265475 -2.04990827012 -0.947933571049 0.0191834548323 0.762602984280 1.03408753768 0.897551246141
 -5.43705259099 -4.29609822790 -3.17655996135 -2.01595942393 -0.907272111164 0.00282407172324 0.717376598375 1.02859435521 0.937845086361
 -5.30193124841 -4.11556575485 -3.03660225269 -2.02292051052 -0.992536712785 -0.0266432610804 0.709346271252 1.01852053704 0.975440071997
 -5.17276009893 -3.98008945378 -2.84659819460 -1.82251100890 -0.922734965594 -0.0692291692448 0.628449756958 0.996705906602 1.04429638116
 -5.07072347278 -3.86138089601 -2.71476553822 -1.68145087860 -0.770137485232 -0.00670215761514 0.585635370840 0.934641139875 1.07215123413
 -4.99653867799 -3.74141874159 -2.57034739725 -1.55284567931 -0.667022686228 0.0724343094360 0.580873341804 0.888745741960 1.05547220954
 -4.93419356573 -3.59104889973 -2.34884634690 -1.35466646253 -0.593331123534 0.0722208564495 0.581113500920 0.867146259771 1.03539132022
 -4.86921565070 -3.40090017325 -1.98070522763 -0.973476156147 -0.392498579409 0.0583481710119 0.458225893965 0.814515633497 1.05376787412
 -4.80157838883 -3.25496783405 -1.73884385197 -0.634979743393 -0.135656345535 0.0912014472388 0.350688161817 0.717718202267 1.03286554600
 -4.71804702258 -3.13326708826 -1.53292126364 -0.385753493684 -0.0447498053978 0.0738986241556 0.290281762571 0.656216195886 1.01320917566
 -4.65833269474 -3.10701825648 -1.55759967607 -0.398174123448 -0.0344693463924 0.133496168841 0.332569092959 0.640166109202 0.979573655333
 -4.61184817714 -3.19816559855 -1.90508810164 -0.919847999957 -0.235429713569 0.319077517106 0.570596822451 0.688988718988 0.906130560029
 -4.53014111352 -3.23647012689 -2.07361335342 -1.17535208033 -0.460863861255 0.173046999598 0.586091906586 0.820842140838 0.965633947628
 -4.47385866714 -3.25324042132 -2.16555286882 -1.32013657205 -0.671634823910 -0.0274622605278 0.570386318656 0.933498696371 1.01958212103
 -4.41526503105 -3.19979655924 -2.11397963958 -1.35518992900 -0.781128968305 -0.211082676627 0.438470072866 0.988242282299 1.11973620996
 -4.34986923624 -3.09635163020 -1.84465562887 -1.20238812953 -0.785245429048 -0.232745269492 0.333643349300 0.853593103336 1.25014387145
 -4.31850058319 -3.17044698616 -2.11151494363 -1.31996369750 -0.763390912741 -0.153935472913 0.359494939089 0.821930317879 1.26004857698
 -4.24648470040 -3.15304177948 -2.14320444730 -1.33915628783 -0.753198801648 -0.222092131786 0.290873688840 0.809191827147 1.31055502252
 -4.25234352159 -3.16814352267 -2.07086410730 -1.10487501043 -0.474526128514 0.0430950496237 0.433143548192 0.799014894446 1.11667951330
 -4.08255086300 -2.99031636127 -1.77899623346 -0.959408967320 -0.461186908795 0.00119843836544 0.415900063519 0.788283428593 1.10983296550
 -3.81242252260 -2.84099619668 -1.81812286361 -1.00762985794 -0.484945293560 -0.0264289980909 0.426092249158 0.833172412222 1.08876689067
 -3.34001951820 -2.52397303734 -1.70870641187 -1.06074335649 -0.581800590737 -0.175255286621 0.262217835252 0.775410057226 1.24924219960
 -2.66897826530 -2.03115157929 -1.54488859386 -1.11559288799 -0.833142395534 -0.513455943474 0.0158221053930 0.730801030276 1.41891632094
 -2.69965913930 -2.07565005871 -1.43545083159 -1.00969379047 -0.835511787836 -0.686224962482 -0.208324161210 0.641060140388 1.51675147328
 -2.50873960173 -1.81166344997 -1.56345310578 -1.28622866097 -0.984046067584 -0.764724835653 -0.306439756493 0.571502162053 1.59397472746
# log_sel_spl_fsh[1]:
 0.00000000000 0.00000000000 0.00000000000 0.00000000000
 0.00000000000 0.00000000000 0.00000000000 0.00000000000
 0.00000000000 0.00000000000 0.00000000000 0.00000000000
 0.00000000000 0.00000000000 0.00000000000 0.00000000000
 0.00000000000 0.00000000000 0.00000000000 0.00000000000
 0.00000000000 0.00000000000 0.00000000000 0.00000000000
 0.00000000000 0.00000000000 0.00000000000 0.00000000000
 0.00000000000 0.00000000000 0.00000000000 0.00000000000
 0.00000000000 0.00000000000 0.00000000000 0.00000000000
 0.00000000000 0.00000000000 0.00000000000 0.00000000000
 0.00000000000 0.00000000000 0.00000000000 0.00000000000
 0.00000000000 0.00000000000 0.00000000000 0.00000000000
 0.00000000000 0.00000000000 0.00000000000 0.00000000000
 0.00000000000 0.00000000000 0.00000000000 0.00000000000
 0.00000000000 0.00000000000 0.00000000000 0.00000000000
 0.00000000000 0.00000000000 0.00000000000 0.00000000000
 0.00000000000 0.00000000000 0.00000000000 0.00000000000
 0.00000000000 0.00000000000 0.00000000000 0.00000000000
 0.00000000000 0.00000000000 0.00000000000 0.00000000000
 0.00000000000 0.00000000000 0.00000000000 0.00000000000
 0.00000000000 0.00000000000 0.00000000000 0.00000000000
 0.00000000000 0.00000000000 0.00000000000 0.00000000000
 0.00000000000 0.00000000000 0.00000000000 0.00000000000
 0.00000000000 0.00000000000 0.00000000000 0.00000000000
 0.00000000000 0.00000000000 0.00000000000 0.00000000000
 0.00000000000 0.00000000000 0.00000000000 0.00000000000
 0.00000000000 0.00000000000 0.00000000000 0.00000000000
 0.00000000000 0.00000000000 0.00000000000 0.00000000000
 0.00000000000 0.00000000000 0.00000000000 0.00000000000
 0.00000000000 0.00000000000 0.00000000000 0.00000000000
 0.00000000000 0.00000000000 0.00000000000 0.00000000000
 0.00000000000 0.00000000000 0.00000000000 0.00000000000
 0.00000000000 0.00000000000 0.00000000000 0.00000000000
 0.00000000000 0.00000000000 0.00000000000 0.00000000000
 0.00000000000 0.00000000000 0.00000000000 0.00000000000
 0.00000000000 0.00000000000 0.00000000000 0.00000000000
# log_sel_spl_fsh[2]:
 0.00000000000 0.00000000000 0.00000000000 0.00000000000
 0.00000000000 0.00000000000 0.00000000000 0.00000000000
 0.00000000000 0.00000000000 0.00000000000 0.00000000000
 0.00000000000 0.00000000000 0.00000000000 0.00000000000
 0.00000000000 0.00000000000 0.00000000000 0.00000000000
 0.00000000000 0.00000000000 0.00000000000 0.00000000000
 0.00000000000 0.00000000000 0.00000000000 0.00000000000
 0.00000000000 0.00000000000 0.00000000000 0.00000000000
 0.00000000000 0.00000000000 0.00000000000 0.00000000000
 0.00000000000 0.00000000000 0.00000000000 0.00000000000
 0.00000000000 0.00000000000 0.00000000000 0.00000000000
 0.00000000000 0.00000000000 0.00000000000 0.00000000000
 0.00000000000 0.00000000000 0.00000000000 0.00000000000
 0.00000000000 0.00000000000 0.00000000000 0.00000000000
 0.00000000000 0.00000000000 0.00000000000 0.00000000000
 0.00000000000 0.00000000000 0.00000000000 0.00000000000
 0.00000000000 0.00000000000 0.00000000000 0.00000000000
 0.00000000000 0.00000000000 0.00000000000 0.00000000000
 0.00000000000 0.00000000000 0.00000000000 0.00000000000
 0.00000000000 0.00000000000 0.00000000000 0.00000000000
 0.00000000000 0.00000000000 0.00000000000 0.00000000000
 0.00000000000 0.00000000000 0.00000000000 0.00000000000
 0.00000000000 0.00000000000 0.00000000000 0.00000000000
 0.00000000000 0.00000000000 0.00000000000 0.00000000000
 0.00000000000 0.00000000000 0.00000000000 0.00000000000
 0.00000000000 0.00000000000 0.00000000000 0.00000000000
 0.00000000000 0.00000000000 0.00000000000 0.00000000000
 0.00000000000 0.00000000000 0.00000000000 0.00000000000
 0.00000000000 0.00000000000 0.00000000000 0.00000000000
 0.00000000000 0.00000000000 0.00000000000 0.00000000000
 0.00000000000 0.00000000000 0.00000000000 0.00000000000
 0.00000000000 0.00000000000 0.00000000000 0.00000000000
 0.00000000000 0.00000000000 0.00000000000 0.00000000000
 0.00000000000 0.00000000000 0.00000000000 0.00000000000
 0.00000000000 0.00000000000 0.00000000000 0.00000000000
 0.00000000000 0.00000000000 0.00000000000 0.00000000000
 0.00000000000 0.00000000000 0.00000000000 0.00000000000
# log_sel_spl_fsh[3]:
 0.00000000000 0.00000000000 0.00000000000 0.00000000000
 0.00000000000 0.00000000000 0.00000000000 0.00000000000
# log_sel_spl_fsh[4]:
 0.00000000000 0.00000000000 0.00000000000 0.00000000000
 0.00000000000 0.00000000000 0.00000000000 0.00000000000
 0.00000000000 0.00000000000 0.00000000000 0.00000000000
 0.00000000000 0.00000000000 0.00000000000 0.00000000000
 0.00000000000 0.00000000000 0.00000000000 0.00000000000
 0.00000000000 0.00000000000 0.00000000000 0.00000000000
 0.00000000000 0.00000000000 0.00000000000 0.00000000000
 0.00000000000 0.00000000000 0.00000000000 0.00000000000
 0.00000000000 0.00000000000 0.00000000000 0.00000000000
 0.00000000000 0.00000000000 0.00000000000 0.00000000000
 0.00000000000 0.00000000000 0.00000000000 0.00000000000
 0.00000000000 0.00000000000 0.00000000000 0.00000000000
 0.00000000000 0.00000000000 0.00000000000 0.00000000000
 0.00000000000 0.00000000000 0.00000000000 0.00000000000
 0.00000000000 0.00000000000 0.00000000000 0.00000000000
 0.00000000000 0.00000000000 0.00000000000 0.00000000000
 0.00000000000 0.00000000000 0.00000000000 0.00000000000
 0.00000000000 0.00000000000 0.00000000000 0.00000000000
 0.00000000000 0.00000000000 0.00000000000 0.00000000000
 0.00000000000 0.00000000000 0.00000000000 0.00000000000
 0.00000000000 0.00000000000 0.00000000000 0.00000000000
 0.00000000000 0.00000000000 0.00000000000 0.00000000000
 0.00000000000 0.00000000000 0.00000000000 0.00000000000
 0.00000000000 0.00000000000 0.00000000000 0.00000000000
 0.00000000000 0.00000000000 0.00000000000 0.00000000000
 0.00000000000 0.00000000000 0.00000000000 0.00000000000
 0.00000000000 0.00000000000 0.00000000000 0.00000000000
 0.00000000000 0.00000000000 0.00000000000 0.00000000000
 0.00000000000 0.00000000000 0.00000000000 0.00000000000
 0.00000000000 0.00000000000 0.00000000000 0.00000000000
 0.00000000000 0.00000000000 0.00000000000 0.00000000000
# logsel_slope_fsh[1]:
 0.00000000000 0.00000000000 0.00000000000 0.00000000000 0.00000000000 0.00000000000 0.00000000000 0.00000000000 0.00000000000 0.00000000000 0.00000000000 0.00000000000 0.00000000000 0.00000000000 0.00000000000 0.00000000000 0.00000000000 0.00000000000 0.00000000000 0.00000000000 0.00000000000 0.00000000000 0.00000000000 0.00000000000 0.00000000000 0.00000000000 0.00000000000 0.00000000000 0.00000000000 0.00000000000 0.00000000000 0.00000000000 0.00000000000 0.00000000000 0.00000000000 0.00000000000
# logsel_slope_fsh[2]:
 0.00000000000 0.00000000000 0.00000000000 0.00000000000 0.00000000000 0.00000000000 0.00000000000 0.00000000000 0.00000000000 0.00000000000 0.00000000000 0.00000000000 0.00000000000 0.00000000000 0.00000000000 0.00000000000 0.00000000000 0.00000000000 0.00000000000 0.00000000000 0.00000000000 0.00000000000 0.00000000000 0.00000000000 0.00000000000 0.00000000000 0.00000000000 0.00000000000 0.00000000000 0.00000000000 0.00000000000 0.00000000000 0.00000000000 0.00000000000 0.00000000000 0.00000000000 0.00000000000
# logsel_slope_fsh[3]:
 0.00000000000 0.00000000000
# logsel_slope_fsh[4]:
 0.00000000000 0.00000000000 0.00000000000 0.00000000000 0.00000000000 0.00000000000 0.00000000000 0.00000000000 0.00000000000 0.00000000000 0.00000000000 0.00000000000 0.00000000000 0.00000000000 0.00000000000 0.00000000000 0.00000000000 0.00000000000 0.00000000000 0.00000000000 0.00000000000 0.00000000000 0.00000000000 0.00000000000 0.00000000000 0.00000000000 0.00000000000 0.00000000000 0.00000000000 0.00000000000 0.00000000000
# sel50_fsh[1]:
 0.00000000000 0.00000000000 0.00000000000 0.00000000000 0.00000000000 0.00000000000 0.00000000000 0.00000000000 0.00000000000 0.00000000000 0.00000000000 0.00000000000 0.00000000000 0.00000000000 0.00000000000 0.00000000000 0.00000000000 0.00000000000 0.00000000000 0.00000000000 0.00000000000 0.00000000000 0.00000000000 0.00000000000 0.00000000000 0.00000000000 0.00000000000 0.00000000000 0.00000000000 0.00000000000 0.00000000000 0.00000000000 0.00000000000 0.00000000000 0.00000000000 0.00000000000
# sel50_fsh[2]:
 0.00000000000 0.00000000000 0.00000000000 0.00000000000 0.00000000000 0.00000000000 0.00000000000 0.00000000000 0.00000000000 0.00000000000 0.00000000000 0.00000000000 0.00000000000 0.00000000000 0.00000000000 0.00000000000 0.00000000000 0.00000000000 0.00000000000 0.00000000000 0.00000000000 0.00000000000 0.00000000000 0.00000000000 0.00000000000 0.00000000000 0.00000000000 0.00000000000 0.00000000000 0.00000000000 0.00000000000 0.00000000000 0.00000000000 0.00000000000 0.00000000000 0.00000000000 0.00000000000
# sel50_fsh[3]:
 0.00000000000 0.00000000000
# sel50_fsh[4]:
 0.00000000000 0.00000000000 0.00000000000 0.00000000000 0.00000000000 0.00000000000 0.00000000000 0.00000000000 0.00000000000 0.00000000000 0.00000000000 0.00000000000 0.00000000000 0.00000000000 0.00000000000 0.00000000000 0.00000000000 0.00000000000 0.00000000000 0.00000000000 0.00000000000 0.00000000000 0.00000000000 0.00000000000 0.00000000000 0.00000000000 0.00000000000 0.00000000000 0.00000000000 0.00000000000 0.00000000000
# logsel_p1_fsh[1]:
 0.00000000000 0.00000000000 0.00000000000 0.00000000000 0.00000000000 0.00000000000 0.00000000000 0.00000000000 0.00000000000 0.00000000000 0.00000000000 0.00000000000 0.00000000000 0.00000000000 0.00000000000 0.00000000000 0.00000000000 0.00000000000 0.00000000000 0.00000000000 0.00000000000 0.00000000000 0.00000000000 0.00000000000 0.00000000000 0.00000000000 0.00000000000 0.00000000000 0.00000000000 0.00000000000 0.00000000000 0.00000000000 0.00000000000 0.00000000000 0.00000000000 0.00000000000
# logsel_p1_fsh[2]:
 0.00000000000 0.00000000000 0.00000000000 0.00000000000 0.00000000000 0.00000000000 0.00000000000 0.00000000000 0.00000000000 0.00000000000 0.00000000000 0.00000000000 0.00000000000 0.00000000000 0.00000000000 0.00000000000 0.00000000000 0.00000000000 0.00000000000 0.00000000000 0.00000000000 0.00000000000 0.00000000000 0.00000000000 0.00000000000 0.00000000000 0.00000000000 0.00000000000 0.00000000000 0.00000000000 0.00000000000 0.00000000000 0.00000000000 0.00000000000 0.00000000000 0.00000000000 0.00000000000
# logsel_p1_fsh[3]:
 0.00000000000 0.00000000000
# logsel_p1_fsh[4]:
 0.00000000000 0.00000000000 0.00000000000 0.00000000000 0.00000000000 0.00000000000 0.00000000000 0.00000000000 0.00000000000 0.00000000000 0.00000000000 0.00000000000 0.00000000000 0.00000000000 0.00000000000 0.00000000000 0.00000000000 0.00000000000 0.00000000000 0.00000000000 0.00000000000 0.00000000000 0.00000000000 0.00000000000 0.00000000000 0.00000000000 0.00000000000 0.00000000000 0.00000000000 0.00000000000 0.00000000000
# sel_p2_fsh[1]:
 0.00000000000 0.00000000000 0.00000000000 0.00000000000 0.00000000000 0.00000000000 0.00000000000 0.00000000000 0.00000000000 0.00000000000 0.00000000000 0.00000000000 0.00000000000 0.00000000000 0.00000000000 0.00000000000 0.00000000000 0.00000000000 0.00000000000 0.00000000000 0.00000000000 0.00000000000 0.00000000000 0.00000000000 0.00000000000 0.00000000000 0.00000000000 0.00000000000 0.00000000000 0.00000000000 0.00000000000 0.00000000000 0.00000000000 0.00000000000 0.00000000000 0.00000000000
# sel_p2_fsh[2]:
 0.00000000000 0.00000000000 0.00000000000 0.00000000000 0.00000000000 0.00000000000 0.00000000000 0.00000000000 0.00000000000 0.00000000000 0.00000000000 0.00000000000 0.00000000000 0.00000000000 0.00000000000 0.00000000000 0.00000000000 0.00000000000 0.00000000000 0.00000000000 0.00000000000 0.00000000000 0.00000000000 0.00000000000 0.00000000000 0.00000000000 0.00000000000 0.00000000000 0.00000000000 0.00000000000 0.00000000000 0.00000000000 0.00000000000 0.00000000000 0.00000000000 0.00000000000 0.00000000000
# sel_p2_fsh[3]:
 0.00000000000 0.00000000000
# sel_p2_fsh[4]:
 0.00000000000 0.00000000000 0.00000000000 0.00000000000 0.00000000000 0.00000000000 0.00000000000 0.00000000000 0.00000000000 0.00000000000 0.00000000000 0.00000000000 0.00000000000 0.00000000000 0.00000000000 0.00000000000 0.00000000000 0.00000000000 0.00000000000 0.00000000000 0.00000000000 0.00000000000 0.00000000000 0.00000000000 0.00000000000 0.00000000000 0.00000000000 0.00000000000 0.00000000000 0.00000000000 0.00000000000
# logsel_p3_fsh[1]:
 0.00000000000 0.00000000000 0.00000000000 0.00000000000 0.00000000000 0.00000000000 0.00000000000 0.00000000000 0.00000000000 0.00000000000 0.00000000000 0.00000000000 0.00000000000 0.00000000000 0.00000000000 0.00000000000 0.00000000000 0.00000000000 0.00000000000 0.00000000000 0.00000000000 0.00000000000 0.00000000000 0.00000000000 0.00000000000 0.00000000000 0.00000000000 0.00000000000 0.00000000000 0.00000000000 0.00000000000 0.00000000000 0.00000000000 0.00000000000 0.00000000000 0.00000000000
# logsel_p3_fsh[2]:
 0.00000000000 0.00000000000 0.00000000000 0.00000000000 0.00000000000 0.00000000000 0.00000000000 0.00000000000 0.00000000000 0.00000000000 0.00000000000 0.00000000000 0.00000000000 0.00000000000 0.00000000000 0.00000000000 0.00000000000 0.00000000000 0.00000000000 0.00000000000 0.00000000000 0.00000000000 0.00000000000 0.00000000000 0.00000000000 0.00000000000 0.00000000000 0.00000000000 0.00000000000 0.00000000000 0.00000000000 0.00000000000 0.00000000000 0.00000000000 0.00000000000 0.00000000000 0.00000000000
# logsel_p3_fsh[3]:
 0.00000000000 0.00000000000
# logsel_p3_fsh[4]:
 0.00000000000 0.00000000000 0.00000000000 0.00000000000 0.00000000000 0.00000000000 0.00000000000 0.00000000000 0.00000000000 0.00000000000 0.00000000000 0.00000000000 0.00000000000 0.00000000000 0.00000000000 0.00000000000 0.00000000000 0.00000000000 0.00000000000 0.00000000000 0.00000000000 0.00000000000 0.00000000000 0.00000000000 0.00000000000 0.00000000000 0.00000000000 0.00000000000 0.00000000000 0.00000000000 0.00000000000
# rec_dev_future:
 0.00000000000 0.00000000000 0.00000000000 0.00000000000 0.00000000000 0.00000000000 0.00000000000 0.00000000000 0.00000000000 0.00000000000 0.00000000000 0.00000000000 0.00000000000 0.00000000000 0.00000000000 0.00000000000 0.00000000000 0.00000000000 0.00000000000 0.00000000000
 0.00000000000 0.00000000000 0.00000000000 0.00000000000 0.00000000000 0.00000000000 0.00000000000 0.00000000000 0.00000000000 0.00000000000 0.00000000000 0.00000000000 0.00000000000 0.00000000000 0.00000000000 0.00000000000 0.00000000000 0.00000000000 0.00000000000 0.00000000000
# log_q_ind[1]:
-0.0683761978131
# log_q_ind[2]:
-2.99533996342
# log_q_ind[3]:
-9.54197072742
# log_q_ind[4]:
-0.796398152921
# log_q_ind[5]:
-4.04766594376
# log_q_ind[6]:
-6.38070898886
# log_q_ind[7]:
-8.22597498221
# log_q_ind[8]:
-1.00682868170
# log_q_power_ind[1]:
0.00000000000
# log_q_power_ind[2]:
0.00000000000
# log_q_power_ind[3]:
0.00000000000
# log_q_power_ind[4]:
0.00000000000
# log_q_power_ind[5]:
0.00000000000
# log_q_power_ind[6]:
0.00000000000
# log_q_power_ind[7]:
0.00000000000
# log_q_power_ind[8]:
0.00000000000
# log_rw_q_ind[1]:
 -1.22039868841
# log_rw_q_ind[3]:
 -0.302434658138
# log_selcoffs_ind[1]:
 -3.21951936210 -2.10115969664 -1.03138997323 -0.199903185112 0.263892534806 0.456460045820 0.455379162798 0.384750437663 0.325584771372 0.300894315524
 -3.18321902434 -2.24510925625 -1.33178343922 -0.497485913733 0.149331002568 0.497276896094 0.565434776647 0.472768520178 0.365357913788 0.314519483288
# log_selcoffs_ind[2]:
 -0.676751636868 -0.163525291370 0.154819219111 0.259317696113 0.139407001323 -0.00170525887150 -0.0527637367375 -0.0127368739846 0.0396288301046 0.0533859215622
 -0.222964010263 -0.0140179479282 0.104804013419 0.203736967389 0.205828536013 0.108632387807 -0.0239938283311 -0.125841788876 -0.173092486181 -0.180434895942
 0.140784283327 0.0753117303829 0.115778229567 0.208869542427 0.207726586274 0.0846750930779 -0.0945740840413 -0.251893728818 -0.339987696621 -0.360301907577
# log_selcoffs_ind[3]:
 -0.202940821038 0.0202027052767 0.0202027052767 0.0202027052767 0.0202027052767 0.0202027052767 0.0202027052767 0.0202027052767 0.0202027052767 0.0202027052767
# log_selcoffs_ind[4]:
 -2.40395201110 -1.41169125875 -0.567075154950 -0.0548192251180 0.122796257917 0.204824210804 0.276055412320 0.347504542074 0.406457765462 0.444151202180
 -3.02274008993 -2.16803482901 -1.33393481244 -0.624289132058 -0.112182496202 0.236703455109 0.460143342481 0.572964291646 0.578987604149 0.550923389823
# log_selcoffs_ind[5]:
 -3.04452005677 -0.669616569639 0.101782682789 0.174353368097 0.174353368097 0.174353368097 0.174353368097 0.174353368097 0.174353368097 0.174353368097
# log_selcoffs_ind[6]:
 -3.04452005677 -0.669616569639 0.101782682789 0.174353368097 0.174353368097 0.174353368097 0.174353368097 0.174353368097 0.174353368097 0.174353368097
# log_selcoffs_ind[7]:
 -3.04452005677 -0.669616569639 0.101782682789 0.174353368097 0.174353368097 0.174353368097 0.174353368097 0.174353368097 0.174353368097 0.174353368097
# log_selcoffs_ind[8]:
 -3.04452005677 -0.669616569639 0.101782682789 0.174353368097 0.174353368097 0.174353368097 0.174353368097 0.174353368097 0.174353368097 0.174353368097
# logsel_slope_ind[1]:
 0.00000000000 0.00000000000
# logsel_slope_ind[2]:
 0.00000000000 0.00000000000 0.00000000000
# logsel_slope_ind[3]:
 0.00000000000
# logsel_slope_ind[4]:
 0.00000000000 0.00000000000
# logsel_slope_ind[5]:
 0.00000000000
# logsel_slope_ind[6]:
 0.00000000000
# logsel_slope_ind[7]:
 0.00000000000
# logsel_slope_ind[8]:
 0.00000000000
# sel50_ind[1]:
 0.00000000000 0.00000000000
# sel50_ind[2]:
 0.00000000000 0.00000000000 0.00000000000
# sel50_ind[3]:
 0.00000000000
# sel50_ind[4]:
 0.00000000000 0.00000000000
# sel50_ind[5]:
 0.00000000000
# sel50_ind[6]:
 0.00000000000
# sel50_ind[7]:
 0.00000000000
# sel50_ind[8]:
 0.00000000000
# logsel_p1_ind[1]:
 0.00000000000 0.00000000000
# logsel_p1_ind[2]:
 0.00000000000 0.00000000000 0.00000000000
# logsel_p1_ind[3]:
 0.00000000000
# logsel_p1_ind[4]:
 0.00000000000 0.00000000000
# logsel_p1_ind[5]:
 0.00000000000
# logsel_p1_ind[6]:
 0.00000000000
# logsel_p1_ind[7]:
 0.00000000000
# logsel_p1_ind[8]:
 0.00000000000
# sel_p2_ind[1]:
 0.00000000000 0.00000000000
# sel_p2_ind[2]:
 0.00000000000 0.00000000000 0.00000000000
# sel_p2_ind[3]:
 0.00000000000
# sel_p2_ind[4]:
 0.00000000000 0.00000000000
# sel_p2_ind[5]:
 0.00000000000
# sel_p2_ind[6]:
 0.00000000000
# sel_p2_ind[7]:
 0.00000000000
# sel_p2_ind[8]:
 0.00000000000
# logsel_p3_ind[1]:
 0.00000000000 0.00000000000
# logsel_p3_ind[2]:
 0.00000000000 0.00000000000 0.00000000000
# logsel_p3_ind[3]:
 0.00000000000
# logsel_p3_ind[4]:
 0.00000000000 0.00000000000
# logsel_p3_ind[5]:
 0.00000000000
# logsel_p3_ind[6]:
 0.00000000000
# logsel_p3_ind[7]:
 0.00000000000
# logsel_p3_ind[8]:
 0.00000000000
