# Number of parameters = 1545 Objective function value = 4014.16577095159  Maximum gradient component = 874.542991716087
# Mest[1]:
0.280000000000
# Mest[2]:
0.330000000000
# log_Linf[1]:
4.29810139974
# log_Linf[2]:
4.29810139974
# log_k[1]:
-1.83258146375
# log_k[2]:
-1.83258146375
# log_Lo[1]:
2.60712428251
# log_Lo[2]:
2.60712428251
# log_sdage[1]:
-2.40794560865
# log_sdage[2]:
-2.40794560865
# mean_log_rec[1]:
9.29537333696
# mean_log_rec[2]:
8.42529998603
# mean_log_rec[3]:
6.55492459267
# steepness[1]:
0.650000000000
# steepness[2]:
0.650000000000
# steepness[3]:
0.650000000000
# log_Rzero[1]:
9.60772722039
# log_Rzero[2]:
8.40880537847
# log_Rzero[3]:
7.43833555132
# rec_dev:
 -0.196674201498 -0.378002332937 -0.320306223149 -0.583759292634 -0.390469662223 -0.140417880586 -0.416219559618 -0.866562926220 -0.0338781313618 -0.128003805659 -0.453951832442 -0.472227860020 -0.759594352244 -0.765746495279 -0.769146282009 -0.691728709113 -0.325900368646 -0.0205674488149 0.208174677420 0.286040617212 0.297658696106 0.307176686976 0.370499554814 0.464273043629 1.00081270859 0.829421380403 0.875398161803 1.70225976506 1.58308010292 0.747745185959 0.157908690210 0.447658659365 0.635681125590 0.685428730888 0.154950177662 0.203268123655 -0.0103633190155 0.183727518033 0.277235032505 0.310099353754 0.398684781914 0.513565249167 0.552395900868 0.490458173864 0.112885683561 -0.309705250521 -0.158447626132 -0.522661762178 -1.31947554938 -0.541189506298 -0.752576179450 -1.25606313063 -1.32631889686 -1.33043349366 -1.12010316077 -0.661534951394 -0.631645976346 -0.332004661223 0.0444283198278 0.435424152562 0.252905601999 -0.0145982095304 0.487254676921 -0.0737357447591 -0.207410789028 0.620619713471
 5.27470514129e-05 0.0959415149735 0.0824286863523 0.0488642007759 0.139925871151 0.0313968227533 0.127989866095 0.697855762196 0.0718633005606 0.976299593306 0.939117012371 -0.505879461174 0.383121847708 0.487982461540 0.131199203608 -0.713340878161 0.0456997046021 0.600042885178 0.0310216246410 0.197567564743 0.0939018352960 0.190315724258 1.00036420576 0.946967499854 -0.392480214980 -1.01306501114 0.356001541121 1.85977043903 0.671738237157 0.156644696126 -0.0791725635115 -0.790618553128 -0.934260456820 -0.0719475307066 -0.794562468093 -0.630411647137 -0.0965114824528 -0.755103748066 -0.981977260773 -0.891429260058 1.90246858375 1.36598706558 -0.157932743299 0.551156190133 -0.648707935448 0.668737651999 0.717071725401 0.361792461758 -1.21001713531 -0.512076607083 0.558616362337 1.33402653635 -0.131415002047 -1.19051197792 -1.92037769365 -2.13934193375 -2.19117139078 -0.137540599934 0.533296522418 -0.420502360084 -0.275141620568 1.29103319800 0.212161675746 -0.542292889395 -1.20660737757 -0.703265440651
# log_sigmar[1]:
-0.510825623766
# log_sigmar[2]:
-0.510825623766
# log_sigmar[3]:
-0.510825623766
# fmort:
 -4.63641591046 -4.30915144877 -5.12719290239 -4.81745927290 -3.99943668587 -3.62007123916 -3.28594892615 -3.37527918280 -2.84711817937 -3.10607524923 -3.49465683489 -3.12633962937 -2.36663674886 -3.26185063764 -2.42238758709 -2.95154170277 -5.33546307947 -4.09584194986 -4.44217655556 -4.49988933471 -4.47141328452 -4.09015872234 -3.98376633844 -3.76697364172 -4.18597655867 -3.86692511456 -3.38672336869 -4.44476689794 -5.65331949762 -5.01523381266 -4.56643678279 -3.92325722837 -4.81661497370 -4.40046919158 -4.29465626354 -3.80471424212 -3.71050664319 -3.30565266071 -2.79472971603 -3.05963071785 -2.49244162964 -4.06911897459 -5.09199517234 -4.66324589841 -4.68922854657 -4.36069476209 -4.63825169158 -4.18358801252 -5.29334175437 -5.55186661648 -4.36311785087 -4.34887676794 -4.51474914169 -4.71280250662 -4.39971938315
 -7.13986431263 -6.73269943331 -6.22696399003 -5.57614030054 -5.76145693061 -5.06406091041 -4.60049650476 -4.40427749600 -4.08144316870 -3.94578706984 -3.81231325720 -3.02982578826 -2.75678382895 -3.00170417065 -2.69613936199 -2.37037910345 -2.26464783236 -2.08797551806 -2.14554683596 -2.12503373038 -2.08007358268 -1.66290517005 -1.25339937723 -1.18786026473 -0.799667606520 -0.340212148753 -0.149337964455 -0.0237882943409 -0.518390035764 -0.936594716557 -1.16966628269 -0.926067790896 -0.852544223656 -1.01381077808 -1.09334667867 -1.08270874664 -1.09272788178 -1.00323300916 -1.31280026197 -1.11064354804 -1.69393963630 -1.98329510592 -2.06595377859 -2.18460625838 -2.24470437389 -2.05665048058 -1.91044082116 -1.74392883070 -1.61440311553 -1.65229676830 -1.57637929483 -1.49903107802 -1.52115020985 -1.41346854748 -0.974194273411
 -8.37940387271 -7.76245836611 -6.26195807031 -5.59639964870 -4.49533749469 -5.50020689103 -4.76262742439 -2.49354894202 -3.09368186952 -3.00278246218 -2.76864306506 -2.60319190627 -3.96197544149 -4.83209073212 -4.46813805104 -4.36869420204 -4.65482136723 -5.34600591297 -4.91940577315 -4.19997842583 -3.52275256090 -3.52852645088 -3.66922885171 -3.28994018294 -3.11717974626 -1.51266269318 -1.29322545693 -0.502354761062 0.165664564164 -0.665347733794 -1.12327256370 0.337187985496 0.347573907220 0.810523925436 0.675511714527 -0.282283504978 0.933900811877 1.29744925488 1.63880247490 2.05772203388 0.0348350566066 1.77010129704 1.26669021314 0.680875249111 0.787048027484 -0.553792805281 -1.24166873149 -2.38720892725 -0.120647929946 0.621275843471 0.894054007378 0.660545681229 0.371839150863 0.665615386337 0.921535225793
 -9.55932373555 -9.46769936662 -7.68089379268 -9.34543176845 -9.30812801411 -9.33294915525 -9.32893129815 -8.61505390290 -5.55218639895 -3.58727667860 -3.63761571648 -3.37122747707 -2.78932210114 -2.66978287937 -2.55173953835 -2.92128293090 -3.23716132189 -3.47694169848 -3.55778491389 -3.48592891607 -3.40151569223 -3.78802986153 -6.32162738402 -9.81017245302 -9.65866267492 -9.39122145098 -9.08263014906 -8.85638699188 -8.82604737917 -8.95437231977 -8.36870477036 -6.40396466142 -5.19340089015 -4.48216345679 -3.72810541837 -3.77614884038 -3.19048811940 -2.66455597280 -2.51201970966 -2.35221391127 -2.45894345505 -3.62413020222 -3.98503868214 -3.93290827461 -3.52041129451 -3.33390088541 -3.85693799016 -3.92827443676 -3.96364455866 -4.13807773092 -6.70795386108 -4.55627226852 -4.47623388130 -4.26900082303 -5.63807441037
# log_selcoffs_fsh[1]:
 -3.42577362363 -1.70443475262 -0.661845980366 0.213980341001 0.923695250289 0.903978174272 0.166771322441 -0.657868244743 -1.21024128249
 -2.98829364284 -1.35496155416 -0.616358089150 0.169873592041 0.845974094231 0.883565756372 0.213401318992 -0.547430151539 -1.05811987711
 -2.73175186930 -1.32505083024 -0.465722866053 0.333316720388 0.806912942322 0.717555624469 0.171332433547 -0.476117052487 -0.900421555677
 -2.40385138827 -1.17259868828 -0.488802303398 0.179776095498 0.867155842613 0.762115924070 0.186409526686 -0.412887722622 -0.843748304984
 -1.73926789874 -0.217882172610 0.0716360946679 0.319235333069 0.511125901708 0.462556345857 0.0548206690078 -0.392865473030 -0.708836859554
 -1.62957437852 -0.441479832544 0.512198263899 0.698883708606 0.348151291034 0.0689152214783 -0.220928990917 -0.526042262334 -0.693204513724
 -1.40364407378 -0.282114889858 0.609117079936 0.791881861489 0.306263241710 -0.0401358959211 -0.328089359944 -0.580239455202 -0.765756385692
 -1.01354719229 -0.131698385998 0.621385820920 0.788459876379 0.204103767149 -0.206525169354 -0.448505411031 -0.630704130628 -0.747247926258
 -0.717800481888 0.291295541808 0.540175406982 0.585108845025 0.257228163798 -0.247885955142 -0.557840425342 -0.742367881496 -0.815395405984
 -0.506652643741 0.454432138403 0.615943554502 0.577464129115 0.111553519776 -0.389800921814 -0.735938998709 -0.827727855342 -0.906997860000
 -0.0486873882430 0.975689687824 0.493424588157 0.159928628572 -0.253496082312 -0.623244442238 -0.874981816316 -0.962075512724 -0.946798994484
 0.129910679457 0.905724862823 0.659932263201 0.124475683984 -0.439952251515 -0.797137438101 -1.00228986639 -1.02539309246 -1.02926900427
 -0.107609617474 1.14999441136 0.689629492213 -0.0931835670827 -0.662406230769 -0.926577132505 -1.08269502575 -1.11149032446 -1.07396816833
 0.167934382037 1.21845659503 0.612770652518 -0.203514286844 -0.774581577346 -1.03540138224 -1.15361208918 -1.17514163386 -1.13405470975
 0.227025925321 1.22725341887 0.584749557166 -0.278444230171 -0.837925805729 -1.07916245874 -1.19604888287 -1.23090127339 -1.19461886178
 -0.152572517437 1.30312916776 0.671004063586 -0.260649489560 -0.897217130090 -1.13025778570 -1.23065935309 -1.26378207952 -1.23531706690
 -0.0458155461866 1.34346136784 0.590922925717 -0.312214740834 -0.958964494246 -1.16821247843 -1.24011548705 -1.25783631065 -1.27771428518
 0.471736735211 1.17992735933 0.653737955767 -0.276123092765 -0.966271540388 -1.20280195637 -1.27188446801 -1.28194064906 -1.27489898705
 0.760604257390 1.12777896383 0.460228482933 -0.338511155683 -0.951614513314 -1.24520185226 -1.31338179010 -1.31956434482 -1.30179999763
 0.475535575126 1.23162737848 0.600730769775 -0.314433774049 -0.994018846478 -1.27776486645 -1.37324940041 -1.34825536467 -1.29961972392
 0.521608409529 1.28582911545 0.407967150608 -0.455212600734 -1.07360700739 -1.30247486897 -1.37228101252 -1.35141473126 -1.30526086646
 0.536318028990 1.29690379094 0.525655300921 -0.536031658673 -1.15830498405 -1.34931138344 -1.34646238362 -1.33292745719 -1.33842071362
 0.709122857676 1.24038366765 0.430575164764 -0.535054314604 -1.18958435547 -1.37506002237 -1.35833559018 -1.33756629230 -1.34205580785
 0.391098844022 1.38356199482 0.399209717045 -0.556015221249 -1.19177905126 -1.38358818142 -1.38685391929 -1.36073059588 -1.33514101496
 0.543296091984 1.28647428634 0.379286614920 -0.534201039420 -1.16261558883 -1.35824215036 -1.36247533198 -1.35305397256 -1.29677142060
 0.661788211242 1.20109329784 0.438725540601 -0.389895959860 -1.08018746368 -1.31611996778 -1.33912356614 -1.31280925856 -1.24311040752
 0.294750479395 1.25431347167 0.535904171939 -0.246380227292 -0.965880501731 -1.24717204077 -1.30102976547 -1.24665382406 -1.16259112975
 0.364626797653 1.28636116016 0.435720801334 -0.364293777250 -0.931306891110 -1.17302700130 -1.21673008866 -1.16931381096 -1.09914320129
 1.14116441413 0.837992680670 0.0904565967894 -0.549258323008 -0.927741350683 -1.04723768251 -1.07698322015 -1.03934193913 -1.00273354302
 0.744730232872 1.12919501319 0.158972399256 -0.607998344934 -0.882507562944 -0.914686253625 -0.922059820239 -0.911830523308 -0.893439975965
 0.518177799116 1.13936262618 0.130487931929 -0.501102614739 -0.712561440354 -0.745288861822 -0.731337157257 -0.722786599749 -0.740792978901
 0.461036053233 0.835654858142 0.155215845311 -0.272803086977 -0.432461832646 -0.461504846348 -0.454252453974 -0.472469761965 -0.484132252625
 -0.397635336257 0.506593508296 0.224187331231 -0.00732787850181 -0.0509817406935 -0.0916451988614 -0.124769012622 -0.177172453815 -0.176148643795
 -0.874795521825 -0.186176775969 -0.149404960227 0.0737745204602 0.258206169307 0.217217379727 0.234766505098 0.0584423654668 -0.0392644652511
 -0.512480326921 0.0126587372246 -0.436130682715 -0.364269663575 -0.0389793370084 0.210762191888 0.325757568503 0.267133073390 0.192737636382
 0.0312529042756 -0.867229857784 -0.929353911723 -0.571082922458 -0.122354660684 0.238287359231 0.435313799668 0.419640736208 0.347108487144
 -1.22882105757 -1.26870721987 -1.09803446546 -0.537127213730 -0.0123620920304 0.332012497533 0.565182072617 0.544828751431 0.515349455097
 -1.96089263650 -1.44993983609 -1.15645065063 -0.585214354303 -0.0241343210569 0.409771112035 0.576655499786 0.582024739842 0.492523305389
 -2.18516136294 -2.05106494976 -1.68495180960 -0.976459973478 -0.139718070439 0.466380281705 0.745116156623 0.673819402541 0.486924357899
 -2.56443071807 -2.40963655197 -1.89726225496 -1.07888842086 -0.204461515032 0.500688979239 0.808145483951 0.710080469955 0.470751400374
 -2.64128995410 -2.40898605514 -1.82556462281 -1.02753982558 -0.240590850485 0.365412024177 0.749767124137 0.776291918958 0.596650892003
 -2.97700068762 -2.38675966310 -1.62863328408 -0.942137072600 -0.219406255101 0.338887633071 0.664446563386 0.790124547533 0.675631314459
# log_selcoffs_fsh[2]:
 -1.97732043127 -0.0195345353780 0.747968264822 0.948540065203 0.576189225108 -0.0798526916746 -0.559864812985 -0.942160795607 -1.32963797566 -1.55913967698
 -2.00556916063 -0.0764440755160 0.00491947433146 0.540023438372 0.882868543361 0.564716014003 -0.107612021611 -0.777016985938 -1.21872602086 -1.42833135861
 -2.53671442017 -0.698089731970 -0.166198158821 0.410971960206 0.883954423361 0.754995436785 0.0808701499672 -0.583315419339 -1.01240601314 -1.26102465434
 -2.84125872388 -1.27079771320 -0.371997330907 0.204636457158 0.827361394258 0.934206628464 0.269318760158 -0.318428783389 -0.756897983057 -1.09143571918
 -2.32465993414 -0.792277568587 -0.737068863487 -0.234343356322 0.557059234527 0.944871878832 0.529044347160 0.0252538500798 -0.414672634099 -0.721205271177
 -1.79330418937 -0.632620720111 -0.435167331197 -0.366480986671 0.175913538005 0.631438194134 0.666570950480 0.350584333459 -0.0752921614953 -0.369890885543
 -2.44123941053 -1.06492736317 -0.187099470390 -0.0562482062601 0.0432536295138 0.362802231934 0.556220768431 0.422992511281 0.102799069206 -0.125140994788
 -2.98312115849 -1.89802545100 -1.06617640585 -0.349593584476 0.178315682241 0.532289946803 0.674137720670 0.470147787760 0.181984917001 -0.0686509906064
 -3.28380832491 -2.21864425832 -1.54416150235 -0.863319597823 -0.138941132593 0.376982283584 0.707158915358 0.734813256616 0.427627508759 0.0550627571928
 -3.37369722115 -2.16238308250 -1.45017000600 -0.956203173294 -0.532304004998 0.0166755630463 0.523075430000 0.914643390980 0.750745581146 0.227959434482
 -3.26386678463 -1.77710163471 -1.05427753547 -0.643845817705 -0.292912827026 -0.0855980785393 0.339984562283 0.788204238853 0.780064904219 0.388637582108
 -3.28575352865 -1.82046883873 -0.979784898407 -0.593278471628 -0.247164562896 0.0757002462210 0.536426796736 0.728923512813 0.610381722153 0.357517057890
 -3.08700096844 -1.25497286951 -0.674229421862 -0.356383866012 -0.107129943356 -0.0177694127754 0.368433643403 0.624506388604 0.578678423248 0.455513189375
 -2.80431607266 -0.979883462118 -0.440139875574 -0.277317246607 -0.223136968627 -0.0851229722869 0.250611872534 0.528517004911 0.598478078410 0.388360821905
 -2.51851104292 -0.480711855577 -0.232613127943 -0.328989824746 -0.448408751606 -0.289480994311 0.0939826192874 0.450159172038 0.592771808783 0.563996376744
 -2.17284918029 -0.187198036449 -0.275386989151 -0.430432870428 -0.527374314580 -0.379917962051 -0.00165935330394 0.360664526660 0.590420917512 0.667849783041
 -1.75865941125 -0.204238732541 -0.280036102928 -0.458660019696 -0.581380045854 -0.486787247030 -0.122501304077 0.306070764980 0.608358526064 0.769202917924
 -2.10363686987 -0.323553776059 -0.169646592794 -0.393423594273 -0.590205649857 -0.504425670513 -0.162100847055 0.264208189076 0.600509023770 0.808406545846
 -2.41141620801 -0.629803878805 -0.236625192478 -0.359110092729 -0.574028705865 -0.497781943145 -0.134732238182 0.277320611167 0.654145415400 0.910663645995
 -2.52235008750 -0.918911203120 -0.527606022655 -0.386323080542 -0.545332294272 -0.493669092607 -0.127986036343 0.325906276017 0.702344320149 1.00444491163
 -2.57444310359 -0.978994359142 -0.478186816247 -0.265908595860 -0.435724337070 -0.504795414201 -0.184967589233 0.278765940205 0.676682902318 1.04609091592
 -2.69998631417 -1.04617143742 -0.417730682008 -0.124366635501 -0.269155991384 -0.359083306374 -0.123312548627 0.206575524917 0.587131262368 0.986340900881
 -2.88508472440 -1.50785931671 -0.600736207464 -0.0258693823033 -0.0340402733339 -0.166410563473 -0.0139527878522 0.256102792502 0.537590598555 0.850783452454
 -3.01451754758 -1.79183247141 -0.918665451174 -0.252445413336 0.138510043723 0.0866945577580 0.265105265930 0.456569349106 0.552108870540 0.638643549015
 -3.07597141687 -1.52848422137 -0.798193104214 -0.464320722763 -0.0687350392085 0.216664867330 0.428822933298 0.611498952190 0.541999388868 0.409493626893
 -3.13056168927 -1.74010750078 -0.883258991203 -0.0768486317085 0.246248421061 0.375874978166 0.447621820705 0.541078047880 0.327685983305 0.0136887473426
 -3.08626044151 -1.35889238741 -0.687247886644 0.224528444644 0.505112383816 0.461590012873 0.407938232667 0.323683403467 -0.0125118482864 -0.448197204404
 -3.09615690568 -0.795372552135 -0.242560457194 0.213908580565 0.485702366993 0.394891976443 0.522441126425 0.239518716468 -0.264776515693 -0.653546534039
 -3.21182135352 -1.46499516584 -0.521232398754 0.453326278358 0.653146520670 0.556764893442 0.544918357911 0.00812990586127 -0.430639903155 -0.773629585517
 -3.39792365316 -1.59925534587 -0.284087642806 0.398526624564 0.853840848034 0.617410335984 0.253206820742 -0.152753525079 -0.481809137874 -0.728775086121
 -3.34196336013 -1.21948875358 0.0220858570438 0.606689523511 0.572835645614 0.345835901965 0.187390518897 -0.0285892947911 -0.274294959785 -0.566957625858
 -3.32987846223 -1.36810615370 -0.293811239935 0.278288264420 0.580223850038 0.474263489855 0.248681121599 0.161405507682 -0.0415565277239 -0.318175500201
 -2.92825259816 -0.862915182937 -0.627452253857 -0.281401102100 0.184458048663 0.430308921976 0.390870994977 0.386555336711 0.298612626846 0.0778920634762
 -3.57770684787 -1.39652183014 -0.672095235318 -0.188199871387 0.161898266888 0.368588745939 0.422912997527 0.418164610823 0.322253419213 0.164910543270
 -3.96059125432 -1.90060348284 -1.11584314751 -0.568344529652 0.0167113873448 0.349936455540 0.514854611542 0.549620194309 0.481704618862 0.265052481582
 -4.43558079535 -2.36555810984 -1.25984997692 -0.627866218736 -0.125872143037 0.205374688223 0.455859597093 0.635908878061 0.597715265488 0.414504109462
 -4.85893534874 -3.03663150778 -1.79259104650 -0.878297608418 -0.0839501874505 0.253003335724 0.513868397111 0.663739883320 0.620297387045 0.464687220364
 -5.10867996700 -3.36396576083 -2.42591472815 -1.51253010703 -0.531567459012 0.145845207617 0.531980153419 0.752463371238 0.735642897389 0.690063115882
 -5.27855531514 -3.64316177466 -2.37244397074 -1.70204599807 -0.837847434154 -0.181439931654 0.348465002065 0.685843137473 0.845654084557 0.916100631754
 -5.37646429715 -3.95842657181 -2.62617205265 -1.67908492581 -1.12075195198 -0.488414587405 0.0370725150376 0.517075650606 0.884132508808 1.26799813843
 -5.39643365102 -3.84627845447 -2.51736328144 -1.43173870392 -0.924469196053 -0.700527276671 -0.350275194308 0.0992389571916 0.782742077704 1.53502275065
 -5.38682761794 -3.67233687552 -2.26917142944 -1.46402685698 -0.712753117867 -0.685652643443 -0.689609341044 -0.325391673952 0.533750672968 1.75416307625
# log_selcoffs_fsh[3]:
 -4.43573595311 -0.636139220087 1.52629047544 0.201308315421 -0.598714972146 -2.27676252779 -3.46248655155
 -4.98542899851 -2.58766299569 -1.65148981976 -1.42125833794 1.78753767634 -2.10203385451 -2.94288486799
# log_selcoffs_fsh[4]:
 0.557859311199 0.269314037704 0.00707421837188 -0.389845289506 -0.673953250367 -0.619195928562 -0.231021067495 0.121768135818 0.297314435741
 0.368347928882 0.187764393507 0.000356992325843 -0.247144882183 -0.422282143138 -0.432262726893 -0.209433345063 0.0975928838253 0.314312555510
 0.182736682501 0.114985736044 -0.00775371678634 -0.169629087201 -0.239764493436 -0.238691730086 -0.0784515894017 0.145950293287 0.283931588377
 0.0199568746894 -0.00296817755928 -0.0779325995289 -0.173355788818 -0.197109589115 -0.0855285825891 0.0463827777083 0.182206658489 0.256526317857
 -0.0330599378011 -0.0501705070236 -0.112310319800 -0.148101444703 -0.163104184186 -0.0486486095823 0.125958237140 0.229673310136 0.242785002692
 -0.0228867502632 -0.00717498251950 -0.108367110948 -0.163038807656 -0.155955985547 -0.0595042574450 0.120878461822 0.192669689974 0.231262792192
 -0.00190297066820 0.0305404266411 -0.0494401454477 -0.132069225619 -0.138554079733 -0.0512933457997 0.0499917813474 0.154221160124 0.140575580505
 0.00723998907607 0.0788112141840 0.0253396253286 -0.0987196991306 -0.129348425983 -0.0765179761133 -0.0108899933508 0.0787104847610 0.0623254639886
 -0.0171326091810 0.162159420972 0.0737217718672 -0.0603505398924 -0.126847524750 -0.114484585093 -0.0519316174041 -0.0394530079009 -0.00328401529048
 0.00456561314270 0.179414150815 0.197133324832 0.0364003622358 -0.105819041422 -0.143753908153 -0.164261116817 -0.0829219871972 -0.0840971221001
 0.0549135045430 0.194554227387 0.265227584153 0.152622465450 -0.0610792045634 -0.179755608258 -0.194522243794 -0.189846725092 -0.0751908428148
 0.0711414653890 0.203299999998 0.249737527780 0.216213853712 0.0642011507441 -0.137318810463 -0.253191513650 -0.216874986477 -0.121766889842
 0.0383941876645 0.137905267266 0.208440254799 0.216551439205 0.127165307186 -0.0673621232076 -0.224132375188 -0.231663122929 -0.179418225472
 0.121674668030 0.202227897924 0.212482547658 0.182665562149 0.0890892630263 -0.126538894404 -0.262476341211 -0.318338673716 -0.247697871116
 0.193097908312 0.264225267799 0.245269042603 0.153270357705 0.0106526922977 -0.150690123553 -0.323675652371 -0.378008509788 -0.391873223119
 0.276366785809 0.327841380777 0.264202878003 0.117322014026 -0.0535049963499 -0.214711139110 -0.385468050925 -0.485121880159 -0.466731758072
 0.379730390956 0.388297172113 0.299227458326 0.112349002444 -0.0861248166236 -0.274163788648 -0.416671059105 -0.551705286440 -0.523018491554
 0.445535962554 0.420318381221 0.318674289884 0.0972402576206 -0.119723906975 -0.293214970824 -0.475660071330 -0.555803445732 -0.589591474089
 0.527674621352 0.463649908073 0.318760976914 0.0417422636594 -0.194899149225 -0.334630490736 -0.493468366388 -0.580678103292 -0.644055270750
 0.480312015204 0.464043783459 0.382353116659 0.0866370176841 -0.196633494897 -0.403987095665 -0.489402626810 -0.608123204111 -0.650016664567
 0.366482586876 0.511269741217 0.351284819320 0.131402747389 -0.145077335220 -0.355597303247 -0.467641220681 -0.526991384060 -0.614055939094
 0.222220590808 0.408471583155 0.286388814046 0.109046764103 -0.0557901000414 -0.203573798093 -0.310364555558 -0.383401939635 -0.439957314757
 0.0588819255100 0.209426184369 0.220127815026 0.136908937140 0.0742139073742 -0.0568618554249 -0.152420265937 -0.250590219733 -0.319155909418
 -0.221780297124 0.00590732313940 0.0983583680637 0.145937313623 0.165298187164 0.103818321039 0.00380955487697 -0.0708862140590 -0.200817809524
 -0.524769292658 -0.239323317103 -0.00476220711133 0.127313879199 0.166410563299 0.163651549222 0.142782844219 0.0667813816989 -0.0343650933257
 -0.833914103662 -0.533350146989 -0.226356444172 0.0624705531991 0.207811074742 0.256157015862 0.268020189353 0.186478332153 0.0462846264906
 -1.20250097640 -0.783294162571 -0.484506006630 -0.0731998403090 0.280297725787 0.383249387885 0.343548936162 0.246842925415 0.129530032344
 -1.54661153540 -1.11714783773 -0.676365484018 -0.136834858883 0.259727623731 0.397652607521 0.392612721636 0.326142775023 0.297241005884
 -1.13804251569 -1.12368934551 -0.823158659629 -0.431959078061 0.0223657494345 0.368776183830 0.477888381763 0.450101099811 0.482228438849
 -1.53458280688 -1.19773826086 -0.974336076422 -0.572366097575 -0.0679248896972 0.361830742429 0.519570655092 0.556823168720 0.537952071023
 -1.48290363171 -1.09583180808 -0.995174368162 -0.728989896344 -0.325952674998 0.124529327995 0.469145928271 0.684966210935 0.778469009740
 -1.37385915880 -0.714314362780 -0.721330633282 -0.694644482844 -0.445612765647 -0.0509640673860 0.350496879832 0.676518001354 0.811960864626
 -1.50115178360 -0.299908530066 0.165611802379 -0.161629264585 -0.254397537556 -0.137495126019 0.122073406219 0.387375128121 0.616337674109
 -1.50848655477 -0.0692667724724 0.119374121392 0.0269127923830 -0.113179435230 -0.132947394608 0.0422864196105 0.279091265074 0.477469556688
 -1.65082804102 -0.459171352844 0.148097034450 0.393205867404 0.0280649236414 -0.173924523625 -0.0796667848606 0.176904956755 0.424186934971
 -1.78950168749 -0.591034709292 0.199825355418 0.435248830692 0.224695869577 -0.136736965265 -0.172678686146 0.0716231163917 0.357955145620
# log_sel_spl_fsh[1]:
 0.00000000000 0.00000000000 0.00000000000 0.00000000000
 0.00000000000 0.00000000000 0.00000000000 0.00000000000
 0.00000000000 0.00000000000 0.00000000000 0.00000000000
 0.00000000000 0.00000000000 0.00000000000 0.00000000000
 0.00000000000 0.00000000000 0.00000000000 0.00000000000
 0.00000000000 0.00000000000 0.00000000000 0.00000000000
 0.00000000000 0.00000000000 0.00000000000 0.00000000000
 0.00000000000 0.00000000000 0.00000000000 0.00000000000
 0.00000000000 0.00000000000 0.00000000000 0.00000000000
 0.00000000000 0.00000000000 0.00000000000 0.00000000000
 0.00000000000 0.00000000000 0.00000000000 0.00000000000
 0.00000000000 0.00000000000 0.00000000000 0.00000000000
 0.00000000000 0.00000000000 0.00000000000 0.00000000000
 0.00000000000 0.00000000000 0.00000000000 0.00000000000
 0.00000000000 0.00000000000 0.00000000000 0.00000000000
 0.00000000000 0.00000000000 0.00000000000 0.00000000000
 0.00000000000 0.00000000000 0.00000000000 0.00000000000
 0.00000000000 0.00000000000 0.00000000000 0.00000000000
 0.00000000000 0.00000000000 0.00000000000 0.00000000000
 0.00000000000 0.00000000000 0.00000000000 0.00000000000
 0.00000000000 0.00000000000 0.00000000000 0.00000000000
 0.00000000000 0.00000000000 0.00000000000 0.00000000000
 0.00000000000 0.00000000000 0.00000000000 0.00000000000
 0.00000000000 0.00000000000 0.00000000000 0.00000000000
 0.00000000000 0.00000000000 0.00000000000 0.00000000000
 0.00000000000 0.00000000000 0.00000000000 0.00000000000
 0.00000000000 0.00000000000 0.00000000000 0.00000000000
 0.00000000000 0.00000000000 0.00000000000 0.00000000000
 0.00000000000 0.00000000000 0.00000000000 0.00000000000
 0.00000000000 0.00000000000 0.00000000000 0.00000000000
 0.00000000000 0.00000000000 0.00000000000 0.00000000000
 0.00000000000 0.00000000000 0.00000000000 0.00000000000
 0.00000000000 0.00000000000 0.00000000000 0.00000000000
 0.00000000000 0.00000000000 0.00000000000 0.00000000000
 0.00000000000 0.00000000000 0.00000000000 0.00000000000
 0.00000000000 0.00000000000 0.00000000000 0.00000000000
 0.00000000000 0.00000000000 0.00000000000 0.00000000000
 0.00000000000 0.00000000000 0.00000000000 0.00000000000
 0.00000000000 0.00000000000 0.00000000000 0.00000000000
 0.00000000000 0.00000000000 0.00000000000 0.00000000000
 0.00000000000 0.00000000000 0.00000000000 0.00000000000
 0.00000000000 0.00000000000 0.00000000000 0.00000000000
# log_sel_spl_fsh[2]:
 0.00000000000 0.00000000000 0.00000000000 0.00000000000
 0.00000000000 0.00000000000 0.00000000000 0.00000000000
 0.00000000000 0.00000000000 0.00000000000 0.00000000000
 0.00000000000 0.00000000000 0.00000000000 0.00000000000
 0.00000000000 0.00000000000 0.00000000000 0.00000000000
 0.00000000000 0.00000000000 0.00000000000 0.00000000000
 0.00000000000 0.00000000000 0.00000000000 0.00000000000
 0.00000000000 0.00000000000 0.00000000000 0.00000000000
 0.00000000000 0.00000000000 0.00000000000 0.00000000000
 0.00000000000 0.00000000000 0.00000000000 0.00000000000
 0.00000000000 0.00000000000 0.00000000000 0.00000000000
 0.00000000000 0.00000000000 0.00000000000 0.00000000000
 0.00000000000 0.00000000000 0.00000000000 0.00000000000
 0.00000000000 0.00000000000 0.00000000000 0.00000000000
 0.00000000000 0.00000000000 0.00000000000 0.00000000000
 0.00000000000 0.00000000000 0.00000000000 0.00000000000
 0.00000000000 0.00000000000 0.00000000000 0.00000000000
 0.00000000000 0.00000000000 0.00000000000 0.00000000000
 0.00000000000 0.00000000000 0.00000000000 0.00000000000
 0.00000000000 0.00000000000 0.00000000000 0.00000000000
 0.00000000000 0.00000000000 0.00000000000 0.00000000000
 0.00000000000 0.00000000000 0.00000000000 0.00000000000
 0.00000000000 0.00000000000 0.00000000000 0.00000000000
 0.00000000000 0.00000000000 0.00000000000 0.00000000000
 0.00000000000 0.00000000000 0.00000000000 0.00000000000
 0.00000000000 0.00000000000 0.00000000000 0.00000000000
 0.00000000000 0.00000000000 0.00000000000 0.00000000000
 0.00000000000 0.00000000000 0.00000000000 0.00000000000
 0.00000000000 0.00000000000 0.00000000000 0.00000000000
 0.00000000000 0.00000000000 0.00000000000 0.00000000000
 0.00000000000 0.00000000000 0.00000000000 0.00000000000
 0.00000000000 0.00000000000 0.00000000000 0.00000000000
 0.00000000000 0.00000000000 0.00000000000 0.00000000000
 0.00000000000 0.00000000000 0.00000000000 0.00000000000
 0.00000000000 0.00000000000 0.00000000000 0.00000000000
 0.00000000000 0.00000000000 0.00000000000 0.00000000000
 0.00000000000 0.00000000000 0.00000000000 0.00000000000
 0.00000000000 0.00000000000 0.00000000000 0.00000000000
 0.00000000000 0.00000000000 0.00000000000 0.00000000000
 0.00000000000 0.00000000000 0.00000000000 0.00000000000
 0.00000000000 0.00000000000 0.00000000000 0.00000000000
 0.00000000000 0.00000000000 0.00000000000 0.00000000000
# log_sel_spl_fsh[3]:
 0.00000000000 0.00000000000 0.00000000000 0.00000000000
 0.00000000000 0.00000000000 0.00000000000 0.00000000000
# log_sel_spl_fsh[4]:
 0.00000000000 0.00000000000 0.00000000000 0.00000000000
 0.00000000000 0.00000000000 0.00000000000 0.00000000000
 0.00000000000 0.00000000000 0.00000000000 0.00000000000
 0.00000000000 0.00000000000 0.00000000000 0.00000000000
 0.00000000000 0.00000000000 0.00000000000 0.00000000000
 0.00000000000 0.00000000000 0.00000000000 0.00000000000
 0.00000000000 0.00000000000 0.00000000000 0.00000000000
 0.00000000000 0.00000000000 0.00000000000 0.00000000000
 0.00000000000 0.00000000000 0.00000000000 0.00000000000
 0.00000000000 0.00000000000 0.00000000000 0.00000000000
 0.00000000000 0.00000000000 0.00000000000 0.00000000000
 0.00000000000 0.00000000000 0.00000000000 0.00000000000
 0.00000000000 0.00000000000 0.00000000000 0.00000000000
 0.00000000000 0.00000000000 0.00000000000 0.00000000000
 0.00000000000 0.00000000000 0.00000000000 0.00000000000
 0.00000000000 0.00000000000 0.00000000000 0.00000000000
 0.00000000000 0.00000000000 0.00000000000 0.00000000000
 0.00000000000 0.00000000000 0.00000000000 0.00000000000
 0.00000000000 0.00000000000 0.00000000000 0.00000000000
 0.00000000000 0.00000000000 0.00000000000 0.00000000000
 0.00000000000 0.00000000000 0.00000000000 0.00000000000
 0.00000000000 0.00000000000 0.00000000000 0.00000000000
 0.00000000000 0.00000000000 0.00000000000 0.00000000000
 0.00000000000 0.00000000000 0.00000000000 0.00000000000
 0.00000000000 0.00000000000 0.00000000000 0.00000000000
 0.00000000000 0.00000000000 0.00000000000 0.00000000000
 0.00000000000 0.00000000000 0.00000000000 0.00000000000
 0.00000000000 0.00000000000 0.00000000000 0.00000000000
 0.00000000000 0.00000000000 0.00000000000 0.00000000000
 0.00000000000 0.00000000000 0.00000000000 0.00000000000
 0.00000000000 0.00000000000 0.00000000000 0.00000000000
 0.00000000000 0.00000000000 0.00000000000 0.00000000000
 0.00000000000 0.00000000000 0.00000000000 0.00000000000
 0.00000000000 0.00000000000 0.00000000000 0.00000000000
 0.00000000000 0.00000000000 0.00000000000 0.00000000000
 0.00000000000 0.00000000000 0.00000000000 0.00000000000
# logsel_slope_fsh[1]:
 0.00000000000 0.00000000000 0.00000000000 0.00000000000 0.00000000000 0.00000000000 0.00000000000 0.00000000000 0.00000000000 0.00000000000 0.00000000000 0.00000000000 0.00000000000 0.00000000000 0.00000000000 0.00000000000 0.00000000000 0.00000000000 0.00000000000 0.00000000000 0.00000000000 0.00000000000 0.00000000000 0.00000000000 0.00000000000 0.00000000000 0.00000000000 0.00000000000 0.00000000000 0.00000000000 0.00000000000 0.00000000000 0.00000000000 0.00000000000 0.00000000000 0.00000000000 0.00000000000 0.00000000000 0.00000000000 0.00000000000 0.00000000000 0.00000000000
# logsel_slope_fsh[2]:
 0.00000000000 0.00000000000 0.00000000000 0.00000000000 0.00000000000 0.00000000000 0.00000000000 0.00000000000 0.00000000000 0.00000000000 0.00000000000 0.00000000000 0.00000000000 0.00000000000 0.00000000000 0.00000000000 0.00000000000 0.00000000000 0.00000000000 0.00000000000 0.00000000000 0.00000000000 0.00000000000 0.00000000000 0.00000000000 0.00000000000 0.00000000000 0.00000000000 0.00000000000 0.00000000000 0.00000000000 0.00000000000 0.00000000000 0.00000000000 0.00000000000 0.00000000000 0.00000000000 0.00000000000 0.00000000000 0.00000000000 0.00000000000 0.00000000000
# logsel_slope_fsh[3]:
 0.00000000000 0.00000000000
# logsel_slope_fsh[4]:
 0.00000000000 0.00000000000 0.00000000000 0.00000000000 0.00000000000 0.00000000000 0.00000000000 0.00000000000 0.00000000000 0.00000000000 0.00000000000 0.00000000000 0.00000000000 0.00000000000 0.00000000000 0.00000000000 0.00000000000 0.00000000000 0.00000000000 0.00000000000 0.00000000000 0.00000000000 0.00000000000 0.00000000000 0.00000000000 0.00000000000 0.00000000000 0.00000000000 0.00000000000 0.00000000000 0.00000000000 0.00000000000 0.00000000000 0.00000000000 0.00000000000 0.00000000000
# sel50_fsh[1]:
 0.00000000000 0.00000000000 0.00000000000 0.00000000000 0.00000000000 0.00000000000 0.00000000000 0.00000000000 0.00000000000 0.00000000000 0.00000000000 0.00000000000 0.00000000000 0.00000000000 0.00000000000 0.00000000000 0.00000000000 0.00000000000 0.00000000000 0.00000000000 0.00000000000 0.00000000000 0.00000000000 0.00000000000 0.00000000000 0.00000000000 0.00000000000 0.00000000000 0.00000000000 0.00000000000 0.00000000000 0.00000000000 0.00000000000 0.00000000000 0.00000000000 0.00000000000 0.00000000000 0.00000000000 0.00000000000 0.00000000000 0.00000000000 0.00000000000
# sel50_fsh[2]:
 0.00000000000 0.00000000000 0.00000000000 0.00000000000 0.00000000000 0.00000000000 0.00000000000 0.00000000000 0.00000000000 0.00000000000 0.00000000000 0.00000000000 0.00000000000 0.00000000000 0.00000000000 0.00000000000 0.00000000000 0.00000000000 0.00000000000 0.00000000000 0.00000000000 0.00000000000 0.00000000000 0.00000000000 0.00000000000 0.00000000000 0.00000000000 0.00000000000 0.00000000000 0.00000000000 0.00000000000 0.00000000000 0.00000000000 0.00000000000 0.00000000000 0.00000000000 0.00000000000 0.00000000000 0.00000000000 0.00000000000 0.00000000000 0.00000000000
# sel50_fsh[3]:
 0.00000000000 0.00000000000
# sel50_fsh[4]:
 0.00000000000 0.00000000000 0.00000000000 0.00000000000 0.00000000000 0.00000000000 0.00000000000 0.00000000000 0.00000000000 0.00000000000 0.00000000000 0.00000000000 0.00000000000 0.00000000000 0.00000000000 0.00000000000 0.00000000000 0.00000000000 0.00000000000 0.00000000000 0.00000000000 0.00000000000 0.00000000000 0.00000000000 0.00000000000 0.00000000000 0.00000000000 0.00000000000 0.00000000000 0.00000000000 0.00000000000 0.00000000000 0.00000000000 0.00000000000 0.00000000000 0.00000000000
# logsel_p1_fsh[1]:
 0.00000000000 0.00000000000 0.00000000000 0.00000000000 0.00000000000 0.00000000000 0.00000000000 0.00000000000 0.00000000000 0.00000000000 0.00000000000 0.00000000000 0.00000000000 0.00000000000 0.00000000000 0.00000000000 0.00000000000 0.00000000000 0.00000000000 0.00000000000 0.00000000000 0.00000000000 0.00000000000 0.00000000000 0.00000000000 0.00000000000 0.00000000000 0.00000000000 0.00000000000 0.00000000000 0.00000000000 0.00000000000 0.00000000000 0.00000000000 0.00000000000 0.00000000000 0.00000000000 0.00000000000 0.00000000000 0.00000000000 0.00000000000 0.00000000000
# logsel_p1_fsh[2]:
 0.00000000000 0.00000000000 0.00000000000 0.00000000000 0.00000000000 0.00000000000 0.00000000000 0.00000000000 0.00000000000 0.00000000000 0.00000000000 0.00000000000 0.00000000000 0.00000000000 0.00000000000 0.00000000000 0.00000000000 0.00000000000 0.00000000000 0.00000000000 0.00000000000 0.00000000000 0.00000000000 0.00000000000 0.00000000000 0.00000000000 0.00000000000 0.00000000000 0.00000000000 0.00000000000 0.00000000000 0.00000000000 0.00000000000 0.00000000000 0.00000000000 0.00000000000 0.00000000000 0.00000000000 0.00000000000 0.00000000000 0.00000000000 0.00000000000
# logsel_p1_fsh[3]:
 0.00000000000 0.00000000000
# logsel_p1_fsh[4]:
 0.00000000000 0.00000000000 0.00000000000 0.00000000000 0.00000000000 0.00000000000 0.00000000000 0.00000000000 0.00000000000 0.00000000000 0.00000000000 0.00000000000 0.00000000000 0.00000000000 0.00000000000 0.00000000000 0.00000000000 0.00000000000 0.00000000000 0.00000000000 0.00000000000 0.00000000000 0.00000000000 0.00000000000 0.00000000000 0.00000000000 0.00000000000 0.00000000000 0.00000000000 0.00000000000 0.00000000000 0.00000000000 0.00000000000 0.00000000000 0.00000000000 0.00000000000
# logsel_p2_fsh[1]:
 0.00000000000 0.00000000000 0.00000000000 0.00000000000 0.00000000000 0.00000000000 0.00000000000 0.00000000000 0.00000000000 0.00000000000 0.00000000000 0.00000000000 0.00000000000 0.00000000000 0.00000000000 0.00000000000 0.00000000000 0.00000000000 0.00000000000 0.00000000000 0.00000000000 0.00000000000 0.00000000000 0.00000000000 0.00000000000 0.00000000000 0.00000000000 0.00000000000 0.00000000000 0.00000000000 0.00000000000 0.00000000000 0.00000000000 0.00000000000 0.00000000000 0.00000000000 0.00000000000 0.00000000000 0.00000000000 0.00000000000 0.00000000000 0.00000000000
# logsel_p2_fsh[2]:
 0.00000000000 0.00000000000 0.00000000000 0.00000000000 0.00000000000 0.00000000000 0.00000000000 0.00000000000 0.00000000000 0.00000000000 0.00000000000 0.00000000000 0.00000000000 0.00000000000 0.00000000000 0.00000000000 0.00000000000 0.00000000000 0.00000000000 0.00000000000 0.00000000000 0.00000000000 0.00000000000 0.00000000000 0.00000000000 0.00000000000 0.00000000000 0.00000000000 0.00000000000 0.00000000000 0.00000000000 0.00000000000 0.00000000000 0.00000000000 0.00000000000 0.00000000000 0.00000000000 0.00000000000 0.00000000000 0.00000000000 0.00000000000 0.00000000000
# logsel_p2_fsh[3]:
 0.00000000000 0.00000000000
# logsel_p2_fsh[4]:
 0.00000000000 0.00000000000 0.00000000000 0.00000000000 0.00000000000 0.00000000000 0.00000000000 0.00000000000 0.00000000000 0.00000000000 0.00000000000 0.00000000000 0.00000000000 0.00000000000 0.00000000000 0.00000000000 0.00000000000 0.00000000000 0.00000000000 0.00000000000 0.00000000000 0.00000000000 0.00000000000 0.00000000000 0.00000000000 0.00000000000 0.00000000000 0.00000000000 0.00000000000 0.00000000000 0.00000000000 0.00000000000 0.00000000000 0.00000000000 0.00000000000 0.00000000000
# logsel_p3_fsh[1]:
 0.00000000000 0.00000000000 0.00000000000 0.00000000000 0.00000000000 0.00000000000 0.00000000000 0.00000000000 0.00000000000 0.00000000000 0.00000000000 0.00000000000 0.00000000000 0.00000000000 0.00000000000 0.00000000000 0.00000000000 0.00000000000 0.00000000000 0.00000000000 0.00000000000 0.00000000000 0.00000000000 0.00000000000 0.00000000000 0.00000000000 0.00000000000 0.00000000000 0.00000000000 0.00000000000 0.00000000000 0.00000000000 0.00000000000 0.00000000000 0.00000000000 0.00000000000 0.00000000000 0.00000000000 0.00000000000 0.00000000000 0.00000000000 0.00000000000
# logsel_p3_fsh[2]:
 0.00000000000 0.00000000000 0.00000000000 0.00000000000 0.00000000000 0.00000000000 0.00000000000 0.00000000000 0.00000000000 0.00000000000 0.00000000000 0.00000000000 0.00000000000 0.00000000000 0.00000000000 0.00000000000 0.00000000000 0.00000000000 0.00000000000 0.00000000000 0.00000000000 0.00000000000 0.00000000000 0.00000000000 0.00000000000 0.00000000000 0.00000000000 0.00000000000 0.00000000000 0.00000000000 0.00000000000 0.00000000000 0.00000000000 0.00000000000 0.00000000000 0.00000000000 0.00000000000 0.00000000000 0.00000000000 0.00000000000 0.00000000000 0.00000000000
# logsel_p3_fsh[3]:
 0.00000000000 0.00000000000
# logsel_p3_fsh[4]:
 0.00000000000 0.00000000000 0.00000000000 0.00000000000 0.00000000000 0.00000000000 0.00000000000 0.00000000000 0.00000000000 0.00000000000 0.00000000000 0.00000000000 0.00000000000 0.00000000000 0.00000000000 0.00000000000 0.00000000000 0.00000000000 0.00000000000 0.00000000000 0.00000000000 0.00000000000 0.00000000000 0.00000000000 0.00000000000 0.00000000000 0.00000000000 0.00000000000 0.00000000000 0.00000000000 0.00000000000 0.00000000000 0.00000000000 0.00000000000 0.00000000000 0.00000000000
# rec_dev_future:
 0.00000000000 0.00000000000 0.00000000000 0.00000000000 0.00000000000 0.00000000000 0.00000000000 0.00000000000 0.00000000000 0.00000000000 0.00000000000 0.00000000000 0.00000000000 0.00000000000 0.00000000000 0.00000000000 0.00000000000 0.00000000000 0.00000000000 0.00000000000
 0.00000000000 0.00000000000 0.00000000000 0.00000000000 0.00000000000 0.00000000000 0.00000000000 0.00000000000 0.00000000000 0.00000000000 0.00000000000 0.00000000000 0.00000000000 0.00000000000 0.00000000000 0.00000000000 0.00000000000 0.00000000000 0.00000000000 0.00000000000
# log_q_ind[1]:
0.422733529340
# log_q_ind[2]:
-1.88938617267
# log_q_ind[3]:
-3.49614217744
# log_q_ind[4]:
-0.261557078674
# log_q_ind[5]:
-1.76755163659
# log_q_ind[6]:
-1.49403087331
# log_q_ind[7]:
-1.52440061417
# log_q_ind[8]:
-1.37376344694
# log_q_power_ind[1]:
0.00000000000
# log_q_power_ind[2]:
0.00000000000
# log_q_power_ind[3]:
0.00000000000
# log_q_power_ind[4]:
0.00000000000
# log_q_power_ind[5]:
0.00000000000
# log_q_power_ind[6]:
0.00000000000
# log_q_power_ind[7]:
0.00000000000
# log_q_power_ind[8]:
0.00000000000
# log_rw_q_ind[1]:
 -1.00573769554
# log_rw_q_ind[2]:
 0.00000000000
# log_rw_q_ind[3]:
 0.192882152347
# log_rw_q_ind[6]:
 -0.246366213525
# log_selcoffs_ind[1]:
 -1.93588475122 -1.12115723108 -0.536535457338 -0.144598216936 0.0937462527118 0.240291430391 0.328895988219 0.388369344170 0.430017066319 0.448031272425
 -2.50501007928 -1.69778061572 -0.969664915253 -0.371706567655 0.0656918709368 0.343321603899 0.467007888450 0.505585922880 0.508073586223 0.494137996045
# log_selcoffs_ind[2]:
 -1.13140188568 0.0725706853080 0.0725706853080 0.0725706853080 0.0725706853080 0.0725706853080 0.0725706853080 0.0725706853080 0.0725706853080 0.0725706853080
 -1.13140188568 0.0725706853080 0.0725706853080 0.0725706853080 0.0725706853080 0.0725706853080 0.0725706853080 0.0725706853080 0.0725706853080 0.0725706853080
 -1.13140188568 0.0725706853080 0.0725706853080 0.0725706853080 0.0725706853080 0.0725706853080 0.0725706853080 0.0725706853080 0.0725706853080 0.0725706853080
# log_selcoffs_ind[3]:
 -0.202940821038 0.0202027052767 0.0202027052767 0.0202027052767 0.0202027052767 0.0202027052767 0.0202027052767 0.0202027052767 0.0202027052767 0.0202027052767
# log_selcoffs_ind[4]:
 -0.570620592383 -0.391217988905 -0.247218759272 -0.134332947620 -0.0360197959959 0.0623937232951 0.141588977923 0.202326493664 0.276050682188 0.346205035745
 -1.30333991777 -1.01695024638 -0.753644663225 -0.474887047385 -0.188550223378 0.0697120557702 0.286583866783 0.458725094784 0.560810609604 0.591447936166
# log_selcoffs_ind[5]:
 -3.04452005677 -0.669616569639 0.101782682789 0.174353368097 0.174353368097 0.174353368097 0.174353368097 0.174353368097 0.174353368097 0.174353368097
# log_selcoffs_ind[6]:
 -3.04452005677 -0.669616569639 0.101782682789 0.174353368097 0.174353368097 0.174353368097 0.174353368097 0.174353368097 0.174353368097 0.174353368097
# log_selcoffs_ind[7]:
 -0.159493505810 -0.0417104840422 -0.00892066480343 0.0636500205045 0.0636500205045 0.0636500205045
# log_selcoffs_ind[8]:
 -0.171850237190 -0.0540672154223 0.0512932891244 0.0512932891244 0.0512932891244 0.0512932891244
# logsel_slope_ind[1]:
 0.00000000000 0.00000000000
# logsel_slope_ind[2]:
 0.00000000000 0.00000000000 0.00000000000
# logsel_slope_ind[3]:
 0.00000000000
# logsel_slope_ind[4]:
 0.00000000000 0.00000000000
# logsel_slope_ind[5]:
 0.00000000000
# logsel_slope_ind[6]:
 0.00000000000
# logsel_slope_ind[7]:
 0.00000000000
# logsel_slope_ind[8]:
 0.00000000000
# sel50_ind[1]:
 0.00000000000 0.00000000000
# sel50_ind[2]:
 0.00000000000 0.00000000000 0.00000000000
# sel50_ind[3]:
 0.00000000000
# sel50_ind[4]:
 0.00000000000 0.00000000000
# sel50_ind[5]:
 0.00000000000
# sel50_ind[6]:
 0.00000000000
# sel50_ind[7]:
 0.00000000000
# sel50_ind[8]:
 0.00000000000
# logsel_p1_ind[1]:
 0.00000000000 0.00000000000
# logsel_p1_ind[2]:
 0.00000000000 0.00000000000 0.00000000000
# logsel_p1_ind[3]:
 0.00000000000
# logsel_p1_ind[4]:
 0.00000000000 0.00000000000
# logsel_p1_ind[5]:
 0.00000000000
# logsel_p1_ind[6]:
 0.00000000000
# logsel_p1_ind[7]:
 0.00000000000
# logsel_p1_ind[8]:
 0.00000000000
# sel_p2_ind[1]:
 0.00000000000 0.00000000000
# sel_p2_ind[2]:
 0.00000000000 0.00000000000 0.00000000000
# sel_p2_ind[3]:
 0.00000000000
# sel_p2_ind[4]:
 0.00000000000 0.00000000000
# sel_p2_ind[5]:
 0.00000000000
# sel_p2_ind[6]:
 0.00000000000
# sel_p2_ind[7]:
 0.00000000000
# sel_p2_ind[8]:
 0.00000000000
# logsel_p3_ind[1]:
 0.00000000000 0.00000000000
# logsel_p3_ind[2]:
 0.00000000000 0.00000000000 0.00000000000
# logsel_p3_ind[3]:
 0.00000000000
# logsel_p3_ind[4]:
 0.00000000000 0.00000000000
# logsel_p3_ind[5]:
 0.00000000000
# logsel_p3_ind[6]:
 0.00000000000
# logsel_p3_ind[7]:
 0.00000000000
# logsel_p3_ind[8]:
 0.00000000000
