# Number of parameters = 1511 Objective function value = 3811.70302512149  Maximum gradient component = 1105.85235565285
# Mest[1]:
0.280000000000
# Mest[2]:
0.330000000000
# log_Linf[1]:
4.29810139974
# log_Linf[2]:
4.29810139974
# log_k[1]:
-1.83258146375
# log_k[2]:
-1.83258146375
# log_Lo[1]:
2.60712428251
# log_Lo[2]:
2.60712428251
# log_sdage[1]:
-2.40794560865
# log_sdage[2]:
-2.40794560865
# mean_log_rec[1]:
9.49171838181
# mean_log_rec[2]:
8.15753613271
# mean_log_rec[3]:
6.47851980857
# steepness[1]:
0.650000000000
# steepness[2]:
0.650000000000
# steepness[3]:
0.650000000000
# log_Rzero[1]:
9.49579380485
# log_Rzero[2]:
8.23963171683
# log_Rzero[3]:
7.48677616674
# rec_dev:
 -0.0663981459961 -0.103925017166 -0.0403224773162 -0.112058949129 -0.147812899065 -0.0294346281047 0.203325496567 -0.285752223915 -0.0946798251978 -0.497070733727 -0.614849636312 -0.588632571386 0.981460137868 -0.593905503381 -0.480573545472 -0.263306192707 -0.198488190372 -0.00778789573395 0.0426115027513 0.297292689226 0.318297529516 0.242288839732 0.337430142045 0.389287158857 0.877404249317 0.657635351099 0.672671196330 1.51524494143 1.38425583798 0.572197703367 -0.0787640734495 0.177072478105 0.391069049315 0.464814289594 -0.00613878616385 0.0228255042409 -0.159588996736 0.0266003550476 0.143259155840 0.187499765709 0.285439466695 0.398207911752 0.417764091655 0.339370349296 -0.00282335708714 -0.419727341417 -0.255612152217 -0.751350628157 -1.61017954056 -0.844551612857 -1.02806635381 -1.43517621806 -1.46830627854 -1.45442952941 -1.20835713714 -0.721794793066 -0.584637585725 -0.152743604365 0.263136850605 0.707711298119 0.510231456440 0.124260361302 0.710594436825 -0.204724510336 -0.0925522851156
 0.0868352013032 -0.0361000270541 0.0352422978342 0.119731366011 0.0125022296612 0.189778327098 0.329586530117 0.387058364878 -0.0359995875753 0.163728669686 0.716329888225 -0.0369154653356 0.472269668036 0.687566242135 0.413753692345 -0.611050144975 0.0226429209598 0.417754174224 -0.122329819398 0.0331149417271 0.0310217912777 0.255260610120 1.00390434558 0.941416116525 -0.393161330061 -1.21069358971 0.303640576283 1.80896138951 0.595600270268 0.0650743611752 -0.269444475569 -0.988186199261 -1.01723641326 -0.0353634226366 -0.609203285548 -0.249559607729 0.246968949997 -0.496181320712 -0.669148269948 -0.578366420963 2.17963341763 1.39298031690 0.220428725506 0.579407918184 -0.774901383941 0.763687162258 1.22993047734 0.518473652638 -1.15499807699 -0.649986747062 1.25070084164 0.200531694409 -0.464127091274 0.367476520001 -1.54707649120 -1.79252202153 -1.91413480229 -0.304852190721 -0.600910662492 0.928329774681 -1.29474600811 1.12629008632 0.249662766539 -0.588479732729 -0.146351224939
# log_sigmar[1]:
-0.510825623766
# log_sigmar[2]:
-0.510825623766
# log_sigmar[3]:
-0.510825623766
# fmort:
 -5.08165114388 -4.62829236056 -5.35539335468 -5.06235507993 -4.59307329748 -4.54598290562 -4.25775187026 -4.14558685926 -3.46019195257 -3.62107948957 -3.91022412825 -3.49195938377 -2.76013467810 -3.68278684764 -2.84196799352 -3.36501807392 -5.71665026535 -4.37040550348 -4.65138694914 -4.65227209526 -4.61506996206 -4.20706536369 -4.06376530251 -3.83441841826 -4.27533345305 -3.98326956459 -3.54386196708 -4.62690681335 -5.86430051380 -5.23389675014 -4.77141816851 -4.11730384283 -4.98896477614 -4.58526312464 -4.46845031667 -4.00530908075 -3.92203343112 -3.47328624239 -2.98241193736 -3.27909538511 -2.75785441955 -4.35196490521 -5.34668434178 -4.94871103217 -5.00614142398 -4.72661772013 -5.04119731845 -4.65708841219 -5.76858516682 -6.04415154432 -4.84312257372 -4.82308247487 -4.97824953325 -5.16639927843
 -7.36046445430 -6.88598122994 -6.64859014356 -6.37153158549 -6.71562687540 -5.86734262077 -5.26730211384 -4.95042254451 -4.50098866651 -4.28612132883 -4.11799278681 -3.33476447085 -3.07825094284 -3.32290143856 -3.07140465093 -2.77979175315 -2.70123003297 -2.52431747712 -2.57017170589 -2.47747318450 -2.36489952597 -1.90804082714 -1.51893769366 -1.49450861833 -1.10561116092 -0.694380557229 -0.601844323077 -0.612488506208 -1.14815013422 -1.54183329400 -1.70031505552 -1.41614380407 -1.33015078199 -1.49942502442 -1.56906765332 -1.55062533569 -1.51022621553 -1.45441645183 -1.78131406813 -1.60391908324 -2.22860071160 -2.54966744893 -2.58786305481 -2.65522546455 -2.73297941284 -2.59679351195 -2.41785968021 -2.25528351801 -2.17666074466 -2.22297838860 -2.15402711265 -2.05119237173 -2.06312469165 -1.97628517193
 -7.47527773625 -7.17235898570 -6.07184563077 -5.34513310087 -4.41520020734 -5.49059979613 -4.68517871363 -1.99058256680 -2.46134373672 -2.43008428606 -2.04338784823 -1.96422591371 -3.57242063235 -4.54438870717 -4.25932602448 -4.17933824953 -4.07590907455 -4.89936966719 -4.56571735704 -4.08107735405 -2.97760523813 -2.88806565660 -3.06705996704 -2.68525284809 -2.69431103231 -1.19715176012 -0.937925199514 -0.184885222991 0.729549472532 -0.0637987631293 -0.917534882900 0.00963643279327 0.0372119830927 0.118902156857 0.524298158147 -0.513290147613 0.833854167086 0.743525039347 1.26913942822 2.98639779034 -0.502939715101 0.668024277360 0.878931448371 1.06692806407 0.714925927436 -1.07215328540 -1.68216222937 -2.86990534546 -0.318036541226 0.596105977198 0.423133232136 0.557824685751 0.0588056436251 0.852845611050
 -9.74015268139 -10.2163262715 -8.31257053915 -9.93727257934 -9.87217769734 -9.85875374172 -9.86406190667 -9.13344770400 -6.06087818097 -4.11476279011 -4.17888123823 -3.88351476655 -3.30201601204 -3.12150794515 -2.87564002972 -3.13994399387 -3.26095233128 -3.32519953192 -3.33825509460 -3.27010580927 -3.26068422229 -3.67861787995 -6.21288005888 -9.66297965742 -9.45884220064 -9.16212174946 -8.84216864661 -8.58631163347 -8.51211178616 -8.60207803485 -7.99700004951 -6.03837221212 -4.85468988045 -4.24182379959 -3.61413252714 -3.75485230219 -3.26561880687 -2.87984176236 -2.73641810674 -2.53535253690 -2.66606592172 -3.86342870486 -4.25231976115 -4.21790209839 -3.79857329502 -3.60998704290 -4.12579561068 -4.23388417457 -4.27363904178 -4.45070358263 -7.00500935585 -4.89762513551 -4.87532419672 -4.68129550952
# log_selcoffs_fsh[1]:
 -2.97918886451 -1.37430988094 -0.540863396696 0.358966848694 0.939486628715 0.836292166262 0.0295475217355 -0.853711331050 -1.42523064279
 -2.75637047134 -1.07769834772 -0.390543347768 0.279173164438 0.843597553936 0.822001401103 0.0995582524853 -0.749566707514 -1.35146114934
 -2.44967920017 -0.988149903593 -0.173715937565 0.486817357750 0.828324983005 0.643031232066 0.0740872740163 -0.619393127358 -1.12963107989
 -2.10754235575 -0.767967890213 -0.184495726004 0.328721567685 0.871773919336 0.665306395937 0.0285302893504 -0.627778356277 -1.06795869241
 -1.52182024885 0.0241891942130 0.312673875097 0.452629241948 0.483775965475 0.311093951141 -0.134049718199 -0.636743329841 -0.992570172908
 -1.46593143313 -0.193540596670 0.698651309961 0.829739061802 0.306301639710 -0.0439285191653 -0.413717663101 -0.756146736249 -1.02561623739
 -1.23865827145 -0.160526983461 0.715010285951 0.845062180954 0.298186505039 -0.246605903653 -0.575840332852 -0.906964105701 -1.10471045489
 -0.905973493177 -0.0544896625027 0.729977205143 0.867247133934 0.197461617615 -0.364036712760 -0.750649460960 -1.02718610211 -1.14395911844
 -0.662756133047 0.356062304316 0.647737252927 0.736489504424 0.308669503796 -0.312287261002 -0.813756678254 -1.12120009359 -1.30143166406
 -0.500639720813 0.493209685142 0.709908333175 0.691717078794 0.185583773128 -0.441716343576 -0.930869236437 -1.22193939765 -1.38561531828
 -0.0784719110873 0.958333983308 0.568506189629 0.280111475480 -0.236413782515 -0.687224181056 -1.10415783435 -1.36281038087 -1.37752541373
 0.204690389556 0.966238083490 0.742869783596 0.224100860074 -0.459281417782 -0.901510085911 -1.23810767551 -1.44875128481 -1.60080673464
 -0.0395063015227 1.21179997188 0.696453670864 -0.00399017291116 -0.696919568916 -1.13914009329 -1.37556642624 -1.54258374424 -1.61018063617
 0.217797071016 1.24144976450 0.653652529210 -0.132913902487 -0.855175489444 -1.24978419874 -1.48145639346 -1.63414852023 -1.71362046901
 0.281949133071 1.31060837263 0.646592807010 -0.204482372647 -0.976664240510 -1.33273425887 -1.51956236235 -1.68445906504 -1.81848746788
 -0.0567593748595 1.35382665891 0.735245850482 -0.188352620921 -1.03878901114 -1.42399559904 -1.57140824990 -1.69343419921 -1.77356652093
 0.0458880068040 1.41170255552 0.671203693757 -0.245535861328 -1.08108959334 -1.44888825022 -1.65624534242 -1.77953268149 -1.84997495789
 0.609448820980 1.23996643174 0.691033401065 -0.271637201211 -1.09530818743 -1.47661994864 -1.73619039838 -1.84631506721 -1.84270600198
 0.831595794740 1.24681198404 0.477872635954 -0.398012213977 -1.16222857161 -1.54553541724 -1.78224373396 -1.90986135775 -1.88826752877
 0.537179606138 1.29453505360 0.612772629983 -0.422829898842 -1.19843696794 -1.57883816502 -1.78764642414 -1.90200211359 -1.87531948000
 0.646495807144 1.42380933795 0.467028604277 -0.544608371337 -1.28737048808 -1.58676937854 -1.75714405484 -1.88373981852 -1.95545108198
 0.583166728066 1.32900106450 0.567357429632 -0.608540370451 -1.36272412214 -1.60190611491 -1.72235133157 -1.83151258749 -1.85218898748
 0.827941303018 1.32563609336 0.444545323242 -0.579532523477 -1.37858730282 -1.67649330467 -1.75591549113 -1.77757375167 -1.86884809397
 0.505719972802 1.46160048750 0.412102115223 -0.618050354706 -1.39539265573 -1.68429477459 -1.78319433615 -1.80089918159 -1.79604508469
 0.764766320502 1.40562979225 0.333218916701 -0.635941357069 -1.31432311144 -1.66894145914 -1.79764509412 -1.77576896409 -1.76645777342
 0.874551916531 1.22211843609 0.387379183857 -0.525674885172 -1.27293637516 -1.59396345235 -1.76592238735 -1.77403890868 -1.63617402883
 0.529369047108 1.34260977148 0.496617283055 -0.455908906281 -1.17840501399 -1.55669675372 -1.67438826070 -1.64683882634 -1.63539658841
 0.562311091278 1.38332582802 0.434397632668 -0.496543854565 -1.14382844079 -1.41014710907 -1.53565700550 -1.54911325690 -1.53967126013
 1.25927178473 0.928838745886 0.149072389397 -0.566338681824 -1.06257526435 -1.25022935581 -1.32341431497 -1.38870947476 -1.41759005836
 0.872941982765 1.20937987702 0.230293865216 -0.529795321207 -0.915765698523 -1.03139341199 -1.12617423064 -1.17464923268 -1.27773360096
 0.616079036881 1.18039045943 0.158466651884 -0.458185066113 -0.709333605566 -0.811896229118 -0.866915540792 -0.986370078917 -1.00805279806
 0.560115931075 0.919798606785 0.196237658442 -0.281316910191 -0.451377813606 -0.567754970622 -0.624171025091 -0.716617282691 -0.749267836790
 -0.353868884220 0.652209451271 0.331084142330 0.0575495886048 -0.0381020988754 -0.156117659345 -0.261008114194 -0.355926236402 -0.473043733177
 -0.846384698445 -0.0901664801212 -0.0181798407530 0.176809044355 0.342860552731 0.229878230187 0.181447741784 -0.0405063936399 -0.198081485338
 -0.473724403033 0.0946871040376 -0.351572299539 -0.292687840062 0.0546819275609 0.223106832866 0.230940362432 0.199709392110 0.0876745435407
 0.0738809872673 -0.760966112589 -0.853973902658 -0.484079146530 -0.0458534853292 0.267231835631 0.399896570434 0.370725225440 0.312435257131
 -1.15118374455 -1.21299182750 -1.03405032328 -0.423660898398 0.0711608803566 0.367185048387 0.561754140066 0.542400268442 0.496782064957
 -1.84554603333 -1.45056888127 -1.17016704437 -0.556557367541 0.0131848914359 0.381898826257 0.581168257687 0.627300624750 0.514476087104
 -2.01087570943 -2.03302103835 -1.73038731014 -1.02503044658 -0.171500939457 0.419702251808 0.739662886759 0.721347646493 0.515976195469
 -2.23939072535 -2.33171250830 -1.99763942529 -1.20139411719 -0.273224589436 0.452220541190 0.803294916252 0.737440855386 0.569251120284
 -2.14968499908 -2.21771076656 -1.99056243361 -1.25236558928 -0.365695917502 0.303761832359 0.715188239950 0.796527316997 0.693965917638
# log_selcoffs_fsh[2]:
 -1.83202256777 0.127886027963 0.867747216048 1.03535984867 0.524760900077 -0.217591954281 -0.826776413200 -1.48309826870 -2.09628832277 -2.65747248858
 -1.70657377873 0.193336419043 0.194562448604 0.705712933894 0.899999284394 0.463870240643 -0.346440381187 -1.24564897010 -1.96411597283 -2.35155406770
 -2.15109957195 -0.368771214614 0.0966725342165 0.622842680424 0.968779181123 0.732429248675 -0.0985493586200 -1.03263462751 -1.73061816382 -1.99856349660
 -2.45973617851 -0.877586682853 -0.0110188006195 0.480619078651 0.964834712742 0.856635765773 0.0925971387187 -0.791467475978 -1.41635289743 -1.73088406652
 -1.98274657578 -0.442601440310 -0.331938140325 0.114669244304 0.763291281733 0.926560410897 0.322561545536 -0.423353911427 -1.05836333189 -1.38576786961
 -1.43200351052 -0.322740816191 -0.111857386600 0.00275234421490 0.423744911530 0.714569844639 0.531687902252 -0.0612097561030 -0.669172735582 -1.13251037870
 -2.10982614831 -0.812374456340 0.0739661691604 0.199016696666 0.319593642084 0.541502587853 0.542396408373 0.181282206511 -0.403577226231 -0.750736157468
 -2.76224373560 -1.63479983247 -0.841491545927 -0.186697370585 0.362255841773 0.719344626774 0.792278548526 0.408701304632 -0.163666078211 -0.684092773510
 -3.07806396947 -1.96973753099 -1.33894870438 -0.717081582216 0.00545331271667 0.506079228297 0.836853877030 0.728571025306 0.231956019895 -0.384078050835
 -3.13003787223 -1.90971898053 -1.20790332489 -0.790761592285 -0.386688316125 0.120777538431 0.619918711286 1.00136977607 0.610965139463 -0.265828471783
 -3.04235284378 -1.56462929194 -0.820087365199 -0.410955535063 -0.139270418388 0.0806653301451 0.443097097949 0.846019959821 0.584882088476 -0.150365925303
 -3.06394333686 -1.61208493683 -0.822822482155 -0.397831783678 -0.0399606517583 0.250916488843 0.624062774004 0.763993398882 0.388790924427 -0.210417625212
 -2.82832589860 -1.06135823194 -0.446144705788 -0.119825456921 0.136124742476 0.205456726388 0.533332856245 0.573204716412 0.284993646979 -0.184358243047
 -2.51033193857 -0.753148949918 -0.183537450567 -0.0448378495709 0.0541560324184 0.187964258758 0.391529533840 0.472556247782 0.274071019038 -0.0664423835502
 -2.16682839221 -0.181216737084 0.0751869790373 -0.0298676045252 -0.135380901725 0.0232054697826 0.270173926117 0.338855600685 0.249834144771 0.0705847013286
 -1.81329492849 0.132688223337 0.0280527997771 -0.127106589037 -0.224587046960 -0.103052638567 0.170018781164 0.302229959048 0.275026836783 0.149648898099
 -1.39016727073 0.119810273889 -0.0207698787569 -0.164041600018 -0.337927697274 -0.246806861982 0.0847613998737 0.331329212450 0.388863228292 0.316372673071
 -1.81689528756 -0.00835928475055 0.0629580842819 -0.170694002719 -0.379171646411 -0.368014140795 -0.0152239924526 0.304602146956 0.461843391474 0.521028425763
 -2.15339613801 -0.342049453363 -0.0148298889830 -0.181735744203 -0.410215065266 -0.339300161351 -0.0503310328384 0.288158048643 0.514986907307 0.658219984737
 -2.29713140549 -0.654391565446 -0.301938226858 -0.184787458066 -0.382036323511 -0.357840661258 -0.0709935907473 0.311916420362 0.630980121623 0.803943298908
 -2.33141304421 -0.725366082810 -0.203880059152 -0.0609389648204 -0.268641986075 -0.358467496737 -0.102861606170 0.252619995390 0.641469781731 0.730307385802
 -2.48096969017 -0.844148226318 -0.199385473288 0.0926300717509 -0.0906764974709 -0.222826100651 -0.0409962229914 0.218099291864 0.494559196344 0.687679300755
 -2.67042416816 -1.32838300957 -0.460705765570 0.129301954455 0.125499751483 0.00719335855626 0.0897860599432 0.238524039625 0.431502003315 0.550117274406
 -2.74621704087 -1.62092767403 -0.796323376908 -0.150993084546 0.207292136204 0.221456900134 0.346780535482 0.422106549221 0.423493629242 0.393936360311
 -2.70411840227 -1.29593260766 -0.684135000973 -0.373620238583 0.0456110149433 0.310716444434 0.454654826832 0.591741437308 0.388658097545 0.183638732174
 -2.73654863480 -1.44643856253 -0.681194810935 0.0157442225774 0.344769780355 0.388230199529 0.475939051921 0.466252648607 0.211552468363 -0.178355222694
 -2.67202566673 -1.06209361805 -0.458801059973 0.282558109950 0.544399954050 0.516174019900 0.392370334883 0.252540856791 -0.127479300976 -0.578594620095
 -2.69048897034 -0.463544257470 -0.0290695970631 0.369364783869 0.503453280304 0.410468510798 0.465588120711 0.139628563272 -0.370866361903 -0.852861484915
 -2.84764478818 -1.10999564077 -0.229587553687 0.629162163459 0.739487537725 0.507574408795 0.436474853812 -0.163763979011 -0.680552043902 -1.10442169887
 -3.12407833252 -1.28067370551 0.0193832537279 0.604941388316 0.893468809842 0.587898998456 0.0362191278375 -0.438572449761 -0.802280363420 -1.20807117838
 -3.08126538793 -0.905109416434 0.272071439079 0.827269980282 0.656941150543 0.243876121253 -0.0765093735316 -0.406709150840 -0.790370827655 -1.10381414065
 -3.05080028584 -1.07139267408 0.0251775231068 0.540649682831 0.749198936457 0.518728473815 0.0712601918776 -0.193744890978 -0.551584067652 -0.929819481014
 -2.74553153151 -0.576601105972 -0.290129318851 0.0464952189068 0.496676384411 0.661957459303 0.443313456361 0.139642055450 -0.196787737347 -0.575579835588
 -3.49324607495 -1.24367349022 -0.429650277308 0.0715260151818 0.408571494340 0.565989684586 0.536369683402 0.330037296138 -0.0473118662715 -0.391109824026
 -3.96571175861 -1.82220957877 -0.982856469681 -0.379167812466 0.221693844366 0.574925204199 0.655009332887 0.555446581592 0.188588227819 -0.192200448203
 -4.48841137074 -2.34302318827 -1.18304449805 -0.512944286379 0.0790398036812 0.417618498521 0.697802195007 0.691600604794 0.359754847139 -0.0104555706122
 -4.90288721453 -3.08549808877 -1.76296859835 -0.791803064456 0.00771879401207 0.420518449221 0.702651881939 0.738736286333 0.487454310289 0.185696543502
 -5.07747335382 -3.38727661565 -2.46474021965 -1.44277232732 -0.459807585087 0.225447709535 0.661853134323 0.843696058940 0.713145734905 0.547636961168
 -5.15321620948 -3.61102152374 -2.38380994845 -1.68981409494 -0.796914443723 -0.157835993622 0.324384092776 0.692581490881 0.883206666326 1.00748791901
 -5.06094364082 -3.85244262261 -2.50426447687 -1.60981032836 -1.11225075043 -0.513472596738 -0.0398875703348 0.379041959138 0.813892495808 1.28599348698
 -5.03627404508 -3.70505216990 -2.43545970479 -1.35065198424 -0.987063189989 -0.762132956366 -0.392367386834 0.0574109993163 0.724863591965 1.58416045644
# log_selcoffs_fsh[3]:
 -5.59292905487 -0.836218961921 1.47121590200 0.716630630850 -1.77690629670 -3.64352233234 -3.60665994525
 -5.93861293063 -2.20836743426 -0.686746803540 1.83440997446 -2.39571628167 -4.47492075183 -3.42832817199
# log_selcoffs_fsh[4]:
 0.979094940306 0.435677292761 0.0447660009116 -0.293388943544 -0.497111019492 -0.568952974887 -0.506817166172 -0.597121516117 -0.607438541895
 0.755415474477 0.446682744733 0.0892616847782 -0.209308551595 -0.358385789712 -0.413486161283 -0.380839320812 -0.388300128423 -0.455112829047
 0.559530994003 0.293146306893 0.0464905888338 -0.181737878287 -0.305730790456 -0.314171674806 -0.200328191177 -0.215769445081 -0.212090158464
 0.391618919888 0.171237782511 -0.0676143996502 -0.157457616479 -0.212477971389 -0.158386894524 -0.0427392503106 -0.0523434354733 -0.0827629149638
 0.230009174631 0.0350726634599 -0.133003273922 -0.185561146432 -0.0874536184674 0.0185224736064 0.0681281143920 0.0642629113906 0.0580553790859
 0.100840860944 -0.0425412795882 -0.171990991838 -0.190179055900 -0.0839924158836 0.0629025893131 0.105932430698 0.133888036017 0.241033397630
 0.000595804246988 -0.108628665620 -0.160165271427 -0.156320881138 -0.0906040457123 0.0149003788020 0.136614092594 0.212359498739 0.190417738360
 -0.103263969083 -0.225916721673 -0.253726768414 -0.197014887836 -0.125446250894 -0.0325854751016 0.122224138858 0.253617799901 0.313715315047
 -0.263105121170 -0.267546126067 -0.267063859802 -0.191747155776 -0.122402898220 -0.00489449508565 0.112019105396 0.220999640822 0.349961844627
 -0.346539860530 -0.315013864314 -0.235815607418 -0.190947835300 -0.101808521747 -0.00911684110063 0.101320383140 0.202265499850 0.304392316321
 -0.426849388778 -0.360905492042 -0.284198865932 -0.171696644183 -0.0827256861521 0.00152857196330 0.127967834977 0.258604859684 0.313171243108
 -0.570761596850 -0.433801690107 -0.281148864034 -0.0759631065496 0.0544492841159 0.0939660387224 0.149506454509 0.235605578371 0.350238984450
 -0.716290899335 -0.466803210923 -0.251624252117 -0.0509207007291 0.139559058907 0.263065806055 0.234112396596 0.220055529074 0.372845630599
 -0.749316313194 -0.456790079065 -0.216473343822 -0.0295189060723 0.129525250881 0.227059163823 0.240082456838 0.220093638421 0.277383956692
 -0.779505055658 -0.460140933916 -0.183771508959 0.0330405212362 0.203279891619 0.269125778522 0.263521372269 0.186660145546 0.192634303520
 -0.844405942477 -0.485938892141 -0.153122150553 0.123296310874 0.261245457334 0.317127864903 0.241668908461 0.136311350860 0.120967916566
 -0.866901376776 -0.458413986706 -0.170466417778 0.104307355473 0.281269370271 0.323397849620 0.252942145578 0.112321394625 -0.0101217883334
 -0.943980645509 -0.477806859666 -0.102717198323 0.120412551903 0.273036981180 0.319594643357 0.235772199999 0.0270168956539 -0.134947627028
 -1.05765075259 -0.478946128785 -0.0305129338017 0.211832516636 0.337195877445 0.337481021124 0.187578400157 -0.0357535685174 -0.227920868465
 -1.13420250765 -0.545800356057 0.000891053589716 0.384409257428 0.436113575703 0.336384898626 0.159404620019 -0.136308739032 -0.315977613089
 -1.23930986033 -0.587780772231 -0.0417290431615 0.406010648612 0.561523117230 0.347597270179 0.0739242660592 -0.154068703398 -0.391791017648
 -1.32503608935 -0.611495687467 -0.0306462137697 0.346868955345 0.587569672559 0.416682741637 0.115236052324 -0.163255428192 -0.325196485809
 -1.44607457176 -0.735607077981 -0.122263505183 0.329918605710 0.542601440565 0.449640799813 0.159922601079 -0.100983804262 -0.250513385675
 -1.53612541060 -0.887764926613 -0.245523850482 0.243254026169 0.468006394610 0.478974127847 0.243912529891 0.00270037782889 -0.189711060298
 -1.58307089226 -0.975212876359 -0.325489518033 0.134163547737 0.374154977572 0.448146362746 0.334848463781 0.0973055768881 -0.0931180231345
 -1.65453286264 -1.05255617069 -0.468607170349 -0.0143207806204 0.330203796396 0.479081999000 0.436841516983 0.204014101197 -0.00549457602982
 -1.76355270465 -1.11590867408 -0.649578922024 -0.174220605454 0.290741658526 0.504544860912 0.489631126245 0.279951527411 0.147420375989
 -1.89596521967 -1.32850886351 -0.820200532910 -0.195387344487 0.265870655117 0.462669920964 0.478050950127 0.431208011145 0.244912194147
 -1.43164422065 -1.35937107316 -0.989632541029 -0.505207589178 0.00588468030632 0.380918881965 0.536118560488 0.568788565795 0.453942976047
 -1.81770545074 -1.41576494785 -1.14364917631 -0.689960516860 -0.119505759558 0.333488847996 0.589091983803 0.634664355010 0.647292740072
 -1.69858306475 -1.27092954864 -1.16176234157 -0.881153471130 -0.436145811000 0.0659454887299 0.508667162900 0.742955434875 0.837427715114
 -1.49256076160 -0.889923165398 -0.909455988984 -0.905822328415 -0.595519169207 -0.128201916764 0.322313056874 0.722523151178 0.980178028765
 -1.42344994276 -0.317999988921 0.0341907087047 -0.318350112219 -0.391849743699 -0.198399197705 0.0700501096287 0.451645247041 0.736721195329
 -1.26489929951 0.00868873101837 0.0863418102337 -0.151914065801 -0.310190110086 -0.281799428167 -0.0616168046889 0.328777265298 0.608348119351
 -1.31919838642 -0.223412130668 0.199511301382 0.247973219382 -0.229559412533 -0.360703468937 -0.136748171021 0.225500005313 0.513964083199
# log_sel_spl_fsh[1]:
 0.00000000000 0.00000000000 0.00000000000 0.00000000000
 0.00000000000 0.00000000000 0.00000000000 0.00000000000
 0.00000000000 0.00000000000 0.00000000000 0.00000000000
 0.00000000000 0.00000000000 0.00000000000 0.00000000000
 0.00000000000 0.00000000000 0.00000000000 0.00000000000
 0.00000000000 0.00000000000 0.00000000000 0.00000000000
 0.00000000000 0.00000000000 0.00000000000 0.00000000000
 0.00000000000 0.00000000000 0.00000000000 0.00000000000
 0.00000000000 0.00000000000 0.00000000000 0.00000000000
 0.00000000000 0.00000000000 0.00000000000 0.00000000000
 0.00000000000 0.00000000000 0.00000000000 0.00000000000
 0.00000000000 0.00000000000 0.00000000000 0.00000000000
 0.00000000000 0.00000000000 0.00000000000 0.00000000000
 0.00000000000 0.00000000000 0.00000000000 0.00000000000
 0.00000000000 0.00000000000 0.00000000000 0.00000000000
 0.00000000000 0.00000000000 0.00000000000 0.00000000000
 0.00000000000 0.00000000000 0.00000000000 0.00000000000
 0.00000000000 0.00000000000 0.00000000000 0.00000000000
 0.00000000000 0.00000000000 0.00000000000 0.00000000000
 0.00000000000 0.00000000000 0.00000000000 0.00000000000
 0.00000000000 0.00000000000 0.00000000000 0.00000000000
 0.00000000000 0.00000000000 0.00000000000 0.00000000000
 0.00000000000 0.00000000000 0.00000000000 0.00000000000
 0.00000000000 0.00000000000 0.00000000000 0.00000000000
 0.00000000000 0.00000000000 0.00000000000 0.00000000000
 0.00000000000 0.00000000000 0.00000000000 0.00000000000
 0.00000000000 0.00000000000 0.00000000000 0.00000000000
 0.00000000000 0.00000000000 0.00000000000 0.00000000000
 0.00000000000 0.00000000000 0.00000000000 0.00000000000
 0.00000000000 0.00000000000 0.00000000000 0.00000000000
 0.00000000000 0.00000000000 0.00000000000 0.00000000000
 0.00000000000 0.00000000000 0.00000000000 0.00000000000
 0.00000000000 0.00000000000 0.00000000000 0.00000000000
 0.00000000000 0.00000000000 0.00000000000 0.00000000000
 0.00000000000 0.00000000000 0.00000000000 0.00000000000
 0.00000000000 0.00000000000 0.00000000000 0.00000000000
 0.00000000000 0.00000000000 0.00000000000 0.00000000000
 0.00000000000 0.00000000000 0.00000000000 0.00000000000
 0.00000000000 0.00000000000 0.00000000000 0.00000000000
 0.00000000000 0.00000000000 0.00000000000 0.00000000000
 0.00000000000 0.00000000000 0.00000000000 0.00000000000
# log_sel_spl_fsh[2]:
 0.00000000000 0.00000000000 0.00000000000 0.00000000000
 0.00000000000 0.00000000000 0.00000000000 0.00000000000
 0.00000000000 0.00000000000 0.00000000000 0.00000000000
 0.00000000000 0.00000000000 0.00000000000 0.00000000000
 0.00000000000 0.00000000000 0.00000000000 0.00000000000
 0.00000000000 0.00000000000 0.00000000000 0.00000000000
 0.00000000000 0.00000000000 0.00000000000 0.00000000000
 0.00000000000 0.00000000000 0.00000000000 0.00000000000
 0.00000000000 0.00000000000 0.00000000000 0.00000000000
 0.00000000000 0.00000000000 0.00000000000 0.00000000000
 0.00000000000 0.00000000000 0.00000000000 0.00000000000
 0.00000000000 0.00000000000 0.00000000000 0.00000000000
 0.00000000000 0.00000000000 0.00000000000 0.00000000000
 0.00000000000 0.00000000000 0.00000000000 0.00000000000
 0.00000000000 0.00000000000 0.00000000000 0.00000000000
 0.00000000000 0.00000000000 0.00000000000 0.00000000000
 0.00000000000 0.00000000000 0.00000000000 0.00000000000
 0.00000000000 0.00000000000 0.00000000000 0.00000000000
 0.00000000000 0.00000000000 0.00000000000 0.00000000000
 0.00000000000 0.00000000000 0.00000000000 0.00000000000
 0.00000000000 0.00000000000 0.00000000000 0.00000000000
 0.00000000000 0.00000000000 0.00000000000 0.00000000000
 0.00000000000 0.00000000000 0.00000000000 0.00000000000
 0.00000000000 0.00000000000 0.00000000000 0.00000000000
 0.00000000000 0.00000000000 0.00000000000 0.00000000000
 0.00000000000 0.00000000000 0.00000000000 0.00000000000
 0.00000000000 0.00000000000 0.00000000000 0.00000000000
 0.00000000000 0.00000000000 0.00000000000 0.00000000000
 0.00000000000 0.00000000000 0.00000000000 0.00000000000
 0.00000000000 0.00000000000 0.00000000000 0.00000000000
 0.00000000000 0.00000000000 0.00000000000 0.00000000000
 0.00000000000 0.00000000000 0.00000000000 0.00000000000
 0.00000000000 0.00000000000 0.00000000000 0.00000000000
 0.00000000000 0.00000000000 0.00000000000 0.00000000000
 0.00000000000 0.00000000000 0.00000000000 0.00000000000
 0.00000000000 0.00000000000 0.00000000000 0.00000000000
 0.00000000000 0.00000000000 0.00000000000 0.00000000000
 0.00000000000 0.00000000000 0.00000000000 0.00000000000
 0.00000000000 0.00000000000 0.00000000000 0.00000000000
 0.00000000000 0.00000000000 0.00000000000 0.00000000000
 0.00000000000 0.00000000000 0.00000000000 0.00000000000
# log_sel_spl_fsh[3]:
 0.00000000000 0.00000000000 0.00000000000 0.00000000000
 0.00000000000 0.00000000000 0.00000000000 0.00000000000
# log_sel_spl_fsh[4]:
 0.00000000000 0.00000000000 0.00000000000 0.00000000000
 0.00000000000 0.00000000000 0.00000000000 0.00000000000
 0.00000000000 0.00000000000 0.00000000000 0.00000000000
 0.00000000000 0.00000000000 0.00000000000 0.00000000000
 0.00000000000 0.00000000000 0.00000000000 0.00000000000
 0.00000000000 0.00000000000 0.00000000000 0.00000000000
 0.00000000000 0.00000000000 0.00000000000 0.00000000000
 0.00000000000 0.00000000000 0.00000000000 0.00000000000
 0.00000000000 0.00000000000 0.00000000000 0.00000000000
 0.00000000000 0.00000000000 0.00000000000 0.00000000000
 0.00000000000 0.00000000000 0.00000000000 0.00000000000
 0.00000000000 0.00000000000 0.00000000000 0.00000000000
 0.00000000000 0.00000000000 0.00000000000 0.00000000000
 0.00000000000 0.00000000000 0.00000000000 0.00000000000
 0.00000000000 0.00000000000 0.00000000000 0.00000000000
 0.00000000000 0.00000000000 0.00000000000 0.00000000000
 0.00000000000 0.00000000000 0.00000000000 0.00000000000
 0.00000000000 0.00000000000 0.00000000000 0.00000000000
 0.00000000000 0.00000000000 0.00000000000 0.00000000000
 0.00000000000 0.00000000000 0.00000000000 0.00000000000
 0.00000000000 0.00000000000 0.00000000000 0.00000000000
 0.00000000000 0.00000000000 0.00000000000 0.00000000000
 0.00000000000 0.00000000000 0.00000000000 0.00000000000
 0.00000000000 0.00000000000 0.00000000000 0.00000000000
 0.00000000000 0.00000000000 0.00000000000 0.00000000000
 0.00000000000 0.00000000000 0.00000000000 0.00000000000
 0.00000000000 0.00000000000 0.00000000000 0.00000000000
 0.00000000000 0.00000000000 0.00000000000 0.00000000000
 0.00000000000 0.00000000000 0.00000000000 0.00000000000
 0.00000000000 0.00000000000 0.00000000000 0.00000000000
 0.00000000000 0.00000000000 0.00000000000 0.00000000000
 0.00000000000 0.00000000000 0.00000000000 0.00000000000
 0.00000000000 0.00000000000 0.00000000000 0.00000000000
 0.00000000000 0.00000000000 0.00000000000 0.00000000000
 0.00000000000 0.00000000000 0.00000000000 0.00000000000
# logsel_slope_fsh[1]:
 0.00000000000 0.00000000000 0.00000000000 0.00000000000 0.00000000000 0.00000000000 0.00000000000 0.00000000000 0.00000000000 0.00000000000 0.00000000000 0.00000000000 0.00000000000 0.00000000000 0.00000000000 0.00000000000 0.00000000000 0.00000000000 0.00000000000 0.00000000000 0.00000000000 0.00000000000 0.00000000000 0.00000000000 0.00000000000 0.00000000000 0.00000000000 0.00000000000 0.00000000000 0.00000000000 0.00000000000 0.00000000000 0.00000000000 0.00000000000 0.00000000000 0.00000000000 0.00000000000 0.00000000000 0.00000000000 0.00000000000 0.00000000000
# logsel_slope_fsh[2]:
 0.00000000000 0.00000000000 0.00000000000 0.00000000000 0.00000000000 0.00000000000 0.00000000000 0.00000000000 0.00000000000 0.00000000000 0.00000000000 0.00000000000 0.00000000000 0.00000000000 0.00000000000 0.00000000000 0.00000000000 0.00000000000 0.00000000000 0.00000000000 0.00000000000 0.00000000000 0.00000000000 0.00000000000 0.00000000000 0.00000000000 0.00000000000 0.00000000000 0.00000000000 0.00000000000 0.00000000000 0.00000000000 0.00000000000 0.00000000000 0.00000000000 0.00000000000 0.00000000000 0.00000000000 0.00000000000 0.00000000000 0.00000000000
# logsel_slope_fsh[3]:
 0.00000000000 0.00000000000
# logsel_slope_fsh[4]:
 0.00000000000 0.00000000000 0.00000000000 0.00000000000 0.00000000000 0.00000000000 0.00000000000 0.00000000000 0.00000000000 0.00000000000 0.00000000000 0.00000000000 0.00000000000 0.00000000000 0.00000000000 0.00000000000 0.00000000000 0.00000000000 0.00000000000 0.00000000000 0.00000000000 0.00000000000 0.00000000000 0.00000000000 0.00000000000 0.00000000000 0.00000000000 0.00000000000 0.00000000000 0.00000000000 0.00000000000 0.00000000000 0.00000000000 0.00000000000 0.00000000000
# sel50_fsh[1]:
 0.00000000000 0.00000000000 0.00000000000 0.00000000000 0.00000000000 0.00000000000 0.00000000000 0.00000000000 0.00000000000 0.00000000000 0.00000000000 0.00000000000 0.00000000000 0.00000000000 0.00000000000 0.00000000000 0.00000000000 0.00000000000 0.00000000000 0.00000000000 0.00000000000 0.00000000000 0.00000000000 0.00000000000 0.00000000000 0.00000000000 0.00000000000 0.00000000000 0.00000000000 0.00000000000 0.00000000000 0.00000000000 0.00000000000 0.00000000000 0.00000000000 0.00000000000 0.00000000000 0.00000000000 0.00000000000 0.00000000000 0.00000000000
# sel50_fsh[2]:
 0.00000000000 0.00000000000 0.00000000000 0.00000000000 0.00000000000 0.00000000000 0.00000000000 0.00000000000 0.00000000000 0.00000000000 0.00000000000 0.00000000000 0.00000000000 0.00000000000 0.00000000000 0.00000000000 0.00000000000 0.00000000000 0.00000000000 0.00000000000 0.00000000000 0.00000000000 0.00000000000 0.00000000000 0.00000000000 0.00000000000 0.00000000000 0.00000000000 0.00000000000 0.00000000000 0.00000000000 0.00000000000 0.00000000000 0.00000000000 0.00000000000 0.00000000000 0.00000000000 0.00000000000 0.00000000000 0.00000000000 0.00000000000
# sel50_fsh[3]:
 0.00000000000 0.00000000000
# sel50_fsh[4]:
 0.00000000000 0.00000000000 0.00000000000 0.00000000000 0.00000000000 0.00000000000 0.00000000000 0.00000000000 0.00000000000 0.00000000000 0.00000000000 0.00000000000 0.00000000000 0.00000000000 0.00000000000 0.00000000000 0.00000000000 0.00000000000 0.00000000000 0.00000000000 0.00000000000 0.00000000000 0.00000000000 0.00000000000 0.00000000000 0.00000000000 0.00000000000 0.00000000000 0.00000000000 0.00000000000 0.00000000000 0.00000000000 0.00000000000 0.00000000000 0.00000000000
# logsel_p1_fsh[1]:
 0.00000000000 0.00000000000 0.00000000000 0.00000000000 0.00000000000 0.00000000000 0.00000000000 0.00000000000 0.00000000000 0.00000000000 0.00000000000 0.00000000000 0.00000000000 0.00000000000 0.00000000000 0.00000000000 0.00000000000 0.00000000000 0.00000000000 0.00000000000 0.00000000000 0.00000000000 0.00000000000 0.00000000000 0.00000000000 0.00000000000 0.00000000000 0.00000000000 0.00000000000 0.00000000000 0.00000000000 0.00000000000 0.00000000000 0.00000000000 0.00000000000 0.00000000000 0.00000000000 0.00000000000 0.00000000000 0.00000000000 0.00000000000
# logsel_p1_fsh[2]:
 0.00000000000 0.00000000000 0.00000000000 0.00000000000 0.00000000000 0.00000000000 0.00000000000 0.00000000000 0.00000000000 0.00000000000 0.00000000000 0.00000000000 0.00000000000 0.00000000000 0.00000000000 0.00000000000 0.00000000000 0.00000000000 0.00000000000 0.00000000000 0.00000000000 0.00000000000 0.00000000000 0.00000000000 0.00000000000 0.00000000000 0.00000000000 0.00000000000 0.00000000000 0.00000000000 0.00000000000 0.00000000000 0.00000000000 0.00000000000 0.00000000000 0.00000000000 0.00000000000 0.00000000000 0.00000000000 0.00000000000 0.00000000000
# logsel_p1_fsh[3]:
 0.00000000000 0.00000000000
# logsel_p1_fsh[4]:
 0.00000000000 0.00000000000 0.00000000000 0.00000000000 0.00000000000 0.00000000000 0.00000000000 0.00000000000 0.00000000000 0.00000000000 0.00000000000 0.00000000000 0.00000000000 0.00000000000 0.00000000000 0.00000000000 0.00000000000 0.00000000000 0.00000000000 0.00000000000 0.00000000000 0.00000000000 0.00000000000 0.00000000000 0.00000000000 0.00000000000 0.00000000000 0.00000000000 0.00000000000 0.00000000000 0.00000000000 0.00000000000 0.00000000000 0.00000000000 0.00000000000
# logsel_p2_fsh[1]:
 0.00000000000 0.00000000000 0.00000000000 0.00000000000 0.00000000000 0.00000000000 0.00000000000 0.00000000000 0.00000000000 0.00000000000 0.00000000000 0.00000000000 0.00000000000 0.00000000000 0.00000000000 0.00000000000 0.00000000000 0.00000000000 0.00000000000 0.00000000000 0.00000000000 0.00000000000 0.00000000000 0.00000000000 0.00000000000 0.00000000000 0.00000000000 0.00000000000 0.00000000000 0.00000000000 0.00000000000 0.00000000000 0.00000000000 0.00000000000 0.00000000000 0.00000000000 0.00000000000 0.00000000000 0.00000000000 0.00000000000 0.00000000000
# logsel_p2_fsh[2]:
 0.00000000000 0.00000000000 0.00000000000 0.00000000000 0.00000000000 0.00000000000 0.00000000000 0.00000000000 0.00000000000 0.00000000000 0.00000000000 0.00000000000 0.00000000000 0.00000000000 0.00000000000 0.00000000000 0.00000000000 0.00000000000 0.00000000000 0.00000000000 0.00000000000 0.00000000000 0.00000000000 0.00000000000 0.00000000000 0.00000000000 0.00000000000 0.00000000000 0.00000000000 0.00000000000 0.00000000000 0.00000000000 0.00000000000 0.00000000000 0.00000000000 0.00000000000 0.00000000000 0.00000000000 0.00000000000 0.00000000000 0.00000000000
# logsel_p2_fsh[3]:
 0.00000000000 0.00000000000
# logsel_p2_fsh[4]:
 0.00000000000 0.00000000000 0.00000000000 0.00000000000 0.00000000000 0.00000000000 0.00000000000 0.00000000000 0.00000000000 0.00000000000 0.00000000000 0.00000000000 0.00000000000 0.00000000000 0.00000000000 0.00000000000 0.00000000000 0.00000000000 0.00000000000 0.00000000000 0.00000000000 0.00000000000 0.00000000000 0.00000000000 0.00000000000 0.00000000000 0.00000000000 0.00000000000 0.00000000000 0.00000000000 0.00000000000 0.00000000000 0.00000000000 0.00000000000 0.00000000000
# logsel_p3_fsh[1]:
 0.00000000000 0.00000000000 0.00000000000 0.00000000000 0.00000000000 0.00000000000 0.00000000000 0.00000000000 0.00000000000 0.00000000000 0.00000000000 0.00000000000 0.00000000000 0.00000000000 0.00000000000 0.00000000000 0.00000000000 0.00000000000 0.00000000000 0.00000000000 0.00000000000 0.00000000000 0.00000000000 0.00000000000 0.00000000000 0.00000000000 0.00000000000 0.00000000000 0.00000000000 0.00000000000 0.00000000000 0.00000000000 0.00000000000 0.00000000000 0.00000000000 0.00000000000 0.00000000000 0.00000000000 0.00000000000 0.00000000000 0.00000000000
# logsel_p3_fsh[2]:
 0.00000000000 0.00000000000 0.00000000000 0.00000000000 0.00000000000 0.00000000000 0.00000000000 0.00000000000 0.00000000000 0.00000000000 0.00000000000 0.00000000000 0.00000000000 0.00000000000 0.00000000000 0.00000000000 0.00000000000 0.00000000000 0.00000000000 0.00000000000 0.00000000000 0.00000000000 0.00000000000 0.00000000000 0.00000000000 0.00000000000 0.00000000000 0.00000000000 0.00000000000 0.00000000000 0.00000000000 0.00000000000 0.00000000000 0.00000000000 0.00000000000 0.00000000000 0.00000000000 0.00000000000 0.00000000000 0.00000000000 0.00000000000
# logsel_p3_fsh[3]:
 0.00000000000 0.00000000000
# logsel_p3_fsh[4]:
 0.00000000000 0.00000000000 0.00000000000 0.00000000000 0.00000000000 0.00000000000 0.00000000000 0.00000000000 0.00000000000 0.00000000000 0.00000000000 0.00000000000 0.00000000000 0.00000000000 0.00000000000 0.00000000000 0.00000000000 0.00000000000 0.00000000000 0.00000000000 0.00000000000 0.00000000000 0.00000000000 0.00000000000 0.00000000000 0.00000000000 0.00000000000 0.00000000000 0.00000000000 0.00000000000 0.00000000000 0.00000000000 0.00000000000 0.00000000000 0.00000000000
# rec_dev_future:
 0.00000000000 0.00000000000 0.00000000000 0.00000000000 0.00000000000 0.00000000000 0.00000000000 0.00000000000 0.00000000000 0.00000000000 0.00000000000 0.00000000000 0.00000000000 0.00000000000 0.00000000000 0.00000000000 0.00000000000 0.00000000000 0.00000000000 0.00000000000
 0.00000000000 0.00000000000 0.00000000000 0.00000000000 0.00000000000 0.00000000000 0.00000000000 0.00000000000 0.00000000000 0.00000000000 0.00000000000 0.00000000000 0.00000000000 0.00000000000 0.00000000000 0.00000000000 0.00000000000 0.00000000000 0.00000000000 0.00000000000
# log_q_ind[1]:
0.00704366067514
# log_q_ind[2]:
-2.35478570929
# log_q_ind[3]:
-4.08606274739
# log_q_ind[4]:
-0.764512347793
# log_q_ind[5]:
-2.09859129867
# log_q_ind[6]:
-1.77172258132
# log_q_ind[7]:
-1.09381898552
# log_q_ind[8]:
-1.06861240448
# log_q_power_ind[1]:
0.00000000000
# log_q_power_ind[2]:
0.00000000000
# log_q_power_ind[3]:
0.00000000000
# log_q_power_ind[4]:
0.00000000000
# log_q_power_ind[5]:
0.00000000000
# log_q_power_ind[6]:
0.00000000000
# log_q_power_ind[7]:
0.00000000000
# log_q_power_ind[8]:
0.00000000000
# log_rw_q_ind[1]:
 -1.00379979292
# log_rw_q_ind[2]:
 0.00000000000
# log_rw_q_ind[3]:
 0.288581750560
# log_rw_q_ind[6]:
 -0.278323633687
# log_selcoffs_ind[1]:
 -1.54669477884 -0.835829180594 -0.285849586164 0.0580192619613 0.208765660649 0.289464341487 0.311526961948 0.237680923195 0.158277605959 0.146464126660
 -2.08944194656 -1.39245806564 -0.708607769720 -0.171759449657 0.173604750392 0.385608422603 0.456807836112 0.392715293844 0.271780980228 0.197933315588
# log_selcoffs_ind[2]:
 -1.13140188568 0.0725706853080 0.0725706853080 0.0725706853080 0.0725706853080 0.0725706853080 0.0725706853080 0.0725706853080 0.0725706853080 0.0725706853080
 -1.13140188568 0.0725706853080 0.0725706853080 0.0725706853080 0.0725706853080 0.0725706853080 0.0725706853080 0.0725706853080 0.0725706853080 0.0725706853080
 -1.13140188568 0.0725706853080 0.0725706853080 0.0725706853080 0.0725706853080 0.0725706853080 0.0725706853080 0.0725706853080 0.0725706853080 0.0725706853080
# log_selcoffs_ind[3]:
 -0.202940821038 0.0202027052767 0.0202027052767 0.0202027052767 0.0202027052767 0.0202027052767 0.0202027052767 0.0202027052767 0.0202027052767 0.0202027052767
# log_selcoffs_ind[4]:
 0.0120399915652 -0.0447502753850 -0.00181077429850 -0.0270670448342 -0.0639140450846 -0.0323240620608 -0.0218281313348 -0.000711415751781 0.0550033626571 0.0907471157653
 -0.707376830555 -0.599306243460 -0.400915206656 -0.168317255441 -0.0613273077223 0.0874456568055 0.296289653800 0.311169739147 0.278388962818 0.382961504961
# log_selcoffs_ind[5]:
 -3.04452005677 -0.669616569639 0.101782682789 0.174353368097 0.174353368097 0.174353368097 0.174353368097 0.174353368097 0.174353368097 0.174353368097
# log_selcoffs_ind[6]:
 -3.04452005677 -0.669616569639 0.101782682789 0.174353368097 0.174353368097 0.174353368097 0.174353368097 0.174353368097 0.174353368097 0.174353368097
# log_selcoffs_ind[7]:
 -0.159493505810 -0.0417104840422 -0.00892066480343 0.0636500205045 0.0636500205045 0.0636500205045
# log_selcoffs_ind[8]:
 -0.171850237190 -0.0540672154223 0.0512932891244 0.0512932891244 0.0512932891244 0.0512932891244
# logsel_slope_ind[1]:
 0.00000000000 0.00000000000
# logsel_slope_ind[2]:
 0.00000000000 0.00000000000 0.00000000000
# logsel_slope_ind[3]:
 0.00000000000
# logsel_slope_ind[4]:
 0.00000000000 0.00000000000
# logsel_slope_ind[5]:
 0.00000000000
# logsel_slope_ind[6]:
 0.00000000000
# logsel_slope_ind[7]:
 0.00000000000
# logsel_slope_ind[8]:
 0.00000000000
# sel50_ind[1]:
 0.00000000000 0.00000000000
# sel50_ind[2]:
 0.00000000000 0.00000000000 0.00000000000
# sel50_ind[3]:
 0.00000000000
# sel50_ind[4]:
 0.00000000000 0.00000000000
# sel50_ind[5]:
 0.00000000000
# sel50_ind[6]:
 0.00000000000
# sel50_ind[7]:
 0.00000000000
# sel50_ind[8]:
 0.00000000000
# logsel_p1_ind[1]:
 0.00000000000 0.00000000000
# logsel_p1_ind[2]:
 0.00000000000 0.00000000000 0.00000000000
# logsel_p1_ind[3]:
 0.00000000000
# logsel_p1_ind[4]:
 0.00000000000 0.00000000000
# logsel_p1_ind[5]:
 0.00000000000
# logsel_p1_ind[6]:
 0.00000000000
# logsel_p1_ind[7]:
 0.00000000000
# logsel_p1_ind[8]:
 0.00000000000
# sel_p2_ind[1]:
 0.00000000000 0.00000000000
# sel_p2_ind[2]:
 0.00000000000 0.00000000000 0.00000000000
# sel_p2_ind[3]:
 0.00000000000
# sel_p2_ind[4]:
 0.00000000000 0.00000000000
# sel_p2_ind[5]:
 0.00000000000
# sel_p2_ind[6]:
 0.00000000000
# sel_p2_ind[7]:
 0.00000000000
# sel_p2_ind[8]:
 0.00000000000
# logsel_p3_ind[1]:
 0.00000000000 0.00000000000
# logsel_p3_ind[2]:
 0.00000000000 0.00000000000 0.00000000000
# logsel_p3_ind[3]:
 0.00000000000
# logsel_p3_ind[4]:
 0.00000000000 0.00000000000
# logsel_p3_ind[5]:
 0.00000000000
# logsel_p3_ind[6]:
 0.00000000000
# logsel_p3_ind[7]:
 0.00000000000
# logsel_p3_ind[8]:
 0.00000000000
