# Number of parameters = 1542 Objective function value = 1166.06775403301  Maximum gradient component = 0.000255323751647692
# Mest[1]:
0.280000000000
# Mest[2]:
0.330000000000
# log_Linf[1]:
4.29810139974
# log_Linf[2]:
4.29810139974
# log_k[1]:
-1.83258146375
# log_k[2]:
-1.83258146375
# log_Lo[1]:
2.60712428251
# log_Lo[2]:
2.60712428251
# log_sdage[1]:
-2.40794560865
# log_sdage[2]:
-2.40794560865
# mean_log_rec[1]:
9.27657634888
# mean_log_rec[2]:
7.62584794189
# mean_log_rec[3]:
7.15932975563
# steepness[1]:
0.650000000000
# steepness[2]:
0.650000000000
# steepness[3]:
0.650000000000
# log_Rzero[1]:
9.47007128752
# log_Rzero[2]:
7.74808893934
# log_Rzero[3]:
6.68129632095
# rec_dev:
 -0.0656684032488 -0.0850414636047 -0.109282549092 -0.139389694513 -0.176405457152 -0.221156558497 -0.272959097130 -0.330866130326 -0.397433300205 -0.471970926405 -0.547862325982 -0.614546216327 -0.686440312941 -0.766164765065 -0.883438581894 -0.906263179956 -0.667586817591 -0.433032802338 -0.130810875210 0.119862686451 0.171145086375 0.209121328120 0.313998100308 0.406619932336 0.937076932987 0.768317875889 0.815126204030 1.64513509068 1.54708037783 0.750456621587 0.203368126694 0.491907227843 0.716967615083 0.807311400751 0.296842945963 0.315732731694 0.0740334225779 0.223838942426 0.304210744648 0.344912392230 0.464771395492 0.582708392527 0.618722390803 0.547983928409 0.126735579451 -0.365665127401 -0.234761738163 -0.694991573178 -1.47670179761 -0.603899715168 -0.763831540304 -1.05044099593 -1.00690846297 -0.981781846949 -0.812814700767 -0.290465774214 -0.212136838193 0.114827819481 0.430586143911 0.819298797623 0.552932377774 -0.134389943561 0.469071134396 -0.281201822189 -0.464374735690
 -0.00376703655036 -0.00510126468559 -0.00681684207587 -0.00898369269623 -0.0116710608252 -0.0149279034690 -0.0188008446526 -0.0236125860628 -0.0293457800915 -0.0358078569859 -0.0440963656287 0.0269940058279 0.0166927933568 0.00294979051625 -0.0124775445342 -0.0125417254571 -0.00822080471596 -0.0135883706383 0.384646647939 0.0995959572596 -0.0701552520322 -0.337773874001 0.0930961698720 0.239187753664 -0.321862970332 -1.03882315812 -0.163207419551 0.290921485981 0.653978710664 0.297434026903 -0.131042073079 -0.732981202632 -0.162699365437 -0.0141212973568 -0.284310036014 -0.00435237004605 0.726324533301 0.123970800892 0.258868778925 -0.0189690951630 1.35472113208 0.484140125828 0.155586187363 -0.0901816269934 -1.40709755479 0.458525995678 0.243902531191 -0.355007216969 -2.09900284592 -1.61332840672 0.735095748929 -0.262062023857 -0.911498599990 -1.27546183209 -1.36251639398 -0.885403795503 -0.939095078781 0.413245272987 1.13347048746 0.927879869361 0.393801370955 0.294747944370 -0.268403658311 -0.358803948870 -0.0127232318818
# log_sigmar[1]:
-0.510825623766
# log_sigmar[2]:
-0.510825623766
# log_sigmar[3]:
-0.510825623766
# fmort:
 -4.71765671185 -4.29896408294 -5.02552341412 -4.69975622599 -3.93359778764 -3.60675835833 -3.27995985697 -3.30732824509 -2.65303698060 -2.76298304437 -3.04430447400 -2.66563725252 -1.92915002064 -2.86500948426 -1.98844138475 -2.56298960241 -4.98264009321 -3.73052882735 -4.15876029492 -4.27765406242 -4.33397098651 -4.00355700664 -3.93931968223 -3.76823002031 -4.21153797968 -3.92044021918 -3.43967017574 -4.47925897620 -5.67489479761 -5.03639434472 -4.59617557681 -3.97423884442 -4.86692144605 -4.44775113606 -4.31526325053 -3.79459895080 -3.68087268759 -3.24585320887 -2.78421092241 -3.09549328501 -2.60207936944 -4.27287045807 -5.31473827758 -4.88214936445 -4.89929408435 -4.61486338130 -4.95942960966 -4.57588858470 -5.76714011878 -6.10481999658 -4.96371593416 -4.99544261550 -5.13259030040 -5.33585001608
 -7.10817625183 -6.66237931305 -6.18402673718 -5.58210081091 -5.79115504526 -5.07468084726 -4.54788243086 -4.22318234401 -3.76826183976 -3.55842986702 -3.43750458495 -2.69585765148 -2.45102547391 -2.71824266513 -2.32246249852 -1.92997753888 -1.73858318866 -1.43876003120 -1.26359279052 -1.14293162945 -1.14129814983 -0.921422899941 -0.640969374468 -0.618317863106 -0.410784060407 -0.126534078970 -0.170240424782 -0.197875268776 -0.757725993946 -1.22088960787 -1.55910430269 -1.40877546239 -1.36074080045 -1.45649134592 -1.45209979440 -1.42198896874 -1.33342749453 -1.14678699972 -1.30785496535 -1.02663060092 -1.60281548390 -1.96449536097 -2.24732159795 -2.41979577219 -2.48269767574 -2.34868870459 -2.30492365255 -2.24712033403 -2.15390478484 -2.30489096852 -2.40375625774 -2.44856387988 -2.54554494050 -2.55864986626
 -6.88054706749 -6.20295634985 -5.33267809100 -4.55427308245 -3.37553366116 -4.53906783596 -4.24596906982 -1.61448408416 -1.46139272366 -1.64546159834 -1.43558462157 -0.934709889701 -1.94739874485 -2.55200637545 -2.55326484309 -3.22451532123 -3.78447649823 -3.63273120879 -2.33408951169 -2.42510507121 -2.33302965981 -2.61990796559 -3.02695360511 -2.66412465280 -2.28197110108 -0.899216654138 -0.324752554659 0.133317174403 0.506972899615 -0.791152159316 -0.971897631832 0.139983817257 -1.57349000035 -1.52407401758 -1.50083802548 -2.11989455652 -1.17725388188 -1.14273718515 -1.14741407265 -1.10130546765 -2.59530403544 -1.05217418817 -1.46379363970 -2.03256178550 -1.82116567144 -2.90759352387 -3.64081800947 -4.59671511944 -3.41950758163 -3.28064373321 -3.62105593523 -3.73333764219 -3.21463984135 -2.71902262509
 -9.64563836022 -9.58982306210 -7.82540244424 -9.46850674861 -9.39896497336 -9.31807005432 -9.18466717627 -8.30035967958 -5.05965449601 -2.90087803359 -2.79001660796 -2.34639610094 -1.54828623877 -1.04082381655 -0.651795500581 -0.900152588625 -1.12090079855 -1.46533845686 -1.82411601114 -2.15396705837 -2.44669534823 -3.05894451665 -5.61854601845 -9.11073288148 -8.92147747326 -8.62856635517 -8.28514246115 -7.97261790047 -7.84529499597 -7.92393758263 -7.36298103439 -5.46554092774 -4.35293963822 -3.80748119893 -3.20992449046 -3.36063054280 -2.89170411057 -2.48984090400 -2.29215185087 -2.02691149621 -2.17169537718 -3.40998513889 -3.82608523337 -3.84443122005 -3.48083237602 -3.34542362292 -3.86293127530 -3.98218606862 -4.05577649156 -4.30426083075 -6.92192227943 -4.44647697993 -4.60957425936 -4.99397778570
# log_selcoffs_fsh[1]:
 -3.70570562978 -2.05173784841 -1.05290068876 -0.0877690517103 0.778973764781 0.984975929419 0.418472397106 -0.290423465353 -0.782105519599
 -3.29933980639 -1.63463881890 -0.924044337110 -0.158186382045 0.644030894246 0.917056384126 0.501511720854 -0.117092139972 -0.560902382617
 -2.98657941304 -1.53801462710 -0.710537166388 0.0703055278510 0.632992197221 0.758690948364 0.436217288215 -0.0524579837227 -0.421500040101
 -2.59251147944 -1.32393511122 -0.698937113615 -0.0663785720369 0.687408418531 0.755178551872 0.380477942893 -0.0578816598624 -0.352540554376
 -1.93465688448 -0.428637270345 -0.147292326430 0.0873093967936 0.364831715405 0.484174216284 0.309286437651 0.0167290671282 -0.213904143699
 -1.79936557392 -0.592745096788 0.358409789749 0.565861897600 0.253579076576 0.135229751468 0.0266228808709 -0.137119745510 -0.277736461013
 -1.50609479816 -0.433846086524 0.464067715461 0.677518635415 0.265639478535 -0.0287758963477 -0.177763343509 -0.279896841361 -0.354112754992
 -1.09872783421 -0.244173377593 0.532418519089 0.741179383627 0.187299297668 -0.160958392703 -0.337151668783 -0.409549949567 -0.435666951782
 -0.809749384188 0.199525863553 0.442909434894 0.565103374424 0.281659041583 -0.177866261383 -0.430582194220 -0.507146923460 -0.506463766525
 -0.559020906251 0.357758049663 0.547094381639 0.550671432219 0.134049665796 -0.312225478052 -0.561719278265 -0.618143218553 -0.595961807118
 -0.0304244529780 0.906322255045 0.435260825389 0.144682958165 -0.233949506236 -0.537882240070 -0.703092243317 -0.729411440335 -0.690960831684
 0.193845367887 0.860797818084 0.600826149220 0.106676305814 -0.433882070103 -0.704034394669 -0.816550231509 -0.822608291202 -0.774285880295
 -0.0245480063080 1.13936612038 0.631516804071 -0.116487512188 -0.660912189286 -0.885651247069 -0.947452459765 -0.926438178918 -0.875999690655
 0.225683839832 1.17657912638 0.566651037313 -0.215154845436 -0.791360329358 -0.998450559951 -1.03680112938 -0.996966118444 -0.942823814584
 0.252376623923 1.22535650837 0.547442344446 -0.271932070930 -0.851544722849 -1.06599779158 -1.10400121405 -1.05861870534 -1.00187031889
 -0.158178704775 1.30878726333 0.655623341817 -0.233162354944 -0.882960692626 -1.11704572246 -1.16304270634 -1.11868030005 -1.06071843863
 -0.0714476742060 1.34348899242 0.593180076017 -0.270919649212 -0.910672480057 -1.15138943666 -1.20229794053 -1.16114719953 -1.10240625280
 0.464652750531 1.14039597387 0.638810188003 -0.278612948947 -0.933175413797 -1.17280846756 -1.22426746072 -1.18180409897 -1.12093136451
 0.766758038776 1.12741318589 0.410574779013 -0.377430580235 -0.980694042880 -1.21507965998 -1.26430902510 -1.21698714510 -1.15211520802
 0.499767458092 1.22378283764 0.561431675238 -0.367211398402 -1.02835107345 -1.26707893842 -1.30732012383 -1.24761252729 -1.17502950324
 0.587761021005 1.30379423716 0.391882716560 -0.498483377734 -1.11243544356 -1.33141615397 -1.35768574474 -1.28142690935 -1.19789464601
 0.595251646046 1.29243625212 0.485889112746 -0.578403094933 -1.21133868607 -1.40275404639 -1.40468251706 -1.30663665989 -1.20878107415
 0.779044747734 1.24742759310 0.382289047230 -0.602325512937 -1.24864517275 -1.44547617171 -1.43724574773 -1.32059219693 -1.20738965751
 0.479828354408 1.40748132255 0.367840830369 -0.625287806932 -1.25302831218 -1.45729236074 -1.45274549488 -1.32703165957 -1.20019249382
 0.621846428616 1.31987562075 0.370960416066 -0.555396908669 -1.18689500030 -1.41904427250 -1.42963751663 -1.30021845052 -1.16241539538
 0.696913746753 1.18409358011 0.446189700423 -0.376980246177 -1.08924624841 -1.34950005397 -1.36402052067 -1.23647742664 -1.09489236494
 0.329149907546 1.24730226583 0.536995209272 -0.246840562153 -0.978306353610 -1.23729150204 -1.25280754712 -1.13662045304 -1.00941781688
 0.344209863684 1.25560776519 0.441453348355 -0.351364636254 -0.917746111838 -1.11791946178 -1.11436392435 -1.01166930089 -0.910435974946
 1.08912807524 0.801069323518 0.111413930103 -0.508119521463 -0.880472681939 -0.984078832824 -0.945018438834 -0.838990507417 -0.751362565318
 0.679949938319 1.05094534180 0.146346053049 -0.554662166349 -0.823242952120 -0.836534838222 -0.753575455671 -0.645546455061 -0.567867001784
 0.447392670966 1.04509863667 0.0453370768490 -0.522126877565 -0.680408829667 -0.650605657888 -0.538236361615 -0.432848242984 -0.368344388802
 0.362916065234 0.718492548223 0.0316440581802 -0.375116169393 -0.451635966083 -0.387798501040 -0.272199687592 -0.177625660171 -0.130457536519
 -0.501521884971 0.415593482737 0.104401144098 -0.131477576684 -0.128309892847 -0.0970237305396 -0.00329304131681 0.0429917167034 0.0625245505875
 -0.945339140223 -0.265746859078 -0.243807122923 -0.0423555235857 0.152706983465 0.158900010899 0.282180565555 0.215851322105 0.181080044527
 -0.495892603477 -0.0166887432522 -0.497462397314 -0.460523564899 -0.138149735532 0.117401466085 0.300016068396 0.347359347827 0.341995054662
 0.125761194065 -0.809899983375 -0.941920577526 -0.627344967525 -0.205584160366 0.141942719462 0.367234967433 0.437776861328 0.430171539375
 -0.974141338608 -1.13082256862 -1.02860461919 -0.513972467748 -0.0236215305057 0.275898990137 0.515766491854 0.549457631540 0.496213638485
 -1.54867044873 -1.24677717531 -1.04832655386 -0.513125007201 0.00364955069185 0.378634819845 0.541976538534 0.555426660087 0.485422831624
 -1.68328042122 -1.80846892047 -1.57052317062 -0.871979598983 -0.0566467706292 0.541427750049 0.744429459348 0.590765485455 0.371753979278
# log_selcoffs_fsh[2]:
 -2.21411506760 -0.258095655339 0.497319461779 0.791170830673 0.553321812354 0.0716642630881 -0.270536542047 -0.474816440116 -0.584075493132 -0.669356507765
 -2.22800641114 -0.309016266915 -0.273947723969 0.275698493485 0.698290952432 0.577946445191 0.140600713919 -0.222467441471 -0.379694774308 -0.427709202681
 -2.76815900632 -0.970454936597 -0.466143576488 0.0945953466800 0.633890679359 0.698608428240 0.314435576676 -0.0556864917738 -0.201181695356 -0.219758082606
 -3.16685023538 -1.60583632090 -0.733380978784 -0.164130003244 0.514908655707 0.756925929751 0.394702749745 0.0955010602779 0.0104578270323 0.0279688468185
 -2.73851079042 -1.21655065586 -1.15993475260 -0.650107865196 0.187197193297 0.630840770527 0.453598872701 0.298312435261 0.305055032011 0.364839585073
 -2.30255397600 -1.21540273665 -1.02805122920 -0.940965727376 -0.420241915975 0.0846643753754 0.343911249218 0.495255363615 0.648843363889 0.763379741234
 -2.95009919288 -1.69640485987 -0.856573431672 -0.729460536814 -0.623090555145 -0.276967175455 0.133649469009 0.502792506411 0.783594923981 0.946829253737
 -3.50381883054 -2.49442145318 -1.70297713867 -1.01053021334 -0.450388210891 -0.0602513501391 0.254520559766 0.490025232039 0.787471224468 0.971637078283
 -3.77431856821 -2.75280872176 -2.11285957796 -1.41529481596 -0.608729049371 -0.0506899278626 0.362722588272 0.646903869379 0.822294273695 0.888864635085
 -3.84344284334 -2.63833989809 -1.93839183233 -1.44522219687 -0.967749807267 -0.322632247239 0.259381345128 0.795588320991 0.971967475885 0.819022866716
 -3.65916000342 -2.18550670503 -1.47482469785 -1.05057716246 -0.704690378838 -0.439945075873 0.0676272069530 0.685647507209 0.971544775678 0.895226920906
 -3.54846811621 -2.07873681950 -1.28531043105 -0.873529085141 -0.529369275853 -0.209745799595 0.305610068159 0.666205807792 0.805516409809 0.793080634466
 -3.17697394832 -1.38178900399 -0.804215325465 -0.481784013334 -0.254449262968 -0.178004498930 0.198937702830 0.508595523632 0.693277778680 0.763809108387
 -2.73683333297 -0.957749818438 -0.418865096516 -0.267198001797 -0.204929261551 -0.0994946072452 0.147592091438 0.397028970313 0.583985266099 0.677295040053
 -2.32760404338 -0.347999486647 -0.115948822676 -0.265932611845 -0.377130039095 -0.251799381179 0.0590163721537 0.328033070577 0.539863829656 0.647800293869
 -1.97154127700 0.00417077462431 -0.129058587881 -0.321683044340 -0.477856897200 -0.349079861684 -0.0380893665621 0.260689043225 0.520507411368 0.685088810976
 -1.53414853062 -0.00308409022209 -0.0864373161972 -0.274684441983 -0.475174364538 -0.441748268855 -0.152613518833 0.187674425958 0.514379204514 0.745855881800
 -1.81848238745 -0.0297507334564 0.115426415850 -0.116459934821 -0.404481141779 -0.416436442941 -0.176092321248 0.157413881092 0.452732791350 0.665921444669
 -2.10505265273 -0.275701475928 0.100783921771 -0.0455604726679 -0.308754505716 -0.319100068626 -0.0860937685086 0.212679958399 0.464890117001 0.615251497933
 -2.22091179277 -0.600880649770 -0.213970953618 -0.0732858711092 -0.215255773319 -0.217654264012 0.0145004000009 0.311405272171 0.531708138368 0.649158953353
 -2.30413582760 -0.721755950067 -0.234918950954 -0.0318261135450 -0.181550033446 -0.231923064218 -0.00539185983889 0.312706266854 0.546347306243 0.662320342154
 -2.47662097475 -0.839498172937 -0.262789958469 0.0215235048836 -0.0884793594666 -0.144285055535 0.0498623390986 0.306379929388 0.504797330519 0.613101505742
 -2.71468113472 -1.29663226980 -0.407059145973 0.112334563268 0.102380502165 -0.00341681921793 0.125195201739 0.321748146968 0.456870544060 0.518439816757
 -2.85236139148 -1.59300513276 -0.725362153209 -0.108135899015 0.204264844852 0.161899738836 0.310134199316 0.439768662907 0.454159807569 0.381276451728
 -2.93566817688 -1.41462097388 -0.681687551951 -0.336085354173 0.0435470539914 0.239897983067 0.384498450545 0.540254401609 0.468653649507 0.325534773896
 -3.05517444237 -1.76077113482 -0.899880776533 -0.0921846200653 0.275309674031 0.334832267093 0.342148672009 0.433811267292 0.404148836948 0.261325217868
 -3.17178706046 -1.53968119394 -0.832495389778 0.0924265144988 0.440278240625 0.498074163431 0.414569198481 0.302867616313 0.133814742547 0.00250072198843
 -3.30186183698 -1.12287504172 -0.596479876217 0.0753662291870 0.397337697890 0.413654588237 0.659288749673 0.360515351148 -0.0956260783130 -0.311517426484
 -3.42645871627 -1.72696647948 -0.781651848478 0.210426368752 0.575561736562 0.549406988100 0.673960326959 0.190789613306 -0.237748379745 -0.467017751751
 -3.53426287294 -1.66894080586 -0.307070377027 0.405247996060 0.822964079529 0.523838734726 0.256409691342 -0.0697310116170 -0.324501778022 -0.456417919604
 -3.40595914704 -1.24442028174 -0.0102227074944 0.581503307730 0.543072877532 0.267057511772 0.152530362615 0.0115510981891 -0.120606256357 -0.210745706903
 -3.35989544211 -1.39460327570 -0.368289614129 0.164015622996 0.476579560529 0.407091222557 0.213778418045 0.212133782946 0.162293629160 0.0800266234326
 -2.91877079137 -0.876150167626 -0.621702375576 -0.305849845342 0.103423230042 0.296715926161 0.294029404223 0.363665668212 0.437021005160 0.387431193840
 -3.48067711856 -1.34597900124 -0.619327453473 -0.121593130007 0.162557812302 0.300983424194 0.337554309517 0.388929716757 0.384889227017 0.344328751793
 -3.77023047862 -1.76523353531 -1.02127473118 -0.489787533326 0.0848165148123 0.346904352601 0.458225077423 0.514953120865 0.483164242896 0.374108130143
 -4.14231828440 -2.19429837424 -1.16476970140 -0.598389870700 -0.131722211610 0.199675744973 0.448499461531 0.595457881201 0.596986167895 0.540542513614
 -4.40543364021 -2.73725812005 -1.56857209610 -0.721585363850 -0.0207455685564 0.254568976737 0.528611802635 0.639011659722 0.557715807146 0.483341232113
 -4.46921111669 -2.87491087748 -2.02025079711 -1.14495121374 -0.257916872662 0.303003500414 0.564209898116 0.705294683279 0.616775014624 0.541881279466
 -4.53773357493 -2.98421986650 -1.82555477790 -1.21051830335 -0.407305770679 0.121392468738 0.453574148608 0.624553190845 0.715050777056 0.788191098431
 -4.53158005717 -3.21702501832 -1.91820883157 -1.10263949035 -0.618970258762 -0.0843227336660 0.305443658327 0.573012694876 0.739525942783 1.02492778276
# log_selcoffs_fsh[3]:
 -4.37421513838 -1.83180156356 0.425355884500 1.29191202957 0.245691908555 -1.23823232469 -2.41910458910
 -4.50655737105 -1.03326596921 0.677756827260 0.985936312563 0.435553834087 -1.05928530697 -2.39884113454
# log_selcoffs_fsh[4]:
 -3.09000876972 -2.63143324136 -2.13672588661 -1.56789993164 -0.916597745778 -0.222220493198 0.425737761976 0.924278329874 1.19532024675
 -3.07712315536 -2.62572901614 -2.13809528948 -1.57445848929 -0.924771354194 -0.228529421305 0.423974995941 0.925833807641 1.19761334520
 -3.05181907763 -2.61432276806 -2.14143063835 -1.58668736318 -0.938105521932 -0.236335031215 0.424036158333 0.928194974220 1.19950711310
 -3.01339461802 -2.59109771115 -2.14231381169 -1.61106520344 -0.961631090858 -0.244032451707 0.427434064495 0.933638008314 1.19878463717
 -2.95529599315 -2.54522805856 -2.12063671019 -1.62004735735 -0.997125850411 -0.264480972298 0.434851375281 0.941971334159 1.19553575097
 -2.87372070902 -2.45824900511 -2.06659106763 -1.60744881397 -0.989775002949 -0.262962545609 0.442716955411 0.946405391373 1.18084266372
 -2.77667251582 -2.35470289348 -1.92861672601 -1.51572700122 -0.949792259317 -0.223469885358 0.471656272722 0.942274080917 1.13873608970
 -2.66457128278 -2.24675278281 -1.81454979164 -1.35223149485 -0.833842284599 -0.180021638127 0.472231182542 0.921061748750 1.10456187493
 -2.50895574388 -2.09441282493 -1.68329697100 -1.22752424979 -0.691742037449 -0.100430124730 0.476972117140 0.880725634952 1.06047313024
 -2.33309133079 -1.88731090725 -1.45378956483 -1.06061765347 -0.598583338372 -0.0543419941423 0.459504350202 0.838750064098 1.02178192888
 -2.16303196708 -1.68330638080 -1.20887507426 -0.787453994873 -0.453148612425 -0.0527525474011 0.406162143983 0.780036151636 0.985404483222
 -2.01088157628 -1.52545388833 -1.03372400226 -0.574815000811 -0.226872599424 0.00894181470510 0.336229909992 0.692984007501 0.926153750650
 -1.88071514407 -1.39743259538 -0.926009613358 -0.480673743265 -0.114496626952 0.129735528446 0.342142316720 0.614711535702 0.832197656960
 -1.75735729127 -1.27824262386 -0.817968515049 -0.405452794048 -0.0750789516598 0.167008728641 0.373152694630 0.582208324843 0.736802071067
 -1.63605066663 -1.15935950220 -0.709827240420 -0.322468647704 -0.0209987923548 0.200339614500 0.378633565970 0.536538622648 0.643996137629
 -1.51993980543 -1.04182297341 -0.599592631812 -0.235436911772 0.0370156271950 0.227136685677 0.368587054024 0.480728175477 0.550171545292
 -1.40748648620 -0.921983585023 -0.482910906264 -0.143837973474 0.0911019349496 0.241415175793 0.345121307945 0.418592068744 0.453676340927
 -1.30299223003 -0.787102523504 -0.342973701343 -0.0280567566678 0.159275777055 0.244427760194 0.293514500243 0.325727641859 0.347418147911
 -1.22303441303 -0.666632441656 -0.179731230282 0.0714368901310 0.206096495104 0.251798114834 0.233281211698 0.228202608591 0.221862926426
 -1.19129142751 -0.598733813917 -0.0607683448190 0.243064845955 0.247678182721 0.221851919496 0.171420378353 0.113968724699 0.0892291858292
 -1.18254957531 -0.567276321563 -0.0775249960166 0.275708044400 0.352059823635 0.224580743424 0.126110011955 0.0540326696943 0.0196570145330
 -1.21097716303 -0.577896946372 -0.0818439102400 0.184200273204 0.342244217273 0.282736318735 0.178073027042 0.0770506479996 0.00744794609614
 -1.28065630496 -0.703125412136 -0.197179198842 0.117210550426 0.261340406826 0.302358091274 0.256795690160 0.183870412662 0.126944057361
 -1.40080209949 -0.867417768271 -0.399131087350 -0.0359371520052 0.198969774628 0.320085052680 0.339832035612 0.313351970142 0.283567012978
 -1.52231868599 -1.01113896062 -0.543422660821 -0.156351289168 0.143100410381 0.322658217149 0.384017215694 0.398804979028 0.398186505649
 -1.65679290826 -1.16445598402 -0.716271930738 -0.289960277894 0.0655438760863 0.305406709188 0.429638896299 0.485039404109 0.515476654488
 -1.79689719466 -1.29173328267 -0.917700433461 -0.459788338323 -0.00600333747435 0.278715616838 0.450739616688 0.567906178498 0.630767543229
 -1.91964994021 -1.51831485585 -1.08992740613 -0.522009327093 -0.0935764556124 0.130560839305 0.374965000676 0.635700989677 0.837797810209
 -1.39038588316 -1.46787961147 -1.20814696250 -0.820059090528 -0.378116802473 0.000197947776853 0.351944720344 0.703641231629 0.975756783087
 -1.73747998833 -1.44499429126 -1.29234587308 -0.945426650146 -0.491482877694 -0.0540815804096 0.345064626954 0.741594191184 1.04897220318
 -1.56102152813 -1.21569080012 -1.19772050473 -1.06612513626 -0.759380769251 -0.319538003213 0.231769330932 0.772227169371 1.17170790652
 -1.27378833068 -0.701977009669 -0.807669970967 -0.982160298563 -0.877030209036 -0.495253711957 0.0675266413447 0.699878860812 1.19253614455
 -1.26444489898 -0.427624635939 -0.257934882500 -0.736003987945 -0.821113683963 -0.551850893861 -0.0220614788757 0.605325352362 1.09461280750
 -0.851759338972 0.256971026636 -0.0931999883454 -0.592462040554 -0.735728767786 -0.562553018094 -0.0972359915191 0.449454319134 0.829706553668
# log_sel_spl_fsh[1]:
 0.00000000000 0.00000000000 0.00000000000 0.00000000000
 0.00000000000 0.00000000000 0.00000000000 0.00000000000
 0.00000000000 0.00000000000 0.00000000000 0.00000000000
 0.00000000000 0.00000000000 0.00000000000 0.00000000000
 0.00000000000 0.00000000000 0.00000000000 0.00000000000
 0.00000000000 0.00000000000 0.00000000000 0.00000000000
 0.00000000000 0.00000000000 0.00000000000 0.00000000000
 0.00000000000 0.00000000000 0.00000000000 0.00000000000
 0.00000000000 0.00000000000 0.00000000000 0.00000000000
 0.00000000000 0.00000000000 0.00000000000 0.00000000000
 0.00000000000 0.00000000000 0.00000000000 0.00000000000
 0.00000000000 0.00000000000 0.00000000000 0.00000000000
 0.00000000000 0.00000000000 0.00000000000 0.00000000000
 0.00000000000 0.00000000000 0.00000000000 0.00000000000
 0.00000000000 0.00000000000 0.00000000000 0.00000000000
 0.00000000000 0.00000000000 0.00000000000 0.00000000000
 0.00000000000 0.00000000000 0.00000000000 0.00000000000
 0.00000000000 0.00000000000 0.00000000000 0.00000000000
 0.00000000000 0.00000000000 0.00000000000 0.00000000000
 0.00000000000 0.00000000000 0.00000000000 0.00000000000
 0.00000000000 0.00000000000 0.00000000000 0.00000000000
 0.00000000000 0.00000000000 0.00000000000 0.00000000000
 0.00000000000 0.00000000000 0.00000000000 0.00000000000
 0.00000000000 0.00000000000 0.00000000000 0.00000000000
 0.00000000000 0.00000000000 0.00000000000 0.00000000000
 0.00000000000 0.00000000000 0.00000000000 0.00000000000
 0.00000000000 0.00000000000 0.00000000000 0.00000000000
 0.00000000000 0.00000000000 0.00000000000 0.00000000000
 0.00000000000 0.00000000000 0.00000000000 0.00000000000
 0.00000000000 0.00000000000 0.00000000000 0.00000000000
 0.00000000000 0.00000000000 0.00000000000 0.00000000000
 0.00000000000 0.00000000000 0.00000000000 0.00000000000
 0.00000000000 0.00000000000 0.00000000000 0.00000000000
 0.00000000000 0.00000000000 0.00000000000 0.00000000000
 0.00000000000 0.00000000000 0.00000000000 0.00000000000
 0.00000000000 0.00000000000 0.00000000000 0.00000000000
 0.00000000000 0.00000000000 0.00000000000 0.00000000000
 0.00000000000 0.00000000000 0.00000000000 0.00000000000
 0.00000000000 0.00000000000 0.00000000000 0.00000000000
# log_sel_spl_fsh[2]:
 0.00000000000 0.00000000000 0.00000000000 0.00000000000
 0.00000000000 0.00000000000 0.00000000000 0.00000000000
 0.00000000000 0.00000000000 0.00000000000 0.00000000000
 0.00000000000 0.00000000000 0.00000000000 0.00000000000
 0.00000000000 0.00000000000 0.00000000000 0.00000000000
 0.00000000000 0.00000000000 0.00000000000 0.00000000000
 0.00000000000 0.00000000000 0.00000000000 0.00000000000
 0.00000000000 0.00000000000 0.00000000000 0.00000000000
 0.00000000000 0.00000000000 0.00000000000 0.00000000000
 0.00000000000 0.00000000000 0.00000000000 0.00000000000
 0.00000000000 0.00000000000 0.00000000000 0.00000000000
 0.00000000000 0.00000000000 0.00000000000 0.00000000000
 0.00000000000 0.00000000000 0.00000000000 0.00000000000
 0.00000000000 0.00000000000 0.00000000000 0.00000000000
 0.00000000000 0.00000000000 0.00000000000 0.00000000000
 0.00000000000 0.00000000000 0.00000000000 0.00000000000
 0.00000000000 0.00000000000 0.00000000000 0.00000000000
 0.00000000000 0.00000000000 0.00000000000 0.00000000000
 0.00000000000 0.00000000000 0.00000000000 0.00000000000
 0.00000000000 0.00000000000 0.00000000000 0.00000000000
 0.00000000000 0.00000000000 0.00000000000 0.00000000000
 0.00000000000 0.00000000000 0.00000000000 0.00000000000
 0.00000000000 0.00000000000 0.00000000000 0.00000000000
 0.00000000000 0.00000000000 0.00000000000 0.00000000000
 0.00000000000 0.00000000000 0.00000000000 0.00000000000
 0.00000000000 0.00000000000 0.00000000000 0.00000000000
 0.00000000000 0.00000000000 0.00000000000 0.00000000000
 0.00000000000 0.00000000000 0.00000000000 0.00000000000
 0.00000000000 0.00000000000 0.00000000000 0.00000000000
 0.00000000000 0.00000000000 0.00000000000 0.00000000000
 0.00000000000 0.00000000000 0.00000000000 0.00000000000
 0.00000000000 0.00000000000 0.00000000000 0.00000000000
 0.00000000000 0.00000000000 0.00000000000 0.00000000000
 0.00000000000 0.00000000000 0.00000000000 0.00000000000
 0.00000000000 0.00000000000 0.00000000000 0.00000000000
 0.00000000000 0.00000000000 0.00000000000 0.00000000000
 0.00000000000 0.00000000000 0.00000000000 0.00000000000
 0.00000000000 0.00000000000 0.00000000000 0.00000000000
 0.00000000000 0.00000000000 0.00000000000 0.00000000000
 0.00000000000 0.00000000000 0.00000000000 0.00000000000
# log_sel_spl_fsh[3]:
 0.00000000000 0.00000000000 0.00000000000 0.00000000000
 0.00000000000 0.00000000000 0.00000000000 0.00000000000
# log_sel_spl_fsh[4]:
 0.00000000000 0.00000000000 0.00000000000 0.00000000000
 0.00000000000 0.00000000000 0.00000000000 0.00000000000
 0.00000000000 0.00000000000 0.00000000000 0.00000000000
 0.00000000000 0.00000000000 0.00000000000 0.00000000000
 0.00000000000 0.00000000000 0.00000000000 0.00000000000
 0.00000000000 0.00000000000 0.00000000000 0.00000000000
 0.00000000000 0.00000000000 0.00000000000 0.00000000000
 0.00000000000 0.00000000000 0.00000000000 0.00000000000
 0.00000000000 0.00000000000 0.00000000000 0.00000000000
 0.00000000000 0.00000000000 0.00000000000 0.00000000000
 0.00000000000 0.00000000000 0.00000000000 0.00000000000
 0.00000000000 0.00000000000 0.00000000000 0.00000000000
 0.00000000000 0.00000000000 0.00000000000 0.00000000000
 0.00000000000 0.00000000000 0.00000000000 0.00000000000
 0.00000000000 0.00000000000 0.00000000000 0.00000000000
 0.00000000000 0.00000000000 0.00000000000 0.00000000000
 0.00000000000 0.00000000000 0.00000000000 0.00000000000
 0.00000000000 0.00000000000 0.00000000000 0.00000000000
 0.00000000000 0.00000000000 0.00000000000 0.00000000000
 0.00000000000 0.00000000000 0.00000000000 0.00000000000
 0.00000000000 0.00000000000 0.00000000000 0.00000000000
 0.00000000000 0.00000000000 0.00000000000 0.00000000000
 0.00000000000 0.00000000000 0.00000000000 0.00000000000
 0.00000000000 0.00000000000 0.00000000000 0.00000000000
 0.00000000000 0.00000000000 0.00000000000 0.00000000000
 0.00000000000 0.00000000000 0.00000000000 0.00000000000
 0.00000000000 0.00000000000 0.00000000000 0.00000000000
 0.00000000000 0.00000000000 0.00000000000 0.00000000000
 0.00000000000 0.00000000000 0.00000000000 0.00000000000
 0.00000000000 0.00000000000 0.00000000000 0.00000000000
 0.00000000000 0.00000000000 0.00000000000 0.00000000000
 0.00000000000 0.00000000000 0.00000000000 0.00000000000
 0.00000000000 0.00000000000 0.00000000000 0.00000000000
 0.00000000000 0.00000000000 0.00000000000 0.00000000000
# logsel_slope_fsh[1]:
 0.00000000000 0.00000000000 0.00000000000 0.00000000000 0.00000000000 0.00000000000 0.00000000000 0.00000000000 0.00000000000 0.00000000000 0.00000000000 0.00000000000 0.00000000000 0.00000000000 0.00000000000 0.00000000000 0.00000000000 0.00000000000 0.00000000000 0.00000000000 0.00000000000 0.00000000000 0.00000000000 0.00000000000 0.00000000000 0.00000000000 0.00000000000 0.00000000000 0.00000000000 0.00000000000 0.00000000000 0.00000000000 0.00000000000 0.00000000000 0.00000000000 0.00000000000 0.00000000000 0.00000000000 0.00000000000
# logsel_slope_fsh[2]:
 0.00000000000 0.00000000000 0.00000000000 0.00000000000 0.00000000000 0.00000000000 0.00000000000 0.00000000000 0.00000000000 0.00000000000 0.00000000000 0.00000000000 0.00000000000 0.00000000000 0.00000000000 0.00000000000 0.00000000000 0.00000000000 0.00000000000 0.00000000000 0.00000000000 0.00000000000 0.00000000000 0.00000000000 0.00000000000 0.00000000000 0.00000000000 0.00000000000 0.00000000000 0.00000000000 0.00000000000 0.00000000000 0.00000000000 0.00000000000 0.00000000000 0.00000000000 0.00000000000 0.00000000000 0.00000000000 0.00000000000
# logsel_slope_fsh[3]:
 0.00000000000 0.00000000000
# logsel_slope_fsh[4]:
 0.00000000000 0.00000000000 0.00000000000 0.00000000000 0.00000000000 0.00000000000 0.00000000000 0.00000000000 0.00000000000 0.00000000000 0.00000000000 0.00000000000 0.00000000000 0.00000000000 0.00000000000 0.00000000000 0.00000000000 0.00000000000 0.00000000000 0.00000000000 0.00000000000 0.00000000000 0.00000000000 0.00000000000 0.00000000000 0.00000000000 0.00000000000 0.00000000000 0.00000000000 0.00000000000 0.00000000000 0.00000000000 0.00000000000 0.00000000000
# sel50_fsh[1]:
 0.00000000000 0.00000000000 0.00000000000 0.00000000000 0.00000000000 0.00000000000 0.00000000000 0.00000000000 0.00000000000 0.00000000000 0.00000000000 0.00000000000 0.00000000000 0.00000000000 0.00000000000 0.00000000000 0.00000000000 0.00000000000 0.00000000000 0.00000000000 0.00000000000 0.00000000000 0.00000000000 0.00000000000 0.00000000000 0.00000000000 0.00000000000 0.00000000000 0.00000000000 0.00000000000 0.00000000000 0.00000000000 0.00000000000 0.00000000000 0.00000000000 0.00000000000 0.00000000000 0.00000000000 0.00000000000
# sel50_fsh[2]:
 0.00000000000 0.00000000000 0.00000000000 0.00000000000 0.00000000000 0.00000000000 0.00000000000 0.00000000000 0.00000000000 0.00000000000 0.00000000000 0.00000000000 0.00000000000 0.00000000000 0.00000000000 0.00000000000 0.00000000000 0.00000000000 0.00000000000 0.00000000000 0.00000000000 0.00000000000 0.00000000000 0.00000000000 0.00000000000 0.00000000000 0.00000000000 0.00000000000 0.00000000000 0.00000000000 0.00000000000 0.00000000000 0.00000000000 0.00000000000 0.00000000000 0.00000000000 0.00000000000 0.00000000000 0.00000000000 0.00000000000
# sel50_fsh[3]:
 0.00000000000 0.00000000000
# sel50_fsh[4]:
 0.00000000000 0.00000000000 0.00000000000 0.00000000000 0.00000000000 0.00000000000 0.00000000000 0.00000000000 0.00000000000 0.00000000000 0.00000000000 0.00000000000 0.00000000000 0.00000000000 0.00000000000 0.00000000000 0.00000000000 0.00000000000 0.00000000000 0.00000000000 0.00000000000 0.00000000000 0.00000000000 0.00000000000 0.00000000000 0.00000000000 0.00000000000 0.00000000000 0.00000000000 0.00000000000 0.00000000000 0.00000000000 0.00000000000 0.00000000000
# logsel_p1_fsh[1]:
 0.00000000000 0.00000000000 0.00000000000 0.00000000000 0.00000000000 0.00000000000 0.00000000000 0.00000000000 0.00000000000 0.00000000000 0.00000000000 0.00000000000 0.00000000000 0.00000000000 0.00000000000 0.00000000000 0.00000000000 0.00000000000 0.00000000000 0.00000000000 0.00000000000 0.00000000000 0.00000000000 0.00000000000 0.00000000000 0.00000000000 0.00000000000 0.00000000000 0.00000000000 0.00000000000 0.00000000000 0.00000000000 0.00000000000 0.00000000000 0.00000000000 0.00000000000 0.00000000000 0.00000000000 0.00000000000
# logsel_p1_fsh[2]:
 0.00000000000 0.00000000000 0.00000000000 0.00000000000 0.00000000000 0.00000000000 0.00000000000 0.00000000000 0.00000000000 0.00000000000 0.00000000000 0.00000000000 0.00000000000 0.00000000000 0.00000000000 0.00000000000 0.00000000000 0.00000000000 0.00000000000 0.00000000000 0.00000000000 0.00000000000 0.00000000000 0.00000000000 0.00000000000 0.00000000000 0.00000000000 0.00000000000 0.00000000000 0.00000000000 0.00000000000 0.00000000000 0.00000000000 0.00000000000 0.00000000000 0.00000000000 0.00000000000 0.00000000000 0.00000000000 0.00000000000
# logsel_p1_fsh[3]:
 0.00000000000 0.00000000000
# logsel_p1_fsh[4]:
 0.00000000000 0.00000000000 0.00000000000 0.00000000000 0.00000000000 0.00000000000 0.00000000000 0.00000000000 0.00000000000 0.00000000000 0.00000000000 0.00000000000 0.00000000000 0.00000000000 0.00000000000 0.00000000000 0.00000000000 0.00000000000 0.00000000000 0.00000000000 0.00000000000 0.00000000000 0.00000000000 0.00000000000 0.00000000000 0.00000000000 0.00000000000 0.00000000000 0.00000000000 0.00000000000 0.00000000000 0.00000000000 0.00000000000 0.00000000000
# logsel_p2_fsh[1]:
 0.00000000000 0.00000000000 0.00000000000 0.00000000000 0.00000000000 0.00000000000 0.00000000000 0.00000000000 0.00000000000 0.00000000000 0.00000000000 0.00000000000 0.00000000000 0.00000000000 0.00000000000 0.00000000000 0.00000000000 0.00000000000 0.00000000000 0.00000000000 0.00000000000 0.00000000000 0.00000000000 0.00000000000 0.00000000000 0.00000000000 0.00000000000 0.00000000000 0.00000000000 0.00000000000 0.00000000000 0.00000000000 0.00000000000 0.00000000000 0.00000000000 0.00000000000 0.00000000000 0.00000000000 0.00000000000
# logsel_p2_fsh[2]:
 0.00000000000 0.00000000000 0.00000000000 0.00000000000 0.00000000000 0.00000000000 0.00000000000 0.00000000000 0.00000000000 0.00000000000 0.00000000000 0.00000000000 0.00000000000 0.00000000000 0.00000000000 0.00000000000 0.00000000000 0.00000000000 0.00000000000 0.00000000000 0.00000000000 0.00000000000 0.00000000000 0.00000000000 0.00000000000 0.00000000000 0.00000000000 0.00000000000 0.00000000000 0.00000000000 0.00000000000 0.00000000000 0.00000000000 0.00000000000 0.00000000000 0.00000000000 0.00000000000 0.00000000000 0.00000000000 0.00000000000
# logsel_p2_fsh[3]:
 0.00000000000 0.00000000000
# logsel_p2_fsh[4]:
 0.00000000000 0.00000000000 0.00000000000 0.00000000000 0.00000000000 0.00000000000 0.00000000000 0.00000000000 0.00000000000 0.00000000000 0.00000000000 0.00000000000 0.00000000000 0.00000000000 0.00000000000 0.00000000000 0.00000000000 0.00000000000 0.00000000000 0.00000000000 0.00000000000 0.00000000000 0.00000000000 0.00000000000 0.00000000000 0.00000000000 0.00000000000 0.00000000000 0.00000000000 0.00000000000 0.00000000000 0.00000000000 0.00000000000 0.00000000000
# logsel_p3_fsh[1]:
 0.00000000000 0.00000000000 0.00000000000 0.00000000000 0.00000000000 0.00000000000 0.00000000000 0.00000000000 0.00000000000 0.00000000000 0.00000000000 0.00000000000 0.00000000000 0.00000000000 0.00000000000 0.00000000000 0.00000000000 0.00000000000 0.00000000000 0.00000000000 0.00000000000 0.00000000000 0.00000000000 0.00000000000 0.00000000000 0.00000000000 0.00000000000 0.00000000000 0.00000000000 0.00000000000 0.00000000000 0.00000000000 0.00000000000 0.00000000000 0.00000000000 0.00000000000 0.00000000000 0.00000000000 0.00000000000
# logsel_p3_fsh[2]:
 0.00000000000 0.00000000000 0.00000000000 0.00000000000 0.00000000000 0.00000000000 0.00000000000 0.00000000000 0.00000000000 0.00000000000 0.00000000000 0.00000000000 0.00000000000 0.00000000000 0.00000000000 0.00000000000 0.00000000000 0.00000000000 0.00000000000 0.00000000000 0.00000000000 0.00000000000 0.00000000000 0.00000000000 0.00000000000 0.00000000000 0.00000000000 0.00000000000 0.00000000000 0.00000000000 0.00000000000 0.00000000000 0.00000000000 0.00000000000 0.00000000000 0.00000000000 0.00000000000 0.00000000000 0.00000000000 0.00000000000
# logsel_p3_fsh[3]:
 0.00000000000 0.00000000000
# logsel_p3_fsh[4]:
 0.00000000000 0.00000000000 0.00000000000 0.00000000000 0.00000000000 0.00000000000 0.00000000000 0.00000000000 0.00000000000 0.00000000000 0.00000000000 0.00000000000 0.00000000000 0.00000000000 0.00000000000 0.00000000000 0.00000000000 0.00000000000 0.00000000000 0.00000000000 0.00000000000 0.00000000000 0.00000000000 0.00000000000 0.00000000000 0.00000000000 0.00000000000 0.00000000000 0.00000000000 0.00000000000 0.00000000000 0.00000000000 0.00000000000 0.00000000000
# rec_dev_future:
 0.00000000000 0.00000000000 0.00000000000 0.00000000000 0.00000000000 0.00000000000 0.00000000000 0.00000000000 0.00000000000 0.00000000000 0.00000000000 0.00000000000 0.00000000000 0.00000000000 0.00000000000 0.00000000000 0.00000000000 0.00000000000 0.00000000000 0.00000000000
 0.00000000000 0.00000000000 0.00000000000 0.00000000000 0.00000000000 0.00000000000 0.00000000000 0.00000000000 0.00000000000 0.00000000000 0.00000000000 0.00000000000 0.00000000000 0.00000000000 0.00000000000 0.00000000000 0.00000000000 0.00000000000 0.00000000000 0.00000000000
# log_q_ind[1]:
0.267828350594
# log_q_ind[2]:
-2.31867177252
# log_q_ind[3]:
-9.26529125248
# log_q_ind[4]:
-0.328297997047
# log_q_ind[5]:
-3.16207450432
# log_q_ind[6]:
-5.41695607264
# log_q_ind[7]:
-1.05889964392
# log_q_power_ind[1]:
0.00000000000
# log_q_power_ind[2]:
0.00000000000
# log_q_power_ind[3]:
0.00000000000
# log_q_power_ind[4]:
0.00000000000
# log_q_power_ind[5]:
0.00000000000
# log_q_power_ind[6]:
0.00000000000
# log_q_power_ind[7]:
0.00000000000
# log_rw_q_ind[1]:
 -0.948964643902
# log_rw_q_ind[3]:
 -0.447573048581
# log_selcoffs_ind[1]:
 -1.89842533853 -1.12195002361 -0.553775543969 -0.165628126727 0.0721739668441 0.220490723137 0.311035839455 0.363802563237 0.391436815969 0.404231917885
 -2.45087232598 -1.69368941882 -0.973097451994 -0.364300327076 0.0646849114306 0.317140868589 0.425190717918 0.457050634966 0.451684390894 0.429886211808
# log_selcoffs_ind[2]:
 -0.860628931533 -1.10309512545 -1.43086856417 -1.61885488404 -1.56068177926 -1.21411384511 -0.614073250285 0.146230408246 0.909580119801 1.41565518969
 0.133233076323 -0.314391711325 -0.630649674859 -0.812119978250 -0.837239660598 -0.669568026098 -0.310541345060 0.162161970884 0.613393402416 0.896278760338
 0.539387374042 0.210122358320 -0.0406718538747 -0.245570280304 -0.421586107786 -0.484881151382 -0.393487458531 -0.171136050043 0.111719559052 0.337493814681
# log_selcoffs_ind[3]:
 -0.202940821038 0.0202027052767 0.0202027052767 0.0202027052767 0.0202027052767 0.0202027052767 0.0202027052767 0.0202027052767 0.0202027052767 0.0202027052767
# log_selcoffs_ind[4]:
 -0.688738681512 -0.495956083108 -0.317996078861 -0.173903120921 -0.0569433730537 0.0510434387247 0.155051829745 0.252374323752 0.333544514014 0.387368383482
 -1.36097000484 -1.08615392831 -0.806885042205 -0.515137998172 -0.225963753857 0.0439019384336 0.278842070071 0.459979906556 0.570913435122 0.612078905490
# log_selcoffs_ind[5]:
 -3.04452005677 -0.669616569639 0.101782682789 0.174353368097 0.174353368097 0.174353368097 0.174353368097 0.174353368097 0.174353368097 0.174353368097
# log_selcoffs_ind[6]:
 -3.04452005677 -0.669616569639 0.101782682789 0.174353368097 0.174353368097 0.174353368097 0.174353368097 0.174353368097 0.174353368097 0.174353368097
# log_selcoffs_ind[7]:
 -3.04452005677 -0.669616569639 0.101782682789 0.174353368097 0.174353368097 0.174353368097 0.174353368097 0.174353368097 0.174353368097 0.174353368097
# logsel_slope_ind[1]:
 0.00000000000 0.00000000000
# logsel_slope_ind[2]:
 0.00000000000 0.00000000000 0.00000000000
# logsel_slope_ind[3]:
 0.00000000000
# logsel_slope_ind[4]:
 0.00000000000 0.00000000000
# logsel_slope_ind[5]:
 0.00000000000
# logsel_slope_ind[6]:
 0.00000000000
# logsel_slope_ind[7]:
 0.00000000000
# sel50_ind[1]:
 0.00000000000 0.00000000000
# sel50_ind[2]:
 0.00000000000 0.00000000000 0.00000000000
# sel50_ind[3]:
 0.00000000000
# sel50_ind[4]:
 0.00000000000 0.00000000000
# sel50_ind[5]:
 0.00000000000
# sel50_ind[6]:
 0.00000000000
# sel50_ind[7]:
 0.00000000000
# logsel_p1_ind[1]:
 0.00000000000 0.00000000000
# logsel_p1_ind[2]:
 0.00000000000 0.00000000000 0.00000000000
# logsel_p1_ind[3]:
 0.00000000000
# logsel_p1_ind[4]:
 0.00000000000 0.00000000000
# logsel_p1_ind[5]:
 0.00000000000
# logsel_p1_ind[6]:
 0.00000000000
# logsel_p1_ind[7]:
 0.00000000000
# sel_p2_ind[1]:
 0.00000000000 0.00000000000
# sel_p2_ind[2]:
 0.00000000000 0.00000000000 0.00000000000
# sel_p2_ind[3]:
 0.00000000000
# sel_p2_ind[4]:
 0.00000000000 0.00000000000
# sel_p2_ind[5]:
 0.00000000000
# sel_p2_ind[6]:
 0.00000000000
# sel_p2_ind[7]:
 0.00000000000
# logsel_p3_ind[1]:
 0.00000000000 0.00000000000
# logsel_p3_ind[2]:
 0.00000000000 0.00000000000 0.00000000000
# logsel_p3_ind[3]:
 0.00000000000
# logsel_p3_ind[4]:
 0.00000000000 0.00000000000
# logsel_p3_ind[5]:
 0.00000000000
# logsel_p3_ind[6]:
 0.00000000000
# logsel_p3_ind[7]:
 0.00000000000
