# Number of parameters = 1468 Objective function value = 1270.70677252233  Maximum gradient component = 0.160918960038693
# Mest[1]:
0.230000000000
# Mest[2]:
0.330000000000
# log_Linf[1]:
4.30945594184
# log_Linf[2]:
4.38701417618
# log_k[1]:
-1.83258146375
# log_k[2]:
-1.83258146375
# log_Lo[1]:
2.89037175790
# log_Lo[2]:
2.89037175790
# log_sdage[1]:
-2.40794560865
# log_sdage[2]:
-2.40794560865
# mean_log_rec[1]:
9.50121561808
# mean_log_rec[2]:
8.35716861282
# mean_log_rec[3]:
7.76018835661
# steepness[1]:
0.650000000000
# steepness[2]:
0.650000000000
# steepness[3]:
0.650000000000
# log_Rzero[1]:
9.17632549209
# log_Rzero[2]:
8.40512857149
# log_Rzero[3]:
7.44478614375
# rec_dev:
 -0.437558371043 -0.510235824074 -0.589171897936 -0.675268976443 -0.765923352072 -0.857281167200 -0.823790918851 -0.827599901566 -0.673653162233 -0.608779618489 -0.517438713386 -0.349086349854 -0.386523821318 -0.341633964176 -0.282359597990 -0.0973067650521 0.200358848201 0.397414819892 0.388837694163 0.345198895324 0.399211112060 0.520180336594 0.737351760265 0.734581947730 0.682703387261 1.33495953735 1.53571977056 0.715377691826 0.135180474838 0.337071326892 0.652833921421 0.788596599271 0.553419880179 0.324093576455 0.236018094583 0.307461831509 0.343215302959 0.496180579323 0.677269254554 0.577947232453 0.718061191873 0.702883354836 0.510091545679 -0.121971980901 -0.455460038354 -0.748246275698 -1.47610430629 -1.01945846692 -0.848031330417 -1.01463195521 -1.04587659815 -1.08541072458 -0.982304598977 -0.499768289360 -0.279831585019 -0.234593883566 -0.0858887052597 0.175823068371 0.360579757356 0.221735260320 0.271088873445 -0.150944728846
 -0.000143257375198 -0.000178941233129 -0.000207854462316 -0.000220080389106 -0.000197984635129 -0.000103544077428 0.000120738755832 0.000588906481301 0.00115930735513 0.00209281572439 0.00342325048675 0.0277932261850 0.0284650252275 0.0289688816014 0.0291234289419 0.0275066447550 0.0209060914786 0.00923740956324 -0.0424231391144 0.361200459453 -0.0127450412208 -0.111415148871 0.00352335619238 0.419528690183 -0.0377944145353 -0.243301104569 -0.532901668790 -0.0472807827685 0.366176799851 0.894180573591 0.277776846673 0.243177181068 -0.457647901066 -0.000395450738196 -0.449210431139 -0.672827912755 -0.00816143115221 0.0688380231387 0.0300629230190 -0.123443093713 0.528923450311 1.12553836997 -0.359270973890 0.577033912820 -0.665588844423 -0.226362674298 0.673956332918 -0.0534154792599 -1.22456835350 -2.04159333151 -0.529183829822 0.763997823675 -0.572765070475 -0.234828638616 -1.57811555567 -0.499681940517 -0.758557566065 -0.269214498935 1.16059849757 0.748403765460 -0.491699626769 -0.0762883404993
# log_sigmar[1]:
-0.510825623766
# log_sigmar[2]:
-0.510825623766
# log_sigmar[3]:
-0.510825623766
# fmort:
 0.0114139030842 0.0168294365228 0.00765375636320 0.00970161600641 0.0187211007886 0.0230512015562 0.0279694914421 0.0241397734062 0.0471711743862 0.0392372171627 0.0266304176820 0.0388195411778 0.0745614234545 0.0289591764757 0.0683384144871 0.0457078670196 0.00445895709655 0.0204019097323 0.0167244447365 0.0148023126607 0.0140108798332 0.0185937846992 0.0202015148877 0.0224537806553 0.0148743322971 0.0199684541806 0.0338527864306 0.0132395592753 0.00376014618083 0.00617115813866 0.00989750693458 0.0203405960955 0.00864683227705 0.0120055558454 0.0132274602300 0.0218118470647 0.0277544162122 0.0419010411348 0.0574612895680 0.0543480486622 0.0737276205558 0.0136652254643 0.00554227650734 0.00639105939777 0.00669616957038 0.00828532270014 0.00617766750194 0.00883227666752 0.00282382546131 0.00172948850972 0.00521721199505
 0.00145033696272 0.00222943982997 0.00340955474990 0.00565136638540 0.00405891568854 0.00731712208705 0.00945409279448 0.0138019534538 0.0222476812016 0.0275029612683 0.0248852955933 0.0494042470778 0.0680292519766 0.0555541551643 0.0750585623371 0.106566919644 0.119426451250 0.160341158529 0.222205334557 0.231542499584 0.232286570713 0.291308539575 0.381517610964 0.363603227814 0.485539947741 0.645639144118 0.626374716955 0.629580447652 0.371928523184 0.241782265477 0.181952284377 0.213561464011 0.210652354895 0.193973532588 0.189004949942 0.188354596056 0.197483162351 0.235953331326 0.203383424191 0.274595025714 0.161767208508 0.117393089844 0.101689104512 0.0817498442738 0.0791660392433 0.0796107338584 0.0888894702743 0.0836143806972 0.0903668444574 0.0816136767308 0.0752174600659
 0.000579117658570 0.00112845309924 0.00280158071551 0.00599357771430 0.0191237226549 0.00593668331708 0.00756817754356 0.102268091947 0.103534628589 0.0828469697383 0.0830698809824 0.111806225186 0.0359483913703 0.0214055355396 0.0249379023337 0.0184621409585 0.0101226576177 0.0115141712378 0.0440265498617 0.0364912150265 0.0321321520622 0.0263490979284 0.0155625033593 0.0269242911892 0.0447964281143 0.213770705314 0.364761915422 0.688158586076 0.603956252468 0.162846856417 0.118207120885 0.374886681668 0.0528271774687 0.0766800446384 0.0628372047980 0.0414404069058 0.0991617322616 0.0818140641987 0.0963215538783 0.117177683634 0.0293872300440 0.145171877544 0.0678222225903 0.0417824589168 0.0430703344022 0.0187304509126 0.00861730268687 0.00441606345432 0.0124436640904 0.0157349326450 0.0222672704064
 2.04836148043e-13 2.19546603120e-13 0.000561768492911 2.35644836977e-13 2.41473507856e-13 2.42306175124e-13 3.55553119391e-06 0.000241314586529 0.00502917775396 0.0311408519969 0.0276531649792 0.0349212318974 0.0783587874620 0.0926204768909 0.123276115597 0.0995534706483 0.0941829616293 0.0973754303712 0.0995157179353 0.0816697100916 0.0665474577692 0.0418431825920 0.00359377268757 2.23432383706e-13 2.53685961127e-13 3.95239396767e-13 4.76008121808e-13 7.07212066686e-13 8.14071032806e-13 3.52596170122e-06 0.000637905450388 0.00443345040486 0.0133470597986 0.0255382310795 0.0446442403531 0.0377622242250 0.0566151814814 0.0853396555943 0.107045841423 0.144607070939 0.135992990765 0.0365086658970 0.0245615114921 0.0249254140515 0.0263030870418 0.0336190288019 0.0199199326777 0.0154341913163 0.0114853292438 0.0102058963734 0.000726738160784
# log_selcoffs_fsh[1]:
 -4.83413416417 -3.68161639293 -2.44107534733 -1.22219908245 -0.282552018391 0.509657988375 1.08569715793 0.892714918273 -0.269995526545
 -4.52373768070 -3.28197983767 -1.96628787158 -0.819183806030 -0.172091918443 0.455101578872 0.949495623584 0.804458693596 0.124607403229
 -4.18890649982 -2.93717366200 -1.71308118205 -0.689251028515 -0.00686896061817 0.531646243022 0.825060815342 0.669553887631 0.277093338887
 -3.78856924538 -2.44783729231 -1.32391293788 -0.524689954015 -0.0465723729570 0.392091385293 0.763254480644 0.686526373699 0.382839961653
 -3.56646279299 -2.13250459221 -0.767757253546 -0.0138861447994 0.207345745097 0.338826107099 0.489989813871 0.497099416719 0.400780105089
 -3.39915300185 -2.04218600479 -0.785799646745 0.0878031754185 0.481137969936 0.466835223212 0.361763243302 0.297976417355 0.257338691753
 -3.23794622260 -1.95331303802 -0.877852353033 -0.0654999858450 0.554985606553 0.678071342853 0.391909971824 0.168504018368 0.0874158485156
 -3.07274641714 -1.76250373806 -0.777782411114 -0.00839256528040 0.595211816448 0.711399032018 0.358520829202 0.0818668575251 -0.0364054867243
 -2.94284226609 -1.62688302497 -0.450030681875 0.200685179781 0.522975413812 0.588256696695 0.381857666487 0.0538449695506 -0.124787893813
 -2.78162113033 -1.36000087610 -0.180890089195 0.223031236604 0.527527226072 0.583356089379 0.298046554089 -0.0446824771948 -0.214790301137
 -2.61873327595 -0.988358827988 0.456387917535 0.447961917125 0.329118278246 0.286446327864 0.0799603972427 -0.158075256901 -0.283719959086
 -2.44667051625 -0.728228490334 0.441362514425 0.480275808039 0.440044965348 0.235312038002 -0.0438692724562 -0.249342314999 -0.349787297750
 -2.33162135384 -0.661920127099 0.474891277498 0.697253014239 0.402535155506 0.0863898450296 -0.188513119434 -0.353920450701 -0.423164688003
 -2.24180552834 -0.697396763670 0.484095968253 0.834310344800 0.395957019549 -0.0168744436156 -0.292770082802 -0.439337245641 -0.493982099182
 -2.36819697036 -0.832929373546 0.627717340145 0.870656564644 0.345597578117 -0.0723960417855 -0.352490700527 -0.510238865304 -0.573614146756
 -2.31881378202 -0.818345844247 0.670564869525 0.796491335218 0.396810630846 -0.0257751130835 -0.351754284139 -0.538032758079 -0.619182322264
 -2.11187873859 -0.591326178494 0.781849172453 0.719391401842 0.308055616731 -0.0636378239419 -0.365930498248 -0.557774194316 -0.650950670184
 -1.76336811500 -0.289956852011 0.571572579569 0.771901713832 0.378088067900 -0.0676843422868 -0.386275189030 -0.577446185761 -0.672658486058
 -1.63765100086 -0.267734228336 0.844639689303 0.727800964434 0.184178173440 -0.199639944251 -0.474049382526 -0.650224155964 -0.739965397794
 -1.38464622539 -0.151393622191 0.823869689200 0.714048060639 0.217988789776 -0.229701000350 -0.533806910764 -0.711237234866 -0.792338643308
 -1.30227579549 -0.0156015857295 0.883641900579 0.711539497140 0.141753448611 -0.316563577839 -0.627613924104 -0.797387812154 -0.864083107491
 -1.24095158884 -0.0862162048949 0.711181447377 0.932942968472 0.247519038605 -0.407686901075 -0.751748500205 -0.898861208812 -0.940288066760
 -1.16061596247 0.181067784122 0.925894228824 0.756107917280 0.0636470240430 -0.513009734952 -0.848321261603 -0.980927023550 -1.00345009807
 -1.30120659976 -0.0190773450702 0.907066837627 0.970365789089 0.00190483976312 -0.612321454859 -0.931729301769 -1.05478685650 -1.06536786730
 -1.44358918533 -0.0796111125604 0.936570846327 0.947359223307 0.0638535859021 -0.570567901747 -0.924708361433 -1.06725066999 -1.08294476477
 -1.40070473178 0.155931633798 0.757361646711 0.855497445350 0.217972314330 -0.366469011085 -0.818708850292 -1.00857258887 -1.02953149342
 -1.40438326939 -0.146928877180 0.607201695665 0.961852123603 0.302922181239 -0.233206240731 -0.691148713910 -0.906315602360 -0.945487387853
 -1.26423874333 0.225221284577 0.469714571558 0.768866867046 0.313066837841 -0.165472574635 -0.553261609028 -0.755735512512 -0.802413795919
 -1.15886817612 0.405046019904 0.627793044814 0.500726744535 0.123543036894 -0.193672404911 -0.449413459294 -0.600549565890 -0.651128635878
 -1.28507071934 -0.00789622414226 0.493554866838 0.796049078595 0.150105007758 -0.219137388863 -0.383787258443 -0.466960856868 -0.505852855760
 -1.22828466222 0.386529382730 0.509625915257 0.297533759045 0.0408891308371 -0.123519398438 -0.220620255303 -0.275981768728 -0.304149783262
 -1.21693947386 0.361395356767 0.115091006529 0.158686266487 0.130275938519 0.0474502706044 -0.0293666142372 -0.0823638031340 -0.111094897303
 -1.48137232263 -0.722965026225 -0.222827277700 0.417109377689 0.391398715269 0.246433925620 0.134930120977 0.0579375169275 0.00690955956960
 -1.75052214087 -1.06035486115 -0.430123562667 0.113655185060 0.274044144505 0.412586979998 0.368834675079 0.248340761645 0.144317130771
 -1.58268186219 -0.829612069618 -0.426557773493 0.174290186600 0.208698588902 0.252107161259 0.301833611607 0.293689070441 0.264434821843
 -0.997166540419 -0.365145801431 -0.690204920963 -0.355147237363 -0.0246944856628 0.236176098223 0.384732857232 0.420913239724 0.405370628643
 -1.02837437472 -1.14742038436 -1.10270837380 -0.406190967419 0.0116074041432 0.427122895623 0.529612780202 0.468726246342 0.396125635107
# log_selcoffs_fsh[2]:
 -6.48844584804 -5.03711971223 -3.58013455332 -1.96550513313 -0.580451561424 0.325797618746 0.987119481576 1.13601206600 0.518988582030 -0.913532746765
 -6.40223070281 -4.95908519334 -3.46542744587 -2.04983645446 -0.879475506213 0.184878997452 0.976930661299 1.17095834446 0.534541558120 -0.469689542036
 -6.27910778403 -4.89593721840 -3.49685894642 -2.13925452735 -1.02255743008 0.0385839546134 0.919924340019 1.15444955389 0.623375547726 -0.108687437656
 -6.11270212214 -4.76113421691 -3.47179192276 -2.23110761220 -1.15141589609 -0.186125805715 0.761429294838 1.14434866345 0.773751612109 0.226965954935
 -5.94602713766 -4.52670854998 -3.25004962470 -2.21200174439 -1.31961174686 -0.398208700370 0.587050518286 1.08056898082 0.893792111868 0.536575832313
 -5.78915251592 -4.44735519952 -3.15043229535 -1.96480373131 -1.14234353611 -0.524368479283 0.272725670656 0.893947782702 1.01066506627 0.869401855996
 -5.64788923168 -4.37892344740 -3.16903399736 -2.08168472178 -1.15049947758 -0.404941100822 0.167064664413 0.669991028594 0.982999949704 1.10696567048
 -5.53536392763 -4.31029008902 -3.16109837497 -2.15307980437 -1.27981529057 -0.569087888007 0.104490489949 0.586355414875 0.956213901317 1.24432536098
 -5.46122416955 -4.22868120833 -3.07065142457 -2.11447113855 -1.35833385565 -0.678259912601 0.0176778546514 0.608457148225 0.957383717532 1.27792986771
 -5.37555219370 -4.10866945948 -2.92481173916 -1.92691718399 -1.15693267786 -0.587404149789 -0.113627200691 0.476264439102 0.949390039385 1.34095206789
 -5.32065015021 -3.95034962719 -2.64144430035 -1.56031775823 -0.851510955585 -0.336146387325 0.0535291967734 0.369169134201 0.798605961085 1.34267833204
 -5.33620958789 -3.83431642751 -2.42009436947 -1.23360623212 -0.625965496630 -0.202621118121 0.112991679534 0.434278645692 0.854805890341 1.17176796756
 -5.36208168529 -3.68735636694 -2.07806040473 -0.803535988420 -0.263601594104 0.0871627898129 0.261138767607 0.441538611049 0.727066171524 0.961452864411
 -5.38373718831 -3.50360561350 -1.70909664847 -0.526314362541 0.0998583204724 0.285915095837 0.333638250990 0.417261995961 0.579253542841 0.722208502094
 -5.36233484889 -3.29251670074 -1.33308640544 -0.0723631922121 0.356328271870 0.338550600993 0.226249823096 0.269575149217 0.449086616912 0.589523165370
 -5.30152590599 -3.09100754947 -1.02983702558 0.0845532830020 0.333115788421 0.295147657041 0.196931651829 0.230503133432 0.407300713829 0.579967506048
 -5.26038738450 -3.02605697020 -0.921485383492 0.0528474570442 0.313186475394 0.299863229787 0.193683165226 0.210320521037 0.395868732224 0.611499653068
 -5.23303335065 -3.19749827660 -1.27834692015 0.00294382250323 0.400412341550 0.372609552227 0.207781822398 0.193087849324 0.380815331545 0.599377255078
 -5.19537234484 -3.33072252498 -1.56987677062 -0.252731443466 0.453053873368 0.448240512928 0.230676194364 0.197293536059 0.391867361878 0.630199543245
 -5.12097480535 -3.37124116821 -1.69590329970 -0.417306803672 0.242020170183 0.377652254128 0.237523853647 0.236280948242 0.490545581962 0.796115803366
 -5.08292057593 -3.44353619979 -1.89931359974 -0.627968586770 0.132225997513 0.384617182660 0.285944169613 0.244094746567 0.511446429941 0.872504972695
 -5.08382930557 -3.52347773061 -2.06069982424 -0.895142454854 -0.0537534375839 0.415151217577 0.392235316279 0.314447595627 0.538075283510 0.876980592171
 -5.10521325209 -3.59066484741 -2.22141094143 -1.09961713114 -0.267187019328 0.407549553829 0.448056116080 0.394503529096 0.588026036773 0.878337687294
 -5.17788998045 -3.65185397993 -2.25486613279 -1.12400476215 -0.409833178728 0.184121392511 0.502542025906 0.498918423801 0.674118064345 0.879822785980
 -5.25791291389 -3.69732687541 -2.19651987110 -0.904964982485 -0.260748952859 0.00315910674831 0.311801650944 0.530371557773 0.714585339895 0.944618939777
 -5.37208045241 -3.76015185084 -2.28083787849 -1.01519119052 -0.245309409669 0.242268220416 0.341925905730 0.450646103356 0.668044132928 0.925664466369
 -5.58516083312 -3.93296807620 -2.30797942459 -0.934813743076 -0.154894556149 0.395138123443 0.504389299764 0.463822714942 0.572445082282 0.753646920327
 -5.78774727313 -4.09627880117 -2.35642780260 -0.690162875546 0.0628402930958 0.518665469526 0.516987262911 0.392605894161 0.526368519593 0.581561920345
 -5.98456664084 -4.27550549514 -2.57316709091 -0.997682908668 -0.0791768063626 0.766605485062 0.729404900737 0.402330145452 0.432169728150 0.301939661101
 -6.15507943396 -4.40762569584 -2.67777375824 -1.03090805090 0.250228932690 0.864391843804 0.787823366897 0.393435629099 0.167162813225 0.0390250001603
 -6.26011524575 -4.44603221941 -2.58475237483 -0.795811806875 0.352168981342 0.834608333784 0.718833178500 0.369318706920 0.154050020760 0.0661049511747
 -6.30407701285 -4.42439872847 -2.49437628916 -0.735192643805 0.341866833358 0.627376043594 0.646961234733 0.437513593146 0.312803826402 0.276215811917
 -6.31273765200 -4.37943483642 -2.34394986440 -0.617426695543 -0.0115470886509 0.323854146613 0.579492431749 0.617287591343 0.527298470745 0.498370925786
 -6.33705710897 -4.45007504523 -2.56120828116 -0.945089392814 -0.105934906272 0.365688977542 0.605344681059 0.662095318056 0.575576939298 0.489080774491
 -6.31579761563 -4.48901256946 -2.62927633889 -1.12374388883 -0.377531925886 0.181856289292 0.592457946104 0.735329232990 0.686813439561 0.600377835484
 -6.27613765814 -4.57550499279 -2.91433542649 -1.33595550584 -0.413278439994 0.0809838198842 0.516203706108 0.743149741424 0.773720329632 0.682501737090
 -6.26044222701 -4.66769292573 -3.12829813675 -1.66614706277 -0.636716247307 0.0376720231381 0.529908068703 0.777525562523 0.837124104435 0.695115293345
 -6.24771780183 -4.70148747982 -3.20317770311 -1.82128407330 -0.893994762589 -0.124114173262 0.514936896598 0.840340057780 0.899519558270 0.715459301651
# log_selcoffs_fsh[3]:
 -2.35030671673 0.290229360643 1.47680077829 0.0405261890668 -2.12515282142 -3.88970190302 -4.85525427003
 -2.32978927646 0.872703267864 1.29167729490 -0.290288839776 -2.35241396274 -3.93965457315 -4.85556944674
# log_selcoffs_fsh[4]:
 -5.92495453719 -4.79383440518 -3.63820525560 -2.41959781695 -1.14535644470 0.0566279757625 0.928945816099 1.12913306672 0.627330762207
 -5.91172840366 -4.77336259573 -3.60346617052 -2.33415330915 -1.01222241618 0.151108814966 0.936529141268 1.06677511530 0.631846491387
 -5.87591155732 -4.73474891778 -3.56909439425 -2.33174621826 -1.03396347083 0.132085861839 0.920557945775 1.07170634863 0.660237252859
 -5.80852255190 -4.65679696893 -3.50108381318 -2.31174028134 -1.07154873518 0.0657237473584 0.877114746385 1.08510370527 0.734355450674
 -5.73559096066 -4.55747327754 -3.38959361972 -2.23395171284 -1.04014060226 0.0714835451355 0.839799157245 1.05846979763 0.797548125928
 -5.66029012614 -4.49764187400 -3.31855236436 -2.13843830044 -1.02735328317 0.00213486586503 0.792718655912 1.07203119970 0.850384599390
 -5.56265686861 -4.42196553663 -3.25335776321 -2.04870673727 -0.946867161638 0.0203270086059 0.763538975214 1.03403532198 0.896033704979
 -5.43178916363 -4.29272337423 -3.17468391609 -2.01489568149 -0.906426604141 0.00374923240034 0.718197298186 1.02859417742 0.936575714807
 -5.29578183551 -4.11162360205 -3.03453352154 -2.02190926537 -0.991826062989 -0.0259036457183 0.710016620472 1.01855048911 0.974399492297
 -5.16564271903 -3.97548965252 -2.84413699111 -1.82139504723 -0.922069275304 -0.0685703564910 0.629032164432 0.996746305370 1.04340496069
 -5.06254286380 -3.85610397883 -2.71187788350 -1.68006075726 -0.769375023949 -0.00604897266428 0.586173551491 0.934641914335 1.07126627563
 -4.98713533944 -3.73545132000 -2.56709778276 -1.55117056457 -0.666012414700 0.0731867214248 0.581411709217 0.888676044356 1.05445170157
 -4.92336606456 -3.58438350158 -2.34533782771 -1.35276601373 -0.591962636287 0.0733294205955 0.581769929180 0.866973581782 1.03404064322
 -4.85675484252 -3.39354105452 -1.97704189322 -0.971392194556 -0.390699736796 0.0600527665526 0.459316617384 0.814182745377 1.05180119773
 -4.78666043414 -3.24631296859 -1.73475984586 -0.632769732520 -0.133645905940 0.0933477619286 0.352169096975 0.717263412178 1.03014423884
 -4.70000485945 -3.12262631965 -1.52800021777 -0.383169404327 -0.0421906702583 0.0767479098220 0.292352145032 0.655640018190 1.00934040248
 -4.63717763554 -3.09390024071 -1.55093644781 -0.394288344873 -0.0304464091585 0.137750718948 0.335605652892 0.639460057414 0.973364676705
 -4.58663173215 -3.18156640311 -1.89553277373 -0.914270878896 -0.231035163945 0.323550875465 0.574201193654 0.688381285628 0.898251009767
 -4.50011433129 -3.21601390659 -2.06089690654 -1.16739981278 -0.454973237159 0.178046339414 0.590065671251 0.820919003704 0.957134311249
 -4.43984058832 -3.23027926552 -2.15142761718 -1.31133760629 -0.665010120440 -0.0214145627715 0.576664750977 0.936734515660 1.00725333198
 -4.37356295753 -3.17106168461 -2.09514138160 -1.34212735303 -0.771196884275 -0.202932977578 0.444501357703 0.989463625323 1.10948527024
 -4.29960104400 -3.06170561470 -1.82152985394 -1.18493003232 -0.771024814106 -0.222232696759 0.339734613449 0.853212525821 1.24041711828
 -4.25750460947 -3.12898281405 -2.08422139540 -1.29929514045 -0.745496276520 -0.140275682947 0.365825918217 0.820126213005 1.24957057914
 -4.17051702752 -3.10260042263 -2.11122860775 -1.31585451006 -0.733013233391 -0.205409485909 0.299512854732 0.806315169744 1.29928529097
 -4.15701086453 -3.10563360349 -2.03363229354 -1.08055825236 -0.454153812988 0.0603026080079 0.442534781203 0.794627820943 1.09923762690
 -3.95880421264 -2.91034261484 -1.73261707832 -0.933151307669 -0.441158563014 0.0186564018041 0.426686018667 0.784809319581 1.08857585533
 -3.64533829913 -2.73183533884 -1.75461203315 -0.971361513086 -0.464130977553 -0.0120229410152 0.434300895274 0.828043613154 1.06739547686
 -3.11230595359 -2.37049591214 -1.62159820284 -1.01570986807 -0.559283253803 -0.165816605455 0.267331233301 0.771006767034 1.22820803122
 -2.35575218042 -1.80013179925 -1.41048030238 -1.05725797863 -0.818475577332 -0.513187028742 0.0140202748198 0.722660376441 1.39494533999
 -2.25400118324 -1.70955105123 -1.20293292806 -0.923472460818 -0.842511469823 -0.709656367862 -0.215889793319 0.630487071558 1.48383722913
 -1.84965535158 -1.20338171169 -1.15110383336 -1.17010078834 -1.05413452475 -0.846564321046 -0.332150306593 0.561152285349 1.54082877688
 -1.46089050034 -0.674476381283 -0.833867834674 -1.21616039030 -1.24003391645 -0.965587100340 -0.373516491954 0.542670166531 1.49262922178
# log_sel_spl_fsh[1]:
 0.00000000000 0.00000000000 0.00000000000 0.00000000000
 0.00000000000 0.00000000000 0.00000000000 0.00000000000
 0.00000000000 0.00000000000 0.00000000000 0.00000000000
 0.00000000000 0.00000000000 0.00000000000 0.00000000000
 0.00000000000 0.00000000000 0.00000000000 0.00000000000
 0.00000000000 0.00000000000 0.00000000000 0.00000000000
 0.00000000000 0.00000000000 0.00000000000 0.00000000000
 0.00000000000 0.00000000000 0.00000000000 0.00000000000
 0.00000000000 0.00000000000 0.00000000000 0.00000000000
 0.00000000000 0.00000000000 0.00000000000 0.00000000000
 0.00000000000 0.00000000000 0.00000000000 0.00000000000
 0.00000000000 0.00000000000 0.00000000000 0.00000000000
 0.00000000000 0.00000000000 0.00000000000 0.00000000000
 0.00000000000 0.00000000000 0.00000000000 0.00000000000
 0.00000000000 0.00000000000 0.00000000000 0.00000000000
 0.00000000000 0.00000000000 0.00000000000 0.00000000000
 0.00000000000 0.00000000000 0.00000000000 0.00000000000
 0.00000000000 0.00000000000 0.00000000000 0.00000000000
 0.00000000000 0.00000000000 0.00000000000 0.00000000000
 0.00000000000 0.00000000000 0.00000000000 0.00000000000
 0.00000000000 0.00000000000 0.00000000000 0.00000000000
 0.00000000000 0.00000000000 0.00000000000 0.00000000000
 0.00000000000 0.00000000000 0.00000000000 0.00000000000
 0.00000000000 0.00000000000 0.00000000000 0.00000000000
 0.00000000000 0.00000000000 0.00000000000 0.00000000000
 0.00000000000 0.00000000000 0.00000000000 0.00000000000
 0.00000000000 0.00000000000 0.00000000000 0.00000000000
 0.00000000000 0.00000000000 0.00000000000 0.00000000000
 0.00000000000 0.00000000000 0.00000000000 0.00000000000
 0.00000000000 0.00000000000 0.00000000000 0.00000000000
 0.00000000000 0.00000000000 0.00000000000 0.00000000000
 0.00000000000 0.00000000000 0.00000000000 0.00000000000
 0.00000000000 0.00000000000 0.00000000000 0.00000000000
 0.00000000000 0.00000000000 0.00000000000 0.00000000000
 0.00000000000 0.00000000000 0.00000000000 0.00000000000
 0.00000000000 0.00000000000 0.00000000000 0.00000000000
 0.00000000000 0.00000000000 0.00000000000 0.00000000000
# log_sel_spl_fsh[2]:
 0.00000000000 0.00000000000 0.00000000000 0.00000000000
 0.00000000000 0.00000000000 0.00000000000 0.00000000000
 0.00000000000 0.00000000000 0.00000000000 0.00000000000
 0.00000000000 0.00000000000 0.00000000000 0.00000000000
 0.00000000000 0.00000000000 0.00000000000 0.00000000000
 0.00000000000 0.00000000000 0.00000000000 0.00000000000
 0.00000000000 0.00000000000 0.00000000000 0.00000000000
 0.00000000000 0.00000000000 0.00000000000 0.00000000000
 0.00000000000 0.00000000000 0.00000000000 0.00000000000
 0.00000000000 0.00000000000 0.00000000000 0.00000000000
 0.00000000000 0.00000000000 0.00000000000 0.00000000000
 0.00000000000 0.00000000000 0.00000000000 0.00000000000
 0.00000000000 0.00000000000 0.00000000000 0.00000000000
 0.00000000000 0.00000000000 0.00000000000 0.00000000000
 0.00000000000 0.00000000000 0.00000000000 0.00000000000
 0.00000000000 0.00000000000 0.00000000000 0.00000000000
 0.00000000000 0.00000000000 0.00000000000 0.00000000000
 0.00000000000 0.00000000000 0.00000000000 0.00000000000
 0.00000000000 0.00000000000 0.00000000000 0.00000000000
 0.00000000000 0.00000000000 0.00000000000 0.00000000000
 0.00000000000 0.00000000000 0.00000000000 0.00000000000
 0.00000000000 0.00000000000 0.00000000000 0.00000000000
 0.00000000000 0.00000000000 0.00000000000 0.00000000000
 0.00000000000 0.00000000000 0.00000000000 0.00000000000
 0.00000000000 0.00000000000 0.00000000000 0.00000000000
 0.00000000000 0.00000000000 0.00000000000 0.00000000000
 0.00000000000 0.00000000000 0.00000000000 0.00000000000
 0.00000000000 0.00000000000 0.00000000000 0.00000000000
 0.00000000000 0.00000000000 0.00000000000 0.00000000000
 0.00000000000 0.00000000000 0.00000000000 0.00000000000
 0.00000000000 0.00000000000 0.00000000000 0.00000000000
 0.00000000000 0.00000000000 0.00000000000 0.00000000000
 0.00000000000 0.00000000000 0.00000000000 0.00000000000
 0.00000000000 0.00000000000 0.00000000000 0.00000000000
 0.00000000000 0.00000000000 0.00000000000 0.00000000000
 0.00000000000 0.00000000000 0.00000000000 0.00000000000
 0.00000000000 0.00000000000 0.00000000000 0.00000000000
 0.00000000000 0.00000000000 0.00000000000 0.00000000000
# log_sel_spl_fsh[3]:
 0.00000000000 0.00000000000 0.00000000000 0.00000000000
 0.00000000000 0.00000000000 0.00000000000 0.00000000000
# log_sel_spl_fsh[4]:
 0.00000000000 0.00000000000 0.00000000000 0.00000000000
 0.00000000000 0.00000000000 0.00000000000 0.00000000000
 0.00000000000 0.00000000000 0.00000000000 0.00000000000
 0.00000000000 0.00000000000 0.00000000000 0.00000000000
 0.00000000000 0.00000000000 0.00000000000 0.00000000000
 0.00000000000 0.00000000000 0.00000000000 0.00000000000
 0.00000000000 0.00000000000 0.00000000000 0.00000000000
 0.00000000000 0.00000000000 0.00000000000 0.00000000000
 0.00000000000 0.00000000000 0.00000000000 0.00000000000
 0.00000000000 0.00000000000 0.00000000000 0.00000000000
 0.00000000000 0.00000000000 0.00000000000 0.00000000000
 0.00000000000 0.00000000000 0.00000000000 0.00000000000
 0.00000000000 0.00000000000 0.00000000000 0.00000000000
 0.00000000000 0.00000000000 0.00000000000 0.00000000000
 0.00000000000 0.00000000000 0.00000000000 0.00000000000
 0.00000000000 0.00000000000 0.00000000000 0.00000000000
 0.00000000000 0.00000000000 0.00000000000 0.00000000000
 0.00000000000 0.00000000000 0.00000000000 0.00000000000
 0.00000000000 0.00000000000 0.00000000000 0.00000000000
 0.00000000000 0.00000000000 0.00000000000 0.00000000000
 0.00000000000 0.00000000000 0.00000000000 0.00000000000
 0.00000000000 0.00000000000 0.00000000000 0.00000000000
 0.00000000000 0.00000000000 0.00000000000 0.00000000000
 0.00000000000 0.00000000000 0.00000000000 0.00000000000
 0.00000000000 0.00000000000 0.00000000000 0.00000000000
 0.00000000000 0.00000000000 0.00000000000 0.00000000000
 0.00000000000 0.00000000000 0.00000000000 0.00000000000
 0.00000000000 0.00000000000 0.00000000000 0.00000000000
 0.00000000000 0.00000000000 0.00000000000 0.00000000000
 0.00000000000 0.00000000000 0.00000000000 0.00000000000
 0.00000000000 0.00000000000 0.00000000000 0.00000000000
 0.00000000000 0.00000000000 0.00000000000 0.00000000000
# logsel_slope_fsh[1]:
 0.00000000000 0.00000000000 0.00000000000 0.00000000000 0.00000000000 0.00000000000 0.00000000000 0.00000000000 0.00000000000 0.00000000000 0.00000000000 0.00000000000 0.00000000000 0.00000000000 0.00000000000 0.00000000000 0.00000000000 0.00000000000 0.00000000000 0.00000000000 0.00000000000 0.00000000000 0.00000000000 0.00000000000 0.00000000000 0.00000000000 0.00000000000 0.00000000000 0.00000000000 0.00000000000 0.00000000000 0.00000000000 0.00000000000 0.00000000000 0.00000000000 0.00000000000 0.00000000000
# logsel_slope_fsh[2]:
 0.00000000000 0.00000000000 0.00000000000 0.00000000000 0.00000000000 0.00000000000 0.00000000000 0.00000000000 0.00000000000 0.00000000000 0.00000000000 0.00000000000 0.00000000000 0.00000000000 0.00000000000 0.00000000000 0.00000000000 0.00000000000 0.00000000000 0.00000000000 0.00000000000 0.00000000000 0.00000000000 0.00000000000 0.00000000000 0.00000000000 0.00000000000 0.00000000000 0.00000000000 0.00000000000 0.00000000000 0.00000000000 0.00000000000 0.00000000000 0.00000000000 0.00000000000 0.00000000000 0.00000000000
# logsel_slope_fsh[3]:
 0.00000000000 0.00000000000
# logsel_slope_fsh[4]:
 0.00000000000 0.00000000000 0.00000000000 0.00000000000 0.00000000000 0.00000000000 0.00000000000 0.00000000000 0.00000000000 0.00000000000 0.00000000000 0.00000000000 0.00000000000 0.00000000000 0.00000000000 0.00000000000 0.00000000000 0.00000000000 0.00000000000 0.00000000000 0.00000000000 0.00000000000 0.00000000000 0.00000000000 0.00000000000 0.00000000000 0.00000000000 0.00000000000 0.00000000000 0.00000000000 0.00000000000 0.00000000000
# sel50_fsh[1]:
 0.00000000000 0.00000000000 0.00000000000 0.00000000000 0.00000000000 0.00000000000 0.00000000000 0.00000000000 0.00000000000 0.00000000000 0.00000000000 0.00000000000 0.00000000000 0.00000000000 0.00000000000 0.00000000000 0.00000000000 0.00000000000 0.00000000000 0.00000000000 0.00000000000 0.00000000000 0.00000000000 0.00000000000 0.00000000000 0.00000000000 0.00000000000 0.00000000000 0.00000000000 0.00000000000 0.00000000000 0.00000000000 0.00000000000 0.00000000000 0.00000000000 0.00000000000 0.00000000000
# sel50_fsh[2]:
 0.00000000000 0.00000000000 0.00000000000 0.00000000000 0.00000000000 0.00000000000 0.00000000000 0.00000000000 0.00000000000 0.00000000000 0.00000000000 0.00000000000 0.00000000000 0.00000000000 0.00000000000 0.00000000000 0.00000000000 0.00000000000 0.00000000000 0.00000000000 0.00000000000 0.00000000000 0.00000000000 0.00000000000 0.00000000000 0.00000000000 0.00000000000 0.00000000000 0.00000000000 0.00000000000 0.00000000000 0.00000000000 0.00000000000 0.00000000000 0.00000000000 0.00000000000 0.00000000000 0.00000000000
# sel50_fsh[3]:
 0.00000000000 0.00000000000
# sel50_fsh[4]:
 0.00000000000 0.00000000000 0.00000000000 0.00000000000 0.00000000000 0.00000000000 0.00000000000 0.00000000000 0.00000000000 0.00000000000 0.00000000000 0.00000000000 0.00000000000 0.00000000000 0.00000000000 0.00000000000 0.00000000000 0.00000000000 0.00000000000 0.00000000000 0.00000000000 0.00000000000 0.00000000000 0.00000000000 0.00000000000 0.00000000000 0.00000000000 0.00000000000 0.00000000000 0.00000000000 0.00000000000 0.00000000000
# logsel_p1_fsh[1]:
 0.00000000000 0.00000000000 0.00000000000 0.00000000000 0.00000000000 0.00000000000 0.00000000000 0.00000000000 0.00000000000 0.00000000000 0.00000000000 0.00000000000 0.00000000000 0.00000000000 0.00000000000 0.00000000000 0.00000000000 0.00000000000 0.00000000000 0.00000000000 0.00000000000 0.00000000000 0.00000000000 0.00000000000 0.00000000000 0.00000000000 0.00000000000 0.00000000000 0.00000000000 0.00000000000 0.00000000000 0.00000000000 0.00000000000 0.00000000000 0.00000000000 0.00000000000 0.00000000000
# logsel_p1_fsh[2]:
 0.00000000000 0.00000000000 0.00000000000 0.00000000000 0.00000000000 0.00000000000 0.00000000000 0.00000000000 0.00000000000 0.00000000000 0.00000000000 0.00000000000 0.00000000000 0.00000000000 0.00000000000 0.00000000000 0.00000000000 0.00000000000 0.00000000000 0.00000000000 0.00000000000 0.00000000000 0.00000000000 0.00000000000 0.00000000000 0.00000000000 0.00000000000 0.00000000000 0.00000000000 0.00000000000 0.00000000000 0.00000000000 0.00000000000 0.00000000000 0.00000000000 0.00000000000 0.00000000000 0.00000000000
# logsel_p1_fsh[3]:
 0.00000000000 0.00000000000
# logsel_p1_fsh[4]:
 0.00000000000 0.00000000000 0.00000000000 0.00000000000 0.00000000000 0.00000000000 0.00000000000 0.00000000000 0.00000000000 0.00000000000 0.00000000000 0.00000000000 0.00000000000 0.00000000000 0.00000000000 0.00000000000 0.00000000000 0.00000000000 0.00000000000 0.00000000000 0.00000000000 0.00000000000 0.00000000000 0.00000000000 0.00000000000 0.00000000000 0.00000000000 0.00000000000 0.00000000000 0.00000000000 0.00000000000 0.00000000000
# sel_p2_fsh[1]:
 0.00000000000 0.00000000000 0.00000000000 0.00000000000 0.00000000000 0.00000000000 0.00000000000 0.00000000000 0.00000000000 0.00000000000 0.00000000000 0.00000000000 0.00000000000 0.00000000000 0.00000000000 0.00000000000 0.00000000000 0.00000000000 0.00000000000 0.00000000000 0.00000000000 0.00000000000 0.00000000000 0.00000000000 0.00000000000 0.00000000000 0.00000000000 0.00000000000 0.00000000000 0.00000000000 0.00000000000 0.00000000000 0.00000000000 0.00000000000 0.00000000000 0.00000000000 0.00000000000
# sel_p2_fsh[2]:
 0.00000000000 0.00000000000 0.00000000000 0.00000000000 0.00000000000 0.00000000000 0.00000000000 0.00000000000 0.00000000000 0.00000000000 0.00000000000 0.00000000000 0.00000000000 0.00000000000 0.00000000000 0.00000000000 0.00000000000 0.00000000000 0.00000000000 0.00000000000 0.00000000000 0.00000000000 0.00000000000 0.00000000000 0.00000000000 0.00000000000 0.00000000000 0.00000000000 0.00000000000 0.00000000000 0.00000000000 0.00000000000 0.00000000000 0.00000000000 0.00000000000 0.00000000000 0.00000000000 0.00000000000
# sel_p2_fsh[3]:
 0.00000000000 0.00000000000
# sel_p2_fsh[4]:
 0.00000000000 0.00000000000 0.00000000000 0.00000000000 0.00000000000 0.00000000000 0.00000000000 0.00000000000 0.00000000000 0.00000000000 0.00000000000 0.00000000000 0.00000000000 0.00000000000 0.00000000000 0.00000000000 0.00000000000 0.00000000000 0.00000000000 0.00000000000 0.00000000000 0.00000000000 0.00000000000 0.00000000000 0.00000000000 0.00000000000 0.00000000000 0.00000000000 0.00000000000 0.00000000000 0.00000000000 0.00000000000
# logsel_p3_fsh[1]:
 0.00000000000 0.00000000000 0.00000000000 0.00000000000 0.00000000000 0.00000000000 0.00000000000 0.00000000000 0.00000000000 0.00000000000 0.00000000000 0.00000000000 0.00000000000 0.00000000000 0.00000000000 0.00000000000 0.00000000000 0.00000000000 0.00000000000 0.00000000000 0.00000000000 0.00000000000 0.00000000000 0.00000000000 0.00000000000 0.00000000000 0.00000000000 0.00000000000 0.00000000000 0.00000000000 0.00000000000 0.00000000000 0.00000000000 0.00000000000 0.00000000000 0.00000000000 0.00000000000
# logsel_p3_fsh[2]:
 0.00000000000 0.00000000000 0.00000000000 0.00000000000 0.00000000000 0.00000000000 0.00000000000 0.00000000000 0.00000000000 0.00000000000 0.00000000000 0.00000000000 0.00000000000 0.00000000000 0.00000000000 0.00000000000 0.00000000000 0.00000000000 0.00000000000 0.00000000000 0.00000000000 0.00000000000 0.00000000000 0.00000000000 0.00000000000 0.00000000000 0.00000000000 0.00000000000 0.00000000000 0.00000000000 0.00000000000 0.00000000000 0.00000000000 0.00000000000 0.00000000000 0.00000000000 0.00000000000 0.00000000000
# logsel_p3_fsh[3]:
 0.00000000000 0.00000000000
# logsel_p3_fsh[4]:
 0.00000000000 0.00000000000 0.00000000000 0.00000000000 0.00000000000 0.00000000000 0.00000000000 0.00000000000 0.00000000000 0.00000000000 0.00000000000 0.00000000000 0.00000000000 0.00000000000 0.00000000000 0.00000000000 0.00000000000 0.00000000000 0.00000000000 0.00000000000 0.00000000000 0.00000000000 0.00000000000 0.00000000000 0.00000000000 0.00000000000 0.00000000000 0.00000000000 0.00000000000 0.00000000000 0.00000000000 0.00000000000
# rec_dev_future:
 0.00000000000 0.00000000000 0.00000000000 0.00000000000 0.00000000000 0.00000000000 0.00000000000 0.00000000000 0.00000000000 0.00000000000 0.00000000000 0.00000000000 0.00000000000 0.00000000000 0.00000000000 0.00000000000 0.00000000000 0.00000000000 0.00000000000 0.00000000000
 0.00000000000 0.00000000000 0.00000000000 0.00000000000 0.00000000000 0.00000000000 0.00000000000 0.00000000000 0.00000000000 0.00000000000 0.00000000000 0.00000000000 0.00000000000 0.00000000000 0.00000000000 0.00000000000 0.00000000000 0.00000000000 0.00000000000 0.00000000000
# log_q_ind[1]:
-0.0715888599689
# log_q_ind[2]:
-2.99705406575
# log_q_ind[3]:
-9.54239949329
# log_q_ind[4]:
-0.798322796931
# log_q_ind[5]:
-4.04594838475
# log_q_ind[6]:
-6.37817499196
# log_q_ind[7]:
-1.04140052402
# log_q_power_ind[1]:
0.00000000000
# log_q_power_ind[2]:
0.00000000000
# log_q_power_ind[3]:
0.00000000000
# log_q_power_ind[4]:
0.00000000000
# log_q_power_ind[5]:
0.00000000000
# log_q_power_ind[6]:
0.00000000000
# log_q_power_ind[7]:
0.00000000000
# log_rw_q_ind[1]:
 -1.22199536567
# log_rw_q_ind[3]:
 -0.299704863476
# log_selcoffs_ind[1]:
 -3.21229663952 -2.09393349691 -1.02423216944 -0.193082127523 0.269733900783 0.460266674500 0.456058919902 0.381800968021 0.319343921892 0.292629908892
 -3.17543852549 -2.23634917550 -1.32219310900 -0.487661847285 0.157956700800 0.502641099654 0.566196743163 0.468882430385 0.357783711127 0.305018768722
# log_selcoffs_ind[2]:
 -0.681842165098 -0.168448063229 0.149803228840 0.254171149085 0.134787424890 -0.00442588091928 -0.0522212579077 -0.00793492041854 0.0486797576916 0.0651931877575
 -0.228524791162 -0.0198828430247 0.0986548359471 0.198017347106 0.202185422643 0.108311363773 -0.0203898078479 -0.118452631842 -0.162757241979 -0.168497604039
 0.138558741042 0.0694568534299 0.107889600619 0.201526326761 0.204610177932 0.0868501780533 -0.0882950595580 -0.243079755789 -0.329527100726 -0.348819448836
# log_selcoffs_ind[3]:
 -0.202940821038 0.0202027052767 0.0202027052767 0.0202027052767 0.0202027052767 0.0202027052767 0.0202027052767 0.0202027052767 0.0202027052767 0.0202027052767
# log_selcoffs_ind[4]:
 -2.40485830562 -1.41206896691 -0.566936691809 -0.0543731835169 0.123273451906 0.205116324613 0.276073241225 0.347292996075 0.406142628845 0.443846002854
 -3.02267105145 -2.16818255911 -1.33431598292 -0.624773712425 -0.112451057566 0.236672074853 0.460190472956 0.572974860231 0.579049592947 0.551182485002
# log_selcoffs_ind[5]:
 -3.04452005677 -0.669616569639 0.101782682789 0.174353368097 0.174353368097 0.174353368097 0.174353368097 0.174353368097 0.174353368097 0.174353368097
# log_selcoffs_ind[6]:
 -3.04452005677 -0.669616569639 0.101782682789 0.174353368097 0.174353368097 0.174353368097 0.174353368097 0.174353368097 0.174353368097 0.174353368097
# log_selcoffs_ind[7]:
 -3.04452005677 -0.669616569639 0.101782682789 0.174353368097 0.174353368097 0.174353368097 0.174353368097 0.174353368097 0.174353368097 0.174353368097
# logsel_slope_ind[1]:
 0.00000000000 0.00000000000
# logsel_slope_ind[2]:
 0.00000000000 0.00000000000 0.00000000000
# logsel_slope_ind[3]:
 0.00000000000
# logsel_slope_ind[4]:
 0.00000000000 0.00000000000
# logsel_slope_ind[5]:
 0.00000000000
# logsel_slope_ind[6]:
 0.00000000000
# logsel_slope_ind[7]:
 0.00000000000
# sel50_ind[1]:
 0.00000000000 0.00000000000
# sel50_ind[2]:
 0.00000000000 0.00000000000 0.00000000000
# sel50_ind[3]:
 0.00000000000
# sel50_ind[4]:
 0.00000000000 0.00000000000
# sel50_ind[5]:
 0.00000000000
# sel50_ind[6]:
 0.00000000000
# sel50_ind[7]:
 0.00000000000
# logsel_p1_ind[1]:
 0.00000000000 0.00000000000
# logsel_p1_ind[2]:
 0.00000000000 0.00000000000 0.00000000000
# logsel_p1_ind[3]:
 0.00000000000
# logsel_p1_ind[4]:
 0.00000000000 0.00000000000
# logsel_p1_ind[5]:
 0.00000000000
# logsel_p1_ind[6]:
 0.00000000000
# logsel_p1_ind[7]:
 0.00000000000
# sel_p2_ind[1]:
 0.00000000000 0.00000000000
# sel_p2_ind[2]:
 0.00000000000 0.00000000000 0.00000000000
# sel_p2_ind[3]:
 0.00000000000
# sel_p2_ind[4]:
 0.00000000000 0.00000000000
# sel_p2_ind[5]:
 0.00000000000
# sel_p2_ind[6]:
 0.00000000000
# sel_p2_ind[7]:
 0.00000000000
# logsel_p3_ind[1]:
 0.00000000000 0.00000000000
# logsel_p3_ind[2]:
 0.00000000000 0.00000000000 0.00000000000
# logsel_p3_ind[3]:
 0.00000000000
# logsel_p3_ind[4]:
 0.00000000000 0.00000000000
# logsel_p3_ind[5]:
 0.00000000000
# logsel_p3_ind[6]:
 0.00000000000
# logsel_p3_ind[7]:
 0.00000000000
