# Number of parameters = 1615 Objective function value = 4340.79967169557  Maximum gradient component = 0.000225355912877678
# Mest[1]:
0.280000000000
# Mest[2]:
0.330000000000
# log_Linf[1]:
4.29810139974
# log_Linf[2]:
4.29810139974
# log_k[1]:
-1.83258146375
# log_k[2]:
-1.83258146375
# log_Lo[1]:
2.60712428251
# log_Lo[2]:
2.60712428251
# log_sdage[1]:
-2.40794560865
# log_sdage[2]:
-2.40794560865
# mean_log_rec[1]:
9.29635050523
# mean_log_rec[2]:
6.99792336527
# mean_log_rec[3]:
6.25628159431
# steepness[1]:
0.650000000000
# steepness[2]:
0.650000000000
# steepness[3]:
0.650000000000
# log_Rzero[1]:
9.31178366656
# log_Rzero[2]:
7.62328056401
# log_Rzero[3]:
5.91682311944
# rec_dev:
 -0.0346048765415 -0.0452351079598 -0.0588367023552 -0.0761693294147 -0.0981644287894 -0.125869259831 -0.159578998338 -0.198793801681 -0.245419900698 -0.301097911633 -0.364716282996 -0.423754009046 -0.490221750419 -0.568749298321 -0.692602075381 -0.721417730356 -0.506905692776 -0.330263409004 -0.0496476019902 0.210279560812 0.276458126959 0.311179130352 0.444855099595 0.553506208849 1.04073471405 0.818576572827 0.860067504560 1.67895836332 1.54362035389 0.742466554748 0.178592071097 0.430897304267 0.619973597496 0.709136004841 0.205648143957 0.236757923443 0.0238441806421 0.214180317957 0.360662106542 0.448137304498 0.566037188509 0.646232865952 0.635134338075 0.526692005128 0.0581105615861 -0.511279021123 -0.420767807682 -0.857075894510 -1.64017003245 -0.797369828017 -0.987496606601 -1.29475013221 -1.34019616792 -1.36062944678 -1.17920398938 -0.687141382228 -0.652875974700 -0.391628492570 -0.0839012144348 0.340148918075 0.201015943063 -0.0499198461623 0.448941855898 0.0405943762638 -0.337310193518 0.167981422839
 -0.249091859843 -0.319746795706 -0.403814497970 -0.500125455539 -0.605673959578 -0.718490428597 -0.834432909952 -0.936361071555 -0.929369089053 -1.03565539720 -0.830586076937 -0.542212506416 -0.284868494359 0.154572492853 -0.164415494832 -0.257383495552 0.631719047657 0.782451538279 0.395600500332 0.762693114305 0.716331100259 0.186810357771 0.00539553224963 0.355549230075 -0.843827335999 -1.91313048549 -0.508584072998 0.468477052022 1.19949074796 0.562673883147 0.406390394782 -0.548869829728 -0.607610389587 0.690871362412 0.664306623394 0.789142556757 1.55935252373 0.713200102074 0.881122763730 1.01937030128 2.26635372485 2.29108147835 0.560520211524 1.35924152978 -2.03797227450 0.757471203347 1.69833806129 0.814930255309 -0.836205281461 -1.17020691785 1.47651368376 0.977591525982 -0.104701462492 -0.152899104897 -2.41620470295 -2.59620463166 -1.48386595272 0.193886366990 1.28464007733 1.53460855464 -1.10359844593 -0.685905612534 -1.02685698379 -1.90948678134 -1.37215460372 -0.0813841067475
# log_sigmar[1]:
-0.510825623766
# log_sigmar[2]:
-0.510825623766
# log_sigmar[3]:
-0.510825623766
# fmort:
 -4.79863955392 -4.39570672547 -5.13789985903 -4.82647724032 -4.07166130930 -3.75338245028 -3.43271199680 -3.46551415088 -2.82424636793 -2.95883124431 -3.24547788132 -2.85810004563 -2.13660554171 -3.09075950578 -2.29682866752 -2.88105436762 -5.28690534072 -4.00868341286 -4.36065394081 -4.42825962836 -4.43782159133 -4.06026974422 -3.95324104023 -3.75205831516 -4.18293236614 -3.88238092229 -3.40407555227 -4.47841217450 -5.73334965897 -5.14583715491 -4.72893056085 -4.08050150058 -4.94225235571 -4.46986020676 -4.27757682218 -3.70065053631 -3.55160375500 -3.11828305561 -2.65072368118 -2.94932665581 -2.38499358972 -3.95254579007 -4.92531890095 -4.42369255296 -4.35580540479 -3.96014981724 -4.19239614964 -3.67189857157 -4.77025975947 -5.03841044945 -3.85673184099 -3.87286464246 -4.02815644720 -4.21561093518 -3.94399108674
 -7.18275743177 -6.74931881277 -6.28225777689 -5.68923587715 -5.90369618947 -5.18990766223 -4.66641319008 -4.35151252489 -3.91111762221 -3.71539515088 -3.59493510376 -2.85948083719 -2.62776041548 -2.90161158843 -2.60065667006 -2.30368745225 -2.23016839428 -2.04356440390 -2.07560813275 -2.02155004401 -1.97043128289 -1.53820712720 -1.09167541884 -0.975620532342 -0.546169818656 0.00497295941284 0.252525282607 0.422476937307 -0.0825194297088 -0.526378412465 -0.826632078106 -0.635651651851 -0.605518430132 -0.789108478924 -0.861121541564 -0.866964736049 -0.988126865863 -0.917926123847 -1.20387387193 -1.01065412216 -1.50803742790 -1.75195410840 -1.81257771948 -1.88901047972 -1.90845389496 -1.68767472677 -1.52712820745 -1.38767822182 -1.24133812078 -1.32772417913 -1.29062412236 -1.20559430982 -1.21068840330 -1.08064478404 -0.654697541261
 -5.73636888922 -4.96744022103 -4.11745419524 -3.22580717943 -2.06441918128 -3.17656151675 -2.79412974665 -0.366818952121 -0.550469833953 -0.470176162607 -0.0607898983414 0.631105755341 -0.466230094381 -0.821308311559 -0.453516900213 -0.0655948132746 -0.328075212754 -1.44105007638 -0.474228104470 -0.910960262664 -0.257075628396 -0.372281673148 -0.718106741968 -0.881882519158 -0.926542734627 0.492421752030 0.918963797589 1.75301551679 3.26058180214 2.06998075808 1.05652518418 1.93837590777 3.03517048327 3.52652983357 3.45413082190 3.18227139254 3.86904028993 3.68445995493 3.87124842741 4.45341531884 2.03637291668 3.63325116769 3.60289757963 3.39164073142 3.70394820512 2.14219886396 1.89740322334 0.293588992241 2.14040114754 2.48369708887 2.19131203929 2.44447412710 2.77668123038 2.87711204494 2.85927229834
 -9.63091146403 -9.57100458799 -7.80524487272 -9.44121023570 -9.36620313754 -9.31722512472 -9.27383729252 -8.56955297787 -5.58457871578 -3.72816098729 -3.91374269408 -3.72823297609 -3.23110030962 -3.17313743628 -3.15201315287 -3.52809643220 -3.61022355317 -3.97899073480 -4.09445452419 -4.03396962378 -3.54894898888 -3.55198709429 -6.17670126259 -9.84684062595 -9.72569908829 -9.37850277009 -9.01762498840 -8.73730706222 -8.80319850848 -9.05515076959 -8.03186887783 -5.65535295802 -3.80435913741 -2.65348695858 -2.02259112365 -2.26748320005 -1.82122638651 -1.42206056731 -1.09918319025 -0.785857669301 -0.598119832125 -1.78918082561 -2.29022637953 -2.35926621800 -1.57959619262 -1.17154099497 -1.55399298322 -1.94981272724 -2.06849153701 -2.53954820921 -4.91763582577 -2.99252717187 -3.06749975368 -2.80610704933 -4.25509601555
# log_selcoffs_fsh[1]:
 -3.63991871924 -1.95217587333 -0.906612662470 0.0823782763238 0.914517746209 0.994666261337 0.259338550711 -0.605445121443 -1.20155357421
 -3.21726283693 -1.51480297680 -0.753034089925 0.0478778131428 0.817096812048 0.938007766657 0.332356863094 -0.449535219572 -0.996614986358
 -2.88934652595 -1.39703382152 -0.525004576204 0.281154769530 0.796571081437 0.765556901252 0.262930105994 -0.380507111093 -0.847507180604
 -2.48004690511 -1.17636009199 -0.509656278175 0.135359612146 0.830978588762 0.761440999886 0.226208105200 -0.358374150838 -0.749423122668
 -1.82791824717 -0.294663940151 0.0320354213191 0.285096008441 0.506176783516 0.482921499586 0.147472485645 -0.287617059294 -0.610025006353
 -1.70951111929 -0.496226267054 0.476317342506 0.697792774131 0.335099516124 0.111593100236 -0.127701297486 -0.411410106286 -0.631474856685
 -1.42784094238 -0.360568109800 0.547023503608 0.772909480417 0.322359917987 -0.0542835755206 -0.312757841284 -0.519213852789 -0.664029567361
 -1.02858065947 -0.184657968921 0.593240667792 0.810278775130 0.226726907258 -0.186089784069 -0.453084662974 -0.617538137011 -0.707049003984
 -0.749932005281 0.250600300439 0.494154693323 0.619570511527 0.309903168681 -0.202491284930 -0.530543255028 -0.687305315906 -0.745786375009
 -0.519491053337 0.395981960623 0.586267516629 0.590964083839 0.153548583761 -0.334772999805 -0.646077117680 -0.770160892043 -0.803326197384
 -0.0108257301082 0.932514722117 0.465340175208 0.175946596057 -0.218956466716 -0.555588862220 -0.770744144406 -0.854756225920 -0.867976196456
 0.195141024990 0.877585076191 0.628566007068 0.136439958471 -0.417920282466 -0.715662405206 -0.870060148948 -0.926262683958 -0.926121783294
 -0.0445353466339 1.14663909886 0.658142708267 -0.0824968600391 -0.639241898737 -0.888015521432 -0.985333806291 -1.01029758202 -1.00142296425
 0.184623896217 1.17799710604 0.603373134138 -0.170843379266 -0.761563108765 -0.992119793160 -1.06229958876 -1.06662621103 -1.04814231849
 0.197513660321 1.22379988169 0.589333793373 -0.221286857567 -0.819005021061 -1.05604043442 -1.12261211222 -1.11713056977 -1.09086242017
 -0.196554585806 1.30037603065 0.688901588459 -0.191810094295 -0.858219032970 -1.11262345714 -1.18179910463 -1.16979891395 -1.13628709458
 -0.0677286849082 1.34280920799 0.608473627812 -0.251267470269 -0.904711713439 -1.16060484764 -1.22837433870 -1.20930505631 -1.16753682836
 0.509727091128 1.14782605003 0.627654417395 -0.293610352185 -0.956235133446 -1.20461873180 -1.26479190783 -1.23309182507 -1.18019615937
 0.830460613233 1.13685141288 0.377667546953 -0.428586277938 -1.03842333714 -1.27480598931 -1.32383947099 -1.27407176747 -1.20704810451
 0.572260363643 1.25007961326 0.527685816534 -0.440471753466 -1.11711608421 -1.35552793385 -1.38698378397 -1.31069842265 -1.22458295602
 0.655134901792 1.32841428574 0.360109179063 -0.584099463106 -1.22719176402 -1.44822029622 -1.45863383474 -1.35118840835 -1.24180350667
 0.664010826539 1.31761014845 0.457675300072 -0.669078482610 -1.34551865242 -1.54513151850 -1.52495115651 -1.38223628104 -1.24467896503
 0.831476525629 1.27472166343 0.359185230570 -0.693885725291 -1.39435692278 -1.60610388141 -1.57395318781 -1.40087015305 -1.23262294952
 0.508130218525 1.43979603014 0.359950462119 -0.707335679426 -1.39922938071 -1.62347709351 -1.59496490917 -1.40323577267 -1.20712695755
 0.665696692521 1.34120527742 0.367856387908 -0.632998688542 -1.32969220728 -1.58223061855 -1.56704356601 -1.36128345691 -1.14004133239
 0.764695564874 1.20377794452 0.414968871375 -0.468500559392 -1.23148533787 -1.50239825913 -1.48321476579 -1.26856817754 -1.03249583851
 0.405996084773 1.27858730993 0.487706367608 -0.359811405062 -1.12155425008 -1.37265453361 -1.33325905225 -1.11538589380 -0.890026902334
 0.439110340962 1.26306629514 0.371810790512 -0.473881646872 -1.05840543200 -1.23317973163 -1.14827964822 -0.925486024833 -0.718276227026
 1.13811947402 0.778644422111 0.0328454694249 -0.638886957769 -1.02944108462 -1.10507018287 -0.970142922459 -0.728689935887 -0.528726861122
 0.703750004436 1.03934652649 0.0729408415755 -0.679560463193 -0.970819005923 -0.951898380125 -0.765435195738 -0.508160853732 -0.304769446266
 0.424708943569 1.02118411820 -0.0247949249488 -0.647292600604 -0.826522855950 -0.760224310418 -0.535117009309 -0.267726712591 -0.0623479472588
 0.300243025334 0.638221207631 -0.0697387885543 -0.509960130214 -0.598829477660 -0.489718706917 -0.252639561244 0.0251377610505 0.230388036780
 -0.614363830622 0.276729625752 -0.0587788145162 -0.304258334309 -0.291768586053 -0.204141809071 0.0227937303511 0.261363494956 0.454621126384
 -1.12383813206 -0.472399292892 -0.466438689026 -0.270524799251 -0.0479373492838 0.0339714059284 0.303784689984 0.432846817938 0.574863996575
 -0.772799346932 -0.296123140061 -0.783940098684 -0.742347545489 -0.390632621958 -0.0437081321405 0.305674638803 0.568934599826 0.743935405673
 -0.274378252361 -1.16883351506 -1.27514741189 -0.945505657016 -0.489648665450 -0.0489707969153 0.358248331031 0.665547997615 0.841535167967
 -1.54933918033 -1.58489137904 -1.41431418623 -0.866005179821 -0.342638384223 0.0425249165689 0.465146030975 0.755999292595 0.893471780526
 -2.32723202236 -1.80215522727 -1.47720088595 -0.888953683028 -0.330172984131 0.114432686860 0.463332049528 0.765146508312 0.924030050285
 -2.56423055861 -2.42640617212 -2.04030314913 -1.28778374135 -0.415189541466 0.222616494589 0.629864901080 0.824881160724 0.858777750680
 -2.94389348054 -2.77591610831 -2.26857684041 -1.42005630248 -0.509223284881 0.263470587455 0.701170129452 0.834186952583 0.840892441383
 -2.95260043115 -2.75522992179 -2.19341890835 -1.39458748147 -0.587287926820 0.0853902185339 0.600145243207 0.897008134838 0.957478057737
 -3.19474573351 -2.70132213189 -1.99069333111 -1.29059740436 -0.562200664734 0.0313748232255 0.493801534397 0.889476786521 1.03175434154
# log_selcoffs_fsh[2]:
 -2.18791593240 -0.200068684352 0.609373130728 0.932591565497 0.677882511379 0.102558923278 -0.424117583005 -0.868107601698 -1.20683320353 -1.43602679869
 -2.13525969345 -0.208289828785 -0.117001098203 0.481749307772 0.897119604810 0.660536278416 0.00191179584696 -0.629830766101 -1.04019162975 -1.25531838928
 -2.58925468048 -0.771489024849 -0.230405750790 0.362078428226 0.873581031527 0.806471733366 0.190303377991 -0.459695207017 -0.876583329541 -1.08081942966
 -2.88254385281 -1.29861585622 -0.381335364378 0.202523105127 0.817191193620 0.902417327460 0.304957300968 -0.286546309372 -0.675526463570 -0.873072331131
 -2.37671369632 -0.853323707689 -0.743716673346 -0.224679088758 0.559788779778 0.907130330529 0.515978475646 0.0252953206288 -0.346958560317 -0.558973349050
 -1.86032943633 -0.712197003197 -0.480539366262 -0.368109282366 0.144827998138 0.574357529560 0.610536994511 0.354808851012 0.0290057901463 -0.204893791746
 -2.50196874612 -1.17176549263 -0.266388235272 -0.101854907740 0.00412630332421 0.295697870123 0.517569859453 0.484874386949 0.243043364030 0.0136231041953
 -3.07885283448 -2.01551941656 -1.16360509036 -0.415152283124 0.146415457374 0.477799102580 0.648589048289 0.534531117980 0.312977524029 0.0870596044057
 -3.39249790831 -2.33745083149 -1.67480888651 -0.965053647543 -0.177440398946 0.338092740268 0.678979649229 0.759742460099 0.537745484974 0.215176820953
 -3.53782895325 -2.30358350913 -1.59261377162 -1.10162935943 -0.657351258390 -0.0662751284294 0.465426885531 0.913148785850 0.839575764177 0.392697007401
 -3.48703870131 -1.95804793632 -1.23013381393 -0.808797309757 -0.471687159425 -0.225984682021 0.240874495082 0.771161355068 0.881558138583 0.598645665644
 -3.52843264707 -2.01065881253 -1.19275542426 -0.779767978118 -0.441157953012 -0.125122726825 0.380079211082 0.697556292399 0.756006372041 0.666895824890
 -3.32999698709 -1.50032025683 -0.904070293564 -0.576502807622 -0.344979414149 -0.255260827598 0.149408906502 0.505556060551 0.746988064636 0.859395352236
 -3.07404914227 -1.26969495123 -0.694423148859 -0.520061591796 -0.446768336839 -0.319294605481 -0.00619411485863 0.378015365383 0.743989237031 0.976491779348
 -2.83508951174 -0.836066719180 -0.537288440755 -0.619057447572 -0.699001441575 -0.538455566615 -0.139237657731 0.311790087051 0.771419041415 1.06665349972
 -2.55514962297 -0.563487134632 -0.625709144668 -0.742237978543 -0.836620943965 -0.652022004410 -0.227016642885 0.263181060842 0.774475497525 1.13801972293
 -2.12936881539 -0.614046887509 -0.670908953235 -0.791135876332 -0.920279631507 -0.799932646769 -0.381543507556 0.179751264883 0.784944640920 1.23999005571
 -2.40149180749 -0.670702611207 -0.552881014926 -0.744248974220 -0.947447123484 -0.851968979931 -0.452843702134 0.128392219063 0.766499335353 1.28324996782
 -2.65420034253 -0.912398909985 -0.605511084637 -0.767326759044 -0.967135073732 -0.859376466765 -0.445803479643 0.138262629132 0.784145733675 1.31783319729
 -2.69055779880 -1.14433165657 -0.842501881968 -0.779095092382 -0.939826018195 -0.874745226161 -0.471134884419 0.139676378182 0.813383755668 1.35760706920
 -2.63801310714 -1.10118472035 -0.678074974122 -0.583357293906 -0.837077073072 -0.922182216820 -0.597831693669 0.0256680421909 0.770654441716 1.37689955834
 -2.67011260321 -1.07575600855 -0.553747661800 -0.369740552263 -0.624729627077 -0.798439070118 -0.605734079426 -0.0947489126706 0.668090010547 1.36934912767
 -2.77247112867 -1.40491383331 -0.594214269908 -0.188136559924 -0.327390683449 -0.581718271105 -0.530239667634 -0.167940793207 0.541496736206 1.35568634369
 -2.82645561262 -1.56711244360 -0.722618364368 -0.184952136018 -0.00506478532418 -0.210512964583 -0.200182910833 0.00834243357843 0.507027557426 1.13882099266
 -2.82733086389 -1.31314632055 -0.588219179433 -0.306406165493 -0.0489259531509 -0.0243637820907 -0.0152436564367 0.165253350946 0.505301661535 0.967068520817
 -2.90702589492 -1.60960970484 -0.765212470608 0.0243889621017 0.314232007568 0.224360359114 0.0690452699730 0.161945626149 0.407656307683 0.633488348656
 -3.00102933562 -1.34072054892 -0.688397760471 0.196647986830 0.533166239278 0.479161645228 0.272393931967 0.157447979405 0.101055126121 0.0581833567840
 -3.11161175020 -0.858263969001 -0.390385653269 0.0894129128508 0.371799493252 0.383128443691 0.540490613322 0.300547104074 -0.0343349253489 -0.210298194890
 -3.25753101983 -1.56340956353 -0.639496702911 0.250545906133 0.439032420651 0.376335996595 0.544716440578 0.187311790953 0.0121575949259 -0.0107427282024
 -3.45157937359 -1.65495967725 -0.381002377053 0.295262104797 0.624647977419 0.384580547656 0.123564954111 -0.0331248174103 0.0540643825039 0.230690663944
 -3.38986152223 -1.27145905999 -0.0697262222641 0.467797420730 0.396740135304 0.0563993077875 -0.0630487627101 -0.0805812903918 0.148484470028 0.463859512201
 -3.39726380654 -1.44478102022 -0.394331733644 0.146810355432 0.400438497268 0.246086217878 -0.0526648632223 0.0108746225540 0.274497007949 0.615987370178
 -3.00289542942 -0.968559914548 -0.735336604987 -0.386657807238 0.0346585199787 0.155474988244 0.0793152023885 0.176409789465 0.506713174069 0.821224664649
 -3.66390677838 -1.54722114643 -0.831638606359 -0.347273763725 -0.0116401439643 0.170597268149 0.208833125532 0.336096272582 0.539880999698 0.740806216888
 -4.07262714732 -2.05255728961 -1.32236635484 -0.790477470701 -0.190245787204 0.174781954016 0.398749044421 0.552836737590 0.657218103733 0.672502083047
 -4.58056296050 -2.52613424119 -1.44984059691 -0.878807943847 -0.371449345094 -0.00810108056439 0.387229662867 0.685867499790 0.740680017261 0.704325775661
 -5.02926794409 -3.20967904816 -1.95010323443 -1.04448287299 -0.293638375163 0.0689121372887 0.430991193050 0.733180952579 0.744009099712 0.650884672319
 -5.28714383130 -3.56171308130 -2.58424539403 -1.62683347023 -0.654025937497 0.0185491252518 0.435659625829 0.738388348762 0.827710206644 0.801670965857
 -5.50377232128 -3.89181575948 -2.60254073349 -1.84724248508 -0.938679115987 -0.268484004357 0.247837120552 0.631876996820 0.891659150914 1.09410869463
 -5.59713938568 -4.23525375325 -2.89767426720 -1.90227115263 -1.25927474617 -0.580086574460 -0.0266366471901 0.463016135800 0.908749132189 1.35839227643
 -5.57635917226 -4.12844301896 -2.81438723247 -1.70522863272 -1.13627947987 -0.828472927315 -0.413970816602 0.0957671077910 0.834798534016 1.59225797036
 -5.53787210557 -3.91745196248 -2.58834382064 -1.72641598731 -0.965202002481 -0.869851015517 -0.772533174960 -0.306290557500 0.623588395225 1.76807499169
# log_selcoffs_fsh[3]:
 -5.37797709339 -1.46147259410 1.07303136913 0.327713214246 -2.47324340551 -2.43819136735 0.824104103904
 -7.27588443000 -3.29815331410 -2.11648204416 -2.65496432119 -3.05095843195 -3.22702910167 1.89980813907
# log_selcoffs_fsh[4]:
 0.308817034514 0.523845290378 0.596941424413 0.420949898618 0.0270347770099 -0.455651504618 -0.900341024257 -1.22513849315 -1.39380122938
 0.278963684243 0.535935372880 0.623679216778 0.428932623872 0.0122524965491 -0.479042834646 -0.919375561894 -1.23606249682 -1.39917964976
 0.216011698561 0.563270460368 0.671357700647 0.443603317545 -0.0182872773190 -0.524681997274 -0.955227858386 -1.25656732503 -1.40938017779
 0.0936126579534 0.649722521486 0.758031827690 0.415257982864 -0.0957568595561 -0.600799538397 -1.00894062258 -1.28702585830 -1.42599463955
 -0.149471384711 0.797586659946 0.888945674339 0.331369552364 -0.256139298687 -0.725170991111 -1.08652680082 -1.33204481277 -1.45404498719
 -0.215584844589 0.769536865902 0.871315359786 0.386914415396 -0.202322353944 -0.704855978941 -1.07133980647 -1.29898221609 -1.40116084278
 -0.523626988312 0.738168465133 0.976335034210 0.404782980544 -0.220201009255 -0.721820834020 -1.07973913958 -1.28298062619 -1.35974059617
 -1.08579997969 0.967589827101 0.933392976906 0.328067948354 -0.270361146167 -0.761720776112 -1.11539421851 -1.28599179429 -1.32712372759
 -2.16226380204 1.01707198891 1.03589222427 0.268782453223 -0.405256012233 -0.872860140525 -1.13724380672 -1.22676114851 -1.21957416031
 -1.98951156810 0.310030455746 1.22017553190 0.579077412685 -0.266567051443 -0.805985087295 -1.01891571780 -1.01409646462 -0.938462350823
 -2.17542849253 -0.230161683810 1.32789962659 0.601005481719 -0.311220716231 -0.822358782932 -0.948030814503 -0.838016715288 -0.687251747984
 -2.21711083168 0.239830275003 1.20390459342 0.450485642641 -0.391497334254 -0.837658265564 -0.871452626018 -0.643602135166 -0.407431206405
 -2.47657191010 0.389547842616 1.00365492056 0.260888475910 -0.466015753778 -0.745561453003 -0.671191762895 -0.297109990828 0.0557289326035
 -1.87696632268 0.199444371990 0.606714602600 -0.0500598779272 -0.663527782136 -0.756496478457 -0.397139707027 0.193847506246 0.678116942336
 -1.43424594305 0.256464307491 0.0444544166459 -0.681977291600 -1.10671974162 -0.909518139715 -0.281360759936 0.479336789205 1.03501894572
 -1.43952911258 -0.188748782233 -0.690525953547 -1.45231293813 -1.68665516061 -1.09994405093 -0.195193877847 0.718095298490 1.33720887041
 -2.33068596364 -0.305608083748 -2.13036563411 -2.41690073796 -2.53633021091 -1.31653762995 -0.193998278347 0.836258130212 1.49951388258
 -2.53043374136 -1.12420722926 -1.71042513522 -2.39438129814 -2.44543837304 -1.54905620733 -0.316098136854 0.853879250622 1.59869695481
 -3.28729338117 -1.82476963826 -1.69096456609 -2.50079178360 -2.65235415958 -1.79077274212 -0.493564197574 0.843718257387 1.67938732907
 -4.37298461930 -3.07037074075 -2.61732813176 -2.97611944395 -3.07166761642 -2.23025178972 -0.728475158114 0.733827815474 1.80787328556
 -5.74854210902 -4.11932488994 -3.15527269714 -3.45780935908 -3.76171853518 -2.83066734598 -0.867831816929 0.833845796870 1.80864906372
 -5.67236046765 -4.35138615170 -2.67120691223 -2.54913256809 -2.91979834274 -2.47161693974 -0.846895308666 0.842643004312 1.78283973323
 -5.39867970398 -3.32277518464 -1.08542317228 -1.52117046300 -2.18166542118 -2.03237011712 -0.855332543252 0.697653172363 1.74487011251
 -5.04932222130 -3.05467395212 -1.28857282117 -0.894201577780 -1.61939334166 -1.81527190988 -0.907599784664 0.559871608185 1.74869514726
 -4.76351726918 -3.05191572281 -1.54495386846 -0.723848535922 -1.26966691648 -1.86680263437 -0.977103411078 0.550464252557 1.74046474735
 -4.47032555773 -3.28014078503 -2.47440996713 -2.28998537420 -2.58946626348 -2.49039639091 -1.00370124651 0.735767783475 1.81708790897
 -4.35813320070 -3.56256841159 -3.34045419121 -3.72497972002 -3.87367972546 -3.57717617260 -1.11746116379 0.937594912188 1.78668329690
 -4.39624040518 -3.60516537338 -3.28314712261 -3.41728649844 -3.81546473866 -3.29488506552 -1.08153885757 0.817300604477 1.82899582900
 -2.72099877476 -2.45251784516 -2.58134004990 -2.90049569796 -3.00742731058 -2.30344839435 -0.813162973568 0.761910187850 1.78880444017
 -2.97123350858 -2.44048060147 -2.32506945869 -2.48133656686 -2.43796939495 -1.83235267183 -0.653102384889 0.731777417741 1.76364416287
 -2.79279594645 -1.78346328529 -1.56878610473 -2.22865327630 -2.38378091427 -1.81826263577 -0.718619874994 0.627060534492 1.76484913370
 -2.68573306911 -2.00784664534 -2.45048308437 -2.70812995545 -2.50250805704 -1.84455793263 -0.771750039402 0.575047486633 1.81892786175
 -2.67115027740 -1.51159762183 -1.04574472068 -1.25936534140 -1.35714598161 -1.22604952160 -0.566823939651 0.588104355623 1.64021261605
 -2.62272469431 -1.23416714579 -1.04993016004 -1.09220286257 -1.09507592750 -1.10761133267 -0.560564132667 0.565728721231 1.60027621447
 -2.66752964939 -1.54777746233 -0.968582884695 -0.750589361812 -1.10916991216 -1.38617210588 -0.669278719395 0.519101808339 1.62800232040
 -2.73630356256 -1.58288698012 -0.843742597821 -0.593932654890 -0.844889403229 -1.15417017782 -0.694639732182 0.438634828505 1.59995157748
# log_sel_spl_fsh[1]:
 0.00000000000 0.00000000000 0.00000000000 0.00000000000
 0.00000000000 0.00000000000 0.00000000000 0.00000000000
 0.00000000000 0.00000000000 0.00000000000 0.00000000000
 0.00000000000 0.00000000000 0.00000000000 0.00000000000
 0.00000000000 0.00000000000 0.00000000000 0.00000000000
 0.00000000000 0.00000000000 0.00000000000 0.00000000000
 0.00000000000 0.00000000000 0.00000000000 0.00000000000
 0.00000000000 0.00000000000 0.00000000000 0.00000000000
 0.00000000000 0.00000000000 0.00000000000 0.00000000000
 0.00000000000 0.00000000000 0.00000000000 0.00000000000
 0.00000000000 0.00000000000 0.00000000000 0.00000000000
 0.00000000000 0.00000000000 0.00000000000 0.00000000000
 0.00000000000 0.00000000000 0.00000000000 0.00000000000
 0.00000000000 0.00000000000 0.00000000000 0.00000000000
 0.00000000000 0.00000000000 0.00000000000 0.00000000000
 0.00000000000 0.00000000000 0.00000000000 0.00000000000
 0.00000000000 0.00000000000 0.00000000000 0.00000000000
 0.00000000000 0.00000000000 0.00000000000 0.00000000000
 0.00000000000 0.00000000000 0.00000000000 0.00000000000
 0.00000000000 0.00000000000 0.00000000000 0.00000000000
 0.00000000000 0.00000000000 0.00000000000 0.00000000000
 0.00000000000 0.00000000000 0.00000000000 0.00000000000
 0.00000000000 0.00000000000 0.00000000000 0.00000000000
 0.00000000000 0.00000000000 0.00000000000 0.00000000000
 0.00000000000 0.00000000000 0.00000000000 0.00000000000
 0.00000000000 0.00000000000 0.00000000000 0.00000000000
 0.00000000000 0.00000000000 0.00000000000 0.00000000000
 0.00000000000 0.00000000000 0.00000000000 0.00000000000
 0.00000000000 0.00000000000 0.00000000000 0.00000000000
 0.00000000000 0.00000000000 0.00000000000 0.00000000000
 0.00000000000 0.00000000000 0.00000000000 0.00000000000
 0.00000000000 0.00000000000 0.00000000000 0.00000000000
 0.00000000000 0.00000000000 0.00000000000 0.00000000000
 0.00000000000 0.00000000000 0.00000000000 0.00000000000
 0.00000000000 0.00000000000 0.00000000000 0.00000000000
 0.00000000000 0.00000000000 0.00000000000 0.00000000000
 0.00000000000 0.00000000000 0.00000000000 0.00000000000
 0.00000000000 0.00000000000 0.00000000000 0.00000000000
 0.00000000000 0.00000000000 0.00000000000 0.00000000000
 0.00000000000 0.00000000000 0.00000000000 0.00000000000
 0.00000000000 0.00000000000 0.00000000000 0.00000000000
 0.00000000000 0.00000000000 0.00000000000 0.00000000000
# log_sel_spl_fsh[2]:
 0.00000000000 0.00000000000 0.00000000000 0.00000000000
 0.00000000000 0.00000000000 0.00000000000 0.00000000000
 0.00000000000 0.00000000000 0.00000000000 0.00000000000
 0.00000000000 0.00000000000 0.00000000000 0.00000000000
 0.00000000000 0.00000000000 0.00000000000 0.00000000000
 0.00000000000 0.00000000000 0.00000000000 0.00000000000
 0.00000000000 0.00000000000 0.00000000000 0.00000000000
 0.00000000000 0.00000000000 0.00000000000 0.00000000000
 0.00000000000 0.00000000000 0.00000000000 0.00000000000
 0.00000000000 0.00000000000 0.00000000000 0.00000000000
 0.00000000000 0.00000000000 0.00000000000 0.00000000000
 0.00000000000 0.00000000000 0.00000000000 0.00000000000
 0.00000000000 0.00000000000 0.00000000000 0.00000000000
 0.00000000000 0.00000000000 0.00000000000 0.00000000000
 0.00000000000 0.00000000000 0.00000000000 0.00000000000
 0.00000000000 0.00000000000 0.00000000000 0.00000000000
 0.00000000000 0.00000000000 0.00000000000 0.00000000000
 0.00000000000 0.00000000000 0.00000000000 0.00000000000
 0.00000000000 0.00000000000 0.00000000000 0.00000000000
 0.00000000000 0.00000000000 0.00000000000 0.00000000000
 0.00000000000 0.00000000000 0.00000000000 0.00000000000
 0.00000000000 0.00000000000 0.00000000000 0.00000000000
 0.00000000000 0.00000000000 0.00000000000 0.00000000000
 0.00000000000 0.00000000000 0.00000000000 0.00000000000
 0.00000000000 0.00000000000 0.00000000000 0.00000000000
 0.00000000000 0.00000000000 0.00000000000 0.00000000000
 0.00000000000 0.00000000000 0.00000000000 0.00000000000
 0.00000000000 0.00000000000 0.00000000000 0.00000000000
 0.00000000000 0.00000000000 0.00000000000 0.00000000000
 0.00000000000 0.00000000000 0.00000000000 0.00000000000
 0.00000000000 0.00000000000 0.00000000000 0.00000000000
 0.00000000000 0.00000000000 0.00000000000 0.00000000000
 0.00000000000 0.00000000000 0.00000000000 0.00000000000
 0.00000000000 0.00000000000 0.00000000000 0.00000000000
 0.00000000000 0.00000000000 0.00000000000 0.00000000000
 0.00000000000 0.00000000000 0.00000000000 0.00000000000
 0.00000000000 0.00000000000 0.00000000000 0.00000000000
 0.00000000000 0.00000000000 0.00000000000 0.00000000000
 0.00000000000 0.00000000000 0.00000000000 0.00000000000
 0.00000000000 0.00000000000 0.00000000000 0.00000000000
 0.00000000000 0.00000000000 0.00000000000 0.00000000000
 0.00000000000 0.00000000000 0.00000000000 0.00000000000
# log_sel_spl_fsh[3]:
 0.00000000000 0.00000000000 0.00000000000 0.00000000000
 0.00000000000 0.00000000000 0.00000000000 0.00000000000
# log_sel_spl_fsh[4]:
 0.00000000000 0.00000000000 0.00000000000 0.00000000000
 0.00000000000 0.00000000000 0.00000000000 0.00000000000
 0.00000000000 0.00000000000 0.00000000000 0.00000000000
 0.00000000000 0.00000000000 0.00000000000 0.00000000000
 0.00000000000 0.00000000000 0.00000000000 0.00000000000
 0.00000000000 0.00000000000 0.00000000000 0.00000000000
 0.00000000000 0.00000000000 0.00000000000 0.00000000000
 0.00000000000 0.00000000000 0.00000000000 0.00000000000
 0.00000000000 0.00000000000 0.00000000000 0.00000000000
 0.00000000000 0.00000000000 0.00000000000 0.00000000000
 0.00000000000 0.00000000000 0.00000000000 0.00000000000
 0.00000000000 0.00000000000 0.00000000000 0.00000000000
 0.00000000000 0.00000000000 0.00000000000 0.00000000000
 0.00000000000 0.00000000000 0.00000000000 0.00000000000
 0.00000000000 0.00000000000 0.00000000000 0.00000000000
 0.00000000000 0.00000000000 0.00000000000 0.00000000000
 0.00000000000 0.00000000000 0.00000000000 0.00000000000
 0.00000000000 0.00000000000 0.00000000000 0.00000000000
 0.00000000000 0.00000000000 0.00000000000 0.00000000000
 0.00000000000 0.00000000000 0.00000000000 0.00000000000
 0.00000000000 0.00000000000 0.00000000000 0.00000000000
 0.00000000000 0.00000000000 0.00000000000 0.00000000000
 0.00000000000 0.00000000000 0.00000000000 0.00000000000
 0.00000000000 0.00000000000 0.00000000000 0.00000000000
 0.00000000000 0.00000000000 0.00000000000 0.00000000000
 0.00000000000 0.00000000000 0.00000000000 0.00000000000
 0.00000000000 0.00000000000 0.00000000000 0.00000000000
 0.00000000000 0.00000000000 0.00000000000 0.00000000000
 0.00000000000 0.00000000000 0.00000000000 0.00000000000
 0.00000000000 0.00000000000 0.00000000000 0.00000000000
 0.00000000000 0.00000000000 0.00000000000 0.00000000000
 0.00000000000 0.00000000000 0.00000000000 0.00000000000
 0.00000000000 0.00000000000 0.00000000000 0.00000000000
 0.00000000000 0.00000000000 0.00000000000 0.00000000000
 0.00000000000 0.00000000000 0.00000000000 0.00000000000
 0.00000000000 0.00000000000 0.00000000000 0.00000000000
# logsel_slope_fsh[1]:
 0.00000000000 0.00000000000 0.00000000000 0.00000000000 0.00000000000 0.00000000000 0.00000000000 0.00000000000 0.00000000000 0.00000000000 0.00000000000 0.00000000000 0.00000000000 0.00000000000 0.00000000000 0.00000000000 0.00000000000 0.00000000000 0.00000000000 0.00000000000 0.00000000000 0.00000000000 0.00000000000 0.00000000000 0.00000000000 0.00000000000 0.00000000000 0.00000000000 0.00000000000 0.00000000000 0.00000000000 0.00000000000 0.00000000000 0.00000000000 0.00000000000 0.00000000000 0.00000000000 0.00000000000 0.00000000000 0.00000000000 0.00000000000 0.00000000000
# logsel_slope_fsh[2]:
 0.00000000000 0.00000000000 0.00000000000 0.00000000000 0.00000000000 0.00000000000 0.00000000000 0.00000000000 0.00000000000 0.00000000000 0.00000000000 0.00000000000 0.00000000000 0.00000000000 0.00000000000 0.00000000000 0.00000000000 0.00000000000 0.00000000000 0.00000000000 0.00000000000 0.00000000000 0.00000000000 0.00000000000 0.00000000000 0.00000000000 0.00000000000 0.00000000000 0.00000000000 0.00000000000 0.00000000000 0.00000000000 0.00000000000 0.00000000000 0.00000000000 0.00000000000 0.00000000000 0.00000000000 0.00000000000 0.00000000000 0.00000000000 0.00000000000
# logsel_slope_fsh[3]:
 0.00000000000 0.00000000000
# logsel_slope_fsh[4]:
 0.00000000000 0.00000000000 0.00000000000 0.00000000000 0.00000000000 0.00000000000 0.00000000000 0.00000000000 0.00000000000 0.00000000000 0.00000000000 0.00000000000 0.00000000000 0.00000000000 0.00000000000 0.00000000000 0.00000000000 0.00000000000 0.00000000000 0.00000000000 0.00000000000 0.00000000000 0.00000000000 0.00000000000 0.00000000000 0.00000000000 0.00000000000 0.00000000000 0.00000000000 0.00000000000 0.00000000000 0.00000000000 0.00000000000 0.00000000000 0.00000000000 0.00000000000
# sel50_fsh[1]:
 0.00000000000 0.00000000000 0.00000000000 0.00000000000 0.00000000000 0.00000000000 0.00000000000 0.00000000000 0.00000000000 0.00000000000 0.00000000000 0.00000000000 0.00000000000 0.00000000000 0.00000000000 0.00000000000 0.00000000000 0.00000000000 0.00000000000 0.00000000000 0.00000000000 0.00000000000 0.00000000000 0.00000000000 0.00000000000 0.00000000000 0.00000000000 0.00000000000 0.00000000000 0.00000000000 0.00000000000 0.00000000000 0.00000000000 0.00000000000 0.00000000000 0.00000000000 0.00000000000 0.00000000000 0.00000000000 0.00000000000 0.00000000000 0.00000000000
# sel50_fsh[2]:
 0.00000000000 0.00000000000 0.00000000000 0.00000000000 0.00000000000 0.00000000000 0.00000000000 0.00000000000 0.00000000000 0.00000000000 0.00000000000 0.00000000000 0.00000000000 0.00000000000 0.00000000000 0.00000000000 0.00000000000 0.00000000000 0.00000000000 0.00000000000 0.00000000000 0.00000000000 0.00000000000 0.00000000000 0.00000000000 0.00000000000 0.00000000000 0.00000000000 0.00000000000 0.00000000000 0.00000000000 0.00000000000 0.00000000000 0.00000000000 0.00000000000 0.00000000000 0.00000000000 0.00000000000 0.00000000000 0.00000000000 0.00000000000 0.00000000000
# sel50_fsh[3]:
 0.00000000000 0.00000000000
# sel50_fsh[4]:
 0.00000000000 0.00000000000 0.00000000000 0.00000000000 0.00000000000 0.00000000000 0.00000000000 0.00000000000 0.00000000000 0.00000000000 0.00000000000 0.00000000000 0.00000000000 0.00000000000 0.00000000000 0.00000000000 0.00000000000 0.00000000000 0.00000000000 0.00000000000 0.00000000000 0.00000000000 0.00000000000 0.00000000000 0.00000000000 0.00000000000 0.00000000000 0.00000000000 0.00000000000 0.00000000000 0.00000000000 0.00000000000 0.00000000000 0.00000000000 0.00000000000 0.00000000000
# logsel_p1_fsh[1]:
 0.00000000000 0.00000000000 0.00000000000 0.00000000000 0.00000000000 0.00000000000 0.00000000000 0.00000000000 0.00000000000 0.00000000000 0.00000000000 0.00000000000 0.00000000000 0.00000000000 0.00000000000 0.00000000000 0.00000000000 0.00000000000 0.00000000000 0.00000000000 0.00000000000 0.00000000000 0.00000000000 0.00000000000 0.00000000000 0.00000000000 0.00000000000 0.00000000000 0.00000000000 0.00000000000 0.00000000000 0.00000000000 0.00000000000 0.00000000000 0.00000000000 0.00000000000 0.00000000000 0.00000000000 0.00000000000 0.00000000000 0.00000000000 0.00000000000
# logsel_p1_fsh[2]:
 0.00000000000 0.00000000000 0.00000000000 0.00000000000 0.00000000000 0.00000000000 0.00000000000 0.00000000000 0.00000000000 0.00000000000 0.00000000000 0.00000000000 0.00000000000 0.00000000000 0.00000000000 0.00000000000 0.00000000000 0.00000000000 0.00000000000 0.00000000000 0.00000000000 0.00000000000 0.00000000000 0.00000000000 0.00000000000 0.00000000000 0.00000000000 0.00000000000 0.00000000000 0.00000000000 0.00000000000 0.00000000000 0.00000000000 0.00000000000 0.00000000000 0.00000000000 0.00000000000 0.00000000000 0.00000000000 0.00000000000 0.00000000000 0.00000000000
# logsel_p1_fsh[3]:
 0.00000000000 0.00000000000
# logsel_p1_fsh[4]:
 0.00000000000 0.00000000000 0.00000000000 0.00000000000 0.00000000000 0.00000000000 0.00000000000 0.00000000000 0.00000000000 0.00000000000 0.00000000000 0.00000000000 0.00000000000 0.00000000000 0.00000000000 0.00000000000 0.00000000000 0.00000000000 0.00000000000 0.00000000000 0.00000000000 0.00000000000 0.00000000000 0.00000000000 0.00000000000 0.00000000000 0.00000000000 0.00000000000 0.00000000000 0.00000000000 0.00000000000 0.00000000000 0.00000000000 0.00000000000 0.00000000000 0.00000000000
# logsel_p2_fsh[1]:
 0.00000000000 0.00000000000 0.00000000000 0.00000000000 0.00000000000 0.00000000000 0.00000000000 0.00000000000 0.00000000000 0.00000000000 0.00000000000 0.00000000000 0.00000000000 0.00000000000 0.00000000000 0.00000000000 0.00000000000 0.00000000000 0.00000000000 0.00000000000 0.00000000000 0.00000000000 0.00000000000 0.00000000000 0.00000000000 0.00000000000 0.00000000000 0.00000000000 0.00000000000 0.00000000000 0.00000000000 0.00000000000 0.00000000000 0.00000000000 0.00000000000 0.00000000000 0.00000000000 0.00000000000 0.00000000000 0.00000000000 0.00000000000 0.00000000000
# logsel_p2_fsh[2]:
 0.00000000000 0.00000000000 0.00000000000 0.00000000000 0.00000000000 0.00000000000 0.00000000000 0.00000000000 0.00000000000 0.00000000000 0.00000000000 0.00000000000 0.00000000000 0.00000000000 0.00000000000 0.00000000000 0.00000000000 0.00000000000 0.00000000000 0.00000000000 0.00000000000 0.00000000000 0.00000000000 0.00000000000 0.00000000000 0.00000000000 0.00000000000 0.00000000000 0.00000000000 0.00000000000 0.00000000000 0.00000000000 0.00000000000 0.00000000000 0.00000000000 0.00000000000 0.00000000000 0.00000000000 0.00000000000 0.00000000000 0.00000000000 0.00000000000
# logsel_p2_fsh[3]:
 0.00000000000 0.00000000000
# logsel_p2_fsh[4]:
 0.00000000000 0.00000000000 0.00000000000 0.00000000000 0.00000000000 0.00000000000 0.00000000000 0.00000000000 0.00000000000 0.00000000000 0.00000000000 0.00000000000 0.00000000000 0.00000000000 0.00000000000 0.00000000000 0.00000000000 0.00000000000 0.00000000000 0.00000000000 0.00000000000 0.00000000000 0.00000000000 0.00000000000 0.00000000000 0.00000000000 0.00000000000 0.00000000000 0.00000000000 0.00000000000 0.00000000000 0.00000000000 0.00000000000 0.00000000000 0.00000000000 0.00000000000
# logsel_p3_fsh[1]:
 0.00000000000 0.00000000000 0.00000000000 0.00000000000 0.00000000000 0.00000000000 0.00000000000 0.00000000000 0.00000000000 0.00000000000 0.00000000000 0.00000000000 0.00000000000 0.00000000000 0.00000000000 0.00000000000 0.00000000000 0.00000000000 0.00000000000 0.00000000000 0.00000000000 0.00000000000 0.00000000000 0.00000000000 0.00000000000 0.00000000000 0.00000000000 0.00000000000 0.00000000000 0.00000000000 0.00000000000 0.00000000000 0.00000000000 0.00000000000 0.00000000000 0.00000000000 0.00000000000 0.00000000000 0.00000000000 0.00000000000 0.00000000000 0.00000000000
# logsel_p3_fsh[2]:
 0.00000000000 0.00000000000 0.00000000000 0.00000000000 0.00000000000 0.00000000000 0.00000000000 0.00000000000 0.00000000000 0.00000000000 0.00000000000 0.00000000000 0.00000000000 0.00000000000 0.00000000000 0.00000000000 0.00000000000 0.00000000000 0.00000000000 0.00000000000 0.00000000000 0.00000000000 0.00000000000 0.00000000000 0.00000000000 0.00000000000 0.00000000000 0.00000000000 0.00000000000 0.00000000000 0.00000000000 0.00000000000 0.00000000000 0.00000000000 0.00000000000 0.00000000000 0.00000000000 0.00000000000 0.00000000000 0.00000000000 0.00000000000 0.00000000000
# logsel_p3_fsh[3]:
 0.00000000000 0.00000000000
# logsel_p3_fsh[4]:
 0.00000000000 0.00000000000 0.00000000000 0.00000000000 0.00000000000 0.00000000000 0.00000000000 0.00000000000 0.00000000000 0.00000000000 0.00000000000 0.00000000000 0.00000000000 0.00000000000 0.00000000000 0.00000000000 0.00000000000 0.00000000000 0.00000000000 0.00000000000 0.00000000000 0.00000000000 0.00000000000 0.00000000000 0.00000000000 0.00000000000 0.00000000000 0.00000000000 0.00000000000 0.00000000000 0.00000000000 0.00000000000 0.00000000000 0.00000000000 0.00000000000 0.00000000000
# rec_dev_future:
 0.00000000000 0.00000000000 0.00000000000 0.00000000000 0.00000000000 0.00000000000 0.00000000000 0.00000000000 0.00000000000 0.00000000000 0.00000000000 0.00000000000 0.00000000000 0.00000000000 0.00000000000 0.00000000000 0.00000000000 0.00000000000 0.00000000000 0.00000000000
 0.00000000000 0.00000000000 0.00000000000 0.00000000000 0.00000000000 0.00000000000 0.00000000000 0.00000000000 0.00000000000 0.00000000000 0.00000000000 0.00000000000 0.00000000000 0.00000000000 0.00000000000 0.00000000000 0.00000000000 0.00000000000 0.00000000000 0.00000000000
# log_q_ind[1]:
0.309189469132
# log_q_ind[2]:
-2.37772934411
# log_q_ind[3]:
-3.04764630846
# log_q_ind[4]:
-0.536446589886
# log_q_ind[5]:
0.520845099134
# log_q_ind[6]:
0.310915612022
# log_q_ind[7]:
2.05826432802
# log_q_ind[8]:
1.33011462515
# log_q_power_ind[1]:
0.00000000000
# log_q_power_ind[2]:
0.00000000000
# log_q_power_ind[3]:
0.00000000000
# log_q_power_ind[4]:
0.00000000000
# log_q_power_ind[5]:
0.00000000000
# log_q_power_ind[6]:
0.00000000000
# log_q_power_ind[7]:
0.00000000000
# log_q_power_ind[8]:
0.00000000000
# log_rw_q_ind[1]:
 -1.05808652334
# log_rw_q_ind[3]:
 -0.0113355509633
# log_rw_q_ind[6]:
 -0.553838523683
# log_selcoffs_ind[1]:
 -1.74323222165 -1.02152681284 -0.507318920679 -0.166201380934 0.0388233658989 0.174345111625 0.272524845869 0.349001519346 0.406346234497 0.440648493003
 -2.25174092744 -1.53170489891 -0.852409057572 -0.294548975929 0.0690076101291 0.254192776690 0.327590351196 0.390386540546 0.469262982523 0.520287125627
# log_selcoffs_ind[2]:
 0.710398385454 0.862528607820 0.640447995437 0.171182078894 -0.306075133714 -0.682469571577 -0.952200450645 -1.12958392622 -1.24029232047 -1.30209983937
 1.02577368530 0.694388511069 0.419343549755 0.125286248398 -0.213912595913 -0.575334864864 -0.911796416908 -1.18751453097 -1.38265123391 -1.48633752233
 1.10869817665 0.663567245404 0.402749934453 0.151578000789 -0.206611733441 -0.620380080671 -1.02382142310 -1.35454375633 -1.56592801382 -1.65534179235
# log_selcoffs_ind[3]:
 -0.202940821038 0.0202027052767 0.0202027052767 0.0202027052767 0.0202027052767 0.0202027052767 0.0202027052767 0.0202027052767 0.0202027052767 0.0202027052767
# log_selcoffs_ind[4]:
 -0.167446703467 -0.137827554093 -0.112105315605 -0.0980451012723 -0.0813733892770 -0.0423399433871 0.0218286124663 0.102423679687 0.182635273092 0.240338882974
 -0.887499055577 -0.712946874812 -0.535814358396 -0.347308523115 -0.155904963237 0.0325455274922 0.211071621791 0.362228031501 0.463523160550 0.504661686648
# log_selcoffs_ind[5]:
 -3.04452005677 -0.669616569639 0.101782682789 0.174353368097 0.174353368097 0.174353368097 0.174353368097 0.174353368097 0.174353368097 0.174353368097
# log_selcoffs_ind[6]:
 -3.04452005677 -0.669616569639 0.101782682789 0.174353368097 0.174353368097 0.174353368097 0.174353368097 0.174353368097 0.174353368097 0.174353368097
# log_selcoffs_ind[7]:
 -0.159493505810 -0.0417104840422 -0.00892066480343 0.0636500205045 0.0636500205045 0.0636500205045
# log_selcoffs_ind[8]:
 -0.171850237190 -0.0540672154223 0.0512932891244 0.0512932891244 0.0512932891244 0.0512932891244
# logsel_slope_ind[1]:
 0.00000000000 0.00000000000
# logsel_slope_ind[2]:
 0.00000000000 0.00000000000 0.00000000000
# logsel_slope_ind[3]:
 0.00000000000
# logsel_slope_ind[4]:
 0.00000000000 0.00000000000
# logsel_slope_ind[5]:
 0.00000000000
# logsel_slope_ind[6]:
 0.00000000000
# logsel_slope_ind[7]:
 0.00000000000
# logsel_slope_ind[8]:
 0.00000000000
# sel50_ind[1]:
 0.00000000000 0.00000000000
# sel50_ind[2]:
 0.00000000000 0.00000000000 0.00000000000
# sel50_ind[3]:
 0.00000000000
# sel50_ind[4]:
 0.00000000000 0.00000000000
# sel50_ind[5]:
 0.00000000000
# sel50_ind[6]:
 0.00000000000
# sel50_ind[7]:
 0.00000000000
# sel50_ind[8]:
 0.00000000000
# logsel_p1_ind[1]:
 0.00000000000 0.00000000000
# logsel_p1_ind[2]:
 0.00000000000 0.00000000000 0.00000000000
# logsel_p1_ind[3]:
 0.00000000000
# logsel_p1_ind[4]:
 0.00000000000 0.00000000000
# logsel_p1_ind[5]:
 0.00000000000
# logsel_p1_ind[6]:
 0.00000000000
# logsel_p1_ind[7]:
 0.00000000000
# logsel_p1_ind[8]:
 0.00000000000
# sel_p2_ind[1]:
 0.00000000000 0.00000000000
# sel_p2_ind[2]:
 0.00000000000 0.00000000000 0.00000000000
# sel_p2_ind[3]:
 0.00000000000
# sel_p2_ind[4]:
 0.00000000000 0.00000000000
# sel_p2_ind[5]:
 0.00000000000
# sel_p2_ind[6]:
 0.00000000000
# sel_p2_ind[7]:
 0.00000000000
# sel_p2_ind[8]:
 0.00000000000
# logsel_p3_ind[1]:
 0.00000000000 0.00000000000
# logsel_p3_ind[2]:
 0.00000000000 0.00000000000 0.00000000000
# logsel_p3_ind[3]:
 0.00000000000
# logsel_p3_ind[4]:
 0.00000000000 0.00000000000
# logsel_p3_ind[5]:
 0.00000000000
# logsel_p3_ind[6]:
 0.00000000000
# logsel_p3_ind[7]:
 0.00000000000
# logsel_p3_ind[8]:
 0.00000000000
