# Number of parameters = 1441 Objective function value = 1253.81932375467  Maximum gradient component = 0.137077650779147
# Mest[1]:
0.230000000000
# Mest[2]:
0.330000000000
# log_Linf[1]:
4.30945594184
# log_Linf[2]:
4.38701417618
# log_k[1]:
-1.83258146375
# log_k[2]:
-1.83258146375
# log_Lo[1]:
2.89037175790
# log_Lo[2]:
2.89037175790
# log_sdage[1]:
-2.40794560865
# log_sdage[2]:
-2.40794560865
# mean_log_rec[1]:
9.50875380372
# mean_log_rec[2]:
8.35855454556
# mean_log_rec[3]:
7.75588482529
# steepness[1]:
0.650000000000
# steepness[2]:
0.650000000000
# steepness[3]:
0.650000000000
# log_Rzero[1]:
9.11217578089
# log_Rzero[2]:
8.40651173970
# log_Rzero[3]:
7.44720958165
# rec_dev:
 -0.441644539756 -0.514738345722 -0.594052231332 -0.680513313245 -0.771531913814 -0.863174126365 -0.830347919334 -0.834691141382 -0.681875136049 -0.617317786928 -0.525916602533 -0.357413495744 -0.394525661468 -0.349328738390 -0.289762153015 -0.104509068179 0.193275270571 0.390421886853 0.382003813036 0.338537283242 0.392588342020 0.513461178610 0.730359659663 0.727314528471 0.675246514733 1.32717300055 1.52784362218 0.707794367607 0.128021342236 0.329681680943 0.645188597742 0.780914265390 0.546077884092 0.317062391146 0.229184772071 0.300675687710 0.336430090123 0.489345628179 0.670255678325 0.570751622357 0.710451132098 0.693360420494 0.499248886318 -0.133861685284 -0.466287110812 -0.758105996433 -1.48594106636 -1.02743268987 -0.855868885883 -1.02426208295 -1.05710788037 -1.10394845004 -1.01600960642 -0.512972395073 -0.301109274639 -0.273850339321 -0.110353238841 0.216871095721 0.444343681339 0.185068585991 0.103692846166 0.0289556218941
 -0.000140329147710 -0.000174088594688 -0.000202479360439 -0.000213671277139 -0.000187979536234 -9.04460845561e-05 0.000137857769166 0.000611093192795 0.00118601488314 0.00212592346753 0.00346266363299 0.0278216530933 0.0284977305706 0.0290084391641 0.0291719671277 0.0275991232623 0.0210741880664 0.00951321647020 -0.0418631555239 0.361582263706 -0.0123566011826 -0.110929577341 0.00432385003172 0.420342491594 -0.0375543986522 -0.242792692864 -0.532497359966 -0.0470626839275 0.366058857959 0.894160187516 0.278427290591 0.243787582081 -0.456955925337 -1.54209286958e-05 -0.449482516582 -0.673565327411 -0.00934996535959 0.0671527697649 0.0287231266389 -0.123797752293 0.533554434684 1.12890427386 -0.351935312667 0.579675343685 -0.652641629328 -0.219037097602 0.679277816087 -0.0504218834839 -1.21458110931 -2.03578756658 -0.521542220548 0.765720429094 -0.561212176281 -0.228884515959 -1.57015754301 -0.493937747066 -0.753028666692 -0.261543668838 1.15735178305 0.791091926259 -0.584528045151 -0.0775661989873
# log_sigmar[1]:
-0.510825623766
# log_sigmar[2]:
-0.510825623766
# log_sigmar[3]:
-0.510825623766
# fmort:
 0.0115816758950 0.0170347707655 0.00773012328173 0.00978008779213 0.0188448632440 0.0231757214763 0.0280919918194 0.0242237319022 0.0473139254643 0.0393320279334 0.0266785109855 0.0388741191239 0.0746504412911 0.0289857120630 0.0684107987218 0.0457495579982 0.00446248040718 0.0204178906626 0.0167352050903 0.0148105288323 0.0140167633078 0.0185993442611 0.0202067530707 0.0224599636194 0.0148780909250 0.0199710812527 0.0338538860904 0.0132383591971 0.00375960424920 0.00617058043748 0.00989884813854 0.0203526514977 0.00865816285350 0.0120340247658 0.0132710991188 0.0218801138910 0.0278256674931 0.0420017785416 0.0576089635002 0.0545618497986 0.0741920672595 0.0137997083582 0.00561363792090 0.00648928221275 0.00682834774794 0.00847990846544 0.00635149972786 0.00911413788307 0.00297533096513 0.00187560684142 0.00569642271142
 0.00146308638938 0.00224620353128 0.00343122312839 0.00568120284376 0.00407700080799 0.00734469668212 0.00948664658319 0.0138367845333 0.0222969753491 0.0275516585435 0.0249173159478 0.0494498157100 0.0680693506446 0.0555756486980 0.0751008371231 0.106631500056 0.119521424467 0.160467085395 0.222336098623 0.231661998659 0.232393283293 0.291431598158 0.381705947663 0.363827104757 0.485881375164 0.646065969926 0.626801066755 0.629876654770 0.371974377364 0.241677094318 0.181686203094 0.213162431182 0.210210178090 0.193579278293 0.188695315274 0.188190335320 0.197554343978 0.236471290611 0.204455971646 0.277283235518 0.164161613006 0.119114988649 0.102723587386 0.0825019995276 0.0798378370927 0.0801457179891 0.0892263508247 0.0836906470511 0.0896341493974 0.0792559026363 0.0625468532801
 0.000578415016043 0.00112707292807 0.00279824318795 0.00598622726365 0.0190994560502 0.00592884078985 0.00755780389328 0.102111452159 0.103296573423 0.0826076235068 0.0828178058131 0.111468974527 0.0358403251157 0.0213463320298 0.0248746878906 0.0184310034111 0.0101057659503 0.0114958475316 0.0439447388815 0.0364257925391 0.0320739769742 0.0263050666412 0.0155325788680 0.0268801482031 0.0447078573663 0.213463730252 0.364185719538 0.687045230667 0.602771261607 0.162398037705 0.117898918449 0.374440364677 0.0526423459574 0.0768643420026 0.0626930658103 0.0413853610025 0.0989282211250 0.0814576329328 0.0962616044491 0.117192965332 0.0293545464192 0.145298722111 0.0676494378752 0.0417350390608 0.0428741458792 0.0187482451952 0.00858538355202 0.00441123561642 0.0124887782005 0.0156580216843 0.0213954016534
 2.10387263166e-13 2.21767049169e-13 0.000570862021241 2.38142838782e-13 2.42028619368e-13 2.44526621174e-13 3.58485150370e-06 0.000242808951016 0.00505871481856 0.0313004311938 0.0277674716115 0.0350453420096 0.0785751245484 0.0928895514899 0.123604279212 0.0997628546937 0.0943545364487 0.0975115479218 0.0996176553389 0.0817541453936 0.0666257355203 0.0418982033659 0.00359772759502 2.26207941267e-13 2.62845301080e-13 3.61377594515e-13 4.97935026544e-13 7.10265180004e-13 8.02691246804e-13 3.53086952953e-06 0.000638790029806 0.00444090928830 0.0133783005057 0.0256393212862 0.0448341782154 0.0379373377094 0.0569445767194 0.0859339167750 0.108120682821 0.146465389164 0.138705144796 0.0373958309554 0.0251856794570 0.0256170526088 0.0270667092432 0.0347236137551 0.0206984479736 0.0163202772877 0.0122157423267 0.0110734653103 0.000474869694894
# log_selcoffs_fsh[1]:
 -4.83474478264 -3.68250921527 -2.44222393850 -1.22348603404 -0.283789621017 0.508611257325 1.08509099411 0.893396624528 -0.265669752319
 -4.52417545102 -3.28256221809 -1.96701266734 -0.820060802436 -0.173133907118 0.453981284048 0.948768595791 0.805173940013 0.127635491411
 -4.18932902292 -2.93759999549 -1.71356925076 -0.689874966789 -0.00770306504640 0.530701503659 0.824519990478 0.670189083614 0.279256978693
 -3.78901349256 -2.44816896832 -1.32421766080 -0.525139815461 -0.0472411160726 0.391283876699 0.762762373704 0.686987549883 0.384446678157
 -3.56693425215 -2.13284727253 -0.767993600208 -0.0141802489833 0.206841575282 0.338193969110 0.489603297642 0.497533019343 0.402037580416
 -3.39967058566 -2.04258784154 -0.786088161387 0.0875907145183 0.480851658355 0.466473257355 0.361585088169 0.298339416298 0.258296959233
 -3.23848051028 -1.95373669011 -0.878189772307 -0.0657505020592 0.554817468434 0.677905572199 0.391860726056 0.168811762343 0.0881339374238
 -3.07327009521 -1.76289309079 -0.778095463979 -0.00867205073916 0.595024332541 0.711344945874 0.358571626279 0.0821634710088 -0.0358172374718
 -2.94336731560 -1.62723472195 -0.450264920369 0.200458301366 0.522767111242 0.588192467948 0.381970079430 0.0541684248615 -0.124239636647
 -2.78216360432 -1.36039130660 -0.181114229545 0.222861796626 0.527357814274 0.583281710236 0.298165819479 -0.0443252543154 -0.214232580292
 -2.61926950063 -0.988824020252 0.456055893987 0.447798956213 0.329044663700 0.286468599980 0.0801617221836 -0.157640732915 -0.283089605867
 -2.44716713616 -0.728744485782 0.440910328636 0.480015887499 0.440028367257 0.235458889788 -0.0435390890209 -0.248795564169 -0.349060125801
 -2.33202776276 -0.662402263612 0.474407612872 0.696938333754 0.402520726333 0.0866430701297 -0.188031193638 -0.353228156807 -0.422313583266
 -2.24207842487 -0.697773113662 0.483646127257 0.833962092136 0.395908501412 -0.0166087443879 -0.292197535798 -0.438514526126 -0.492997502293
 -2.36830804930 -0.833204168066 0.627347756929 0.870321573655 0.345497340601 -0.0721800427935 -0.351917986207 -0.509342912460 -0.572511328806
 -2.31873331988 -0.818501883381 0.670236933052 0.796122708363 0.396625018615 -0.0256292779573 -0.351185551238 -0.537052669856 -0.617919553764
 -2.11157496765 -0.591356386052 0.781563802878 0.718963976717 0.307765156421 -0.0635646895836 -0.365345720804 -0.556670222509 -0.649476936301
 -1.76281650300 -0.289844529551 0.571284617460 0.771379443623 0.377670878121 -0.0676730494527 -0.385634172101 -0.576155349101 -0.670899617960
 -1.63711790573 -0.267479872916 0.844393598385 0.727203785542 0.183663055589 -0.199680846323 -0.473356345671 -0.648761242932 -0.737940198745
 -1.38443809298 -0.151128564856 0.823718296969 0.713293365963 0.217350243508 -0.229742150612 -0.532975939996 -0.709499078995 -0.789933134441
 -1.30273811718 -0.0157886809300 0.883434079757 0.710901933795 0.141185953641 -0.316473785596 -0.626550231215 -0.795312105082 -0.861251732894
 -1.24212706652 -0.0871862641170 0.710666320811 0.932607948004 0.247328320153 -0.407228166544 -0.750264546638 -0.896297271082 -0.936906017184
 -1.16223133677 0.179381251908 0.924791997968 0.756072085546 0.0643576275004 -0.511643225218 -0.846008809478 -0.977542907190 -0.999247556260
 -1.30286450060 -0.0210844762750 0.905497764008 0.970050606139 0.00310159121533 -0.609952211805 -0.928336120054 -1.05039693045 -1.06022437097
 -1.44464793110 -0.0817435998304 0.934569840198 0.946760090797 0.0651379336799 -0.567679311533 -0.920278568136 -1.06162075498 -1.07660484818
 -1.40046555263 0.154030324191 0.754746235208 0.854235280317 0.219018773756 -0.363559351493 -0.813857492198 -1.00185547012 -1.02179580271
 -1.40228155247 -0.147604269619 0.604995604401 0.959698617832 0.302675955461 -0.231179407943 -0.686657204815 -0.899365678662 -0.936792157335
 -1.25943526194 0.225831226190 0.467603997988 0.765857513015 0.311117772301 -0.164943755331 -0.549437655189 -0.748611666221 -0.792680232877
 -1.15178351266 0.407642801491 0.625690732967 0.496404156729 0.119622676232 -0.195188928203 -0.447063038908 -0.593810543836 -0.640851227282
 -1.27959074400 -0.00295153328437 0.493739065027 0.791936993847 0.144889747929 -0.222559258945 -0.382984230469 -0.460643128591 -0.494926992102
 -1.21978561880 0.387175245083 0.510629098348 0.293602246441 0.0338513943175 -0.129459708567 -0.221786557425 -0.270016572467 -0.291892967028
 -1.19940628694 0.365002561403 0.111989915568 0.153631983619 0.121821828145 0.0392802391676 -0.0321250354101 -0.0758377512949 -0.0958733225759
 -1.45250772687 -0.710223724864 -0.223832081071 0.409109893682 0.381846647640 0.236950671657 0.131530745964 0.0665097797080 0.0274654140992
 -1.69598331667 -1.03960176859 -0.429325542853 0.104336099587 0.255525758836 0.397733338087 0.363096579841 0.259101795894 0.173059235381
 -1.44321257284 -0.795555832002 -0.437958439759 0.157708548526 0.168169110897 0.222672184033 0.291110332454 0.308661411283 0.310614586076
 -0.640984487916 -0.293561138270 -0.756187038059 -0.407704412631 -0.153285608340 0.176651359473 0.351838650526 0.419491628651 0.469395612565
# log_selcoffs_fsh[2]:
 -6.48875086809 -5.03777112020 -3.58112919533 -1.96673540375 -0.581675809504 0.324759930146 0.986424095227 1.13588144799 0.520273731820 -0.907475849831
 -6.40241165880 -4.95945771025 -3.46596744690 -2.05049167626 -0.880215664019 0.184061181548 0.976080867966 1.17052747599 0.535895603468 -0.465336894976
 -6.27920098442 -4.89607681843 -3.49704910644 -2.13950813708 -1.02295081535 0.0379659717170 0.919099590624 1.15386544203 0.624367248866 -0.105470600267
 -6.11273653340 -4.76110052053 -3.47170446057 -2.23105352498 -1.15149978471 -0.186486624107 0.760706299258 1.14360259725 0.774280256897 0.229402090454
 -5.94615453653 -4.52672144697 -3.24992991826 -2.21184422367 -1.31957410756 -0.398367921648 0.586614440687 1.07997912567 0.893908027449 0.537927721896
 -5.78935119948 -4.44744287057 -3.15039208521 -1.96466081903 -1.14225774399 -0.524463366499 0.272432449339 0.893527668441 1.01059602745 0.870076818815
 -5.64811996824 -4.37906232401 -3.16907827064 -2.08164110711 -1.15042219484 -0.404964687833 0.166870856834 0.669711682896 0.982901048296 1.10730597399
 -5.53559922903 -4.31045193109 -3.16118994096 -2.15310946946 -1.27978159557 -0.569021337129 0.104454950497 0.586183863093 0.956104195699 1.24449727880
 -5.46146895380 -4.22887471843 -3.07077890252 -2.11453446412 -1.35833922368 -0.678185663813 0.0177870554492 0.608442089323 0.957297809885 1.27796385185
 -5.37579172362 -4.10890912216 -2.92499741429 -1.92701295736 -1.15696439336 -0.587387829407 -0.113528459528 0.476401497347 0.949394248528 1.34087618848
 -5.32083451710 -3.95061936272 -2.64171541052 -1.56047406480 -0.851552411842 -0.336130557780 0.0535785884617 0.369282805935 0.798739345561 1.34256129753
 -5.33629255086 -3.83458944739 -2.42045407507 -1.23387107221 -0.626020358305 -0.202514252911 0.113167649246 0.434420629253 0.854853158779 1.17162238337
 -5.36203492039 -3.68761791907 -2.07851433620 -0.803952019985 -0.263791061129 0.0872855916878 0.261441116567 0.441806078461 0.727091683580 0.961223253782
 -5.38348558292 -3.50377794531 -1.70958266401 -0.526839725005 0.0995531356605 0.285972291264 0.333990620603 0.417631515290 0.579333793786 0.721949618141
 -5.36179082704 -3.29246881503 -1.33340220693 -0.0727696428943 0.356111727187 0.338653459034 0.226536940735 0.269883577458 0.449198204736 0.589347241561
 -5.30066697885 -3.09065790558 -1.02989280273 0.0844010534209 0.333083791898 0.295368595661 0.197242838480 0.230649642003 0.407200660959 0.579687540026
 -5.25923643409 -3.02528280542 -0.921116694109 0.0530055274082 0.313405487231 0.300251732663 0.194076690181 0.210404416470 0.395497438832 0.610842608500
 -5.23173103008 -3.19626076154 -1.27710979785 0.00417578812249 0.401432422660 0.373340010755 0.208123083858 0.192864251864 0.379841841358 0.597757181603
 -5.19384552487 -3.32907393614 -1.56812595056 -0.251049297970 0.454502256937 0.449230951833 0.231158984849 0.197029800918 0.390611647237 0.628066528355
 -5.11929702694 -3.36937136575 -1.69385472948 -0.415279755162 0.243797993584 0.379072475623 0.238408774829 0.236339525697 0.489332161230 0.793702356190
 -5.08113754327 -3.44174973948 -1.89725086569 -0.625765418177 0.134305535929 0.386386129722 0.287223496923 0.244452050996 0.510284912275 0.869677747376
 -5.08187370646 -3.52207319052 -2.05922861835 -0.893014160224 -0.0514304534952 0.417332905043 0.393939172971 0.315142267705 0.536878454878 0.873625734539
 -5.10289300547 -3.58978122965 -2.22117629369 -1.09868959773 -0.265015311711 0.409988103624 0.450255837362 0.395715828540 0.587058740597 0.874502698685
 -5.17486892784 -3.65134330011 -2.25608428731 -1.12525747179 -0.409396950901 0.186615307224 0.505400699657 0.500850349728 0.673505742440 0.875872774721
 -5.25389958618 -3.69699443008 -2.19911027282 -0.908618103196 -0.263061044968 0.00374849135104 0.315498237296 0.534073928277 0.715221555631 0.940824193125
 -5.36641459013 -3.75925538191 -2.28405487459 -1.02044630775 -0.249638178660 0.240645405294 0.343581626305 0.455102716683 0.670768635954 0.922871990047
 -5.57718378866 -3.93042968771 -2.31048845931 -0.940650283884 -0.160820504991 0.392192489739 0.504694081596 0.467020067493 0.576575785157 0.753151442699
 -5.77683833910 -4.09084249799 -2.35629962475 -0.693683347178 0.0578441336521 0.514030530289 0.516139667212 0.394679196515 0.530278328894 0.585142702357
 -5.97146411796 -4.26700364196 -2.56955584255 -0.997948374003 -0.0808687771604 0.764034511107 0.727051792599 0.402705182783 0.434840898600 0.307066426648
 -6.14192642647 -4.39733537675 -2.67063831570 -1.02669588550 0.253022193970 0.867224853014 0.788165723437 0.390586544808 0.163349259580 0.0346727744038
 -6.24614717847 -4.43365481529 -2.57326521665 -0.786420038624 0.358063721757 0.838753609178 0.720808492164 0.366026685815 0.145039950398 0.0546963874328
 -6.28983154229 -4.41066480376 -2.48189639995 -0.720733261748 0.353167862192 0.634512754492 0.651137185785 0.435327062608 0.300536957607 0.256634027208
 -6.29927058394 -4.36330375526 -2.32907163243 -0.605860629080 0.00799335757908 0.340069938752 0.589294948907 0.617922088406 0.513197494382 0.470599404518
 -6.32441024653 -4.43016779415 -2.53766909800 -0.925210896344 -0.0886037012090 0.389390978000 0.621127555620 0.662557453652 0.556795022715 0.453407039442
 -6.30507744391 -4.46620859714 -2.59695456987 -1.08733579495 -0.346709563708 0.206852875777 0.617710233789 0.741218777489 0.664348339317 0.554956246187
 -6.26687918377 -4.54455356984 -2.87003929215 -1.27799277555 -0.351010980026 0.125202427115 0.539236013527 0.751800626346 0.747925303557 0.624175466230
 -6.25367068304 -4.61403043634 -3.04954989554 -1.56072634524 -0.512085349802 0.130330060185 0.562688429162 0.760070459135 0.800347672733 0.627127621212
# log_selcoffs_fsh[3]:
 -2.34912820633 0.291132917580 1.47732551486 0.0375695732946 -2.12951530444 -3.89134566702 -4.85417671837
 -2.32882113096 0.870170317577 1.29691327189 -0.307014038224 -2.35996360405 -3.94114907593 -4.85436530641
# log_selcoffs_fsh[4]:
 -5.92796377681 -4.79642321720 -3.64050366512 -2.42181666341 -1.14762125065 0.0544660797090 0.927485227982 1.12952578102 0.630408448523
 -5.91477731242 -4.77593891754 -3.60570356897 -2.33626987462 -1.01436029466 0.149054482781 0.935119718477 1.06722399088 0.634897100896
 -5.87911981553 -4.73738280572 -3.57129858704 -2.33375977730 -1.03594812114 0.130209084910 0.919249719450 1.07206618156 0.663006005321
 -5.81194927520 -4.65949632594 -3.50322411673 -2.31360667926 -1.07335748588 0.0640059251515 0.875892176332 1.08532640571 0.736758835090
 -5.73927214206 -4.56022841968 -3.39161723895 -2.23560367870 -1.04172280364 0.0699295003197 0.838632602920 1.05862435115 0.799692991585
 -5.66435032095 -4.50053305283 -3.32050611337 -2.13989294329 -1.02871751627 0.000761721534343 0.791664273138 1.07211209297 0.852196015528
 -5.56720670651 -4.42502536124 -3.25524860660 -2.04995448161 -0.947987130473 0.0191294924196 0.762564765648 1.03409336331 0.897611937245
 -5.43706121979 -4.29611911500 -3.17659145974 -2.01599905740 -0.907317756262 0.00277703747661 0.717341766143 1.02859801069 0.937897408632
 -5.30193778605 -4.11558362992 -3.03662955375 -2.02295377372 -0.992573493610 -0.0266800325950 0.709318549977 1.01852195449 0.975480774028
 -5.17276405311 -3.98010431156 -2.84662157871 -1.82253869635 -0.922763804969 -0.0692571565299 0.628429117517 0.996705905967 1.04432530916
 -5.07072291171 -3.86139160524 -2.71478470116 -1.68147365066 -0.770159488676 -0.00672177499070 0.585621262950 0.934641412915 1.07217184794
 -4.99653161222 -3.74142431086 -2.57036224834 -1.55286435703 -0.667040488676 0.0724200593772 0.580864427585 0.888746771443 1.05548717418
 -4.93417767692 -3.59104813069 -2.34885655566 -1.35468119334 -0.593345489058 0.0722095436980 0.581106914506 0.867147901235 1.03540290062
 -4.86918879200 -3.40089218978 -1.98071085802 -0.973487773584 -0.392510721015 0.0583383796533 0.458220559116 0.814517533948 1.05377741551
 -4.80153777578 -3.25495065184 -1.73884396459 -0.634987549257 -0.135665743666 0.0911935764318 0.350684020052 0.717720077810 1.03287338370
 -4.71799027409 -3.13323930379 -1.53291558102 -0.385758162997 -0.0447570193220 0.0738922615140 0.290278420072 0.656217519121 1.01321496746
 -4.65825777061 -3.10697779814 -1.55758743244 -0.398176502847 -0.0344757893798 0.133490783585 0.332566617121 0.640167091493 0.979577498445
 -4.61175235118 -3.19810972343 -1.90506583916 -0.919846182967 -0.235435297911 0.319072230428 0.570594440923 0.688989309490 0.906133517792
 -4.53002203516 -3.23639775713 -2.07358003615 -1.17534448639 -0.460867742776 0.173041348031 0.586088634982 0.820841729824 0.965636058536
 -4.47371202977 -3.25314864390 -2.16550696979 -1.32012038471 -0.671634260105 -0.0274674260926 0.570380344454 0.933495102292 1.01958560462
 -4.41508883702 -3.19968349185 -2.11392026904 -1.35516575583 -0.781122902733 -0.211085253806 0.438464467244 0.988237299468 1.11973660223
 -4.34965994008 -3.09621293765 -1.84457840865 -1.20235235212 -0.785232549259 -0.232743209856 0.333640264092 0.853587460929 1.25013762968
 -4.31825102567 -3.17027373445 -2.11140982395 -1.31990904063 -0.763366996590 -0.153927628766 0.359494824566 0.821923450833 1.26003722141
 -4.24618895886 -3.15282610676 -2.14306324416 -1.33907461370 -0.753157336097 -0.222075290968 0.290875715387 0.809183323488 1.31053669062
 -4.25200047934 -3.16787959907 -2.07067949081 -1.10475966160 -0.474461219991 0.0431247363994 0.433146977133 0.798996122008 1.11664272017
 -4.08216640651 -2.99000134571 -1.77875881659 -0.959248857409 -0.461087485232 0.00125226212741 0.415912548508 0.788254066004 1.10976875050
 -3.81200431506 -2.84063273453 -1.81782415332 -1.00740866040 -0.484798416765 -0.0263436879761 0.426118478827 0.833132857744 1.08867187460
 -3.33958294948 -2.52356983155 -1.70835052134 -1.06045380534 -0.581589037119 -0.175121050573 0.262275333080 0.775376152406 1.24911474610
 -2.66853937830 -2.03071659902 -1.54447611970 -1.11523864876 -0.832861610195 -0.513258387710 0.0159224553780 0.730781834396 1.41877255537
 -2.69924251298 -2.07520840050 -1.43500228760 -1.00929142256 -0.835182155583 -0.685980522604 -0.208184999463 0.641056457080 1.51659591422
 -2.50832429625 -1.81122706821 -1.56299130275 -1.28580189751 -0.983694983971 -0.764468455375 -0.306293129241 0.571509750248 1.59383422417
# log_sel_spl_fsh[1]:
 0.00000000000 0.00000000000 0.00000000000 0.00000000000
 0.00000000000 0.00000000000 0.00000000000 0.00000000000
 0.00000000000 0.00000000000 0.00000000000 0.00000000000
 0.00000000000 0.00000000000 0.00000000000 0.00000000000
 0.00000000000 0.00000000000 0.00000000000 0.00000000000
 0.00000000000 0.00000000000 0.00000000000 0.00000000000
 0.00000000000 0.00000000000 0.00000000000 0.00000000000
 0.00000000000 0.00000000000 0.00000000000 0.00000000000
 0.00000000000 0.00000000000 0.00000000000 0.00000000000
 0.00000000000 0.00000000000 0.00000000000 0.00000000000
 0.00000000000 0.00000000000 0.00000000000 0.00000000000
 0.00000000000 0.00000000000 0.00000000000 0.00000000000
 0.00000000000 0.00000000000 0.00000000000 0.00000000000
 0.00000000000 0.00000000000 0.00000000000 0.00000000000
 0.00000000000 0.00000000000 0.00000000000 0.00000000000
 0.00000000000 0.00000000000 0.00000000000 0.00000000000
 0.00000000000 0.00000000000 0.00000000000 0.00000000000
 0.00000000000 0.00000000000 0.00000000000 0.00000000000
 0.00000000000 0.00000000000 0.00000000000 0.00000000000
 0.00000000000 0.00000000000 0.00000000000 0.00000000000
 0.00000000000 0.00000000000 0.00000000000 0.00000000000
 0.00000000000 0.00000000000 0.00000000000 0.00000000000
 0.00000000000 0.00000000000 0.00000000000 0.00000000000
 0.00000000000 0.00000000000 0.00000000000 0.00000000000
 0.00000000000 0.00000000000 0.00000000000 0.00000000000
 0.00000000000 0.00000000000 0.00000000000 0.00000000000
 0.00000000000 0.00000000000 0.00000000000 0.00000000000
 0.00000000000 0.00000000000 0.00000000000 0.00000000000
 0.00000000000 0.00000000000 0.00000000000 0.00000000000
 0.00000000000 0.00000000000 0.00000000000 0.00000000000
 0.00000000000 0.00000000000 0.00000000000 0.00000000000
 0.00000000000 0.00000000000 0.00000000000 0.00000000000
 0.00000000000 0.00000000000 0.00000000000 0.00000000000
 0.00000000000 0.00000000000 0.00000000000 0.00000000000
 0.00000000000 0.00000000000 0.00000000000 0.00000000000
 0.00000000000 0.00000000000 0.00000000000 0.00000000000
# log_sel_spl_fsh[2]:
 0.00000000000 0.00000000000 0.00000000000 0.00000000000
 0.00000000000 0.00000000000 0.00000000000 0.00000000000
 0.00000000000 0.00000000000 0.00000000000 0.00000000000
 0.00000000000 0.00000000000 0.00000000000 0.00000000000
 0.00000000000 0.00000000000 0.00000000000 0.00000000000
 0.00000000000 0.00000000000 0.00000000000 0.00000000000
 0.00000000000 0.00000000000 0.00000000000 0.00000000000
 0.00000000000 0.00000000000 0.00000000000 0.00000000000
 0.00000000000 0.00000000000 0.00000000000 0.00000000000
 0.00000000000 0.00000000000 0.00000000000 0.00000000000
 0.00000000000 0.00000000000 0.00000000000 0.00000000000
 0.00000000000 0.00000000000 0.00000000000 0.00000000000
 0.00000000000 0.00000000000 0.00000000000 0.00000000000
 0.00000000000 0.00000000000 0.00000000000 0.00000000000
 0.00000000000 0.00000000000 0.00000000000 0.00000000000
 0.00000000000 0.00000000000 0.00000000000 0.00000000000
 0.00000000000 0.00000000000 0.00000000000 0.00000000000
 0.00000000000 0.00000000000 0.00000000000 0.00000000000
 0.00000000000 0.00000000000 0.00000000000 0.00000000000
 0.00000000000 0.00000000000 0.00000000000 0.00000000000
 0.00000000000 0.00000000000 0.00000000000 0.00000000000
 0.00000000000 0.00000000000 0.00000000000 0.00000000000
 0.00000000000 0.00000000000 0.00000000000 0.00000000000
 0.00000000000 0.00000000000 0.00000000000 0.00000000000
 0.00000000000 0.00000000000 0.00000000000 0.00000000000
 0.00000000000 0.00000000000 0.00000000000 0.00000000000
 0.00000000000 0.00000000000 0.00000000000 0.00000000000
 0.00000000000 0.00000000000 0.00000000000 0.00000000000
 0.00000000000 0.00000000000 0.00000000000 0.00000000000
 0.00000000000 0.00000000000 0.00000000000 0.00000000000
 0.00000000000 0.00000000000 0.00000000000 0.00000000000
 0.00000000000 0.00000000000 0.00000000000 0.00000000000
 0.00000000000 0.00000000000 0.00000000000 0.00000000000
 0.00000000000 0.00000000000 0.00000000000 0.00000000000
 0.00000000000 0.00000000000 0.00000000000 0.00000000000
 0.00000000000 0.00000000000 0.00000000000 0.00000000000
 0.00000000000 0.00000000000 0.00000000000 0.00000000000
# log_sel_spl_fsh[3]:
 0.00000000000 0.00000000000 0.00000000000 0.00000000000
 0.00000000000 0.00000000000 0.00000000000 0.00000000000
# log_sel_spl_fsh[4]:
 0.00000000000 0.00000000000 0.00000000000 0.00000000000
 0.00000000000 0.00000000000 0.00000000000 0.00000000000
 0.00000000000 0.00000000000 0.00000000000 0.00000000000
 0.00000000000 0.00000000000 0.00000000000 0.00000000000
 0.00000000000 0.00000000000 0.00000000000 0.00000000000
 0.00000000000 0.00000000000 0.00000000000 0.00000000000
 0.00000000000 0.00000000000 0.00000000000 0.00000000000
 0.00000000000 0.00000000000 0.00000000000 0.00000000000
 0.00000000000 0.00000000000 0.00000000000 0.00000000000
 0.00000000000 0.00000000000 0.00000000000 0.00000000000
 0.00000000000 0.00000000000 0.00000000000 0.00000000000
 0.00000000000 0.00000000000 0.00000000000 0.00000000000
 0.00000000000 0.00000000000 0.00000000000 0.00000000000
 0.00000000000 0.00000000000 0.00000000000 0.00000000000
 0.00000000000 0.00000000000 0.00000000000 0.00000000000
 0.00000000000 0.00000000000 0.00000000000 0.00000000000
 0.00000000000 0.00000000000 0.00000000000 0.00000000000
 0.00000000000 0.00000000000 0.00000000000 0.00000000000
 0.00000000000 0.00000000000 0.00000000000 0.00000000000
 0.00000000000 0.00000000000 0.00000000000 0.00000000000
 0.00000000000 0.00000000000 0.00000000000 0.00000000000
 0.00000000000 0.00000000000 0.00000000000 0.00000000000
 0.00000000000 0.00000000000 0.00000000000 0.00000000000
 0.00000000000 0.00000000000 0.00000000000 0.00000000000
 0.00000000000 0.00000000000 0.00000000000 0.00000000000
 0.00000000000 0.00000000000 0.00000000000 0.00000000000
 0.00000000000 0.00000000000 0.00000000000 0.00000000000
 0.00000000000 0.00000000000 0.00000000000 0.00000000000
 0.00000000000 0.00000000000 0.00000000000 0.00000000000
 0.00000000000 0.00000000000 0.00000000000 0.00000000000
 0.00000000000 0.00000000000 0.00000000000 0.00000000000
# logsel_slope_fsh[1]:
 0.00000000000 0.00000000000 0.00000000000 0.00000000000 0.00000000000 0.00000000000 0.00000000000 0.00000000000 0.00000000000 0.00000000000 0.00000000000 0.00000000000 0.00000000000 0.00000000000 0.00000000000 0.00000000000 0.00000000000 0.00000000000 0.00000000000 0.00000000000 0.00000000000 0.00000000000 0.00000000000 0.00000000000 0.00000000000 0.00000000000 0.00000000000 0.00000000000 0.00000000000 0.00000000000 0.00000000000 0.00000000000 0.00000000000 0.00000000000 0.00000000000 0.00000000000
# logsel_slope_fsh[2]:
 0.00000000000 0.00000000000 0.00000000000 0.00000000000 0.00000000000 0.00000000000 0.00000000000 0.00000000000 0.00000000000 0.00000000000 0.00000000000 0.00000000000 0.00000000000 0.00000000000 0.00000000000 0.00000000000 0.00000000000 0.00000000000 0.00000000000 0.00000000000 0.00000000000 0.00000000000 0.00000000000 0.00000000000 0.00000000000 0.00000000000 0.00000000000 0.00000000000 0.00000000000 0.00000000000 0.00000000000 0.00000000000 0.00000000000 0.00000000000 0.00000000000 0.00000000000 0.00000000000
# logsel_slope_fsh[3]:
 0.00000000000 0.00000000000
# logsel_slope_fsh[4]:
 0.00000000000 0.00000000000 0.00000000000 0.00000000000 0.00000000000 0.00000000000 0.00000000000 0.00000000000 0.00000000000 0.00000000000 0.00000000000 0.00000000000 0.00000000000 0.00000000000 0.00000000000 0.00000000000 0.00000000000 0.00000000000 0.00000000000 0.00000000000 0.00000000000 0.00000000000 0.00000000000 0.00000000000 0.00000000000 0.00000000000 0.00000000000 0.00000000000 0.00000000000 0.00000000000 0.00000000000
# sel50_fsh[1]:
 0.00000000000 0.00000000000 0.00000000000 0.00000000000 0.00000000000 0.00000000000 0.00000000000 0.00000000000 0.00000000000 0.00000000000 0.00000000000 0.00000000000 0.00000000000 0.00000000000 0.00000000000 0.00000000000 0.00000000000 0.00000000000 0.00000000000 0.00000000000 0.00000000000 0.00000000000 0.00000000000 0.00000000000 0.00000000000 0.00000000000 0.00000000000 0.00000000000 0.00000000000 0.00000000000 0.00000000000 0.00000000000 0.00000000000 0.00000000000 0.00000000000 0.00000000000
# sel50_fsh[2]:
 0.00000000000 0.00000000000 0.00000000000 0.00000000000 0.00000000000 0.00000000000 0.00000000000 0.00000000000 0.00000000000 0.00000000000 0.00000000000 0.00000000000 0.00000000000 0.00000000000 0.00000000000 0.00000000000 0.00000000000 0.00000000000 0.00000000000 0.00000000000 0.00000000000 0.00000000000 0.00000000000 0.00000000000 0.00000000000 0.00000000000 0.00000000000 0.00000000000 0.00000000000 0.00000000000 0.00000000000 0.00000000000 0.00000000000 0.00000000000 0.00000000000 0.00000000000 0.00000000000
# sel50_fsh[3]:
 0.00000000000 0.00000000000
# sel50_fsh[4]:
 0.00000000000 0.00000000000 0.00000000000 0.00000000000 0.00000000000 0.00000000000 0.00000000000 0.00000000000 0.00000000000 0.00000000000 0.00000000000 0.00000000000 0.00000000000 0.00000000000 0.00000000000 0.00000000000 0.00000000000 0.00000000000 0.00000000000 0.00000000000 0.00000000000 0.00000000000 0.00000000000 0.00000000000 0.00000000000 0.00000000000 0.00000000000 0.00000000000 0.00000000000 0.00000000000 0.00000000000
# logsel_p1_fsh[1]:
 0.00000000000 0.00000000000 0.00000000000 0.00000000000 0.00000000000 0.00000000000 0.00000000000 0.00000000000 0.00000000000 0.00000000000 0.00000000000 0.00000000000 0.00000000000 0.00000000000 0.00000000000 0.00000000000 0.00000000000 0.00000000000 0.00000000000 0.00000000000 0.00000000000 0.00000000000 0.00000000000 0.00000000000 0.00000000000 0.00000000000 0.00000000000 0.00000000000 0.00000000000 0.00000000000 0.00000000000 0.00000000000 0.00000000000 0.00000000000 0.00000000000 0.00000000000
# logsel_p1_fsh[2]:
 0.00000000000 0.00000000000 0.00000000000 0.00000000000 0.00000000000 0.00000000000 0.00000000000 0.00000000000 0.00000000000 0.00000000000 0.00000000000 0.00000000000 0.00000000000 0.00000000000 0.00000000000 0.00000000000 0.00000000000 0.00000000000 0.00000000000 0.00000000000 0.00000000000 0.00000000000 0.00000000000 0.00000000000 0.00000000000 0.00000000000 0.00000000000 0.00000000000 0.00000000000 0.00000000000 0.00000000000 0.00000000000 0.00000000000 0.00000000000 0.00000000000 0.00000000000 0.00000000000
# logsel_p1_fsh[3]:
 0.00000000000 0.00000000000
# logsel_p1_fsh[4]:
 0.00000000000 0.00000000000 0.00000000000 0.00000000000 0.00000000000 0.00000000000 0.00000000000 0.00000000000 0.00000000000 0.00000000000 0.00000000000 0.00000000000 0.00000000000 0.00000000000 0.00000000000 0.00000000000 0.00000000000 0.00000000000 0.00000000000 0.00000000000 0.00000000000 0.00000000000 0.00000000000 0.00000000000 0.00000000000 0.00000000000 0.00000000000 0.00000000000 0.00000000000 0.00000000000 0.00000000000
# sel_p2_fsh[1]:
 0.00000000000 0.00000000000 0.00000000000 0.00000000000 0.00000000000 0.00000000000 0.00000000000 0.00000000000 0.00000000000 0.00000000000 0.00000000000 0.00000000000 0.00000000000 0.00000000000 0.00000000000 0.00000000000 0.00000000000 0.00000000000 0.00000000000 0.00000000000 0.00000000000 0.00000000000 0.00000000000 0.00000000000 0.00000000000 0.00000000000 0.00000000000 0.00000000000 0.00000000000 0.00000000000 0.00000000000 0.00000000000 0.00000000000 0.00000000000 0.00000000000 0.00000000000
# sel_p2_fsh[2]:
 0.00000000000 0.00000000000 0.00000000000 0.00000000000 0.00000000000 0.00000000000 0.00000000000 0.00000000000 0.00000000000 0.00000000000 0.00000000000 0.00000000000 0.00000000000 0.00000000000 0.00000000000 0.00000000000 0.00000000000 0.00000000000 0.00000000000 0.00000000000 0.00000000000 0.00000000000 0.00000000000 0.00000000000 0.00000000000 0.00000000000 0.00000000000 0.00000000000 0.00000000000 0.00000000000 0.00000000000 0.00000000000 0.00000000000 0.00000000000 0.00000000000 0.00000000000 0.00000000000
# sel_p2_fsh[3]:
 0.00000000000 0.00000000000
# sel_p2_fsh[4]:
 0.00000000000 0.00000000000 0.00000000000 0.00000000000 0.00000000000 0.00000000000 0.00000000000 0.00000000000 0.00000000000 0.00000000000 0.00000000000 0.00000000000 0.00000000000 0.00000000000 0.00000000000 0.00000000000 0.00000000000 0.00000000000 0.00000000000 0.00000000000 0.00000000000 0.00000000000 0.00000000000 0.00000000000 0.00000000000 0.00000000000 0.00000000000 0.00000000000 0.00000000000 0.00000000000 0.00000000000
# logsel_p3_fsh[1]:
 0.00000000000 0.00000000000 0.00000000000 0.00000000000 0.00000000000 0.00000000000 0.00000000000 0.00000000000 0.00000000000 0.00000000000 0.00000000000 0.00000000000 0.00000000000 0.00000000000 0.00000000000 0.00000000000 0.00000000000 0.00000000000 0.00000000000 0.00000000000 0.00000000000 0.00000000000 0.00000000000 0.00000000000 0.00000000000 0.00000000000 0.00000000000 0.00000000000 0.00000000000 0.00000000000 0.00000000000 0.00000000000 0.00000000000 0.00000000000 0.00000000000 0.00000000000
# logsel_p3_fsh[2]:
 0.00000000000 0.00000000000 0.00000000000 0.00000000000 0.00000000000 0.00000000000 0.00000000000 0.00000000000 0.00000000000 0.00000000000 0.00000000000 0.00000000000 0.00000000000 0.00000000000 0.00000000000 0.00000000000 0.00000000000 0.00000000000 0.00000000000 0.00000000000 0.00000000000 0.00000000000 0.00000000000 0.00000000000 0.00000000000 0.00000000000 0.00000000000 0.00000000000 0.00000000000 0.00000000000 0.00000000000 0.00000000000 0.00000000000 0.00000000000 0.00000000000 0.00000000000 0.00000000000
# logsel_p3_fsh[3]:
 0.00000000000 0.00000000000
# logsel_p3_fsh[4]:
 0.00000000000 0.00000000000 0.00000000000 0.00000000000 0.00000000000 0.00000000000 0.00000000000 0.00000000000 0.00000000000 0.00000000000 0.00000000000 0.00000000000 0.00000000000 0.00000000000 0.00000000000 0.00000000000 0.00000000000 0.00000000000 0.00000000000 0.00000000000 0.00000000000 0.00000000000 0.00000000000 0.00000000000 0.00000000000 0.00000000000 0.00000000000 0.00000000000 0.00000000000 0.00000000000 0.00000000000
# rec_dev_future:
 0.00000000000 0.00000000000 0.00000000000 0.00000000000 0.00000000000 0.00000000000 0.00000000000 0.00000000000 0.00000000000 0.00000000000 0.00000000000 0.00000000000 0.00000000000 0.00000000000 0.00000000000 0.00000000000 0.00000000000 0.00000000000 0.00000000000 0.00000000000
 0.00000000000 0.00000000000 0.00000000000 0.00000000000 0.00000000000 0.00000000000 0.00000000000 0.00000000000 0.00000000000 0.00000000000 0.00000000000 0.00000000000 0.00000000000 0.00000000000 0.00000000000 0.00000000000 0.00000000000 0.00000000000 0.00000000000 0.00000000000
# log_q_ind[1]:
-0.0683669852078
# log_q_ind[2]:
-2.99522886142
# log_q_ind[3]:
-9.54193168898
# log_q_ind[4]:
-0.796394847998
# log_q_ind[5]:
-4.04766535310
# log_q_ind[6]:
-6.38070835057
# log_q_ind[7]:
-8.22596461006
# log_q_ind[8]:
-1.00680749419
# log_q_power_ind[1]:
0.00000000000
# log_q_power_ind[2]:
0.00000000000
# log_q_power_ind[3]:
0.00000000000
# log_q_power_ind[4]:
0.00000000000
# log_q_power_ind[5]:
0.00000000000
# log_q_power_ind[6]:
0.00000000000
# log_q_power_ind[7]:
0.00000000000
# log_q_power_ind[8]:
0.00000000000
# log_rw_q_ind[1]:
 -1.22040479961
# log_rw_q_ind[3]:
 -0.302473333934
# log_selcoffs_ind[1]:
 -3.21952356687 -2.10116432795 -1.03139479659 -0.199907899047 0.263888340096 0.456457143303 0.455378403409 0.384752386019 0.325589330348 0.300900488735
 -3.18322090734 -2.24511238728 -1.33178768094 -0.497490786339 0.149326200965 0.497273055539 0.565433198166 0.472770134874 0.365362802785 0.314526352913
# log_selcoffs_ind[2]:
 -0.676813947167 -0.163630894420 0.154678153600 0.259160053888 0.139263105182 -0.00179413662451 -0.0527560076059 -0.0126031289380 0.0398822479730 0.0537094115338
 -0.222960382262 -0.0140837856845 0.104684316828 0.203595097709 0.205708187480 0.108574512293 -0.0239608292868 -0.125706988534 -0.172865246504 -0.180148694040
 0.140782527160 0.0752483860345 0.115660260137 0.208716594418 0.207607471477 0.0846414862216 -0.0945039994948 -0.251726576067 -0.339741562000 -0.360007455471
# log_selcoffs_ind[3]:
 -0.202940821038 0.0202027052767 0.0202027052767 0.0202027052767 0.0202027052767 0.0202027052767 0.0202027052767 0.0202027052767 0.0202027052767 0.0202027052767
# log_selcoffs_ind[4]:
 -2.40394843094 -1.41168792668 -0.567072177774 -0.0548167828612 0.122797921335 0.204825019906 0.276055342619 0.347503576271 0.406455940007 0.444148766380
 -3.02273865354 -2.16803441392 -1.33393514688 -0.624289884362 -0.112183717096 0.236702079153 0.460142413024 0.572964304059 0.578988648673 0.550925035254
# log_selcoffs_ind[5]:
 -3.04452005677 -0.669616569639 0.101782682789 0.174353368097 0.174353368097 0.174353368097 0.174353368097 0.174353368097 0.174353368097 0.174353368097
# log_selcoffs_ind[6]:
 -3.04452005677 -0.669616569639 0.101782682789 0.174353368097 0.174353368097 0.174353368097 0.174353368097 0.174353368097 0.174353368097 0.174353368097
# log_selcoffs_ind[7]:
 -3.04452005677 -0.669616569639 0.101782682789 0.174353368097 0.174353368097 0.174353368097 0.174353368097 0.174353368097 0.174353368097 0.174353368097
# log_selcoffs_ind[8]:
 -3.04452005677 -0.669616569639 0.101782682789 0.174353368097 0.174353368097 0.174353368097 0.174353368097 0.174353368097 0.174353368097 0.174353368097
# logsel_slope_ind[1]:
 0.00000000000 0.00000000000
# logsel_slope_ind[2]:
 0.00000000000 0.00000000000 0.00000000000
# logsel_slope_ind[3]:
 0.00000000000
# logsel_slope_ind[4]:
 0.00000000000 0.00000000000
# logsel_slope_ind[5]:
 0.00000000000
# logsel_slope_ind[6]:
 0.00000000000
# logsel_slope_ind[7]:
 0.00000000000
# logsel_slope_ind[8]:
 0.00000000000
# sel50_ind[1]:
 0.00000000000 0.00000000000
# sel50_ind[2]:
 0.00000000000 0.00000000000 0.00000000000
# sel50_ind[3]:
 0.00000000000
# sel50_ind[4]:
 0.00000000000 0.00000000000
# sel50_ind[5]:
 0.00000000000
# sel50_ind[6]:
 0.00000000000
# sel50_ind[7]:
 0.00000000000
# sel50_ind[8]:
 0.00000000000
# logsel_p1_ind[1]:
 0.00000000000 0.00000000000
# logsel_p1_ind[2]:
 0.00000000000 0.00000000000 0.00000000000
# logsel_p1_ind[3]:
 0.00000000000
# logsel_p1_ind[4]:
 0.00000000000 0.00000000000
# logsel_p1_ind[5]:
 0.00000000000
# logsel_p1_ind[6]:
 0.00000000000
# logsel_p1_ind[7]:
 0.00000000000
# logsel_p1_ind[8]:
 0.00000000000
# sel_p2_ind[1]:
 0.00000000000 0.00000000000
# sel_p2_ind[2]:
 0.00000000000 0.00000000000 0.00000000000
# sel_p2_ind[3]:
 0.00000000000
# sel_p2_ind[4]:
 0.00000000000 0.00000000000
# sel_p2_ind[5]:
 0.00000000000
# sel_p2_ind[6]:
 0.00000000000
# sel_p2_ind[7]:
 0.00000000000
# sel_p2_ind[8]:
 0.00000000000
# logsel_p3_ind[1]:
 0.00000000000 0.00000000000
# logsel_p3_ind[2]:
 0.00000000000 0.00000000000 0.00000000000
# logsel_p3_ind[3]:
 0.00000000000
# logsel_p3_ind[4]:
 0.00000000000 0.00000000000
# logsel_p3_ind[5]:
 0.00000000000
# logsel_p3_ind[6]:
 0.00000000000
# logsel_p3_ind[7]:
 0.00000000000
# logsel_p3_ind[8]:
 0.00000000000
