# Number of parameters = 1649 Objective function value = 4392.90917404473  Maximum gradient component = 0.000296181003894118
# Mest[1]:
0.280000000000
# Mest[2]:
0.330000000000
# log_Linf[1]:
4.29810139974
# log_Linf[2]:
4.29810139974
# log_k[1]:
-1.83258146375
# log_k[2]:
-1.83258146375
# log_Lo[1]:
2.60712428251
# log_Lo[2]:
2.60712428251
# log_sdage[1]:
-2.40794560865
# log_sdage[2]:
-2.40794560865
# mean_log_rec[1]:
9.26821043405
# mean_log_rec[2]:
7.45652781954
# mean_log_rec[3]:
6.64280100332
# steepness[1]:
0.650000000000
# steepness[2]:
0.650000000000
# steepness[3]:
0.650000000000
# log_Rzero[1]:
9.30969819061
# log_Rzero[2]:
7.60426536251
# log_Rzero[3]:
5.94398967563
# rec_dev:
 -0.0366467358666 -0.0478679131423 -0.0621939463740 -0.0804027521416 -0.103441571403 -0.132337325871 -0.167257007446 -0.207665618565 -0.255594948142 -0.312314900301 -0.376006244840 -0.434343044688 -0.499997780061 -0.577767247724 -0.700417093763 -0.727513231112 -0.507256713244 -0.321658171272 -0.0426879807693 0.206205640942 0.260736716533 0.298692610161 0.422606655400 0.523535246941 1.02738634148 0.818907459997 0.857444699008 1.69584331161 1.56553089472 0.764655345273 0.199810057314 0.458058181471 0.645961983825 0.730933030200 0.223113392721 0.252049482713 0.0309292769801 0.209142465943 0.335375315851 0.401735226694 0.517006749314 0.624775231438 0.635135703297 0.557903563543 0.151496035632 -0.370107297508 -0.322576666150 -0.830970270057 -1.63604836408 -0.773530659105 -0.940927367709 -1.24025210970 -1.29987381357 -1.33270341918 -1.17506519796 -0.703833329943 -0.705870403470 -0.537426551292 -0.336726839020 0.0509287374150 -0.0245277117193 -0.170379927084 0.379493740319 0.0615737992846 -0.344892785677 0.189469131222 0.323577156700
 -0.00304752824982 -0.00345888695168 -0.00369434296898 -0.00398459503346 -0.00367398254923 -0.00542772476576 -0.0114384463548 -0.0242944619687 -0.0319230699894 0.0762297854844 -0.192566233253 -0.552174834462 -0.0592719698996 0.236770757005 -0.133320822334 -0.418548818730 0.497359675001 0.748857100759 0.161535879685 0.375243693485 0.238692101854 -0.247512505466 -0.327744531401 -0.0224932013671 -1.28191366351 -2.25776307666 -0.842701855084 0.227223693043 0.926791502660 0.152666022529 0.0596983011332 -0.848326196441 -0.870896643660 0.263292072330 0.266015062719 0.309643885731 1.04129666797 0.0358655702632 0.452134308649 0.609336427136 1.88713469127 1.88735933975 0.0484312945395 0.862029705768 -2.31191577055 0.659460599451 1.36416033578 0.195567129185 -1.40808928670 -1.44415484726 1.30726156327 0.340056414194 -1.03738752526 -2.22595762429 -2.03348908308 -2.03844309231 -1.36083714075 -0.260029009665 0.330664073497 0.376493343510 -0.229410448691 -0.123519960077 0.790813514604 0.243783958800 -0.398827942928 -0.622360288926 -0.0847033774928
# log_sigmar[1]:
-0.510825623766
# log_sigmar[2]:
-0.510825623766
# log_sigmar[3]:
-0.510825623766
# fmort:
 -4.76871575385 -4.36495290986 -5.10653737118 -4.79497083792 -4.04045067546 -3.72280732683 -3.40294822481 -3.43592378903 -2.79163804961 -2.91668999125 -3.19832050972 -2.81158637395 -2.08435958760 -3.03069962728 -2.21777933397 -2.79894405681 -5.20905286467 -3.93972853334 -4.31056396415 -4.38898084906 -4.40668592369 -4.03531173338 -3.93077450810 -3.72788625915 -4.15404516478 -3.84624782227 -3.35156551395 -4.39745586758 -5.62319788588 -5.01882987331 -4.60353089010 -3.97862286765 -4.86225970545 -4.43188953881 -4.29347073597 -3.73610729941 -3.57496095301 -3.09470443053 -2.59930574676 -2.88312150910 -2.32247372571 -3.88283596120 -4.83724398491 -4.29665945294 -4.19443310116 -3.78625685662 -4.00370721029 -3.44069168717 -4.50662843579 -4.74911131958 -3.53851336772 -3.50809220849 -3.60444486212 -3.73605920440 -3.41410897583 -3.63552096337
 -7.15396076045 -6.72052700233 -6.25372277104 -5.66146103776 -5.87706764684 -5.16476466388 -4.64245402813 -4.32667391004 -3.88331407862 -3.68363216058 -3.56475709357 -2.82954843158 -2.59483179555 -2.86555251595 -2.53514093599 -2.21979408199 -2.13543668780 -1.92717453712 -1.93443143660 -1.87544128615 -1.84373528940 -1.42107033647 -0.960211822572 -0.813344034863 -0.369280969063 0.240679565166 0.546479251932 0.779709201613 0.347609797724 -0.0431856151659 -0.301966609019 -0.0941591648255 -0.0601959116693 -0.254518043234 -0.370980111349 -0.561752788468 -0.693817759853 -0.642057691315 -0.964751069076 -0.816190041966 -1.31189768470 -1.49778914037 -1.54896411690 -1.61929907959 -1.63593035901 -1.43516360392 -1.30205887084 -1.18031563827 -1.03868293675 -1.12426473915 -1.07339187377 -0.976755228481 -0.973214694088 -0.822659535015 -0.375567834144 -0.410089342536
 -6.65850666044 -5.87554892855 -4.80819727726 -4.13663722170 -3.15077212759 -4.20088779099 -3.75492901417 -1.52755864613 -1.90412361082 -1.72602541502 -1.34703738346 -0.916652492562 -1.84381222053 -2.13612731343 -1.79560604321 -1.60220971269 -1.79919380153 -2.65006387724 -1.82069779137 -2.31422505868 -1.62285979463 -1.81043266072 -2.06616270801 -1.73855805554 -1.90355380455 -0.497753327003 -0.252442862427 0.714634261870 2.43839147187 0.917680955088 -0.122590603679 0.802237181635 2.19649030017 2.56759292915 2.59298658006 2.04855844392 2.86034381650 2.60397095715 2.76983554970 3.64580324879 1.10512376797 2.48128487811 2.18115089651 1.70927329038 1.90129279590 0.828177974370 0.614709471635 -0.511684816630 1.08386731374 1.83186246447 1.68717677064 1.47418722628 1.57308826473 1.69482537068 1.76727600132 2.24591198584
 -9.63759064352 -9.58714074767 -7.83005229796 -9.47988980212 -9.41540465956 -9.34773286125 -9.24657330969 -8.43479297331 -5.31853092210 -3.35777895413 -3.49205264772 -3.28371782253 -2.75559280814 -2.65798746878 -2.60090162536 -3.04778394380 -3.19789990286 -3.66502396048 -3.77918120487 -3.75168610843 -3.33692195448 -3.44278506215 -6.05669302372 -9.69673483630 -9.54774946072 -9.19457507904 -8.81065664562 -8.50081212105 -8.52473030146 -8.74540049652 -7.82025076755 -5.57957293943 -3.82358809702 -2.74040466016 -2.15789649168 -2.38112328819 -1.93375399987 -1.51631228679 -1.14956971015 -0.809797674599 -0.701454221488 -1.87793856662 -2.30379346860 -2.36010049271 -1.61433119111 -1.32305284894 -1.61747236158 -1.99874962088 -2.15989232002 -2.64178566284 -4.93746631570 -3.01028155505 -2.89046283944 -2.32141704049 -3.28950121593 -4.35159631846
# log_selcoffs_fsh[1]:
 -3.65868593897 -1.98738901411 -0.957877666470 0.0302110461431 0.883044585083 1.00352390651 0.305738435301 -0.530035989282 -1.10726144620
 -3.24360019520 -1.55878325044 -0.812103235267 -0.0116285623890 0.780163684480 0.945482161946 0.380819132158 -0.369632080632 -0.896811988328
 -2.92053510044 -1.44526781619 -0.585226350209 0.224900982447 0.765361310916 0.774747478122 0.311963055666 -0.299683874989 -0.745994986838
 -2.51633948968 -1.22278700227 -0.565835278025 0.0839611201229 0.803111388371 0.766862303797 0.268855039054 -0.282489926917 -0.651010765901
 -1.86061847806 -0.336447580699 -0.0185697557779 0.237644489729 0.480201019559 0.491215624378 0.194257342108 -0.207063725036 -0.507194076323
 -1.73556556782 -0.525091451732 0.443843862932 0.666434663610 0.319980096050 0.122769269173 -0.0839507605117 -0.336975974125 -0.535967905960
 -1.44844684516 -0.381707838086 0.524297338501 0.749130464976 0.309906016457 -0.0451457655867 -0.274436382165 -0.451680231120 -0.575851624087
 -1.04468419175 -0.200607429974 0.576058364910 0.791777656878 0.215801123936 -0.178948301916 -0.419402314664 -0.555664350331 -0.624556136753
 -0.761618142930 0.236924966638 0.478596210138 0.602849498824 0.299777981864 -0.196402575833 -0.499506122240 -0.628929631433 -0.666729463251
 -0.527295752328 0.384969806063 0.571766731224 0.575693444032 0.145754581083 -0.327728223632 -0.615988364562 -0.714122661025 -0.727170436066
 -0.0181781085716 0.922191259975 0.451173758756 0.161988293847 -0.223881158701 -0.545921423197 -0.740219230138 -0.800287598304 -0.793428665561
 0.186859756900 0.866522930891 0.615220103140 0.124795982168 -0.418702874907 -0.701420796274 -0.836430717498 -0.870940989642 -0.850167336666
 -0.0539967963594 1.13446258161 0.646101383858 -0.0895186141454 -0.634087357667 -0.868230755595 -0.947389790312 -0.952099891983 -0.924298194031
 0.171970979072 1.16255500341 0.592173560813 -0.171872183629 -0.747533056289 -0.963961271105 -1.01771430773 -1.00129939179 -0.966196376767
 0.178898971324 1.20523088333 0.579712896534 -0.215409359524 -0.795233363467 -1.01805378548 -1.06943062834 -1.04395816485 -1.00294486157
 -0.224394246767 1.27783505052 0.681827594007 -0.178692709635 -0.824915069223 -1.06507440122 -1.11995920606 -1.08934205488 -1.04247288257
 -0.109128582013 1.31800586556 0.605788192926 -0.229509726075 -0.860951763242 -1.10267941154 -1.15692411414 -1.12023892619 -1.06592822471
 0.451090727456 1.12254923434 0.634140378937 -0.259530985858 -0.899994568048 -1.13470169355 -1.18189801917 -1.13318173775 -1.06800952524
 0.772115476653 1.11358998222 0.394630760249 -0.381830665258 -0.970551546071 -1.19400294115 -1.23044909158 -1.16424068991 -1.08547577330
 0.505397767708 1.22184404921 0.542778111894 -0.388728689939 -1.04142592889 -1.26607372828 -1.28418519824 -1.19157017845 -1.09449299146
 0.587312577136 1.30565107401 0.378731166965 -0.530983861026 -1.14783482441 -1.35269545952 -1.34661920209 -1.22244758379 -1.10318154738
 0.613067005684 1.28930439299 0.471363807897 -0.621234071226 -1.26877166376 -1.44770845294 -1.40418519326 -1.24315825189 -1.09699719058
 0.825140041542 1.23867954393 0.343207709558 -0.668861567033 -1.33133129792 -1.51465710502 -1.44938813527 -1.25306963573 -1.07691842510
 0.530913667039 1.41379711554 0.314506320930 -0.722023672192 -1.36525501391 -1.55028982016 -1.47635652438 -1.25275620306 -1.04714377703
 0.675517170030 1.32782856940 0.313469318558 -0.677714696038 -1.33053353750 -1.53531055439 -1.46036310754 -1.21183309316 -0.976461913908
 0.746757415531 1.19425974751 0.390409243772 -0.508724054774 -1.25089243516 -1.48085370641 -1.39192151181 -1.12053786038 -0.863939379847
 0.365303824419 1.26054756186 0.480880440006 -0.373548281559 -1.13421408105 -1.36027509839 -1.25958137567 -0.976763443008 -0.718784066590
 0.393292199067 1.23124503563 0.379088511293 -0.471488430645 -1.05782391818 -1.21895147383 -1.08562116138 -0.800636887892 -0.547927643074
 1.10673357328 0.742010256190 0.00745555114888 -0.654387630029 -1.03492806637 -1.08643484326 -0.900348991931 -0.599126868679 -0.357028941739
 0.672194108927 0.996204514456 0.0237826772998 -0.722960306811 -0.995298488559 -0.940027748365 -0.694829404954 -0.374963206924 -0.130791656985
 0.391706270611 0.968307368434 -0.0916691425689 -0.716310996854 -0.877554750233 -0.766948547765 -0.476048067814 -0.139258989787 0.108489184203
 0.261093287585 0.572271796008 -0.154380915691 -0.601790408218 -0.678904936423 -0.527065284165 -0.217550632383 0.136045111973 0.389917938373
 -0.630372256294 0.217185602832 -0.147255776531 -0.410016238974 -0.395071156807 -0.272182366689 0.0270907397135 0.350139011784 0.596771558507
 -1.09290005318 -0.511319031518 -0.547539478500 -0.377118132424 -0.161696559937 -0.0537786037135 0.283392601558 0.501556110723 0.704873421852
 -0.708862908401 -0.313128331824 -0.861335496172 -0.853942818683 -0.516601619687 -0.153455327677 0.254577427845 0.606555573272 0.854418333601
 -0.229145758201 -1.17059838222 -1.32884559886 -1.04387321087 -0.614257718992 -0.166603666824 0.291737607392 0.686699995165 0.941669519720
 -1.57386592491 -1.58617226826 -1.43293418240 -0.925839833828 -0.442502848105 -0.0655224354006 0.399203618648 0.775978432527 0.997275082825
 -2.45294857696 -1.86713228841 -1.50149154947 -0.916961501637 -0.392143896151 0.0250925326237 0.395597472336 0.775599338406 1.02197714761
 -2.78750658539 -2.58781853326 -2.13902409245 -1.33585562780 -0.448096079654 0.175646443212 0.582798472175 0.832413944180 0.940699839206
 -3.25592745505 -3.03049840807 -2.46593577660 -1.55184648666 -0.573522962133 0.238557944260 0.690429599496 0.848379525659 0.897308940012
 -3.32216371950 -3.07643204503 -2.47201737261 -1.61963776510 -0.734429279325 0.0292169110378 0.614358970463 0.941659489783 0.998160142674
 -3.60418170852 -3.03800682837 -2.30200139447 -1.56573874414 -0.771860180915 -0.0739333706244 0.504079430819 0.961586606108 1.08305103921
 -3.63528943479 -3.00119808656 -2.27468362351 -1.52949266012 -0.763602862775 -0.0777645376415 0.495222888081 0.930229772990 1.11096867165
# log_selcoffs_fsh[2]:
 -2.18447416491 -0.215173754091 0.574704209938 0.895695227692 0.659452112357 0.120386842838 -0.362008046405 -0.760540930532 -1.05831535910 -1.26222674600
 -2.15918092605 -0.249569104085 -0.174724012342 0.423990632090 0.862357651133 0.669242287283 0.0616286155806 -0.519218519152 -0.882977216799 -1.06679553956
 -2.63219565460 -0.832020128781 -0.302435305729 0.295657126367 0.830782979912 0.806710552046 0.241192894772 -0.355152560960 -0.718592835054 -0.884371725859
 -2.94604745639 -1.36821937025 -0.460196704891 0.129947284333 0.767581387493 0.889574834800 0.339418598521 -0.193929627219 -0.519725477525 -0.669838746042
 -2.45610173885 -0.937931107935 -0.836134008718 -0.313685859977 0.488064632348 0.867248536098 0.526647039716 0.106367318693 -0.185870198877 -0.337862206978
 -1.94706600801 -0.807848195224 -0.582866556103 -0.472836446789 0.0453629830623 0.494712532486 0.581251112240 0.413522804241 0.190527840145 0.0326915648769
 -2.58828888467 -1.26500144510 -0.365603191040 -0.205313404061 -0.0983220901192 0.203871746329 0.463844399550 0.514426101338 0.383405987381 0.240446796539
 -3.16810893814 -2.10413353564 -1.25153027668 -0.502349496174 0.0621801340891 0.399886893329 0.593976354937 0.542399727040 0.422493894257 0.286616906145
 -3.48530805279 -2.42736857218 -1.76251435748 -1.04998207071 -0.256577713762 0.267610271272 0.620575390610 0.742812180833 0.611335315887 0.388163669693
 -3.63759650784 -2.39928730745 -1.68773895620 -1.19685820337 -0.749108348892 -0.150010161478 0.396816390170 0.877512868801 0.890394005027 0.550576393896
 -3.59411506317 -2.06073764934 -1.33393159766 -0.915535394310 -0.580588604346 -0.333326331476 0.144366513479 0.716264393817 0.930894731592 0.773089764628
 -3.65229113980 -2.12674542543 -1.30529071587 -0.894759129956 -0.559835973682 -0.245086942904 0.272352994106 0.639743094342 0.816895379729 0.853818925712
 -3.47813416732 -1.64309431596 -1.04383169040 -0.714059097543 -0.487667058300 -0.401893926457 0.0135441596588 0.434052314991 0.807688781675 1.04768218057
 -3.25586782993 -1.45004153474 -0.867497809100 -0.689843548667 -0.611695895172 -0.487315968317 -0.159644303578 0.297316955345 0.809306848874 1.16424224942
 -3.05835836205 -1.05637096137 -0.751379379167 -0.823314661105 -0.899513703036 -0.727870410783 -0.300983529691 0.234142164410 0.838043480020 1.24966472867
 -2.82562589356 -0.828097429709 -0.875026236107 -0.982169182044 -1.06919137060 -0.872344192872 -0.401990284259 0.188009225875 0.844240537056 1.32154265524
 -2.44844532414 -0.915956090800 -0.950114597178 -1.05755642810 -1.17710456949 -1.04116207061 -0.578082101466 0.0902736847916 0.847225066674 1.41818386011
 -2.77717530866 -1.01553684989 -0.864028294133 -1.02980754768 -1.21311745174 -1.09768808505 -0.657236456711 0.0181081868127 0.815122287955 1.47479136565
 -3.06716349591 -1.29371373222 -0.935105248995 -1.05554893089 -1.22953149574 -1.09669945603 -0.641120235605 0.0260524466962 0.811260085740 1.50594460841
 -3.14415253824 -1.56588861128 -1.21839403720 -1.09181844651 -1.20414038468 -1.10228004916 -0.647057737286 0.0496763084401 0.850644402200 1.51928367673
 -3.11471401377 -1.55834688202 -1.09179423763 -0.935501841881 -1.11029174951 -1.12807167712 -0.737771517449 -0.0243008520477 0.833296455866 1.52799818786
 -3.11899624103 -1.54933227297 -0.990192886476 -0.737740013631 -0.899871044286 -0.969745490911 -0.686417059745 -0.0931879284131 0.756433094378 1.51794686855
 -3.15856982490 -1.79541489019 -0.938748585635 -0.433818079178 -0.489119910714 -0.657304879436 -0.501354201066 -0.0586550583430 0.658960091506 1.42054425557
 -3.12916476385 -1.89659434911 -1.08197093772 -0.514130199354 -0.225064399163 -0.308766275830 -0.168785793640 0.151795256588 0.664417115152 1.21918637294
 -3.07288083466 -1.56359713363 -0.888187645313 -0.642390728719 -0.338592067537 -0.151017828406 0.0299462838305 0.329647478710 0.669777758636 1.05068564056
 -3.10955663936 -1.79296893399 -0.955061530989 -0.230227583110 0.0149617408965 0.0210943572257 0.105933383471 0.382348172822 0.627765082135 0.752590392521
 -3.18277360309 -1.47935618785 -0.791139864379 0.0980127350495 0.349456415925 0.289562565879 0.246660366483 0.353850900777 0.351824664593 0.258012320646
 -3.30800548523 -1.02335541869 -0.502927957868 0.0360525230296 0.345559046258 0.319374060752 0.508786742877 0.365792565473 0.110803181716 -0.0498129009057
 -3.46536687879 -1.78566266828 -0.856011235922 0.0914165944570 0.366095784995 0.379929586569 0.574690636743 0.277547851376 0.145004426122 0.116612668033
 -3.64393533910 -1.87510905089 -0.622492710923 0.0632002640765 0.495331045958 0.374713620724 0.228737567413 0.132382251987 0.231255013102 0.381386826849
 -3.54832748049 -1.46514399931 -0.287459826010 0.230011447883 0.192561566757 -0.0127388516688 0.0206799166083 0.120314924295 0.375170843517 0.656338495269
 -3.52507221446 -1.61401792025 -0.594597056110 -0.0768095562279 0.169133375679 0.0944132645611 -0.0339328467690 0.167320471181 0.485822226704 0.804706817767
 -3.08804033055 -1.10319818107 -0.899893766266 -0.578736055876 -0.175746710835 -0.0267672046965 0.0188936912380 0.259866996415 0.649994370125 0.959963771853
 -3.67277854307 -1.61903399810 -0.942046800396 -0.486889278904 -0.174736255628 0.0155418602602 0.124945339700 0.368717258979 0.654848767668 0.880863143155
 -4.01174250371 -2.03693558233 -1.37468062831 -0.882231632350 -0.305936987971 0.0496897999380 0.306595110054 0.542111101723 0.736492337131 0.802132864147
 -4.49567147350 -2.42912085732 -1.41291366011 -0.922165464910 -0.450850564996 -0.105144626055 0.293498492966 0.642821204756 0.787059687174 0.825263048966
 -4.98676100620 -3.10236943518 -1.84093307497 -1.00206691579 -0.334737654883 -0.00353301765041 0.354640934088 0.687491484415 0.775897715616 0.753070716993
 -5.31659526412 -3.51277424433 -2.46984415548 -1.51195683780 -0.601459634836 -0.0146678575747 0.373674838715 0.692487342971 0.835288427282 0.862689737490
 -5.61493319211 -3.93650385080 -2.56493460829 -1.73066627438 -0.804408255829 -0.190987446953 0.234853537072 0.595641913755 0.871256010811 1.09206597107
 -5.79721888765 -4.38270109264 -2.98269113631 -1.89287876689 -1.15179745615 -0.425694413972 0.0993453590143 0.509586257927 0.897819301407 1.27829118082
 -5.86038222143 -4.37020688109 -3.00827933375 -1.83591871391 -1.15368321866 -0.709892355020 -0.184415815687 0.344282142633 0.919717082452 1.43920480856
 -5.88999397347 -4.20935997385 -2.82749172775 -1.90918780427 -1.08679028965 -0.828416702320 -0.544421991195 0.0733769697857 0.911491657229 1.58034552764
 -5.99810534192 -4.21283895836 -2.41360655967 -1.30152806236 -0.922354569029 -0.676202897133 -0.619731433970 -0.263973183607 0.711797807354 1.68105954508
# log_selcoffs_fsh[3]:
 -5.17460194754 -1.08789662263 1.41131950187 0.415822748880 -1.09064705049 -0.764118830629 -1.43257597660
 -7.80053638954 -4.01311427325 -2.72394151062 -2.52097473805 -2.25056862130 1.86492956740 -1.29208971584
# log_selcoffs_fsh[4]:
 -0.737690374845 -0.310109575857 0.0272956935361 0.204223133547 0.227501510571 0.164158892848 0.0807436585089 0.0207175153265 -0.00472577343847
 -0.748931144839 -0.288609918991 0.0606319416541 0.222609826728 0.223114983338 0.145404392972 0.0612871397225 0.00779212420873 -0.0115819043809
 -0.776872328015 -0.245335885151 0.121763347374 0.258025795049 0.214360340749 0.109407647937 0.0236853653318 -0.0185486067545 -0.0267745075550
 -0.832074985104 -0.140752809188 0.239037336790 0.277258616844 0.177225908528 0.0497127174783 -0.0338385955609 -0.0573455253986 -0.0505021479206
 -0.951244780195 0.0446695898883 0.451493659075 0.294794379084 0.0658192408977 -0.0752896944364 -0.136173873133 -0.125299339784 -0.100794384588
 -1.03221914929 0.0504341564921 0.456641301643 0.335811009598 0.0979262641107 -0.0888050121351 -0.166446069755 -0.154748160312 -0.113152051625
 -1.29667562150 0.0681905052800 0.627985272497 0.393152526762 0.0533249242777 -0.172865746464 -0.260315062229 -0.236188242445 -0.169541101379
 -1.75961888602 0.276283209981 0.733126109873 0.433828825318 -0.00357625852099 -0.298221764147 -0.399532018446 -0.360405865300 -0.250589091405
 -2.53342717060 0.703042504933 0.845069378651 0.297380063611 -0.221307913122 -0.529885956487 -0.594050614937 -0.505503031501 -0.384445486116
 -2.25140254798 0.0476272318498 0.962736802228 0.480146114598 -0.147999323950 -0.475789989700 -0.502947289881 -0.355920729122 -0.196373760889
 -2.33397010210 -0.357327889800 1.08728330452 0.441762221240 -0.240629100194 -0.523471245441 -0.483442365778 -0.277536684072 -0.0736490757291
 -2.35446261472 0.140483493305 1.00237356033 0.246130493137 -0.348401275786 -0.583495708973 -0.482624825946 -0.201113431735 0.0503853490712
 -2.66749502051 0.298811098843 0.782655472735 0.128489834833 -0.396378215136 -0.535011830063 -0.376113166041 -0.0233264768067 0.289720376451
 -2.13791193339 0.0353113570418 0.443494653659 -0.0516343947362 -0.458353944229 -0.460051434339 -0.147758935789 0.291212904884 0.628115197005
 -1.81104186054 0.0842187869068 0.00267463869896 -0.478853528545 -0.682695267694 -0.469502650067 -0.00303215095451 0.504464478433 0.851364159387
 -1.92901838266 -0.443296861528 -0.640019758762 -1.01657052846 -0.957408386052 -0.465472357973 0.169350854148 0.744429368798 1.10597729689
 -2.92721191943 -0.613712880124 -2.12345993395 -1.76341341032 -1.36190324835 -0.503141203372 0.278268370452 0.891199462280 1.25114643111
 -3.41196044992 -1.60126709909 -1.59409645888 -1.65489082885 -1.27597443600 -0.510285946427 0.291936325427 0.919065592856 1.29355669681
 -4.37599081996 -2.61300882237 -1.61818008489 -1.71482288743 -1.33949469630 -0.525442885502 0.293610360143 0.942879394316 1.32812493269
 -5.49948636461 -3.84385695851 -2.79499041114 -2.29150306229 -1.49274614124 -0.562476947084 0.264858762336 0.923468059718 1.43424257508
 -6.86748166599 -4.93898203358 -3.38391901561 -2.55463478223 -1.57185109984 -0.487922626994 0.350154707151 0.998115569537 1.36765931345
 -6.81419249015 -5.13826009859 -3.01929924309 -1.90132690284 -1.11270134662 -0.296937871361 0.418417396885 0.949904856379 1.28593509596
 -6.59030448817 -4.36582376819 -1.74519660923 -1.23706679197 -0.844035355929 -0.281194192022 0.344735668847 0.903495200220 1.24022518978
 -6.22097945838 -4.28364914743 -2.31849475490 -1.05085182984 -0.613821217304 -0.264664745303 0.262105575655 0.848161617735 1.27882158533
 -5.87119266402 -4.41765141599 -2.91284758319 -1.40901810164 -0.308474585959 -0.283465388353 0.254122939998 0.860205153291 1.26573632034
 -5.45152063291 -4.52456846149 -3.64550790197 -2.75477698960 -1.85583862633 -0.642322886695 0.409349517750 1.04015270544 1.35512909314
 -5.07690771900 -4.63442018139 -4.42931560867 -4.02707473950 -3.45184664026 -1.13977911365 0.377097929978 1.13851889533 1.39191243403
 -4.74790627710 -4.33146326909 -4.15817035352 -3.89003381851 -3.08715705162 -1.25220673605 0.165452227789 1.05715117138 1.51567868847
 -2.94458391660 -2.76408735194 -2.81717879901 -2.76557285276 -2.18309215781 -1.16249705256 -0.00659959880135 0.960350459700 1.55396688182
 -2.96691665748 -2.43566332699 -2.25712426984 -2.17313094193 -1.81189145156 -1.07460303341 -0.120068112780 0.862360892536 1.58558413604
 -2.75963246899 -1.70826937882 -1.20710471803 -1.65607749398 -1.79459930001 -1.30529863556 -0.374142737976 0.714262889213 1.62879203107
 -2.67892575239 -1.91062789822 -1.95966122596 -2.10006488962 -1.95207380957 -1.37949410468 -0.491527239800 0.660917671045 1.71884391608
 -2.62223118680 -1.23865247730 -0.646720686503 -0.978411861289 -1.24968414473 -1.15664853324 -0.467367780938 0.610314728416 1.54097114877
 -2.63022768043 -1.03768718810 -0.919294325849 -1.07482987331 -1.20586724816 -1.10855676974 -0.429557033983 0.646305526417 1.53574124233
 -2.81438293087 -1.86921759680 -1.49361395293 -1.25400084366 -1.36497136471 -1.18692183556 -0.491238661466 0.661317982214 1.64212467045
 -2.96229706796 -2.18923171393 -1.90892826558 -1.76614266035 -1.57555168209 -1.39495650941 -0.783865723137 0.446062282399 1.79899046842
 -2.39628383385 -1.58623820218 -1.84917336727 -2.09611087398 -2.02902386504 -1.57985723401 -0.740294190320 0.517665022735 1.78026072739
# log_sel_spl_fsh[1]:
 0.00000000000 0.00000000000 0.00000000000 0.00000000000
 0.00000000000 0.00000000000 0.00000000000 0.00000000000
 0.00000000000 0.00000000000 0.00000000000 0.00000000000
 0.00000000000 0.00000000000 0.00000000000 0.00000000000
 0.00000000000 0.00000000000 0.00000000000 0.00000000000
 0.00000000000 0.00000000000 0.00000000000 0.00000000000
 0.00000000000 0.00000000000 0.00000000000 0.00000000000
 0.00000000000 0.00000000000 0.00000000000 0.00000000000
 0.00000000000 0.00000000000 0.00000000000 0.00000000000
 0.00000000000 0.00000000000 0.00000000000 0.00000000000
 0.00000000000 0.00000000000 0.00000000000 0.00000000000
 0.00000000000 0.00000000000 0.00000000000 0.00000000000
 0.00000000000 0.00000000000 0.00000000000 0.00000000000
 0.00000000000 0.00000000000 0.00000000000 0.00000000000
 0.00000000000 0.00000000000 0.00000000000 0.00000000000
 0.00000000000 0.00000000000 0.00000000000 0.00000000000
 0.00000000000 0.00000000000 0.00000000000 0.00000000000
 0.00000000000 0.00000000000 0.00000000000 0.00000000000
 0.00000000000 0.00000000000 0.00000000000 0.00000000000
 0.00000000000 0.00000000000 0.00000000000 0.00000000000
 0.00000000000 0.00000000000 0.00000000000 0.00000000000
 0.00000000000 0.00000000000 0.00000000000 0.00000000000
 0.00000000000 0.00000000000 0.00000000000 0.00000000000
 0.00000000000 0.00000000000 0.00000000000 0.00000000000
 0.00000000000 0.00000000000 0.00000000000 0.00000000000
 0.00000000000 0.00000000000 0.00000000000 0.00000000000
 0.00000000000 0.00000000000 0.00000000000 0.00000000000
 0.00000000000 0.00000000000 0.00000000000 0.00000000000
 0.00000000000 0.00000000000 0.00000000000 0.00000000000
 0.00000000000 0.00000000000 0.00000000000 0.00000000000
 0.00000000000 0.00000000000 0.00000000000 0.00000000000
 0.00000000000 0.00000000000 0.00000000000 0.00000000000
 0.00000000000 0.00000000000 0.00000000000 0.00000000000
 0.00000000000 0.00000000000 0.00000000000 0.00000000000
 0.00000000000 0.00000000000 0.00000000000 0.00000000000
 0.00000000000 0.00000000000 0.00000000000 0.00000000000
 0.00000000000 0.00000000000 0.00000000000 0.00000000000
 0.00000000000 0.00000000000 0.00000000000 0.00000000000
 0.00000000000 0.00000000000 0.00000000000 0.00000000000
 0.00000000000 0.00000000000 0.00000000000 0.00000000000
 0.00000000000 0.00000000000 0.00000000000 0.00000000000
 0.00000000000 0.00000000000 0.00000000000 0.00000000000
 0.00000000000 0.00000000000 0.00000000000 0.00000000000
# log_sel_spl_fsh[2]:
 0.00000000000 0.00000000000 0.00000000000 0.00000000000
 0.00000000000 0.00000000000 0.00000000000 0.00000000000
 0.00000000000 0.00000000000 0.00000000000 0.00000000000
 0.00000000000 0.00000000000 0.00000000000 0.00000000000
 0.00000000000 0.00000000000 0.00000000000 0.00000000000
 0.00000000000 0.00000000000 0.00000000000 0.00000000000
 0.00000000000 0.00000000000 0.00000000000 0.00000000000
 0.00000000000 0.00000000000 0.00000000000 0.00000000000
 0.00000000000 0.00000000000 0.00000000000 0.00000000000
 0.00000000000 0.00000000000 0.00000000000 0.00000000000
 0.00000000000 0.00000000000 0.00000000000 0.00000000000
 0.00000000000 0.00000000000 0.00000000000 0.00000000000
 0.00000000000 0.00000000000 0.00000000000 0.00000000000
 0.00000000000 0.00000000000 0.00000000000 0.00000000000
 0.00000000000 0.00000000000 0.00000000000 0.00000000000
 0.00000000000 0.00000000000 0.00000000000 0.00000000000
 0.00000000000 0.00000000000 0.00000000000 0.00000000000
 0.00000000000 0.00000000000 0.00000000000 0.00000000000
 0.00000000000 0.00000000000 0.00000000000 0.00000000000
 0.00000000000 0.00000000000 0.00000000000 0.00000000000
 0.00000000000 0.00000000000 0.00000000000 0.00000000000
 0.00000000000 0.00000000000 0.00000000000 0.00000000000
 0.00000000000 0.00000000000 0.00000000000 0.00000000000
 0.00000000000 0.00000000000 0.00000000000 0.00000000000
 0.00000000000 0.00000000000 0.00000000000 0.00000000000
 0.00000000000 0.00000000000 0.00000000000 0.00000000000
 0.00000000000 0.00000000000 0.00000000000 0.00000000000
 0.00000000000 0.00000000000 0.00000000000 0.00000000000
 0.00000000000 0.00000000000 0.00000000000 0.00000000000
 0.00000000000 0.00000000000 0.00000000000 0.00000000000
 0.00000000000 0.00000000000 0.00000000000 0.00000000000
 0.00000000000 0.00000000000 0.00000000000 0.00000000000
 0.00000000000 0.00000000000 0.00000000000 0.00000000000
 0.00000000000 0.00000000000 0.00000000000 0.00000000000
 0.00000000000 0.00000000000 0.00000000000 0.00000000000
 0.00000000000 0.00000000000 0.00000000000 0.00000000000
 0.00000000000 0.00000000000 0.00000000000 0.00000000000
 0.00000000000 0.00000000000 0.00000000000 0.00000000000
 0.00000000000 0.00000000000 0.00000000000 0.00000000000
 0.00000000000 0.00000000000 0.00000000000 0.00000000000
 0.00000000000 0.00000000000 0.00000000000 0.00000000000
 0.00000000000 0.00000000000 0.00000000000 0.00000000000
 0.00000000000 0.00000000000 0.00000000000 0.00000000000
# log_sel_spl_fsh[3]:
 0.00000000000 0.00000000000 0.00000000000 0.00000000000
 0.00000000000 0.00000000000 0.00000000000 0.00000000000
# log_sel_spl_fsh[4]:
 0.00000000000 0.00000000000 0.00000000000 0.00000000000
 0.00000000000 0.00000000000 0.00000000000 0.00000000000
 0.00000000000 0.00000000000 0.00000000000 0.00000000000
 0.00000000000 0.00000000000 0.00000000000 0.00000000000
 0.00000000000 0.00000000000 0.00000000000 0.00000000000
 0.00000000000 0.00000000000 0.00000000000 0.00000000000
 0.00000000000 0.00000000000 0.00000000000 0.00000000000
 0.00000000000 0.00000000000 0.00000000000 0.00000000000
 0.00000000000 0.00000000000 0.00000000000 0.00000000000
 0.00000000000 0.00000000000 0.00000000000 0.00000000000
 0.00000000000 0.00000000000 0.00000000000 0.00000000000
 0.00000000000 0.00000000000 0.00000000000 0.00000000000
 0.00000000000 0.00000000000 0.00000000000 0.00000000000
 0.00000000000 0.00000000000 0.00000000000 0.00000000000
 0.00000000000 0.00000000000 0.00000000000 0.00000000000
 0.00000000000 0.00000000000 0.00000000000 0.00000000000
 0.00000000000 0.00000000000 0.00000000000 0.00000000000
 0.00000000000 0.00000000000 0.00000000000 0.00000000000
 0.00000000000 0.00000000000 0.00000000000 0.00000000000
 0.00000000000 0.00000000000 0.00000000000 0.00000000000
 0.00000000000 0.00000000000 0.00000000000 0.00000000000
 0.00000000000 0.00000000000 0.00000000000 0.00000000000
 0.00000000000 0.00000000000 0.00000000000 0.00000000000
 0.00000000000 0.00000000000 0.00000000000 0.00000000000
 0.00000000000 0.00000000000 0.00000000000 0.00000000000
 0.00000000000 0.00000000000 0.00000000000 0.00000000000
 0.00000000000 0.00000000000 0.00000000000 0.00000000000
 0.00000000000 0.00000000000 0.00000000000 0.00000000000
 0.00000000000 0.00000000000 0.00000000000 0.00000000000
 0.00000000000 0.00000000000 0.00000000000 0.00000000000
 0.00000000000 0.00000000000 0.00000000000 0.00000000000
 0.00000000000 0.00000000000 0.00000000000 0.00000000000
 0.00000000000 0.00000000000 0.00000000000 0.00000000000
 0.00000000000 0.00000000000 0.00000000000 0.00000000000
 0.00000000000 0.00000000000 0.00000000000 0.00000000000
 0.00000000000 0.00000000000 0.00000000000 0.00000000000
 0.00000000000 0.00000000000 0.00000000000 0.00000000000
# logsel_slope_fsh[1]:
 0.00000000000 0.00000000000 0.00000000000 0.00000000000 0.00000000000 0.00000000000 0.00000000000 0.00000000000 0.00000000000 0.00000000000 0.00000000000 0.00000000000 0.00000000000 0.00000000000 0.00000000000 0.00000000000 0.00000000000 0.00000000000 0.00000000000 0.00000000000 0.00000000000 0.00000000000 0.00000000000 0.00000000000 0.00000000000 0.00000000000 0.00000000000 0.00000000000 0.00000000000 0.00000000000 0.00000000000 0.00000000000 0.00000000000 0.00000000000 0.00000000000 0.00000000000 0.00000000000 0.00000000000 0.00000000000 0.00000000000 0.00000000000 0.00000000000 0.00000000000
# logsel_slope_fsh[2]:
 0.00000000000 0.00000000000 0.00000000000 0.00000000000 0.00000000000 0.00000000000 0.00000000000 0.00000000000 0.00000000000 0.00000000000 0.00000000000 0.00000000000 0.00000000000 0.00000000000 0.00000000000 0.00000000000 0.00000000000 0.00000000000 0.00000000000 0.00000000000 0.00000000000 0.00000000000 0.00000000000 0.00000000000 0.00000000000 0.00000000000 0.00000000000 0.00000000000 0.00000000000 0.00000000000 0.00000000000 0.00000000000 0.00000000000 0.00000000000 0.00000000000 0.00000000000 0.00000000000 0.00000000000 0.00000000000 0.00000000000 0.00000000000 0.00000000000 0.00000000000
# logsel_slope_fsh[3]:
 0.00000000000 0.00000000000
# logsel_slope_fsh[4]:
 0.00000000000 0.00000000000 0.00000000000 0.00000000000 0.00000000000 0.00000000000 0.00000000000 0.00000000000 0.00000000000 0.00000000000 0.00000000000 0.00000000000 0.00000000000 0.00000000000 0.00000000000 0.00000000000 0.00000000000 0.00000000000 0.00000000000 0.00000000000 0.00000000000 0.00000000000 0.00000000000 0.00000000000 0.00000000000 0.00000000000 0.00000000000 0.00000000000 0.00000000000 0.00000000000 0.00000000000 0.00000000000 0.00000000000 0.00000000000 0.00000000000 0.00000000000 0.00000000000
# sel50_fsh[1]:
 0.00000000000 0.00000000000 0.00000000000 0.00000000000 0.00000000000 0.00000000000 0.00000000000 0.00000000000 0.00000000000 0.00000000000 0.00000000000 0.00000000000 0.00000000000 0.00000000000 0.00000000000 0.00000000000 0.00000000000 0.00000000000 0.00000000000 0.00000000000 0.00000000000 0.00000000000 0.00000000000 0.00000000000 0.00000000000 0.00000000000 0.00000000000 0.00000000000 0.00000000000 0.00000000000 0.00000000000 0.00000000000 0.00000000000 0.00000000000 0.00000000000 0.00000000000 0.00000000000 0.00000000000 0.00000000000 0.00000000000 0.00000000000 0.00000000000 0.00000000000
# sel50_fsh[2]:
 0.00000000000 0.00000000000 0.00000000000 0.00000000000 0.00000000000 0.00000000000 0.00000000000 0.00000000000 0.00000000000 0.00000000000 0.00000000000 0.00000000000 0.00000000000 0.00000000000 0.00000000000 0.00000000000 0.00000000000 0.00000000000 0.00000000000 0.00000000000 0.00000000000 0.00000000000 0.00000000000 0.00000000000 0.00000000000 0.00000000000 0.00000000000 0.00000000000 0.00000000000 0.00000000000 0.00000000000 0.00000000000 0.00000000000 0.00000000000 0.00000000000 0.00000000000 0.00000000000 0.00000000000 0.00000000000 0.00000000000 0.00000000000 0.00000000000 0.00000000000
# sel50_fsh[3]:
 0.00000000000 0.00000000000
# sel50_fsh[4]:
 0.00000000000 0.00000000000 0.00000000000 0.00000000000 0.00000000000 0.00000000000 0.00000000000 0.00000000000 0.00000000000 0.00000000000 0.00000000000 0.00000000000 0.00000000000 0.00000000000 0.00000000000 0.00000000000 0.00000000000 0.00000000000 0.00000000000 0.00000000000 0.00000000000 0.00000000000 0.00000000000 0.00000000000 0.00000000000 0.00000000000 0.00000000000 0.00000000000 0.00000000000 0.00000000000 0.00000000000 0.00000000000 0.00000000000 0.00000000000 0.00000000000 0.00000000000 0.00000000000
# logsel_p1_fsh[1]:
 0.00000000000 0.00000000000 0.00000000000 0.00000000000 0.00000000000 0.00000000000 0.00000000000 0.00000000000 0.00000000000 0.00000000000 0.00000000000 0.00000000000 0.00000000000 0.00000000000 0.00000000000 0.00000000000 0.00000000000 0.00000000000 0.00000000000 0.00000000000 0.00000000000 0.00000000000 0.00000000000 0.00000000000 0.00000000000 0.00000000000 0.00000000000 0.00000000000 0.00000000000 0.00000000000 0.00000000000 0.00000000000 0.00000000000 0.00000000000 0.00000000000 0.00000000000 0.00000000000 0.00000000000 0.00000000000 0.00000000000 0.00000000000 0.00000000000 0.00000000000
# logsel_p1_fsh[2]:
 0.00000000000 0.00000000000 0.00000000000 0.00000000000 0.00000000000 0.00000000000 0.00000000000 0.00000000000 0.00000000000 0.00000000000 0.00000000000 0.00000000000 0.00000000000 0.00000000000 0.00000000000 0.00000000000 0.00000000000 0.00000000000 0.00000000000 0.00000000000 0.00000000000 0.00000000000 0.00000000000 0.00000000000 0.00000000000 0.00000000000 0.00000000000 0.00000000000 0.00000000000 0.00000000000 0.00000000000 0.00000000000 0.00000000000 0.00000000000 0.00000000000 0.00000000000 0.00000000000 0.00000000000 0.00000000000 0.00000000000 0.00000000000 0.00000000000 0.00000000000
# logsel_p1_fsh[3]:
 0.00000000000 0.00000000000
# logsel_p1_fsh[4]:
 0.00000000000 0.00000000000 0.00000000000 0.00000000000 0.00000000000 0.00000000000 0.00000000000 0.00000000000 0.00000000000 0.00000000000 0.00000000000 0.00000000000 0.00000000000 0.00000000000 0.00000000000 0.00000000000 0.00000000000 0.00000000000 0.00000000000 0.00000000000 0.00000000000 0.00000000000 0.00000000000 0.00000000000 0.00000000000 0.00000000000 0.00000000000 0.00000000000 0.00000000000 0.00000000000 0.00000000000 0.00000000000 0.00000000000 0.00000000000 0.00000000000 0.00000000000 0.00000000000
# logsel_p2_fsh[1]:
 0.00000000000 0.00000000000 0.00000000000 0.00000000000 0.00000000000 0.00000000000 0.00000000000 0.00000000000 0.00000000000 0.00000000000 0.00000000000 0.00000000000 0.00000000000 0.00000000000 0.00000000000 0.00000000000 0.00000000000 0.00000000000 0.00000000000 0.00000000000 0.00000000000 0.00000000000 0.00000000000 0.00000000000 0.00000000000 0.00000000000 0.00000000000 0.00000000000 0.00000000000 0.00000000000 0.00000000000 0.00000000000 0.00000000000 0.00000000000 0.00000000000 0.00000000000 0.00000000000 0.00000000000 0.00000000000 0.00000000000 0.00000000000 0.00000000000 0.00000000000
# logsel_p2_fsh[2]:
 0.00000000000 0.00000000000 0.00000000000 0.00000000000 0.00000000000 0.00000000000 0.00000000000 0.00000000000 0.00000000000 0.00000000000 0.00000000000 0.00000000000 0.00000000000 0.00000000000 0.00000000000 0.00000000000 0.00000000000 0.00000000000 0.00000000000 0.00000000000 0.00000000000 0.00000000000 0.00000000000 0.00000000000 0.00000000000 0.00000000000 0.00000000000 0.00000000000 0.00000000000 0.00000000000 0.00000000000 0.00000000000 0.00000000000 0.00000000000 0.00000000000 0.00000000000 0.00000000000 0.00000000000 0.00000000000 0.00000000000 0.00000000000 0.00000000000 0.00000000000
# logsel_p2_fsh[3]:
 0.00000000000 0.00000000000
# logsel_p2_fsh[4]:
 0.00000000000 0.00000000000 0.00000000000 0.00000000000 0.00000000000 0.00000000000 0.00000000000 0.00000000000 0.00000000000 0.00000000000 0.00000000000 0.00000000000 0.00000000000 0.00000000000 0.00000000000 0.00000000000 0.00000000000 0.00000000000 0.00000000000 0.00000000000 0.00000000000 0.00000000000 0.00000000000 0.00000000000 0.00000000000 0.00000000000 0.00000000000 0.00000000000 0.00000000000 0.00000000000 0.00000000000 0.00000000000 0.00000000000 0.00000000000 0.00000000000 0.00000000000 0.00000000000
# logsel_p3_fsh[1]:
 0.00000000000 0.00000000000 0.00000000000 0.00000000000 0.00000000000 0.00000000000 0.00000000000 0.00000000000 0.00000000000 0.00000000000 0.00000000000 0.00000000000 0.00000000000 0.00000000000 0.00000000000 0.00000000000 0.00000000000 0.00000000000 0.00000000000 0.00000000000 0.00000000000 0.00000000000 0.00000000000 0.00000000000 0.00000000000 0.00000000000 0.00000000000 0.00000000000 0.00000000000 0.00000000000 0.00000000000 0.00000000000 0.00000000000 0.00000000000 0.00000000000 0.00000000000 0.00000000000 0.00000000000 0.00000000000 0.00000000000 0.00000000000 0.00000000000 0.00000000000
# logsel_p3_fsh[2]:
 0.00000000000 0.00000000000 0.00000000000 0.00000000000 0.00000000000 0.00000000000 0.00000000000 0.00000000000 0.00000000000 0.00000000000 0.00000000000 0.00000000000 0.00000000000 0.00000000000 0.00000000000 0.00000000000 0.00000000000 0.00000000000 0.00000000000 0.00000000000 0.00000000000 0.00000000000 0.00000000000 0.00000000000 0.00000000000 0.00000000000 0.00000000000 0.00000000000 0.00000000000 0.00000000000 0.00000000000 0.00000000000 0.00000000000 0.00000000000 0.00000000000 0.00000000000 0.00000000000 0.00000000000 0.00000000000 0.00000000000 0.00000000000 0.00000000000 0.00000000000
# logsel_p3_fsh[3]:
 0.00000000000 0.00000000000
# logsel_p3_fsh[4]:
 0.00000000000 0.00000000000 0.00000000000 0.00000000000 0.00000000000 0.00000000000 0.00000000000 0.00000000000 0.00000000000 0.00000000000 0.00000000000 0.00000000000 0.00000000000 0.00000000000 0.00000000000 0.00000000000 0.00000000000 0.00000000000 0.00000000000 0.00000000000 0.00000000000 0.00000000000 0.00000000000 0.00000000000 0.00000000000 0.00000000000 0.00000000000 0.00000000000 0.00000000000 0.00000000000 0.00000000000 0.00000000000 0.00000000000 0.00000000000 0.00000000000 0.00000000000 0.00000000000
# rec_dev_future:
 0.00000000000 0.00000000000 0.00000000000 0.00000000000 0.00000000000 0.00000000000 0.00000000000 0.00000000000 0.00000000000 0.00000000000 0.00000000000 0.00000000000 0.00000000000 0.00000000000 0.00000000000 0.00000000000 0.00000000000 0.00000000000 0.00000000000 0.00000000000
 0.00000000000 0.00000000000 0.00000000000 0.00000000000 0.00000000000 0.00000000000 0.00000000000 0.00000000000 0.00000000000 0.00000000000 0.00000000000 0.00000000000 0.00000000000 0.00000000000 0.00000000000 0.00000000000 0.00000000000 0.00000000000 0.00000000000 0.00000000000
# log_q_ind[1]:
0.627606904373
# log_q_ind[2]:
-1.76440354066
# log_q_ind[3]:
-2.54095803891
# log_q_ind[4]:
-0.289897143611
# log_q_ind[5]:
-0.338777172854
# log_q_ind[6]:
0.247909914262
# log_q_ind[7]:
0.875780454060
# log_q_ind[8]:
1.40237218572
# log_q_power_ind[1]:
0.00000000000
# log_q_power_ind[2]:
0.00000000000
# log_q_power_ind[3]:
0.00000000000
# log_q_power_ind[4]:
0.00000000000
# log_q_power_ind[5]:
0.00000000000
# log_q_power_ind[6]:
0.00000000000
# log_q_power_ind[7]:
0.00000000000
# log_q_power_ind[8]:
0.00000000000
# log_rw_q_ind[1]:
 -1.08276913191
# log_rw_q_ind[3]:
 0.118069752599
# log_rw_q_ind[6]:
 -0.438241213718
# log_selcoffs_ind[1]:
 -2.06137743471 -1.30732829218 -0.757838450984 -0.375576384858 -0.117830132255 0.0860764409660 0.266713869883 0.428487808574 0.556789251237 0.632446189737
 -2.55636020922 -1.84395495820 -1.17057323232 -0.607860773346 -0.209334028632 0.0643097755473 0.277422095065 0.486441130675 0.665502439782 0.760929217443
# log_selcoffs_ind[2]:
 0.0854290449198 0.0690526721304 -0.243964683783 -0.635279059670 -0.852735946166 -0.785292095935 -0.455784977721 0.0437169370432 0.534912702661 0.814413340361
 0.491218979509 0.0799994161352 -0.204307083640 -0.387895451626 -0.467191721609 -0.421582245184 -0.249095920001 0.00137520238758 0.239244073750 0.374849982900
 0.774687082218 0.339647677078 0.131925968301 -0.00289821817690 -0.183318291573 -0.361244630575 -0.464215813384 -0.458988049421 -0.355476746621 -0.227147997445
# log_selcoffs_ind[3]:
 -0.202940821038 0.0202027052767 0.0202027052767 0.0202027052767 0.0202027052767 0.0202027052767 0.0202027052767 0.0202027052767 0.0202027052767 0.0202027052767
# log_selcoffs_ind[4]:
 -0.403292139112 -0.312582601545 -0.230245156912 -0.164993105214 -0.101735147000 -0.0203266409122 0.0809278607394 0.191679287116 0.293660290466 0.363280691137
 -1.16895649532 -0.959652857856 -0.742956154657 -0.505639655808 -0.256192773498 -0.00403432564146 0.235688797921 0.436732644564 0.571154211942 0.627946789683
# log_selcoffs_ind[5]:
 -3.04452005677 -0.669616569639 0.101782682789 0.174353368097 0.174353368097 0.174353368097 0.174353368097 0.174353368097 0.174353368097 0.174353368097
# log_selcoffs_ind[6]:
 -3.04452005677 -0.669616569639 0.101782682789 0.174353368097 0.174353368097 0.174353368097 0.174353368097 0.174353368097 0.174353368097 0.174353368097
# log_selcoffs_ind[7]:
 -0.159493505810 -0.0417104840422 -0.00892066480343 0.0636500205045 0.0636500205045 0.0636500205045
# log_selcoffs_ind[8]:
 -0.171850237190 -0.0540672154223 0.0512932891244 0.0512932891244 0.0512932891244 0.0512932891244
# logsel_slope_ind[1]:
 0.00000000000 0.00000000000
# logsel_slope_ind[2]:
 0.00000000000 0.00000000000 0.00000000000
# logsel_slope_ind[3]:
 0.00000000000
# logsel_slope_ind[4]:
 0.00000000000 0.00000000000
# logsel_slope_ind[5]:
 0.00000000000
# logsel_slope_ind[6]:
 0.00000000000
# logsel_slope_ind[7]:
 0.00000000000
# logsel_slope_ind[8]:
 0.00000000000
# sel50_ind[1]:
 0.00000000000 0.00000000000
# sel50_ind[2]:
 0.00000000000 0.00000000000 0.00000000000
# sel50_ind[3]:
 0.00000000000
# sel50_ind[4]:
 0.00000000000 0.00000000000
# sel50_ind[5]:
 0.00000000000
# sel50_ind[6]:
 0.00000000000
# sel50_ind[7]:
 0.00000000000
# sel50_ind[8]:
 0.00000000000
# logsel_p1_ind[1]:
 0.00000000000 0.00000000000
# logsel_p1_ind[2]:
 0.00000000000 0.00000000000 0.00000000000
# logsel_p1_ind[3]:
 0.00000000000
# logsel_p1_ind[4]:
 0.00000000000 0.00000000000
# logsel_p1_ind[5]:
 0.00000000000
# logsel_p1_ind[6]:
 0.00000000000
# logsel_p1_ind[7]:
 0.00000000000
# logsel_p1_ind[8]:
 0.00000000000
# sel_p2_ind[1]:
 0.00000000000 0.00000000000
# sel_p2_ind[2]:
 0.00000000000 0.00000000000 0.00000000000
# sel_p2_ind[3]:
 0.00000000000
# sel_p2_ind[4]:
 0.00000000000 0.00000000000
# sel_p2_ind[5]:
 0.00000000000
# sel_p2_ind[6]:
 0.00000000000
# sel_p2_ind[7]:
 0.00000000000
# sel_p2_ind[8]:
 0.00000000000
# logsel_p3_ind[1]:
 0.00000000000 0.00000000000
# logsel_p3_ind[2]:
 0.00000000000 0.00000000000 0.00000000000
# logsel_p3_ind[3]:
 0.00000000000
# logsel_p3_ind[4]:
 0.00000000000 0.00000000000
# logsel_p3_ind[5]:
 0.00000000000
# logsel_p3_ind[6]:
 0.00000000000
# logsel_p3_ind[7]:
 0.00000000000
# logsel_p3_ind[8]:
 0.00000000000
