# Number of parameters = 1477 Objective function value = 3456.11815621049  Maximum gradient component = 0.000249831522367222
# Mest[1]:
0.280000000000
# Mest[2]:
0.330000000000
# log_Linf[1]:
4.29810139974
# log_Linf[2]:
4.29810139974
# log_k[1]:
-1.83258146375
# log_k[2]:
-1.83258146375
# log_Lo[1]:
2.60712428251
# log_Lo[2]:
2.60712428251
# log_sdage[1]:
-2.40794560865
# log_sdage[2]:
-2.40794560865
# mean_log_rec[1]:
9.32393566607
# mean_log_rec[2]:
8.15477947492
# mean_log_rec[3]:
6.69915421156
# steepness[1]:
0.650000000000
# steepness[2]:
0.650000000000
# steepness[3]:
0.650000000000
# log_Rzero[1]:
9.57860642850
# log_Rzero[2]:
8.13784575910
# log_Rzero[3]:
7.78676358830
# rec_dev:
 -0.0335868934431 -0.0439114979627 -0.0571215543265 -0.0739516280430 -0.0952868267849 -0.122092456447 -0.154674022241 -0.192750826276 -0.238115491709 -0.291909014071 -0.351525546856 -0.404930955061 -0.465607102737 -0.537042405796 -0.652664036580 -0.669034400324 -0.430897355181 -0.260609533762 -0.0208747332702 0.186700279805 0.207592712121 0.217604998438 0.308745569090 0.402927954830 0.933626860479 0.752346075687 0.788696122566 1.61606198988 1.49871642236 0.682696819847 0.118664962502 0.399809411576 0.602008627921 0.675145091641 0.169569374029 0.199784229207 -0.0231099708976 0.141789356950 0.240416566284 0.274576114265 0.366197263884 0.468794071934 0.484620533701 0.411118607078 0.0166436520558 -0.428635642137 -0.261436902686 -0.611163440379 -1.36536901052 -0.563109020476 -0.668667509289 -1.18363918586 -1.31070569995 -1.34852621576 -1.13885028759 -0.639017142682 -0.558289123312 -0.204265981969 0.183183390879 0.640350394177 0.370813356465 -0.370078071410 0.581422832914 -0.331829135964
 0.0212463419435 0.0298808710244 0.0419400306769 0.0582480332596 0.0807210395225 0.110705408478 0.148635562872 0.192234027487 0.329516515951 0.967381104023 0.284910079759 -0.338184868262 0.457876373678 0.698721860319 0.266815121238 -0.650970081757 0.0152581938528 0.461117555595 -0.0720007439962 0.0383111188661 -0.0537771297484 -0.0261872734731 0.794792788866 0.717155523250 -0.568272516292 -1.21624691024 0.172726900562 1.62343824036 0.494042679766 -0.0106888956204 -0.232474698186 -0.959113365698 -0.947600172137 -0.00320469511356 -0.597009831324 -0.271695674861 0.270971836385 -0.442210338178 -0.590963821127 -0.564192262661 1.93338757066 1.08940142717 -0.185108820300 0.453249052075 -0.945248090509 0.492907822056 1.16949930359 0.490367032925 -1.10423598274 -0.653742612408 -0.239186279679 1.40884715754 -0.864335728860 0.163851036661 -1.55539821257 -2.70389033881 -2.03700003315 -1.23058292504 0.417340096657 -0.0458036627179 0.230631457662 0.138380739243 0.143585784290 2.40978550222
# log_sigmar[1]:
-0.510825623766
# log_sigmar[2]:
-0.510825623766
# log_sigmar[3]:
-0.510825623766
# fmort:
 -4.85660503210 -4.45388845224 -5.19648040685 -4.88617901748 -4.13561983411 -3.82467906128 -3.51515519285 -3.56263047948 -2.93968777031 -3.08529719852 -3.37651613120 -2.98375958877 -2.25291795550 -3.18588244271 -2.34579424885 -2.90823684346 -5.29834491306 -4.00228950108 -4.34682578368 -4.40037212970 -4.40331957584 -4.03347381163 -3.93122275991 -3.72574610994 -4.15127156366 -3.84444861814 -3.34681167812 -4.37376135624 -5.56565711932 -4.92606211395 -4.48077779859 -3.84303708414 -4.71902471796 -4.29216808112 -4.16251536215 -3.65669184124 -3.55904695066 -3.13135352266 -2.59804904558 -2.85136049740 -2.26800437357 -3.81052942555 -4.76451174813 -4.24353720696 -4.17485462468 -3.83399864744 -4.14648485524 -3.72899809518 -4.92047110472 -5.26876083185 -4.13112814097 -4.25042550862 -4.50398710399
 -7.24394740752 -6.81161949165 -6.34664881407 -5.75681747964 -5.97640782728 -5.27144706009 -4.76359023253 -4.46498282149 -4.03217880969 -3.83179874371 -3.70159040089 -2.94688058899 -2.69945088158 -2.96208277617 -2.64313879330 -2.31935922081 -2.21399964823 -1.97436083220 -1.94387088922 -1.85766833118 -1.82175846342 -1.40609164889 -0.954177384555 -0.822999532820 -0.399464634745 0.183033951176 0.464582398891 0.677749342696 0.230351171393 -0.162333037428 -0.416298997609 -0.197570667990 -0.145730006055 -0.318891276736 -0.401342154598 -0.416871442927 -0.563785447901 -0.481557798302 -0.745901598108 -0.550915109699 -1.05841873211 -1.25743864120 -1.32156436937 -1.37870804039 -1.39480206447 -1.20477183219 -1.10312210289 -1.02060058350 -0.909225711546 -0.989769358406 -0.921387696618 -0.840391243631 -0.934250075301
 -8.06478693308 -7.21114465146 -5.86603146810 -5.26873778410 -4.40325761784 -5.43509473325 -4.64523256970 -2.06686847401 -2.52073119842 -2.49889291246 -2.13399434233 -1.90609678374 -3.27505646675 -4.25452126776 -3.97802103916 -3.96601823883 -4.09086280435 -4.77570467095 -4.34368386886 -3.86237092838 -2.98468406607 -2.97745447165 -3.15114250420 -2.79183376270 -2.73809831500 -1.24252132050 -0.991869033741 -0.294653439693 0.629775053855 -0.148908924112 -0.906028172663 0.241666788571 1.28412442730 1.50883695544 1.97901057579 0.957267491012 1.96700928046 1.89540345300 2.23369927464 3.13085066941 1.27096728765 2.42683805132 2.19007060807 1.84533188036 2.05644206746 0.510260057518 0.224670259930 -0.861396655949 0.829332571311 1.46392996152 1.40841405290 1.26465598541 1.39325055394
 -9.75457680591 -9.70670548810 -7.95247429460 -9.60734876934 -9.55134766112 -9.48810760712 -9.37828968982 -8.52633648172 -5.33356330755 -3.25960528589 -3.25948653389 -2.93432600028 -2.29686091381 -2.00560916415 -1.78032329041 -2.05988932226 -2.23267695417 -2.46627621248 -2.65950689311 -2.77730491351 -2.87267881554 -3.36485607680 -5.92662815346 -9.40661841950 -9.20859399637 -8.88519170979 -8.53867766386 -8.26303408540 -8.19315240138 -8.30479998817 -7.77971637145 -5.87090927911 -4.71820549010 -4.05512848632 -3.29633227703 -3.36901167704 -2.82207130092 -2.28565111199 -2.17078481660 -2.02327973056 -2.05146203029 -3.15938914428 -3.47126846021 -3.45456198400 -3.05724700798 -2.89648218696 -3.40861571689 -3.47564528775 -3.50053927735 -3.66844077285 -6.15528870794 -3.78862827615 -3.73237689788
# log_selcoffs_fsh[1]:
 -3.45458418984 -1.80270219290 -0.817984304915 0.106198439537 0.884926367684 0.948917445297 0.260044757575 -0.521434461856 -1.03899705664
 -3.06074685033 -1.39744152643 -0.690374420653 0.0539646443751 0.777862800189 0.894105091030 0.337675989695 -0.364523553034 -0.841861722619
 -2.75982457604 -1.31120081725 -0.491959462892 0.267563451078 0.754232317497 0.727742032228 0.273813369020 -0.297506558835 -0.703236595279
 -2.37763194202 -1.10922603896 -0.493386499794 0.108945871594 0.788691981604 0.732703803257 0.242513709952 -0.279216680197 -0.616707070635
 -1.74810788692 -0.238922446228 0.0377549819657 0.245055627693 0.448190661479 0.444407589028 0.159962011204 -0.212501606491 -0.485835087934
 -1.64806300302 -0.453778631908 0.480669801575 0.663626518136 0.288656382100 0.0829587895156 -0.113705685006 -0.345381662375 -0.524629042508
 -1.38626585522 -0.327830750013 0.552356305357 0.741575066381 0.282733855927 -0.0764193455358 -0.298011618719 -0.459581398779 -0.569326874678
 -1.00961517732 -0.165617722179 0.596755804738 0.784086621315 0.193048235908 -0.203412416372 -0.437685528788 -0.562582505994 -0.620824951387
 -0.746559456601 0.255997019837 0.491001465257 0.597736197768 0.284632630359 -0.213305451647 -0.512243071085 -0.633370344073 -0.663251489296
 -0.520529474069 0.393699517088 0.577764116431 0.572372831282 0.135554318419 -0.338628849638 -0.623516061411 -0.715250457517 -0.722004382367
 -0.0174925209378 0.923896366194 0.453008399172 0.160000744520 -0.230002681776 -0.552301507134 -0.743489240166 -0.798211219779 -0.785340776641
 0.185503691454 0.865027412796 0.614940601430 0.124008138744 -0.420859759951 -0.702955577381 -0.834842489534 -0.864339409553 -0.837808084070
 -0.0525944184175 1.13175914228 0.642655732102 -0.0915077132877 -0.633771396187 -0.865290613012 -0.940657509244 -0.940278872321 -0.907222882372
 0.179683646719 1.15874982866 0.583594214579 -0.177438542332 -0.746210741585 -0.957085205591 -1.00576443991 -0.983219497167 -0.943426817233
 0.191590887428 1.20068363674 0.566072392688 -0.224142747555 -0.792397468361 -1.00678800998 -1.05154321938 -1.01938119335 -0.974089655125
 -0.215395748902 1.27333287341 0.668167618476 -0.185684715881 -0.817258282456 -1.04700583760 -1.09464755573 -1.05758490141 -1.00713680749
 -0.111988631000 1.30889308310 0.595097176583 -0.230053098664 -0.844041339947 -1.07447440228 -1.12170329872 -1.07997760484 -1.02332144923
 0.430826155826 1.10816342647 0.628452750814 -0.248187423838 -0.868602807767 -1.09184644224 -1.13338809033 -1.08213811480 -1.01662099351
 0.737549781876 1.09717062377 0.398014348802 -0.354129232821 -0.920336256803 -1.13318297027 -1.16642590537 -1.10159251654 -1.02539543758
 0.456868975985 1.19587625776 0.550617587440 -0.344499095317 -0.969680193648 -1.18431290214 -1.20256118060 -1.11645899259 -1.02581636248
 0.524113014085 1.27943065119 0.395357381731 -0.467255889344 -1.05141961020 -1.24695080567 -1.24568209427 -1.13409868441 -1.02572816917
 0.507120342492 1.26591780567 0.505460988451 -0.531832601955 -1.14390745192 -1.31523786036 -1.28216637642 -1.14087302623 -1.01083066140
 0.674852323989 1.22327917342 0.416701848758 -0.540115083307 -1.17161352102 -1.35069510645 -1.30188740596 -1.13332904029 -0.979741107372
 0.350083337102 1.37992580948 0.396754318591 -0.568074885379 -1.17687185653 -1.35859865359 -1.30533505528 -1.11787409192 -0.943447108821
 0.497765600687 1.29149694132 0.393668367711 -0.519840192834 -1.12742609891 -1.32235125454 -1.26717712756 -1.06008017028 -0.864462151773
 0.575649638859 1.15612945484 0.450106393284 -0.371922866704 -1.05999961008 -1.26878331570 -1.19078774144 -0.961611340208 -0.750077144422
 0.169990976764 1.21213359810 0.515131109409 -0.264511071192 -0.967039812770 -1.16957054507 -1.07217474107 -0.826036495300 -0.612733004145
 0.253912357636 1.19220486161 0.369899061443 -0.399041373885 -0.918286210611 -1.05368029495 -0.918910383329 -0.664310746980 -0.451587865129
 1.00652020386 0.698700401230 0.0122488354353 -0.575453634077 -0.892561571814 -0.916868890615 -0.735664010299 -0.470392133285 -0.268262813841
 0.564629629356 0.930044795798 0.0178098686229 -0.657964985650 -0.860392215309 -0.772723970106 -0.538181421610 -0.263973181372 -0.0681133368861
 0.261584104230 0.896107260945 -0.107703997495 -0.659468245357 -0.752907288799 -0.604748001452 -0.330318459964 -0.0501163862804 0.138827778833
 0.110771787688 0.483779284411 -0.176116905200 -0.551070184881 -0.562095727776 -0.377142273587 -0.0870179309914 0.195065733592 0.377018151483
 -0.825024084758 0.119797041937 -0.170125241861 -0.361765722614 -0.287186827210 -0.137775547230 0.128349575976 0.366935745575 0.526254814208
 -1.34381244667 -0.618599856022 -0.555973995166 -0.313656531787 -0.0441297792385 0.0792824932399 0.368599052937 0.480667756178 0.584429623650
 -0.959164279871 -0.413488275113 -0.839897734455 -0.748393158587 -0.355402140847 0.0183184682238 0.367860064952 0.597882849234 0.726718917045
 -0.379843061713 -1.24479697323 -1.31454622952 -0.939056153623 -0.437876667424 0.0275244939649 0.421460788117 0.675398439500 0.791237379246
 -1.49341433879 -1.60837000732 -1.44817037899 -0.868579118847 -0.297295694648 0.120145724624 0.526624567021 0.748772559629 0.807608564099
 -2.07464970225 -1.70662669122 -1.47615007615 -0.896259431179 -0.303430200073 0.181132730927 0.529091954475 0.759858359410 0.825969510772
 -2.26604412746 -2.18621458204 -1.91890312571 -1.24087342704 -0.370660356627 0.291281852398 0.689117528193 0.802558693037 0.740230256744
 -2.52886426109 -2.50605538194 -2.07716501727 -1.30143476390 -0.416572261974 0.379148696212 0.779209689646 0.778442498860 0.674507423795
# log_selcoffs_fsh[2]:
 -2.02685584013 -0.0839870203144 0.651618869229 0.904229950189 0.593429988000 0.00116122379291 -0.474234337778 -0.807583327709 -1.01442958699 -1.14607988130
 -2.01040983277 -0.113446998026 -0.0808681986893 0.458836727144 0.829457177517 0.582525551387 -0.0254523454831 -0.546882671547 -0.821950317641 -0.934086759249
 -2.49079839592 -0.710677829480 -0.221345694495 0.328903936729 0.814880916966 0.742076959908 0.173476277442 -0.370215130604 -0.650562551838 -0.746567147041
 -2.81543564063 -1.25845197231 -0.392876638281 0.148994705689 0.753376762456 0.843087315640 0.286667579832 -0.202807404351 -0.450954250751 -0.532522402671
 -2.34613924579 -0.835387038118 -0.775290013230 -0.298186793098 0.466246026954 0.818279425595 0.471527897886 0.0943006150482 -0.119206211900 -0.200561533398
 -1.85465583055 -0.728495500287 -0.538901394575 -0.466950073165 0.0192050921164 0.436257467475 0.512417954463 0.385559912517 0.242669614791 0.156878243910
 -2.51776875186 -1.20334752646 -0.335327515695 -0.213810400317 -0.126211592856 0.158622106457 0.407448205333 0.483968425231 0.417264475923 0.336445456169
 -3.12175834592 -2.06179928133 -1.22632128910 -0.507582123017 0.0407402074979 0.373924367573 0.565305688214 0.525689119146 0.445789630264 0.354196245537
 -3.45628299939 -2.40174024421 -1.74651333322 -1.05150619022 -0.267589254152 0.253853928102 0.606099459911 0.732307580271 0.619759661421 0.424138302721
 -3.61403169541 -2.38118814483 -1.67478514662 -1.19260483503 -0.750900815705 -0.152498414417 0.393170173276 0.871964897903 0.889298655946 0.561122249538
 -3.56687755891 -2.04056870261 -1.31566264067 -0.899610644282 -0.569647269061 -0.325807356259 0.150532982934 0.717660244756 0.924514030976 0.763782238272
 -3.61546057933 -2.09818002417 -1.27821435019 -0.866626685741 -0.532803473745 -0.222572587726 0.288935987922 0.646766330772 0.805010333120 0.825498247538
 -3.42403307019 -1.60097782775 -1.00426284554 -0.671949326472 -0.443023390485 -0.359181617674 0.0477276885057 0.448185989033 0.790525410715 1.00409808854
 -3.17405341237 -1.38544684190 -0.811657965231 -0.634224929305 -0.552658972380 -0.426922735030 -0.108808961018 0.319888618085 0.786947141057 1.11021112774
 -2.93680784628 -0.953843635633 -0.668451559122 -0.752474043266 -0.831025755664 -0.660248052755 -0.242178013766 0.261025140773 0.814313069298 1.18933030284
 -2.66587229256 -0.677676178414 -0.747384494674 -0.882183180728 -0.986137169757 -0.799973370845 -0.347599040423 0.208683364899 0.815904811538 1.25651887523
 -2.26909471558 -0.739467571044 -0.780541785998 -0.917184030722 -1.06532325720 -0.953573103668 -0.518542829074 0.107911499406 0.815672331669 1.35103397868
 -2.60354882198 -0.828996618104 -0.671896414554 -0.850735818593 -1.06386068091 -0.983620106970 -0.583928017025 0.0421077650727 0.781350685804 1.39808855364
 -2.91439229662 -1.11528754352 -0.735257152130 -0.848356837513 -1.03906760453 -0.944917432203 -0.543379138162 0.0604113884577 0.780564866024 1.42122351506
 -3.02297616860 -1.40974152723 -1.02594532157 -0.872112863276 -0.980164685821 -0.906910263095 -0.511265713266 0.102769235025 0.819166473432 1.42911765138
 -3.05247194363 -1.43271984726 -0.922703584501 -0.722762854667 -0.877017774750 -0.910097346932 -0.572460149225 0.0503316250861 0.801487543441 1.42746757194
 -3.16536487826 -1.47446613746 -0.848289383208 -0.547382127938 -0.679311114994 -0.757745778083 -0.519702705090 -0.0149377752823 0.724665841395 1.41164324574
 -3.33429627564 -1.88575490410 -0.963749408152 -0.408134602684 -0.399921182498 -0.526615318457 -0.390040935392 -0.0229124632240 0.616687877845 1.38583542759
 -3.43875786959 -2.10576250992 -1.17225252507 -0.477836307615 -0.0903724222138 -0.133060099095 -0.0103236558260 0.217179982978 0.607218499661 1.11832685112
 -3.46496159683 -1.86393828716 -1.07523263934 -0.698628289860 -0.248084484026 0.0484857057536 0.224613331189 0.445497031682 0.632740581688 0.895817579496
 -3.53625859016 -2.11967659699 -1.18989077495 -0.359694419407 0.00861302254990 0.170113326346 0.330761149877 0.517070408074 0.588366823688 0.579079456963
 -3.60337564717 -1.78799740915 -0.997178209863 -0.00793639605070 0.330171824965 0.350809255034 0.403944037324 0.482671335531 0.331685253447 0.114760189003
 -3.67596889432 -1.29926763980 -0.670033207788 -0.0575451103984 0.318336159023 0.332981420331 0.591059438616 0.471997401342 0.152844672739 -0.103168381108
 -3.82541440660 -2.07353659581 -1.08782375760 -0.0153205741847 0.333892786257 0.429105199261 0.665018082517 0.368371174006 0.160152929151 0.0342414413916
 -4.01216799405 -2.18730257298 -0.884556187922 -0.144065268918 0.459519833575 0.440547993219 0.366658840774 0.270273536355 0.282934858005 0.317609160693
 -3.92248556471 -1.77952060220 -0.567054546574 0.00764924288863 0.0644820459468 0.0389350555164 0.167689795393 0.296623958553 0.494266166153 0.674541939893
 -3.91440695579 -1.93041675516 -0.865210715424 -0.315432737082 0.000942002916892 0.0280798254737 0.0462823411083 0.300530856202 0.612774473845 0.880295879692
 -3.51893373180 -1.42219380999 -1.16220477011 -0.804718337109 -0.366207911427 -0.147816541329 -0.0184159602331 0.310619639440 0.749353077260 1.08233829792
 -4.17650011984 -1.98948899217 -1.21433408300 -0.697876257893 -0.356316571607 -0.138118917366 0.0267824440211 0.344340396453 0.742510944596 1.07932064389
 -4.57783241684 -2.51102645539 -1.70759375372 -1.11010525843 -0.476697406558 -0.115324361944 0.148924501764 0.459406416812 0.812297519012 1.06091281577
 -5.03472924825 -2.98861803804 -1.86757428299 -1.22092022095 -0.647998621613 -0.269823265341 0.101819731364 0.491331040864 0.847070278233 1.14186199983
 -5.38674907954 -3.66358897969 -2.42505686247 -1.48441745663 -0.670982600896 -0.251033958269 0.152930965167 0.538461681131 0.864195287727 1.13583232446
 -5.52071704423 -3.92782580025 -3.07197111237 -2.14419776705 -1.15768702035 -0.442513974607 0.0555347363124 0.524778560259 0.925250335327 1.27717609764
 -5.66630027687 -4.11263610937 -2.97199304616 -2.36628018245 -1.49484589708 -0.823523627287 -0.264659460846 0.290787481255 0.917840873141 1.51801385086
 -5.68680859453 -4.43864246958 -3.09916108012 -2.33115105145 -1.81397214640 -1.10330056307 -0.516513259397 0.0794264554942 0.803437332917 1.69291106474
# log_selcoffs_fsh[3]:
 -6.09633577978 -0.834289428479 1.42373673931 0.638472290027 -0.901495549320 -2.46232562489 -3.64302015388
 -7.15388851556 -2.87523061919 -1.98110038719 1.78375799466 -0.299795939695 -2.43125616006 -3.73726009074
# log_selcoffs_fsh[4]:
 -1.76919218070 -1.45830500562 -1.12247301814 -0.742693714081 -0.325510974226 0.0939322415804 0.457912719782 0.718231206554 0.851593276326
 -1.75815134675 -1.45333419992 -1.12222381203 -0.744887916791 -0.327829870671 0.0922489184004 0.457848551249 0.718858179708 0.851698008188
 -1.73570144576 -1.44423861056 -1.12472979883 -0.749610494898 -0.330359002229 0.0925471008834 0.460065044421 0.719002703378 0.849430220366
 -1.69897473414 -1.42121153012 -1.12440032459 -0.768091499585 -0.340792208349 0.0950070685240 0.465373855017 0.720612329973 0.844918627681
 -1.63855035727 -1.37687080328 -1.10391433815 -0.773412694218 -0.367518637519 0.0817507285769 0.469750685721 0.724759566575 0.841092653247
 -1.55869765492 -1.29308934036 -1.06430271192 -0.776660126213 -0.376277879453 0.0687980430860 0.463835934258 0.722564348457 0.834107969658
 -1.46468641327 -1.21258268805 -0.959993442783 -0.727429407290 -0.381826819989 0.0546651015926 0.448733312406 0.708084047729 0.819846616991
 -1.34910951558 -1.12838835000 -0.889086509708 -0.626712357610 -0.332645358367 0.0466213547579 0.418523946253 0.678092989134 0.796161430732
 -1.18695354141 -1.00083061621 -0.814515204129 -0.578942360290 -0.280986258604 0.0540349057451 0.389289433173 0.638152374585 0.762887604017
 -0.998686932470 -0.832683529941 -0.662344579690 -0.511861132320 -0.279705963303 0.0313969601866 0.344139479227 0.594034577295 0.728407467308
 -0.813845138779 -0.664766103495 -0.510856298259 -0.368239463597 -0.248775257200 -0.0278935723014 0.269931903361 0.532349064358 0.685856763899
 -0.635833568897 -0.530183614519 -0.400700450602 -0.262387492735 -0.149486756732 -0.0441472224105 0.179695534447 0.446635149197 0.623307087899
 -0.461227418448 -0.400446526506 -0.332283401653 -0.230105791914 -0.116826298217 -0.00874077991098 0.141392963203 0.363196386774 0.540522678130
 -0.282714017724 -0.270817709597 -0.249947206850 -0.205729325229 -0.136313646754 -0.0362760872078 0.114350650148 0.305602846832 0.454307777989
 -0.104593490071 -0.142769481966 -0.173981668079 -0.183807462976 -0.155679389299 -0.0751987967869 0.0642050478242 0.236182799155 0.367304727651
 0.0716315255846 -0.0178732410705 -0.103176209990 -0.169050926682 -0.183052394314 -0.127884810633 -0.00342451910860 0.155451761658 0.277309706460
 0.250777865834 0.103528576200 -0.0388336740448 -0.166179784713 -0.226315583060 -0.199238545070 -0.0889310468677 0.0630403031268 0.182566670756
 0.412962512601 0.226890681326 0.00483377378688 -0.185513290824 -0.282627156005 -0.279996725691 -0.182529433861 -0.0363760591441 0.0875261996771
 0.538269119067 0.322775953121 0.0680188897955 -0.240544202218 -0.371895751231 -0.359938157705 -0.267174604594 -0.117063409388 0.00717995224352
 0.500530621313 0.344681609632 0.127056432347 -0.171973554002 -0.389820438533 -0.399053275347 -0.285791886561 -0.135950578606 -0.0111192187018
 0.394396317177 0.297947638840 0.0716804177822 -0.120380953754 -0.284568751580 -0.337698163298 -0.237197250057 -0.0810502819005 0.0312987004476
 0.164207588423 0.174661541425 0.00444745868616 -0.132735194548 -0.185253842769 -0.195127483057 -0.0967138162399 0.0375974818577 0.140450049070
 -0.120154826441 -0.0829371574370 -0.0639192087597 -0.100279464927 -0.102196777767 -0.0428543001713 0.0527246487333 0.160299011194 0.232094279118
 -0.494133470307 -0.352275029117 -0.241511549625 -0.128615921488 -0.0180358095490 0.0909650140332 0.193924935495 0.284382420818 0.337728348407
 -0.831677024970 -0.587496307309 -0.362351912064 -0.161856132563 0.0422323770779 0.189248990299 0.279466754011 0.349744125531 0.385096291254
 -1.22475631444 -0.880365264562 -0.579909997489 -0.262653193555 0.0337693158980 0.257828052049 0.384545383730 0.446446768461 0.471517361555
 -1.61888931506 -1.14682550807 -0.828914884975 -0.407537554690 0.0361611262024 0.306136126657 0.457707551696 0.526952152251 0.538380242411
 -1.94635725303 -1.51160460896 -1.06175874152 -0.482706073435 -0.0303379485838 0.204757090185 0.423111950352 0.617497258193 0.739726047135
 -1.56298535033 -1.56049282292 -1.22852303288 -0.780162449782 -0.295343250818 0.105156296935 0.433606507490 0.704532855269 0.879015900409
 -2.01320091187 -1.64568176253 -1.41029637052 -0.974770912511 -0.429358105045 0.0502670290893 0.440243183612 0.765907446736 0.972935712249
 -1.91545625439 -1.55154266014 -1.47529222898 -1.22608092097 -0.789659803472 -0.251015921713 0.329420448712 0.838674429571 1.15788147031
 -1.69867771586 -1.17977122765 -1.28884253411 -1.31352298960 -1.03142014415 -0.507444650780 0.141847543299 0.805992347374 1.28520651385
 -1.80086082308 -0.734988091380 -0.499326748632 -0.976669490469 -1.04613564813 -0.724136038558 -0.0801036439309 0.695257154790 1.28330569411
 -1.67111308666 -0.501301974911 -0.562195839770 -0.978144696262 -1.05990610217 -0.769671339598 -0.123032694378 0.673506904311 1.28239545304
# log_sel_spl_fsh[1]:
 0.00000000000 0.00000000000 0.00000000000 0.00000000000
 0.00000000000 0.00000000000 0.00000000000 0.00000000000
 0.00000000000 0.00000000000 0.00000000000 0.00000000000
 0.00000000000 0.00000000000 0.00000000000 0.00000000000
 0.00000000000 0.00000000000 0.00000000000 0.00000000000
 0.00000000000 0.00000000000 0.00000000000 0.00000000000
 0.00000000000 0.00000000000 0.00000000000 0.00000000000
 0.00000000000 0.00000000000 0.00000000000 0.00000000000
 0.00000000000 0.00000000000 0.00000000000 0.00000000000
 0.00000000000 0.00000000000 0.00000000000 0.00000000000
 0.00000000000 0.00000000000 0.00000000000 0.00000000000
 0.00000000000 0.00000000000 0.00000000000 0.00000000000
 0.00000000000 0.00000000000 0.00000000000 0.00000000000
 0.00000000000 0.00000000000 0.00000000000 0.00000000000
 0.00000000000 0.00000000000 0.00000000000 0.00000000000
 0.00000000000 0.00000000000 0.00000000000 0.00000000000
 0.00000000000 0.00000000000 0.00000000000 0.00000000000
 0.00000000000 0.00000000000 0.00000000000 0.00000000000
 0.00000000000 0.00000000000 0.00000000000 0.00000000000
 0.00000000000 0.00000000000 0.00000000000 0.00000000000
 0.00000000000 0.00000000000 0.00000000000 0.00000000000
 0.00000000000 0.00000000000 0.00000000000 0.00000000000
 0.00000000000 0.00000000000 0.00000000000 0.00000000000
 0.00000000000 0.00000000000 0.00000000000 0.00000000000
 0.00000000000 0.00000000000 0.00000000000 0.00000000000
 0.00000000000 0.00000000000 0.00000000000 0.00000000000
 0.00000000000 0.00000000000 0.00000000000 0.00000000000
 0.00000000000 0.00000000000 0.00000000000 0.00000000000
 0.00000000000 0.00000000000 0.00000000000 0.00000000000
 0.00000000000 0.00000000000 0.00000000000 0.00000000000
 0.00000000000 0.00000000000 0.00000000000 0.00000000000
 0.00000000000 0.00000000000 0.00000000000 0.00000000000
 0.00000000000 0.00000000000 0.00000000000 0.00000000000
 0.00000000000 0.00000000000 0.00000000000 0.00000000000
 0.00000000000 0.00000000000 0.00000000000 0.00000000000
 0.00000000000 0.00000000000 0.00000000000 0.00000000000
 0.00000000000 0.00000000000 0.00000000000 0.00000000000
 0.00000000000 0.00000000000 0.00000000000 0.00000000000
 0.00000000000 0.00000000000 0.00000000000 0.00000000000
 0.00000000000 0.00000000000 0.00000000000 0.00000000000
# log_sel_spl_fsh[2]:
 0.00000000000 0.00000000000 0.00000000000 0.00000000000
 0.00000000000 0.00000000000 0.00000000000 0.00000000000
 0.00000000000 0.00000000000 0.00000000000 0.00000000000
 0.00000000000 0.00000000000 0.00000000000 0.00000000000
 0.00000000000 0.00000000000 0.00000000000 0.00000000000
 0.00000000000 0.00000000000 0.00000000000 0.00000000000
 0.00000000000 0.00000000000 0.00000000000 0.00000000000
 0.00000000000 0.00000000000 0.00000000000 0.00000000000
 0.00000000000 0.00000000000 0.00000000000 0.00000000000
 0.00000000000 0.00000000000 0.00000000000 0.00000000000
 0.00000000000 0.00000000000 0.00000000000 0.00000000000
 0.00000000000 0.00000000000 0.00000000000 0.00000000000
 0.00000000000 0.00000000000 0.00000000000 0.00000000000
 0.00000000000 0.00000000000 0.00000000000 0.00000000000
 0.00000000000 0.00000000000 0.00000000000 0.00000000000
 0.00000000000 0.00000000000 0.00000000000 0.00000000000
 0.00000000000 0.00000000000 0.00000000000 0.00000000000
 0.00000000000 0.00000000000 0.00000000000 0.00000000000
 0.00000000000 0.00000000000 0.00000000000 0.00000000000
 0.00000000000 0.00000000000 0.00000000000 0.00000000000
 0.00000000000 0.00000000000 0.00000000000 0.00000000000
 0.00000000000 0.00000000000 0.00000000000 0.00000000000
 0.00000000000 0.00000000000 0.00000000000 0.00000000000
 0.00000000000 0.00000000000 0.00000000000 0.00000000000
 0.00000000000 0.00000000000 0.00000000000 0.00000000000
 0.00000000000 0.00000000000 0.00000000000 0.00000000000
 0.00000000000 0.00000000000 0.00000000000 0.00000000000
 0.00000000000 0.00000000000 0.00000000000 0.00000000000
 0.00000000000 0.00000000000 0.00000000000 0.00000000000
 0.00000000000 0.00000000000 0.00000000000 0.00000000000
 0.00000000000 0.00000000000 0.00000000000 0.00000000000
 0.00000000000 0.00000000000 0.00000000000 0.00000000000
 0.00000000000 0.00000000000 0.00000000000 0.00000000000
 0.00000000000 0.00000000000 0.00000000000 0.00000000000
 0.00000000000 0.00000000000 0.00000000000 0.00000000000
 0.00000000000 0.00000000000 0.00000000000 0.00000000000
 0.00000000000 0.00000000000 0.00000000000 0.00000000000
 0.00000000000 0.00000000000 0.00000000000 0.00000000000
 0.00000000000 0.00000000000 0.00000000000 0.00000000000
 0.00000000000 0.00000000000 0.00000000000 0.00000000000
# log_sel_spl_fsh[3]:
 0.00000000000 0.00000000000 0.00000000000 0.00000000000
 0.00000000000 0.00000000000 0.00000000000 0.00000000000
# log_sel_spl_fsh[4]:
 0.00000000000 0.00000000000 0.00000000000 0.00000000000
 0.00000000000 0.00000000000 0.00000000000 0.00000000000
 0.00000000000 0.00000000000 0.00000000000 0.00000000000
 0.00000000000 0.00000000000 0.00000000000 0.00000000000
 0.00000000000 0.00000000000 0.00000000000 0.00000000000
 0.00000000000 0.00000000000 0.00000000000 0.00000000000
 0.00000000000 0.00000000000 0.00000000000 0.00000000000
 0.00000000000 0.00000000000 0.00000000000 0.00000000000
 0.00000000000 0.00000000000 0.00000000000 0.00000000000
 0.00000000000 0.00000000000 0.00000000000 0.00000000000
 0.00000000000 0.00000000000 0.00000000000 0.00000000000
 0.00000000000 0.00000000000 0.00000000000 0.00000000000
 0.00000000000 0.00000000000 0.00000000000 0.00000000000
 0.00000000000 0.00000000000 0.00000000000 0.00000000000
 0.00000000000 0.00000000000 0.00000000000 0.00000000000
 0.00000000000 0.00000000000 0.00000000000 0.00000000000
 0.00000000000 0.00000000000 0.00000000000 0.00000000000
 0.00000000000 0.00000000000 0.00000000000 0.00000000000
 0.00000000000 0.00000000000 0.00000000000 0.00000000000
 0.00000000000 0.00000000000 0.00000000000 0.00000000000
 0.00000000000 0.00000000000 0.00000000000 0.00000000000
 0.00000000000 0.00000000000 0.00000000000 0.00000000000
 0.00000000000 0.00000000000 0.00000000000 0.00000000000
 0.00000000000 0.00000000000 0.00000000000 0.00000000000
 0.00000000000 0.00000000000 0.00000000000 0.00000000000
 0.00000000000 0.00000000000 0.00000000000 0.00000000000
 0.00000000000 0.00000000000 0.00000000000 0.00000000000
 0.00000000000 0.00000000000 0.00000000000 0.00000000000
 0.00000000000 0.00000000000 0.00000000000 0.00000000000
 0.00000000000 0.00000000000 0.00000000000 0.00000000000
 0.00000000000 0.00000000000 0.00000000000 0.00000000000
 0.00000000000 0.00000000000 0.00000000000 0.00000000000
 0.00000000000 0.00000000000 0.00000000000 0.00000000000
 0.00000000000 0.00000000000 0.00000000000 0.00000000000
# logsel_slope_fsh[1]:
 0.00000000000 0.00000000000 0.00000000000 0.00000000000 0.00000000000 0.00000000000 0.00000000000 0.00000000000 0.00000000000 0.00000000000 0.00000000000 0.00000000000 0.00000000000 0.00000000000 0.00000000000 0.00000000000 0.00000000000 0.00000000000 0.00000000000 0.00000000000 0.00000000000 0.00000000000 0.00000000000 0.00000000000 0.00000000000 0.00000000000 0.00000000000 0.00000000000 0.00000000000 0.00000000000 0.00000000000 0.00000000000 0.00000000000 0.00000000000 0.00000000000 0.00000000000 0.00000000000 0.00000000000 0.00000000000 0.00000000000
# logsel_slope_fsh[2]:
 0.00000000000 0.00000000000 0.00000000000 0.00000000000 0.00000000000 0.00000000000 0.00000000000 0.00000000000 0.00000000000 0.00000000000 0.00000000000 0.00000000000 0.00000000000 0.00000000000 0.00000000000 0.00000000000 0.00000000000 0.00000000000 0.00000000000 0.00000000000 0.00000000000 0.00000000000 0.00000000000 0.00000000000 0.00000000000 0.00000000000 0.00000000000 0.00000000000 0.00000000000 0.00000000000 0.00000000000 0.00000000000 0.00000000000 0.00000000000 0.00000000000 0.00000000000 0.00000000000 0.00000000000 0.00000000000 0.00000000000
# logsel_slope_fsh[3]:
 0.00000000000 0.00000000000
# logsel_slope_fsh[4]:
 0.00000000000 0.00000000000 0.00000000000 0.00000000000 0.00000000000 0.00000000000 0.00000000000 0.00000000000 0.00000000000 0.00000000000 0.00000000000 0.00000000000 0.00000000000 0.00000000000 0.00000000000 0.00000000000 0.00000000000 0.00000000000 0.00000000000 0.00000000000 0.00000000000 0.00000000000 0.00000000000 0.00000000000 0.00000000000 0.00000000000 0.00000000000 0.00000000000 0.00000000000 0.00000000000 0.00000000000 0.00000000000 0.00000000000 0.00000000000
# sel50_fsh[1]:
 0.00000000000 0.00000000000 0.00000000000 0.00000000000 0.00000000000 0.00000000000 0.00000000000 0.00000000000 0.00000000000 0.00000000000 0.00000000000 0.00000000000 0.00000000000 0.00000000000 0.00000000000 0.00000000000 0.00000000000 0.00000000000 0.00000000000 0.00000000000 0.00000000000 0.00000000000 0.00000000000 0.00000000000 0.00000000000 0.00000000000 0.00000000000 0.00000000000 0.00000000000 0.00000000000 0.00000000000 0.00000000000 0.00000000000 0.00000000000 0.00000000000 0.00000000000 0.00000000000 0.00000000000 0.00000000000 0.00000000000
# sel50_fsh[2]:
 0.00000000000 0.00000000000 0.00000000000 0.00000000000 0.00000000000 0.00000000000 0.00000000000 0.00000000000 0.00000000000 0.00000000000 0.00000000000 0.00000000000 0.00000000000 0.00000000000 0.00000000000 0.00000000000 0.00000000000 0.00000000000 0.00000000000 0.00000000000 0.00000000000 0.00000000000 0.00000000000 0.00000000000 0.00000000000 0.00000000000 0.00000000000 0.00000000000 0.00000000000 0.00000000000 0.00000000000 0.00000000000 0.00000000000 0.00000000000 0.00000000000 0.00000000000 0.00000000000 0.00000000000 0.00000000000 0.00000000000
# sel50_fsh[3]:
 0.00000000000 0.00000000000
# sel50_fsh[4]:
 0.00000000000 0.00000000000 0.00000000000 0.00000000000 0.00000000000 0.00000000000 0.00000000000 0.00000000000 0.00000000000 0.00000000000 0.00000000000 0.00000000000 0.00000000000 0.00000000000 0.00000000000 0.00000000000 0.00000000000 0.00000000000 0.00000000000 0.00000000000 0.00000000000 0.00000000000 0.00000000000 0.00000000000 0.00000000000 0.00000000000 0.00000000000 0.00000000000 0.00000000000 0.00000000000 0.00000000000 0.00000000000 0.00000000000 0.00000000000
# logsel_p1_fsh[1]:
 0.00000000000 0.00000000000 0.00000000000 0.00000000000 0.00000000000 0.00000000000 0.00000000000 0.00000000000 0.00000000000 0.00000000000 0.00000000000 0.00000000000 0.00000000000 0.00000000000 0.00000000000 0.00000000000 0.00000000000 0.00000000000 0.00000000000 0.00000000000 0.00000000000 0.00000000000 0.00000000000 0.00000000000 0.00000000000 0.00000000000 0.00000000000 0.00000000000 0.00000000000 0.00000000000 0.00000000000 0.00000000000 0.00000000000 0.00000000000 0.00000000000 0.00000000000 0.00000000000 0.00000000000 0.00000000000 0.00000000000
# logsel_p1_fsh[2]:
 0.00000000000 0.00000000000 0.00000000000 0.00000000000 0.00000000000 0.00000000000 0.00000000000 0.00000000000 0.00000000000 0.00000000000 0.00000000000 0.00000000000 0.00000000000 0.00000000000 0.00000000000 0.00000000000 0.00000000000 0.00000000000 0.00000000000 0.00000000000 0.00000000000 0.00000000000 0.00000000000 0.00000000000 0.00000000000 0.00000000000 0.00000000000 0.00000000000 0.00000000000 0.00000000000 0.00000000000 0.00000000000 0.00000000000 0.00000000000 0.00000000000 0.00000000000 0.00000000000 0.00000000000 0.00000000000 0.00000000000
# logsel_p1_fsh[3]:
 0.00000000000 0.00000000000
# logsel_p1_fsh[4]:
 0.00000000000 0.00000000000 0.00000000000 0.00000000000 0.00000000000 0.00000000000 0.00000000000 0.00000000000 0.00000000000 0.00000000000 0.00000000000 0.00000000000 0.00000000000 0.00000000000 0.00000000000 0.00000000000 0.00000000000 0.00000000000 0.00000000000 0.00000000000 0.00000000000 0.00000000000 0.00000000000 0.00000000000 0.00000000000 0.00000000000 0.00000000000 0.00000000000 0.00000000000 0.00000000000 0.00000000000 0.00000000000 0.00000000000 0.00000000000
# logsel_p2_fsh[1]:
 0.00000000000 0.00000000000 0.00000000000 0.00000000000 0.00000000000 0.00000000000 0.00000000000 0.00000000000 0.00000000000 0.00000000000 0.00000000000 0.00000000000 0.00000000000 0.00000000000 0.00000000000 0.00000000000 0.00000000000 0.00000000000 0.00000000000 0.00000000000 0.00000000000 0.00000000000 0.00000000000 0.00000000000 0.00000000000 0.00000000000 0.00000000000 0.00000000000 0.00000000000 0.00000000000 0.00000000000 0.00000000000 0.00000000000 0.00000000000 0.00000000000 0.00000000000 0.00000000000 0.00000000000 0.00000000000 0.00000000000
# logsel_p2_fsh[2]:
 0.00000000000 0.00000000000 0.00000000000 0.00000000000 0.00000000000 0.00000000000 0.00000000000 0.00000000000 0.00000000000 0.00000000000 0.00000000000 0.00000000000 0.00000000000 0.00000000000 0.00000000000 0.00000000000 0.00000000000 0.00000000000 0.00000000000 0.00000000000 0.00000000000 0.00000000000 0.00000000000 0.00000000000 0.00000000000 0.00000000000 0.00000000000 0.00000000000 0.00000000000 0.00000000000 0.00000000000 0.00000000000 0.00000000000 0.00000000000 0.00000000000 0.00000000000 0.00000000000 0.00000000000 0.00000000000 0.00000000000
# logsel_p2_fsh[3]:
 0.00000000000 0.00000000000
# logsel_p2_fsh[4]:
 0.00000000000 0.00000000000 0.00000000000 0.00000000000 0.00000000000 0.00000000000 0.00000000000 0.00000000000 0.00000000000 0.00000000000 0.00000000000 0.00000000000 0.00000000000 0.00000000000 0.00000000000 0.00000000000 0.00000000000 0.00000000000 0.00000000000 0.00000000000 0.00000000000 0.00000000000 0.00000000000 0.00000000000 0.00000000000 0.00000000000 0.00000000000 0.00000000000 0.00000000000 0.00000000000 0.00000000000 0.00000000000 0.00000000000 0.00000000000
# logsel_p3_fsh[1]:
 0.00000000000 0.00000000000 0.00000000000 0.00000000000 0.00000000000 0.00000000000 0.00000000000 0.00000000000 0.00000000000 0.00000000000 0.00000000000 0.00000000000 0.00000000000 0.00000000000 0.00000000000 0.00000000000 0.00000000000 0.00000000000 0.00000000000 0.00000000000 0.00000000000 0.00000000000 0.00000000000 0.00000000000 0.00000000000 0.00000000000 0.00000000000 0.00000000000 0.00000000000 0.00000000000 0.00000000000 0.00000000000 0.00000000000 0.00000000000 0.00000000000 0.00000000000 0.00000000000 0.00000000000 0.00000000000 0.00000000000
# logsel_p3_fsh[2]:
 0.00000000000 0.00000000000 0.00000000000 0.00000000000 0.00000000000 0.00000000000 0.00000000000 0.00000000000 0.00000000000 0.00000000000 0.00000000000 0.00000000000 0.00000000000 0.00000000000 0.00000000000 0.00000000000 0.00000000000 0.00000000000 0.00000000000 0.00000000000 0.00000000000 0.00000000000 0.00000000000 0.00000000000 0.00000000000 0.00000000000 0.00000000000 0.00000000000 0.00000000000 0.00000000000 0.00000000000 0.00000000000 0.00000000000 0.00000000000 0.00000000000 0.00000000000 0.00000000000 0.00000000000 0.00000000000 0.00000000000
# logsel_p3_fsh[3]:
 0.00000000000 0.00000000000
# logsel_p3_fsh[4]:
 0.00000000000 0.00000000000 0.00000000000 0.00000000000 0.00000000000 0.00000000000 0.00000000000 0.00000000000 0.00000000000 0.00000000000 0.00000000000 0.00000000000 0.00000000000 0.00000000000 0.00000000000 0.00000000000 0.00000000000 0.00000000000 0.00000000000 0.00000000000 0.00000000000 0.00000000000 0.00000000000 0.00000000000 0.00000000000 0.00000000000 0.00000000000 0.00000000000 0.00000000000 0.00000000000 0.00000000000 0.00000000000 0.00000000000 0.00000000000
# rec_dev_future:
 0.00000000000 0.00000000000 0.00000000000 0.00000000000 0.00000000000 0.00000000000 0.00000000000 0.00000000000 0.00000000000 0.00000000000 0.00000000000 0.00000000000 0.00000000000 0.00000000000 0.00000000000 0.00000000000 0.00000000000 0.00000000000 0.00000000000 0.00000000000
 0.00000000000 0.00000000000 0.00000000000 0.00000000000 0.00000000000 0.00000000000 0.00000000000 0.00000000000 0.00000000000 0.00000000000 0.00000000000 0.00000000000 0.00000000000 0.00000000000 0.00000000000 0.00000000000 0.00000000000 0.00000000000 0.00000000000 0.00000000000
# log_q_ind[1]:
0.795301817117
# log_q_ind[2]:
-1.84377836445
# log_q_ind[3]:
-2.70535645886
# log_q_ind[4]:
0.0922007709184
# log_q_ind[5]:
-0.756737556944
# log_q_ind[6]:
-1.05814159120
# log_q_ind[7]:
-0.863304263435
# log_q_ind[8]:
-0.914495459223
# log_q_power_ind[1]:
0.00000000000
# log_q_power_ind[2]:
0.00000000000
# log_q_power_ind[3]:
0.00000000000
# log_q_power_ind[4]:
0.00000000000
# log_q_power_ind[5]:
0.00000000000
# log_q_power_ind[6]:
0.00000000000
# log_q_power_ind[7]:
0.00000000000
# log_q_power_ind[8]:
0.00000000000
# log_rw_q_ind[1]:
 -0.966448496248
# log_rw_q_ind[2]:
 0.00000000000
# log_rw_q_ind[3]:
 0.100584647086
# log_rw_q_ind[6]:
 0.0575441055672
# log_selcoffs_ind[1]:
 -2.37138205677 -1.55219120556 -0.940296116470 -0.498793506319 -0.184978939732 0.0694608939332 0.291095469471 0.478897175564 0.615795193565 0.688498662548
 -2.97966326615 -2.17465117496 -1.40739440215 -0.745410720288 -0.244577901337 0.113825848566 0.365008652708 0.550617676061 0.673951444471 0.730349304827
# log_selcoffs_ind[2]:
 -1.13140188568 0.0725706853080 0.0725706853080 0.0725706853080 0.0725706853080 0.0725706853080 0.0725706853080 0.0725706853080 0.0725706853080 0.0725706853080
 -1.13140188568 0.0725706853080 0.0725706853080 0.0725706853080 0.0725706853080 0.0725706853080 0.0725706853080 0.0725706853080 0.0725706853080 0.0725706853080
 -1.13140188568 0.0725706853080 0.0725706853080 0.0725706853080 0.0725706853080 0.0725706853080 0.0725706853080 0.0725706853080 0.0725706853080 0.0725706853080
# log_selcoffs_ind[3]:
 -0.202940821038 0.0202027052767 0.0202027052767 0.0202027052767 0.0202027052767 0.0202027052767 0.0202027052767 0.0202027052767 0.0202027052767 0.0202027052767
# log_selcoffs_ind[4]:
 -1.02424572423 -0.741132954184 -0.481205389166 -0.268522277048 -0.0963630402509 0.0565669267126 0.198485941715 0.328321154487 0.436411372139 0.506905687402
 -1.70235591315 -1.37122673301 -1.03620943654 -0.690936389659 -0.350529753631 -0.0277905621802 0.264344276925 0.505956119837 0.672054765518 0.747510469773
# log_selcoffs_ind[5]:
 -3.04452005677 -0.669616569639 0.101782682789 0.174353368097 0.174353368097 0.174353368097 0.174353368097 0.174353368097 0.174353368097 0.174353368097
# log_selcoffs_ind[6]:
 -3.04452005677 -0.669616569639 0.101782682789 0.174353368097 0.174353368097 0.174353368097 0.174353368097 0.174353368097 0.174353368097 0.174353368097
# log_selcoffs_ind[7]:
 -0.159493505810 -0.0417104840422 -0.00892066480343 0.0636500205045 0.0636500205045 0.0636500205045
# log_selcoffs_ind[8]:
 -0.171850237190 -0.0540672154223 0.0512932891244 0.0512932891244 0.0512932891244 0.0512932891244
# logsel_slope_ind[1]:
 0.00000000000 0.00000000000
# logsel_slope_ind[2]:
 0.00000000000 0.00000000000 0.00000000000
# logsel_slope_ind[3]:
 0.00000000000
# logsel_slope_ind[4]:
 0.00000000000 0.00000000000
# logsel_slope_ind[5]:
 0.00000000000
# logsel_slope_ind[6]:
 0.00000000000
# logsel_slope_ind[7]:
 0.00000000000
# logsel_slope_ind[8]:
 0.00000000000
# sel50_ind[1]:
 0.00000000000 0.00000000000
# sel50_ind[2]:
 0.00000000000 0.00000000000 0.00000000000
# sel50_ind[3]:
 0.00000000000
# sel50_ind[4]:
 0.00000000000 0.00000000000
# sel50_ind[5]:
 0.00000000000
# sel50_ind[6]:
 0.00000000000
# sel50_ind[7]:
 0.00000000000
# sel50_ind[8]:
 0.00000000000
# logsel_p1_ind[1]:
 0.00000000000 0.00000000000
# logsel_p1_ind[2]:
 0.00000000000 0.00000000000 0.00000000000
# logsel_p1_ind[3]:
 0.00000000000
# logsel_p1_ind[4]:
 0.00000000000 0.00000000000
# logsel_p1_ind[5]:
 0.00000000000
# logsel_p1_ind[6]:
 0.00000000000
# logsel_p1_ind[7]:
 0.00000000000
# logsel_p1_ind[8]:
 0.00000000000
# sel_p2_ind[1]:
 0.00000000000 0.00000000000
# sel_p2_ind[2]:
 0.00000000000 0.00000000000 0.00000000000
# sel_p2_ind[3]:
 0.00000000000
# sel_p2_ind[4]:
 0.00000000000 0.00000000000
# sel_p2_ind[5]:
 0.00000000000
# sel_p2_ind[6]:
 0.00000000000
# sel_p2_ind[7]:
 0.00000000000
# sel_p2_ind[8]:
 0.00000000000
# logsel_p3_ind[1]:
 0.00000000000 0.00000000000
# logsel_p3_ind[2]:
 0.00000000000 0.00000000000 0.00000000000
# logsel_p3_ind[3]:
 0.00000000000
# logsel_p3_ind[4]:
 0.00000000000 0.00000000000
# logsel_p3_ind[5]:
 0.00000000000
# logsel_p3_ind[6]:
 0.00000000000
# logsel_p3_ind[7]:
 0.00000000000
# logsel_p3_ind[8]:
 0.00000000000
