# Number of parameters = 1904 Objective function value = 1275.40397988155  Maximum gradient component = 0.000464601410237523
# Mest[1]:
0.280000000000
# Mest[2]:
0.330000000000
# log_Linf[1]:
4.29810139974
# log_Linf[2]:
4.29810139974
# log_k[1]:
-1.83258146375
# log_k[2]:
-1.83258146375
# log_Lo[1]:
2.60712428251
# log_Lo[2]:
2.60712428251
# log_sdage[1]:
-2.40794560865
# log_sdage[2]:
-2.40794560865
# mean_log_rec[1]:
9.25364913238
# mean_log_rec[2]:
7.43939208921
# mean_log_rec[3]:
6.93144844483
# steepness[1]:
0.650000000000
# steepness[2]:
0.650000000000
# steepness[3]:
0.650000000000
# log_Rzero[1]:
9.30412211226
# log_Rzero[2]:
7.70790964622
# log_Rzero[3]:
6.51287350280
# rec_dev:
 -0.0335515390057 -0.0438573456292 -0.0570260630717 -0.0737863735876 -0.0950159826716 -0.121667160040 -0.153956667835 -0.191518226633 -0.236227310905 -0.289174447480 -0.347543581580 -0.399307333201 -0.458150261887 -0.527237117891 -0.639431307795 -0.649993924556 -0.401739829393 -0.219623136171 0.0306656923633 0.245396841297 0.271124798081 0.285580743966 0.380155472923 0.476503371982 1.00972782150 0.827882470178 0.863505800031 1.69082271751 1.57086087851 0.750123155999 0.181458526909 0.463362659582 0.668259812384 0.743562493953 0.233970067127 0.262074467817 0.0385379349990 0.205472544589 0.311536392102 0.354990717434 0.454165454333 0.563457742764 0.578130246533 0.498562569224 0.0979218691752 -0.355858977703 -0.186875009005 -0.561718162442 -1.34700534936 -0.539331164523 -0.643635505100 -1.15310910066 -1.27545315837 -1.32978244956 -1.15228960780 -0.734228218223 -0.795406694092 -0.603233946803 -0.414077293582 -0.126472999821 -0.287726129096 -0.467924968430 0.00261409377147 -0.458583738422 -0.638184097335 0.0984990449088 0.713612523510
 -0.0126046404239 -0.0166084622273 -0.0216563427889 -0.0278630923140 -0.0349733281423 -0.0443541974714 -0.0573702041710 -0.0762392129169 -0.102178511203 -0.144657967884 -0.328210696570 -0.300152680983 -0.151183247605 0.186437857123 -0.243612708046 -0.498682017683 0.342296626559 0.548188994406 0.0997026161688 0.265774260161 0.193766716235 -0.116616349495 -0.306274140327 -0.0628413727218 -0.478959882997 -1.12639448429 -0.752654718227 -0.0158166859660 0.648801086352 -0.0859074724021 -0.142738791925 -0.694767145277 -0.748487800675 0.0350245781459 0.307581900377 0.277704572568 1.23177441991 -0.135780384312 0.725323072737 0.443978001336 1.67488604726 1.16608748322 -0.00375982329647 0.555222093579 -1.67662552913 0.00840446530115 1.08041668226 0.334031326585 -1.00411098113 -0.861677981979 1.02059678030 -0.570315180790 -1.13283622761 -0.507845141718 -0.730414745689 -1.35809026638 -1.42853994810 -0.642494422060 0.309465806232 0.208141625870 0.114984350430 0.228193397665 -0.0879973582945 -0.413829465846 -0.154558913117 -0.0165291128556 -0.0453116830351
# log_sigmar[1]:
-0.510825623766
# log_sigmar[2]:
-0.510825623766
# log_sigmar[3]:
-0.510825623766
# fmort:
 -4.77208020265 -4.37238738079 -5.11794313085 -4.81073538534 -4.06245412968 -3.75309487751 -3.44480784867 -3.49394032547 -2.87249926832 -3.01996275320 -3.31683270559 -2.93077188773 -2.20208338208 -3.13806744738 -2.29932121354 -2.86876002166 -5.26669175706 -3.97746237962 -4.33191855582 -4.39123213250 -4.39719323206 -4.02868362314 -3.92730666485 -3.72153853260 -4.14565141469 -3.83649347449 -3.33623182999 -4.36335835673 -5.56134105467 -4.93147043494 -4.49716646887 -3.86765764722 -4.74597764030 -4.31756345247 -4.18712661143 -3.68305277823 -3.58662301816 -3.15742006102 -2.62846576258 -2.88027678711 -2.29581934408 -3.83124012241 -4.77739957473 -4.24686638663 -4.15451526322 -3.75968684284 -3.98937206311 -3.44623061289 -4.48832478351 -4.68846577503 -3.43071424791 -3.33849269759 -3.38694800079 -3.46819246444 -3.05987908727 -3.14763097277
 -7.16381320177 -6.73505213332 -6.27346538396 -5.68694369936 -5.90950026130 -5.20732647381 -4.70222878162 -4.40716349668 -3.97878632275 -3.78322281233 -3.65885573312 -2.90907001565 -2.66446946242 -2.93013937267 -2.60295673826 -2.27727508637 -2.17335206565 -1.93010147232 -1.89626404766 -1.81600121764 -1.79280754961 -1.38765020456 -0.941075206167 -0.814505402368 -0.398601209030 0.176959629165 0.453133724799 0.664931858378 0.215641120387 -0.191078816442 -0.478337789152 -0.279118766813 -0.237357602342 -0.412592183047 -0.496180387166 -0.511068856209 -0.648786944014 -0.568089981002 -0.827737953939 -0.631978442098 -1.14733080650 -1.36441417899 -1.43549060994 -1.49861792256 -1.52344622381 -1.32427755906 -1.21861270577 -1.12695277637 -1.00836807932 -1.07099774265 -0.979667421346 -0.862745903864 -0.852418489215 -0.707527902318 -0.244854946294 -0.271547111359
 -6.56235201572 -5.80932645331 -4.87206237948 -4.09058630898 -3.06515950940 -4.19489102625 -3.73552602153 -1.28833454664 -1.50804079631 -1.44626093168 -0.986840544974 -0.401012972252 -1.42614285069 -1.87744798551 -1.63451124965 -2.03719313046 -2.70808512053 -2.87877905435 -1.62109535727 -1.61830737040 -1.09525051998 -1.22738306354 -1.71545743320 -1.55680951847 -1.23461328325 0.0399585017154 0.656201127670 0.987335588851 2.28977363081 1.37109201598 0.832833709586 2.24713790077 0.520351018729 1.17142012193 1.15413302542 0.601573004759 1.63531962613 1.41105621009 1.57517710583 2.10209695602 -0.767082222915 0.711676561457 0.757448293721 1.22992997349 1.39125391357 -0.409101532520 -1.14798694133 -1.98639658041 -0.136227073876 0.898997957861 0.887540568221 0.629869176062 0.820058967732 1.21328480127 1.24622260070 1.52847733953
 -9.63114889362 -9.59411235195 -7.84820312486 -9.50981826377 -9.45879984706 -9.39877740080 -9.29071036556 -8.43968586932 -5.24681131596 -3.17055662472 -3.16964310887 -2.84640826117 -2.20798091708 -1.91602419631 -1.69561436921 -1.98471295879 -2.16700154649 -2.41140407354 -2.62438623209 -2.76765089817 -2.88110807092 -3.37378362528 -5.92238174505 -9.39899515487 -9.19800979373 -8.87302210494 -8.50795289514 -8.20050467864 -8.11220981736 -8.22800549325 -7.70818444086 -5.80983117639 -4.66725242351 -4.03166959411 -3.31207470857 -3.38880093767 -2.83960255094 -2.33356833646 -2.15295095628 -1.96755384695 -2.01742550022 -3.14143946266 -3.46905578197 -3.45912215604 -3.06637949404 -2.90543420683 -3.41117328619 -3.47383904079 -3.47150281272 -3.61299395973 -6.08187214821 -3.78567264676 -3.62082136178 -3.24472468594 -4.19051762625 -5.04721378620
# log_selcoffs_fsh[1]:
 -3.49696119657 -1.84526122681 -0.857349231782 0.0747053872495 0.868613267812 0.955855402811 0.287285768593 -0.478911430222 -0.985869206374
 -3.09821800091 -1.43601715638 -0.727197575888 0.0226139005758 0.759594839821 0.898674533931 0.363643785022 -0.322277543575 -0.789548150973
 -2.79143224123 -1.34420088102 -0.524359959767 0.240105303740 0.739138940116 0.732044496066 0.298341130835 -0.257216695660 -0.653310264959
 -2.40334513880 -1.13656982600 -0.520939525463 0.0848071898248 0.775300904403 0.735115015276 0.262801274201 -0.243547757871 -0.571248759009
 -1.76620776320 -0.260349819038 0.0150357566840 0.224195086144 0.435914828242 0.448338791770 0.180933248388 -0.176870085242 -0.440889595755
 -1.65928264012 -0.466726882321 0.466441037145 0.650841623386 0.282137616655 0.0873617156961 -0.0956676426176 -0.314803124845 -0.485712438916
 -1.39225557888 -0.335128783888 0.543345934516 0.732152138416 0.277802008322 -0.0732619872505 -0.283831686490 -0.434389244130 -0.536493464702
 -1.01193608282 -0.169193708846 0.591421455148 0.777167492219 0.188205589796 -0.201990457344 -0.427150000654 -0.542372918909 -0.593543439609
 -0.747302397592 0.253912933153 0.487399166716 0.592521577020 0.279978236998 -0.213596759491 -0.504791378303 -0.617371010154 -0.640722842048
 -0.520432901994 0.392211031800 0.575079837445 0.568675155633 0.132108427846 -0.339257758742 -0.618330435918 -0.702836843937 -0.703732260833
 -0.0164193434451 0.922691415104 0.450412053019 0.156636663733 -0.232811586855 -0.552902109955 -0.739873794989 -0.789064815776 -0.770721729649
 0.186533750286 0.864713881241 0.612677526856 0.120857182204 -0.423331765846 -0.703542917397 -0.832209887882 -0.857351342093 -0.826182980014
 -0.0538107866320 1.13150615318 0.641824403312 -0.0934018374726 -0.635551415684 -0.865845661073 -0.938882858098 -0.934792400526 -0.898392775882
 0.175125245899 1.15780909597 0.585088111180 -0.176462838119 -0.746230038177 -0.956919109890 -1.00414325843 -0.978845809124 -0.936633002348
 0.182731069326 1.19935713929 0.569780120979 -0.219986224321 -0.790119588109 -1.00546689113 -1.04985116002 -1.01601582057 -0.969088736531
 -0.225731560372 1.27043989473 0.672845077538 -0.179962535851 -0.813701600274 -1.04505622494 -1.09311540910 -1.05536932015 -1.00397299814
 -0.120065101157 1.30669018166 0.599343778510 -0.224497055464 -0.840675986708 -1.07278908393 -1.12078846078 -1.07896930971 -1.02185036427
 0.426504119561 1.10798229179 0.630990300569 -0.245275920160 -0.867169879781 -1.09171533924 -1.13390317415 -1.08274016646 -1.01698163367
 0.740840737182 1.09661794758 0.397643889735 -0.355103872175 -0.922205705445 -1.13555932318 -1.16904289438 -1.10414255490 -1.02772060511
 0.464665551169 1.19691257626 0.547669904988 -0.348651623716 -0.974430242866 -1.18922315280 -1.20738859854 -1.12101014335 -1.03005914261
 0.533167030148 1.28107733444 0.391312287366 -0.474020552649 -1.05884700130 -1.25435283117 -1.25277912485 -1.14070436301 -1.03190427646
 0.518167099126 1.26764194718 0.501313244351 -0.539533750441 -1.15293382988 -1.32430717522 -1.29094408315 -1.14917633535 -1.01867237382
 0.688283406460 1.22387256026 0.411143850647 -0.548590391665 -1.18154137103 -1.36101310678 -1.31216629685 -1.14327165769 -0.989262243886
 0.373440254444 1.37997945517 0.389049776943 -0.577702035066 -1.18753949578 -1.36989341442 -1.31680614231 -1.12887707598 -0.953990087192
 0.528937900500 1.29006042835 0.380971859941 -0.531574236145 -1.13963495421 -1.33587273854 -1.28119704085 -1.07342960633 -0.876885914906
 0.610315610632 1.15509350754 0.435327802375 -0.385531788823 -1.07443995215 -1.28519995659 -1.20772554878 -0.977029226704 -0.764169377611
 0.209044505421 1.21850014976 0.506078660314 -0.280423556747 -0.988355681284 -1.19385834169 -1.09637561237 -0.846558651958 -0.629336810866
 0.291003799904 1.20343536427 0.364920832655 -0.418285179589 -0.949687586331 -1.08983200487 -0.954167150816 -0.692375338437 -0.472470931527
 1.04362013760 0.712731695800 0.00459031205208 -0.603797072998 -0.939096817891 -0.971068797599 -0.787052199188 -0.509749374028 -0.295519182097
 0.619346158125 0.958001758493 0.0164256379318 -0.690833643763 -0.919396083807 -0.843714437798 -0.603604144954 -0.310244974081 -0.0952887630447
 0.345611185149 0.938440760056 -0.104257165558 -0.696797794633 -0.824170500340 -0.692036609087 -0.408733162265 -0.100285730395 0.116677967073
 0.252794078340 0.548282839606 -0.169231023245 -0.594717241578 -0.645924293377 -0.479518423380 -0.176465341071 0.146406684613 0.369434369681
 -0.598940015746 0.229233670697 -0.149710723163 -0.404662409242 -0.374658986584 -0.243796583027 0.0427822637991 0.338618601096 0.557855371768
 -1.04542429832 -0.458419566565 -0.513802972036 -0.356937118459 -0.138956648181 -0.0322382261659 0.288265625120 0.475980206756 0.660571315052
 -0.629843328928 -0.244092795685 -0.804657423279 -0.815280515334 -0.490668111003 -0.138370939646 0.250590029289 0.577389509695 0.808703510591
 -0.0999834211578 -1.09364202077 -1.27829623911 -1.00614793036 -0.586932158034 -0.153791953050 0.283584348402 0.654659935292 0.896156312154
 -1.40906286740 -1.48129095369 -1.37814983216 -0.893370529088 -0.412420954650 -0.0449653921693 0.399148053356 0.754728414446 0.967478415195
 -2.27631319337 -1.73299569470 -1.42077367188 -0.886958629433 -0.379913881887 0.0398826403540 0.402376742572 0.761754343595 0.995152253568
 -2.60637813367 -2.44749046237 -2.03699839400 -1.28248890348 -0.441498591669 0.170541292038 0.586832529171 0.828870834012 0.921831180439
 -3.09704903113 -2.88985183685 -2.35249373385 -1.47283130534 -0.539211201450 0.232636871044 0.680959761653 0.845866968409 0.885388102274
 -3.24369439510 -2.95568114516 -2.35175686437 -1.52811085620 -0.671322344233 0.0576120991858 0.609830429829 0.925457139932 0.979571045728
 -3.61385354353 -2.96945050050 -2.19024143757 -1.47122755309 -0.703559569323 -0.0210853447963 0.527274777119 0.944078029893 1.04432511652
 -3.66849433755 -2.95403920399 -2.18065185106 -1.43395207035 -0.688538840926 -0.0243407269376 0.521975170708 0.918296562356 1.06553381099
# log_selcoffs_fsh[2]:
 -2.06031421413 -0.114019301601 0.626446285302 0.887164177796 0.590160011978 0.0179333248371 -0.435449757928 -0.748459906651 -0.937936695664 -1.05760467335
 -2.04618183485 -0.150342925158 -0.114787407788 0.430137151172 0.813258606497 0.589355279637 0.00771516718150 -0.490379788503 -0.746420961340 -0.846144262388
 -2.52662269702 -0.747951883969 -0.257994858877 0.296944639983 0.793134869353 0.741475450677 0.198647979849 -0.321086943762 -0.581257375092 -0.664085824228
 -2.85019033172 -1.29431455547 -0.428464947626 0.116249596432 0.729716888893 0.835880297610 0.301911220766 -0.163581141372 -0.389871477857 -0.456848150228
 -2.37861648041 -0.871745057958 -0.812213301459 -0.333824919494 0.435507749698 0.800395109880 0.474907159311 0.123651408044 -0.0643094122902 -0.128200350028
 -1.88245215951 -0.763145543548 -0.576516721942 -0.504134658088 -0.0164670802519 0.407141645827 0.501027978046 0.401855252040 0.288445870084 0.223269521463
 -2.53898744808 -1.23048424157 -0.366931042610 -0.246789425173 -0.157825739567 0.130657271884 0.390862163312 0.490304242674 0.451630305608 0.391518771499
 -3.13753133525 -2.08074867179 -1.24783344557 -0.530602793996 0.0179484716872 0.353852266566 0.551393940372 0.526655700160 0.469228657076 0.396121795752
 -3.46706970399 -2.41443278677 -1.76053195421 -1.06629891761 -0.282644068759 0.239733018199 0.595125584803 0.728888476620 0.631619300082 0.452193008107
 -3.61980665367 -2.38857166829 -1.68324392770 -1.20163741103 -0.760397051801 -0.162300010239 0.384348586241 0.867231844578 0.894239180261 0.578223510682
 -3.56674588262 -2.04228515066 -1.31899355990 -0.903827795031 -0.574499771658 -0.331587985558 0.144129219874 0.712851309456 0.926236355087 0.774270969102
 -3.61060318330 -2.09348895695 -1.27548930278 -0.865875969847 -0.533070414253 -0.223429553909 0.287084826700 0.644247769151 0.804517212519 0.828749110498
 -3.41648052184 -1.59056667330 -0.994484401660 -0.665212753354 -0.438827864547 -0.355992929521 0.0501732055482 0.448419942822 0.787972147314 0.999819872752
 -3.16636358206 -1.37219686834 -0.794227809826 -0.618539309140 -0.541044946269 -0.418347716417 -0.102030025056 0.322858864505 0.782448218693 1.09943455083
 -2.93343486388 -0.941936839272 -0.648779559305 -0.726525241955 -0.807440958450 -0.641464713032 -0.228570265538 0.267648823126 0.808861615576 1.17254930388
 -2.66696733925 -0.673353547790 -0.728642839724 -0.851466790293 -0.949855955840 -0.766609983772 -0.320982572259 0.223120475826 0.811257807141 1.23362785271
 -2.26354471319 -0.731239188835 -0.760654068132 -0.880578379559 -1.01986994370 -0.906361795928 -0.476881549588 0.134267522142 0.813870790877 1.32098991819
 -2.57509691395 -0.793633701872 -0.632001393363 -0.802967894047 -1.01158194732 -0.929060014907 -0.531204045687 0.0780883622384 0.780936390256 1.35607533890
 -2.87534403543 -1.07430066750 -0.682631119536 -0.787998902194 -0.987947128158 -0.891919566877 -0.489647103345 0.100928146927 0.783271155629 1.37426196170
 -2.96605698530 -1.35252101125 -0.971877853228 -0.820771225922 -0.933157844701 -0.856835556476 -0.458699616287 0.142728641932 0.821595429855 1.38478887547
 -2.99983381092 -1.38430557450 -0.874768838193 -0.674535007828 -0.830817506220 -0.856883221916 -0.519885799481 0.0915854054140 0.803754633201 1.38348245849
 -3.11567298529 -1.43115726391 -0.803223612801 -0.497613393481 -0.631357310652 -0.708802999761 -0.473133947884 0.0202499682602 0.724348460026 1.36857956688
 -3.28578863722 -1.85001698193 -0.933550363949 -0.376709471587 -0.353665639643 -0.477240559683 -0.341472738272 0.0118768244386 0.615674033796 1.34284036934
 -3.38646112530 -2.07843780053 -1.15633977533 -0.463643002581 -0.0691056707687 -0.0987402688881 0.0273451167136 0.245854998256 0.604961062843 1.07178876177
 -3.40127330281 -1.83048360691 -1.05723836645 -0.676487883356 -0.224068553153 0.0688267882808 0.244948397883 0.457129148524 0.625207731933 0.856237617234
 -3.46395115998 -2.08864567304 -1.18841571579 -0.360421249352 0.0242136145038 0.189259356967 0.350842625133 0.528788280282 0.574849769830 0.539930367926
 -3.51651329404 -1.74303149869 -0.982015330592 -0.00469186540159 0.340883456607 0.366967313245 0.414268429782 0.478539937959 0.311413032554 0.0802523673132
 -3.57158713652 -1.24001416253 -0.636222546199 -0.0381574053188 0.326150954926 0.340548072097 0.588076436904 0.460548097400 0.130407939430 -0.134034964509
 -3.69647570045 -1.98275701240 -1.02543126483 0.0301740869521 0.362871191606 0.435980698504 0.655492647787 0.345821884095 0.125954343773 -0.00922040647512
 -3.85139199548 -2.07264558691 -0.800480186524 -0.0866616795002 0.490993131530 0.459572093709 0.360906065680 0.242111921620 0.239049510181 0.255305321977
 -3.71648376241 -1.63930939235 -0.462780788145 0.0873159491619 0.116176157614 0.0656815692616 0.175796539892 0.275151007028 0.439146535112 0.592998897952
 -3.63399146664 -1.74335193658 -0.728529765102 -0.207032421445 0.0819249115394 0.0770175892919 0.0652115071083 0.288317252587 0.557020544915 0.784166548919
 -3.12958412863 -1.16127248703 -0.988261728994 -0.678595721939 -0.268727296207 -0.0780286678227 0.0187310945006 0.310256916719 0.700867425500 0.984379747055
 -3.66283408898 -1.60505481501 -0.951211821772 -0.529367815601 -0.232022563325 -0.0406772759957 0.0876682765061 0.351836157070 0.674131824902 0.943717105909
 -3.94199762579 -1.97942154878 -1.31239256237 -0.841698288035 -0.305164727134 0.00972725103945 0.237874200643 0.481396477223 0.732953146784 0.886825348651
 -4.35097387315 -2.31152220016 -1.31354037559 -0.821085357929 -0.371005487094 -0.0937545693299 0.222531836398 0.535236503115 0.755584976251 0.913360218696
 -4.79244816991 -2.92752491584 -1.72191574991 -0.913273161296 -0.250742126825 0.0453942373901 0.319669225339 0.584742800664 0.731617852325 0.825902266676
 -5.10232348768 -3.31015243112 -2.31382661429 -1.42691327095 -0.551699616881 0.0328929185485 0.388193868929 0.648753780011 0.790407164759 0.882651870606
 -5.39338149401 -3.71448580796 -2.36598076178 -1.58780250112 -0.739813493253 -0.166164201701 0.261063753326 0.602929200606 0.844711782462 1.06321402564
 -5.58783489592 -4.13901359424 -2.75021850644 -1.69155424858 -1.00615918117 -0.357488908926 0.130257545068 0.540688031865 0.888346248862 1.21778843574
 -5.69456365444 -4.11018900048 -2.71812389518 -1.58170990592 -0.918198169901 -0.518301333568 -0.0763620435817 0.367102074407 0.891799736181 1.36207802142
 -5.79309641144 -3.98642676755 -2.49837722367 -1.59247721493 -0.801092280020 -0.535989106065 -0.295770421793 0.184002702038 0.857583142203 1.47141284326
 -6.07119455798 -4.13486242680 -2.18178846457 -0.932421725251 -0.554813014062 -0.313498169426 -0.254576401979 0.00632525533954 0.735605894068 1.45904436512
# log_selcoffs_fsh[3]:
 -3.85267432673 -1.58373551636 1.09906694130 0.883929827397 -0.163905074275 -1.14164038936 -1.69447653792
 -3.75008671974 -1.40663147442 0.894736104604 0.991954612973 0.0287680992815 -1.00792086112 -1.63905066119
 -3.53733549196 -1.34548195646 0.878508574548 0.961796214366 0.0813980793510 -0.925121303342 -1.58225829366
 -3.36079416773 -1.24966752394 0.953880993089 0.871283178176 0.0511780012876 -0.873134334249 -1.50147367101
 -3.06136173753 -0.968474269151 0.964541320313 0.799971512758 0.0380790315232 -0.817059916713 -1.41095234000
 -2.77530922427 -0.674079328034 0.834421036610 0.831780179472 0.0878619610029 -0.757792536533 -1.32192302408
 -2.57699735101 -0.320414481698 0.744878032616 0.809616615856 0.0728377815154 -0.727985216777 -1.25007849132
 -2.48685002619 -0.231899449137 0.829988072022 0.706101064906 0.0184630780437 -0.722969916236 -1.20233550651
 -2.74127034406 -0.359839547142 0.939591221167 0.648210081702 -0.0188239598127 -0.735465263908 -1.18404457379
 -2.97120555023 -0.881085054272 0.883442164739 0.821850448728 0.0412916813238 -0.719115262647 -1.16742017145
 -3.17131254310 -1.13711301913 0.810302048648 0.918004466048 0.0686413910395 -0.706606445600 -1.13922935266
 -3.30619471854 -1.06118193579 0.796760751066 0.895466251149 0.0885292169214 -0.658201710203 -1.07842779522
 -3.45791114062 -1.03367526222 0.752839525748 0.872757943772 0.152162778857 -0.576212539883 -0.994490686775
 -3.59429412122 -0.856325147918 0.720307677967 0.791421900168 0.209159299926 -0.448900407182 -0.878918540810
 -3.86492359065 -1.42543643708 0.676182850997 0.836025298796 0.278783678659 -0.368738819101 -0.794142631862
 -4.12329776712 -1.67670619778 0.576236263059 0.833898186430 0.364970407655 -0.259646488044 -0.686331168609
 -4.31479453086 -1.90624568130 0.330839495443 0.848076594177 0.490455895265 -0.108093818587 -0.544551435433
 -4.84693402675 -1.82354890891 0.227532382248 0.791263985621 0.536816629801 0.000515343984537 -0.418631841209
 -5.13402306948 -1.78742929908 0.107123004723 0.736385057220 0.574002355994 0.0997547693099 -0.294350430996
 -5.44977556938 -1.76996501788 0.0490105679386 0.680622284324 0.583515709062 0.168777717848 -0.193778640883
 -5.29571673233 -1.99475635314 -0.103923206484 0.649121701456 0.616224799560 0.245151643751 -0.0898720172438
 -5.16148372080 -2.25362020306 -0.151891965447 0.623782748680 0.612171023478 0.286740846539 -0.0123925432362
 -5.18223223901 -2.45199553924 -0.0605534733766 0.580800564054 0.573932444653 0.305509790619 0.0459286144302
 -4.87225241023 -2.16616169201 -0.364497597439 0.476796495242 0.623113748246 0.415784449711 0.175625811789
 -4.82785246019 -1.85321874558 -0.482054355693 0.384544641732 0.618954048665 0.470681135887 0.255213085572
 -5.06258529980 -1.43911992408 -0.512274264662 0.332831636582 0.592734820232 0.481110007949 0.289449891447
 -4.70631501871 -1.74510799897 -0.447244096549 0.340365283292 0.582673726441 0.482720066954 0.307624910139
 -4.45113989212 -2.08720793271 -0.333303105869 0.388188533638 0.564226400133 0.455478334734 0.291494482933
 -4.37956777362 -2.01375178622 -0.319279513837 0.396524821011 0.560235479921 0.445766482093 0.283590480859
 -4.40452234150 -1.73981357095 -0.318333300625 0.381652823436 0.557963181392 0.441773289773 0.275802634903
 -4.17085040088 -1.67804202328 -0.363238554829 0.387182395687 0.570908004066 0.441058972815 0.266471538743
 -3.96944208077 -1.78318491689 -0.267225171319 0.436641431132 0.561292509036 0.402678907319 0.224142289754
 -3.92363779278 -1.72890967542 -0.159973105928 0.508684813595 0.534063904292 0.338661115095 0.164298294108
 -3.83603370951 -1.51388584456 -0.0317663217225 0.530520692702 0.493013093753 0.279622111595 0.122169565600
 -3.71139214384 -1.37554715729 0.201899336272 0.559970106342 0.393058614830 0.179633592768 0.0678699079167
 -3.83061385346 -1.08995111016 0.618701931056 0.484956115183 0.165538806761 0.00521316287043 -0.0240929834324
 -4.06616600850 -1.29193269829 0.473059520252 0.464660588595 0.175014467124 0.112462560789 0.183531711986
 -4.38333184063 -1.38981580277 0.293655668759 0.219807728318 0.139492024216 0.295331679264 0.505596751204
 -4.65348084284 -2.05538097515 -0.361021406485 -0.166530966980 0.0864913157101 0.539712657664 0.921481700468
 -5.07708770437 -3.14011155715 -1.35989720635 -0.358743604867 0.138085382149 0.644280400252 1.07927788982
 -5.49958813108 -3.87476550822 -2.12317102634 -0.613536097071 0.107582826421 0.698726392815 1.15979992604
 -5.75745438489 -4.34799055698 -2.77257322702 -0.988631803471 -0.00970523899275 0.695721560008 1.26802432752
 -5.86644990741 -4.45504823460 -2.86588762565 -1.32019244794 -0.338728236689 0.614055171648 1.41121745292
 -5.95175157397 -4.47603410186 -2.90640828713 -1.53976136293 -0.518127793867 0.592369630594 1.46163680789
 -6.04928683066 -4.58626025035 -3.13118681808 -1.74222360169 -0.451849951075 0.683253947553 1.42356422061
 -6.07210762466 -4.59130231496 -3.19925056435 -1.85170826322 -0.471619941955 0.674883283667 1.43556012453
# log_selcoffs_fsh[4]:
 -1.87635118280 -1.54020471813 -1.17956597958 -0.776353449869 -0.338703939951 0.0962651876654 0.468999656206 0.731811861900 0.864592879997
 -1.86534468029 -1.53504475852 -1.17894584312 -0.778026997252 -0.340439574606 0.0950158192606 0.469138717358 0.732304736874 0.864229947097
 -1.84315806150 -1.52571627977 -1.18090569086 -0.781799309845 -0.341662569815 0.0965286419610 0.472001748941 0.732089333367 0.860814154500
 -1.80701493351 -1.50227035549 -1.17969027480 -0.799473961247 -0.350553923051 0.101014379873 0.478487777236 0.733302040420 0.854469010642
 -1.74761636279 -1.45692078587 -1.15693208233 -0.802431633950 -0.375904802270 0.0894598299041 0.484536073685 0.737340023706 0.848496110251
 -1.67042976910 -1.37198770522 -1.11419696818 -0.802383439463 -0.380839075449 0.0793099588126 0.480172905156 0.734827706210 0.839189035373
 -1.58198585136 -1.29219786248 -1.00504623316 -0.747117807600 -0.381764825495 0.0690724844283 0.467000227219 0.719818013941 0.822673876738
 -1.47514998443 -1.21123717316 -0.932038502218 -0.637776022394 -0.324008804097 0.0661283801683 0.438478390875 0.688845985473 0.796533802234
 -1.32682294922 -1.08853313778 -0.855663875341 -0.583851121224 -0.262298633555 0.0811891736145 0.412212773695 0.648008952199 0.760562828095
 -1.15529970415 -0.925496111530 -0.698780242929 -0.507971953120 -0.252145975790 0.0665531446814 0.371117021857 0.604474922832 0.724744342317
 -0.988567322862 -0.764945833123 -0.543155737956 -0.351244947321 -0.209345126518 0.0144494708260 0.301096214880 0.544152934610 0.681909624310
 -0.830395959647 -0.638335464434 -0.431736815550 -0.235794839435 -0.0950947588986 0.00776244529206 0.214789667199 0.459416188110 0.618854425012
 -0.677107488711 -0.517599507189 -0.361271544579 -0.195471406757 -0.0508180465764 0.0553913519487 0.182884200920 0.377968808798 0.536102025860
 -0.520969205054 -0.395218265014 -0.274221818914 -0.159520311269 -0.0575945024810 0.0395108491953 0.164812123391 0.325219358897 0.452327252549
 -0.366752643815 -0.273317270995 -0.190280447861 -0.122145896146 -0.0605292463690 0.0143907594462 0.124558153686 0.261901017857 0.369225632981
 -0.216448589747 -0.152807509277 -0.107038544056 -0.0870435730322 -0.0674841333120 -0.0221216135566 0.0682864236919 0.188841329263 0.285041819371
 -0.0671807895411 -0.0335026339813 -0.0238391351457 -0.0566617030541 -0.0851404952256 -0.0739846095598 -0.00332857944912 0.106721772337 0.199010182995
 0.0721989399628 0.0892822867949 0.0363922259596 -0.0512901527021 -0.114248931040 -0.130264823065 -0.0757965429890 0.0241457878703 0.116300120650
 0.184607436428 0.197120214636 0.125355444975 -0.0870437804341 -0.186845718469 -0.191426927746 -0.143288890217 -0.0417477740656 0.0470822467385
 0.161494257901 0.220903658176 0.182507125843 -0.0152194402943 -0.216794846098 -0.242996734959 -0.167460887091 -0.0658960991534 0.0207879398221
 0.0952883701376 0.180689137488 0.105777405034 0.0180949078440 -0.121917696493 -0.205957653649 -0.144914692360 -0.0336514758435 0.0402333091710
 -0.0926913280049 0.0594994367837 0.0163277130765 -0.0421903015867 -0.0605299709462 -0.0869046849701 -0.0249363567444 0.0681744560523 0.138123121013
 -0.326509104334 -0.186790279147 -0.0770890281134 -0.0496743742469 -0.0225964241243 0.0351977657200 0.105460536056 0.178668408708 0.224158806864
 -0.620185982083 -0.428266863922 -0.268804176864 -0.115362648679 0.0217758398904 0.139454419397 0.228346021626 0.293459692743 0.326380147358
 -0.868763713721 -0.617707648183 -0.382100658118 -0.164113453656 0.0568725344831 0.214213684096 0.298265540820 0.350163390620 0.368836938608
 -1.14459129655 -0.837332198445 -0.563310581414 -0.257545042849 0.0379971250720 0.264328060154 0.385819630303 0.431868761576 0.441011205841
 -1.39506636889 -1.00900463210 -0.755385404899 -0.372492280398 0.0504859248068 0.309143017689 0.444792628626 0.490781268999 0.483018324735
 -1.57611523455 -1.25852260040 -0.905211198979 -0.392523000268 0.0227027160385 0.229167561860 0.408763680151 0.555629981153 0.642292060952
 -1.07306402369 -1.19899049876 -0.975600536795 -0.612048505820 -0.187834363633 0.160122757990 0.422023058089 0.612404868236 0.725142049077
 -1.47739864638 -1.17958136530 -1.03274487644 -0.688841662153 -0.227238271329 0.165092743443 0.449896598177 0.652200318494 0.761754825973
 -1.46133137548 -1.01423687304 -0.969065312180 -0.799742738349 -0.458655092658 -0.0363846547106 0.390911660001 0.721528188523 0.893720259470
 -1.41800857871 -0.672148193131 -0.689725238743 -0.760149025375 -0.571155451014 -0.188943785850 0.260587655585 0.682088760419 0.959150906448
 -1.69995572439 -0.476213024890 0.0496162646864 -0.229746468048 -0.337784260048 -0.244913482068 0.0587857939611 0.469704746494 0.785900810043
 -1.76561777401 -0.261810818517 -0.0463172620159 -0.126963428049 -0.230852423559 -0.226821116040 0.0199729001079 0.419171942994 0.738102421248
 -1.98021831184 -0.727009759531 -0.0944052658409 0.0524604794270 -0.213517357078 -0.291356254559 -0.0499965454747 0.435977248162 0.859567961687
 -2.15483027395 -0.997933899858 -0.431853673972 -0.305947774300 -0.300082519573 -0.386794342495 -0.144030122437 0.501747411770 1.16072684176
 -1.72799950573 -0.460474534942 -0.377357996757 -0.513601381916 -0.585302428551 -0.461695579234 -0.0792967293217 0.544667534660 1.12246442343
# log_sel_spl_fsh[1]:
 0.00000000000 0.00000000000 0.00000000000 0.00000000000
 0.00000000000 0.00000000000 0.00000000000 0.00000000000
 0.00000000000 0.00000000000 0.00000000000 0.00000000000
 0.00000000000 0.00000000000 0.00000000000 0.00000000000
 0.00000000000 0.00000000000 0.00000000000 0.00000000000
 0.00000000000 0.00000000000 0.00000000000 0.00000000000
 0.00000000000 0.00000000000 0.00000000000 0.00000000000
 0.00000000000 0.00000000000 0.00000000000 0.00000000000
 0.00000000000 0.00000000000 0.00000000000 0.00000000000
 0.00000000000 0.00000000000 0.00000000000 0.00000000000
 0.00000000000 0.00000000000 0.00000000000 0.00000000000
 0.00000000000 0.00000000000 0.00000000000 0.00000000000
 0.00000000000 0.00000000000 0.00000000000 0.00000000000
 0.00000000000 0.00000000000 0.00000000000 0.00000000000
 0.00000000000 0.00000000000 0.00000000000 0.00000000000
 0.00000000000 0.00000000000 0.00000000000 0.00000000000
 0.00000000000 0.00000000000 0.00000000000 0.00000000000
 0.00000000000 0.00000000000 0.00000000000 0.00000000000
 0.00000000000 0.00000000000 0.00000000000 0.00000000000
 0.00000000000 0.00000000000 0.00000000000 0.00000000000
 0.00000000000 0.00000000000 0.00000000000 0.00000000000
 0.00000000000 0.00000000000 0.00000000000 0.00000000000
 0.00000000000 0.00000000000 0.00000000000 0.00000000000
 0.00000000000 0.00000000000 0.00000000000 0.00000000000
 0.00000000000 0.00000000000 0.00000000000 0.00000000000
 0.00000000000 0.00000000000 0.00000000000 0.00000000000
 0.00000000000 0.00000000000 0.00000000000 0.00000000000
 0.00000000000 0.00000000000 0.00000000000 0.00000000000
 0.00000000000 0.00000000000 0.00000000000 0.00000000000
 0.00000000000 0.00000000000 0.00000000000 0.00000000000
 0.00000000000 0.00000000000 0.00000000000 0.00000000000
 0.00000000000 0.00000000000 0.00000000000 0.00000000000
 0.00000000000 0.00000000000 0.00000000000 0.00000000000
 0.00000000000 0.00000000000 0.00000000000 0.00000000000
 0.00000000000 0.00000000000 0.00000000000 0.00000000000
 0.00000000000 0.00000000000 0.00000000000 0.00000000000
 0.00000000000 0.00000000000 0.00000000000 0.00000000000
 0.00000000000 0.00000000000 0.00000000000 0.00000000000
 0.00000000000 0.00000000000 0.00000000000 0.00000000000
 0.00000000000 0.00000000000 0.00000000000 0.00000000000
 0.00000000000 0.00000000000 0.00000000000 0.00000000000
 0.00000000000 0.00000000000 0.00000000000 0.00000000000
 0.00000000000 0.00000000000 0.00000000000 0.00000000000
# log_sel_spl_fsh[2]:
 0.00000000000 0.00000000000 0.00000000000 0.00000000000
 0.00000000000 0.00000000000 0.00000000000 0.00000000000
 0.00000000000 0.00000000000 0.00000000000 0.00000000000
 0.00000000000 0.00000000000 0.00000000000 0.00000000000
 0.00000000000 0.00000000000 0.00000000000 0.00000000000
 0.00000000000 0.00000000000 0.00000000000 0.00000000000
 0.00000000000 0.00000000000 0.00000000000 0.00000000000
 0.00000000000 0.00000000000 0.00000000000 0.00000000000
 0.00000000000 0.00000000000 0.00000000000 0.00000000000
 0.00000000000 0.00000000000 0.00000000000 0.00000000000
 0.00000000000 0.00000000000 0.00000000000 0.00000000000
 0.00000000000 0.00000000000 0.00000000000 0.00000000000
 0.00000000000 0.00000000000 0.00000000000 0.00000000000
 0.00000000000 0.00000000000 0.00000000000 0.00000000000
 0.00000000000 0.00000000000 0.00000000000 0.00000000000
 0.00000000000 0.00000000000 0.00000000000 0.00000000000
 0.00000000000 0.00000000000 0.00000000000 0.00000000000
 0.00000000000 0.00000000000 0.00000000000 0.00000000000
 0.00000000000 0.00000000000 0.00000000000 0.00000000000
 0.00000000000 0.00000000000 0.00000000000 0.00000000000
 0.00000000000 0.00000000000 0.00000000000 0.00000000000
 0.00000000000 0.00000000000 0.00000000000 0.00000000000
 0.00000000000 0.00000000000 0.00000000000 0.00000000000
 0.00000000000 0.00000000000 0.00000000000 0.00000000000
 0.00000000000 0.00000000000 0.00000000000 0.00000000000
 0.00000000000 0.00000000000 0.00000000000 0.00000000000
 0.00000000000 0.00000000000 0.00000000000 0.00000000000
 0.00000000000 0.00000000000 0.00000000000 0.00000000000
 0.00000000000 0.00000000000 0.00000000000 0.00000000000
 0.00000000000 0.00000000000 0.00000000000 0.00000000000
 0.00000000000 0.00000000000 0.00000000000 0.00000000000
 0.00000000000 0.00000000000 0.00000000000 0.00000000000
 0.00000000000 0.00000000000 0.00000000000 0.00000000000
 0.00000000000 0.00000000000 0.00000000000 0.00000000000
 0.00000000000 0.00000000000 0.00000000000 0.00000000000
 0.00000000000 0.00000000000 0.00000000000 0.00000000000
 0.00000000000 0.00000000000 0.00000000000 0.00000000000
 0.00000000000 0.00000000000 0.00000000000 0.00000000000
 0.00000000000 0.00000000000 0.00000000000 0.00000000000
 0.00000000000 0.00000000000 0.00000000000 0.00000000000
 0.00000000000 0.00000000000 0.00000000000 0.00000000000
 0.00000000000 0.00000000000 0.00000000000 0.00000000000
 0.00000000000 0.00000000000 0.00000000000 0.00000000000
# log_sel_spl_fsh[3]:
 0.00000000000 0.00000000000 0.00000000000 0.00000000000
 0.00000000000 0.00000000000 0.00000000000 0.00000000000
 0.00000000000 0.00000000000 0.00000000000 0.00000000000
 0.00000000000 0.00000000000 0.00000000000 0.00000000000
 0.00000000000 0.00000000000 0.00000000000 0.00000000000
 0.00000000000 0.00000000000 0.00000000000 0.00000000000
 0.00000000000 0.00000000000 0.00000000000 0.00000000000
 0.00000000000 0.00000000000 0.00000000000 0.00000000000
 0.00000000000 0.00000000000 0.00000000000 0.00000000000
 0.00000000000 0.00000000000 0.00000000000 0.00000000000
 0.00000000000 0.00000000000 0.00000000000 0.00000000000
 0.00000000000 0.00000000000 0.00000000000 0.00000000000
 0.00000000000 0.00000000000 0.00000000000 0.00000000000
 0.00000000000 0.00000000000 0.00000000000 0.00000000000
 0.00000000000 0.00000000000 0.00000000000 0.00000000000
 0.00000000000 0.00000000000 0.00000000000 0.00000000000
 0.00000000000 0.00000000000 0.00000000000 0.00000000000
 0.00000000000 0.00000000000 0.00000000000 0.00000000000
 0.00000000000 0.00000000000 0.00000000000 0.00000000000
 0.00000000000 0.00000000000 0.00000000000 0.00000000000
 0.00000000000 0.00000000000 0.00000000000 0.00000000000
 0.00000000000 0.00000000000 0.00000000000 0.00000000000
 0.00000000000 0.00000000000 0.00000000000 0.00000000000
 0.00000000000 0.00000000000 0.00000000000 0.00000000000
 0.00000000000 0.00000000000 0.00000000000 0.00000000000
 0.00000000000 0.00000000000 0.00000000000 0.00000000000
 0.00000000000 0.00000000000 0.00000000000 0.00000000000
 0.00000000000 0.00000000000 0.00000000000 0.00000000000
 0.00000000000 0.00000000000 0.00000000000 0.00000000000
 0.00000000000 0.00000000000 0.00000000000 0.00000000000
 0.00000000000 0.00000000000 0.00000000000 0.00000000000
 0.00000000000 0.00000000000 0.00000000000 0.00000000000
 0.00000000000 0.00000000000 0.00000000000 0.00000000000
 0.00000000000 0.00000000000 0.00000000000 0.00000000000
 0.00000000000 0.00000000000 0.00000000000 0.00000000000
 0.00000000000 0.00000000000 0.00000000000 0.00000000000
 0.00000000000 0.00000000000 0.00000000000 0.00000000000
 0.00000000000 0.00000000000 0.00000000000 0.00000000000
 0.00000000000 0.00000000000 0.00000000000 0.00000000000
 0.00000000000 0.00000000000 0.00000000000 0.00000000000
 0.00000000000 0.00000000000 0.00000000000 0.00000000000
 0.00000000000 0.00000000000 0.00000000000 0.00000000000
 0.00000000000 0.00000000000 0.00000000000 0.00000000000
 0.00000000000 0.00000000000 0.00000000000 0.00000000000
 0.00000000000 0.00000000000 0.00000000000 0.00000000000
 0.00000000000 0.00000000000 0.00000000000 0.00000000000
# log_sel_spl_fsh[4]:
 0.00000000000 0.00000000000 0.00000000000 0.00000000000
 0.00000000000 0.00000000000 0.00000000000 0.00000000000
 0.00000000000 0.00000000000 0.00000000000 0.00000000000
 0.00000000000 0.00000000000 0.00000000000 0.00000000000
 0.00000000000 0.00000000000 0.00000000000 0.00000000000
 0.00000000000 0.00000000000 0.00000000000 0.00000000000
 0.00000000000 0.00000000000 0.00000000000 0.00000000000
 0.00000000000 0.00000000000 0.00000000000 0.00000000000
 0.00000000000 0.00000000000 0.00000000000 0.00000000000
 0.00000000000 0.00000000000 0.00000000000 0.00000000000
 0.00000000000 0.00000000000 0.00000000000 0.00000000000
 0.00000000000 0.00000000000 0.00000000000 0.00000000000
 0.00000000000 0.00000000000 0.00000000000 0.00000000000
 0.00000000000 0.00000000000 0.00000000000 0.00000000000
 0.00000000000 0.00000000000 0.00000000000 0.00000000000
 0.00000000000 0.00000000000 0.00000000000 0.00000000000
 0.00000000000 0.00000000000 0.00000000000 0.00000000000
 0.00000000000 0.00000000000 0.00000000000 0.00000000000
 0.00000000000 0.00000000000 0.00000000000 0.00000000000
 0.00000000000 0.00000000000 0.00000000000 0.00000000000
 0.00000000000 0.00000000000 0.00000000000 0.00000000000
 0.00000000000 0.00000000000 0.00000000000 0.00000000000
 0.00000000000 0.00000000000 0.00000000000 0.00000000000
 0.00000000000 0.00000000000 0.00000000000 0.00000000000
 0.00000000000 0.00000000000 0.00000000000 0.00000000000
 0.00000000000 0.00000000000 0.00000000000 0.00000000000
 0.00000000000 0.00000000000 0.00000000000 0.00000000000
 0.00000000000 0.00000000000 0.00000000000 0.00000000000
 0.00000000000 0.00000000000 0.00000000000 0.00000000000
 0.00000000000 0.00000000000 0.00000000000 0.00000000000
 0.00000000000 0.00000000000 0.00000000000 0.00000000000
 0.00000000000 0.00000000000 0.00000000000 0.00000000000
 0.00000000000 0.00000000000 0.00000000000 0.00000000000
 0.00000000000 0.00000000000 0.00000000000 0.00000000000
 0.00000000000 0.00000000000 0.00000000000 0.00000000000
 0.00000000000 0.00000000000 0.00000000000 0.00000000000
 0.00000000000 0.00000000000 0.00000000000 0.00000000000
# logsel_slope_fsh[1]:
 0.00000000000 0.00000000000 0.00000000000 0.00000000000 0.00000000000 0.00000000000 0.00000000000 0.00000000000 0.00000000000 0.00000000000 0.00000000000 0.00000000000 0.00000000000 0.00000000000 0.00000000000 0.00000000000 0.00000000000 0.00000000000 0.00000000000 0.00000000000 0.00000000000 0.00000000000 0.00000000000 0.00000000000 0.00000000000 0.00000000000 0.00000000000 0.00000000000 0.00000000000 0.00000000000 0.00000000000 0.00000000000 0.00000000000 0.00000000000 0.00000000000 0.00000000000 0.00000000000 0.00000000000 0.00000000000 0.00000000000 0.00000000000 0.00000000000 0.00000000000
# logsel_slope_fsh[2]:
 0.00000000000 0.00000000000 0.00000000000 0.00000000000 0.00000000000 0.00000000000 0.00000000000 0.00000000000 0.00000000000 0.00000000000 0.00000000000 0.00000000000 0.00000000000 0.00000000000 0.00000000000 0.00000000000 0.00000000000 0.00000000000 0.00000000000 0.00000000000 0.00000000000 0.00000000000 0.00000000000 0.00000000000 0.00000000000 0.00000000000 0.00000000000 0.00000000000 0.00000000000 0.00000000000 0.00000000000 0.00000000000 0.00000000000 0.00000000000 0.00000000000 0.00000000000 0.00000000000 0.00000000000 0.00000000000 0.00000000000 0.00000000000 0.00000000000 0.00000000000
# logsel_slope_fsh[3]:
 0.00000000000 0.00000000000 0.00000000000 0.00000000000 0.00000000000 0.00000000000 0.00000000000 0.00000000000 0.00000000000 0.00000000000 0.00000000000 0.00000000000 0.00000000000 0.00000000000 0.00000000000 0.00000000000 0.00000000000 0.00000000000 0.00000000000 0.00000000000 0.00000000000 0.00000000000 0.00000000000 0.00000000000 0.00000000000 0.00000000000 0.00000000000 0.00000000000 0.00000000000 0.00000000000 0.00000000000 0.00000000000 0.00000000000 0.00000000000 0.00000000000 0.00000000000 0.00000000000 0.00000000000 0.00000000000 0.00000000000 0.00000000000 0.00000000000 0.00000000000 0.00000000000 0.00000000000 0.00000000000
# logsel_slope_fsh[4]:
 0.00000000000 0.00000000000 0.00000000000 0.00000000000 0.00000000000 0.00000000000 0.00000000000 0.00000000000 0.00000000000 0.00000000000 0.00000000000 0.00000000000 0.00000000000 0.00000000000 0.00000000000 0.00000000000 0.00000000000 0.00000000000 0.00000000000 0.00000000000 0.00000000000 0.00000000000 0.00000000000 0.00000000000 0.00000000000 0.00000000000 0.00000000000 0.00000000000 0.00000000000 0.00000000000 0.00000000000 0.00000000000 0.00000000000 0.00000000000 0.00000000000 0.00000000000 0.00000000000
# sel50_fsh[1]:
 0.00000000000 0.00000000000 0.00000000000 0.00000000000 0.00000000000 0.00000000000 0.00000000000 0.00000000000 0.00000000000 0.00000000000 0.00000000000 0.00000000000 0.00000000000 0.00000000000 0.00000000000 0.00000000000 0.00000000000 0.00000000000 0.00000000000 0.00000000000 0.00000000000 0.00000000000 0.00000000000 0.00000000000 0.00000000000 0.00000000000 0.00000000000 0.00000000000 0.00000000000 0.00000000000 0.00000000000 0.00000000000 0.00000000000 0.00000000000 0.00000000000 0.00000000000 0.00000000000 0.00000000000 0.00000000000 0.00000000000 0.00000000000 0.00000000000 0.00000000000
# sel50_fsh[2]:
 0.00000000000 0.00000000000 0.00000000000 0.00000000000 0.00000000000 0.00000000000 0.00000000000 0.00000000000 0.00000000000 0.00000000000 0.00000000000 0.00000000000 0.00000000000 0.00000000000 0.00000000000 0.00000000000 0.00000000000 0.00000000000 0.00000000000 0.00000000000 0.00000000000 0.00000000000 0.00000000000 0.00000000000 0.00000000000 0.00000000000 0.00000000000 0.00000000000 0.00000000000 0.00000000000 0.00000000000 0.00000000000 0.00000000000 0.00000000000 0.00000000000 0.00000000000 0.00000000000 0.00000000000 0.00000000000 0.00000000000 0.00000000000 0.00000000000 0.00000000000
# sel50_fsh[3]:
 0.00000000000 0.00000000000 0.00000000000 0.00000000000 0.00000000000 0.00000000000 0.00000000000 0.00000000000 0.00000000000 0.00000000000 0.00000000000 0.00000000000 0.00000000000 0.00000000000 0.00000000000 0.00000000000 0.00000000000 0.00000000000 0.00000000000 0.00000000000 0.00000000000 0.00000000000 0.00000000000 0.00000000000 0.00000000000 0.00000000000 0.00000000000 0.00000000000 0.00000000000 0.00000000000 0.00000000000 0.00000000000 0.00000000000 0.00000000000 0.00000000000 0.00000000000 0.00000000000 0.00000000000 0.00000000000 0.00000000000 0.00000000000 0.00000000000 0.00000000000 0.00000000000 0.00000000000 0.00000000000
# sel50_fsh[4]:
 0.00000000000 0.00000000000 0.00000000000 0.00000000000 0.00000000000 0.00000000000 0.00000000000 0.00000000000 0.00000000000 0.00000000000 0.00000000000 0.00000000000 0.00000000000 0.00000000000 0.00000000000 0.00000000000 0.00000000000 0.00000000000 0.00000000000 0.00000000000 0.00000000000 0.00000000000 0.00000000000 0.00000000000 0.00000000000 0.00000000000 0.00000000000 0.00000000000 0.00000000000 0.00000000000 0.00000000000 0.00000000000 0.00000000000 0.00000000000 0.00000000000 0.00000000000 0.00000000000
# logsel_p1_fsh[1]:
 0.00000000000 0.00000000000 0.00000000000 0.00000000000 0.00000000000 0.00000000000 0.00000000000 0.00000000000 0.00000000000 0.00000000000 0.00000000000 0.00000000000 0.00000000000 0.00000000000 0.00000000000 0.00000000000 0.00000000000 0.00000000000 0.00000000000 0.00000000000 0.00000000000 0.00000000000 0.00000000000 0.00000000000 0.00000000000 0.00000000000 0.00000000000 0.00000000000 0.00000000000 0.00000000000 0.00000000000 0.00000000000 0.00000000000 0.00000000000 0.00000000000 0.00000000000 0.00000000000 0.00000000000 0.00000000000 0.00000000000 0.00000000000 0.00000000000 0.00000000000
# logsel_p1_fsh[2]:
 0.00000000000 0.00000000000 0.00000000000 0.00000000000 0.00000000000 0.00000000000 0.00000000000 0.00000000000 0.00000000000 0.00000000000 0.00000000000 0.00000000000 0.00000000000 0.00000000000 0.00000000000 0.00000000000 0.00000000000 0.00000000000 0.00000000000 0.00000000000 0.00000000000 0.00000000000 0.00000000000 0.00000000000 0.00000000000 0.00000000000 0.00000000000 0.00000000000 0.00000000000 0.00000000000 0.00000000000 0.00000000000 0.00000000000 0.00000000000 0.00000000000 0.00000000000 0.00000000000 0.00000000000 0.00000000000 0.00000000000 0.00000000000 0.00000000000 0.00000000000
# logsel_p1_fsh[3]:
 0.00000000000 0.00000000000 0.00000000000 0.00000000000 0.00000000000 0.00000000000 0.00000000000 0.00000000000 0.00000000000 0.00000000000 0.00000000000 0.00000000000 0.00000000000 0.00000000000 0.00000000000 0.00000000000 0.00000000000 0.00000000000 0.00000000000 0.00000000000 0.00000000000 0.00000000000 0.00000000000 0.00000000000 0.00000000000 0.00000000000 0.00000000000 0.00000000000 0.00000000000 0.00000000000 0.00000000000 0.00000000000 0.00000000000 0.00000000000 0.00000000000 0.00000000000 0.00000000000 0.00000000000 0.00000000000 0.00000000000 0.00000000000 0.00000000000 0.00000000000 0.00000000000 0.00000000000 0.00000000000
# logsel_p1_fsh[4]:
 0.00000000000 0.00000000000 0.00000000000 0.00000000000 0.00000000000 0.00000000000 0.00000000000 0.00000000000 0.00000000000 0.00000000000 0.00000000000 0.00000000000 0.00000000000 0.00000000000 0.00000000000 0.00000000000 0.00000000000 0.00000000000 0.00000000000 0.00000000000 0.00000000000 0.00000000000 0.00000000000 0.00000000000 0.00000000000 0.00000000000 0.00000000000 0.00000000000 0.00000000000 0.00000000000 0.00000000000 0.00000000000 0.00000000000 0.00000000000 0.00000000000 0.00000000000 0.00000000000
# logsel_p2_fsh[1]:
 0.00000000000 0.00000000000 0.00000000000 0.00000000000 0.00000000000 0.00000000000 0.00000000000 0.00000000000 0.00000000000 0.00000000000 0.00000000000 0.00000000000 0.00000000000 0.00000000000 0.00000000000 0.00000000000 0.00000000000 0.00000000000 0.00000000000 0.00000000000 0.00000000000 0.00000000000 0.00000000000 0.00000000000 0.00000000000 0.00000000000 0.00000000000 0.00000000000 0.00000000000 0.00000000000 0.00000000000 0.00000000000 0.00000000000 0.00000000000 0.00000000000 0.00000000000 0.00000000000 0.00000000000 0.00000000000 0.00000000000 0.00000000000 0.00000000000 0.00000000000
# logsel_p2_fsh[2]:
 0.00000000000 0.00000000000 0.00000000000 0.00000000000 0.00000000000 0.00000000000 0.00000000000 0.00000000000 0.00000000000 0.00000000000 0.00000000000 0.00000000000 0.00000000000 0.00000000000 0.00000000000 0.00000000000 0.00000000000 0.00000000000 0.00000000000 0.00000000000 0.00000000000 0.00000000000 0.00000000000 0.00000000000 0.00000000000 0.00000000000 0.00000000000 0.00000000000 0.00000000000 0.00000000000 0.00000000000 0.00000000000 0.00000000000 0.00000000000 0.00000000000 0.00000000000 0.00000000000 0.00000000000 0.00000000000 0.00000000000 0.00000000000 0.00000000000 0.00000000000
# logsel_p2_fsh[3]:
 0.00000000000 0.00000000000 0.00000000000 0.00000000000 0.00000000000 0.00000000000 0.00000000000 0.00000000000 0.00000000000 0.00000000000 0.00000000000 0.00000000000 0.00000000000 0.00000000000 0.00000000000 0.00000000000 0.00000000000 0.00000000000 0.00000000000 0.00000000000 0.00000000000 0.00000000000 0.00000000000 0.00000000000 0.00000000000 0.00000000000 0.00000000000 0.00000000000 0.00000000000 0.00000000000 0.00000000000 0.00000000000 0.00000000000 0.00000000000 0.00000000000 0.00000000000 0.00000000000 0.00000000000 0.00000000000 0.00000000000 0.00000000000 0.00000000000 0.00000000000 0.00000000000 0.00000000000 0.00000000000
# logsel_p2_fsh[4]:
 0.00000000000 0.00000000000 0.00000000000 0.00000000000 0.00000000000 0.00000000000 0.00000000000 0.00000000000 0.00000000000 0.00000000000 0.00000000000 0.00000000000 0.00000000000 0.00000000000 0.00000000000 0.00000000000 0.00000000000 0.00000000000 0.00000000000 0.00000000000 0.00000000000 0.00000000000 0.00000000000 0.00000000000 0.00000000000 0.00000000000 0.00000000000 0.00000000000 0.00000000000 0.00000000000 0.00000000000 0.00000000000 0.00000000000 0.00000000000 0.00000000000 0.00000000000 0.00000000000
# logsel_p3_fsh[1]:
 0.00000000000 0.00000000000 0.00000000000 0.00000000000 0.00000000000 0.00000000000 0.00000000000 0.00000000000 0.00000000000 0.00000000000 0.00000000000 0.00000000000 0.00000000000 0.00000000000 0.00000000000 0.00000000000 0.00000000000 0.00000000000 0.00000000000 0.00000000000 0.00000000000 0.00000000000 0.00000000000 0.00000000000 0.00000000000 0.00000000000 0.00000000000 0.00000000000 0.00000000000 0.00000000000 0.00000000000 0.00000000000 0.00000000000 0.00000000000 0.00000000000 0.00000000000 0.00000000000 0.00000000000 0.00000000000 0.00000000000 0.00000000000 0.00000000000 0.00000000000
# logsel_p3_fsh[2]:
 0.00000000000 0.00000000000 0.00000000000 0.00000000000 0.00000000000 0.00000000000 0.00000000000 0.00000000000 0.00000000000 0.00000000000 0.00000000000 0.00000000000 0.00000000000 0.00000000000 0.00000000000 0.00000000000 0.00000000000 0.00000000000 0.00000000000 0.00000000000 0.00000000000 0.00000000000 0.00000000000 0.00000000000 0.00000000000 0.00000000000 0.00000000000 0.00000000000 0.00000000000 0.00000000000 0.00000000000 0.00000000000 0.00000000000 0.00000000000 0.00000000000 0.00000000000 0.00000000000 0.00000000000 0.00000000000 0.00000000000 0.00000000000 0.00000000000 0.00000000000
# logsel_p3_fsh[3]:
 0.00000000000 0.00000000000 0.00000000000 0.00000000000 0.00000000000 0.00000000000 0.00000000000 0.00000000000 0.00000000000 0.00000000000 0.00000000000 0.00000000000 0.00000000000 0.00000000000 0.00000000000 0.00000000000 0.00000000000 0.00000000000 0.00000000000 0.00000000000 0.00000000000 0.00000000000 0.00000000000 0.00000000000 0.00000000000 0.00000000000 0.00000000000 0.00000000000 0.00000000000 0.00000000000 0.00000000000 0.00000000000 0.00000000000 0.00000000000 0.00000000000 0.00000000000 0.00000000000 0.00000000000 0.00000000000 0.00000000000 0.00000000000 0.00000000000 0.00000000000 0.00000000000 0.00000000000 0.00000000000
# logsel_p3_fsh[4]:
 0.00000000000 0.00000000000 0.00000000000 0.00000000000 0.00000000000 0.00000000000 0.00000000000 0.00000000000 0.00000000000 0.00000000000 0.00000000000 0.00000000000 0.00000000000 0.00000000000 0.00000000000 0.00000000000 0.00000000000 0.00000000000 0.00000000000 0.00000000000 0.00000000000 0.00000000000 0.00000000000 0.00000000000 0.00000000000 0.00000000000 0.00000000000 0.00000000000 0.00000000000 0.00000000000 0.00000000000 0.00000000000 0.00000000000 0.00000000000 0.00000000000 0.00000000000 0.00000000000
# rec_dev_future:
 0.00000000000 0.00000000000 0.00000000000 0.00000000000 0.00000000000 0.00000000000 0.00000000000 0.00000000000 0.00000000000 0.00000000000 0.00000000000 0.00000000000 0.00000000000 0.00000000000 0.00000000000 0.00000000000 0.00000000000 0.00000000000 0.00000000000 0.00000000000
 0.00000000000 0.00000000000 0.00000000000 0.00000000000 0.00000000000 0.00000000000 0.00000000000 0.00000000000 0.00000000000 0.00000000000 0.00000000000 0.00000000000 0.00000000000 0.00000000000 0.00000000000 0.00000000000 0.00000000000 0.00000000000 0.00000000000 0.00000000000
# log_q_ind[1]:
0.757190231274
# log_q_ind[2]:
-2.07869810972
# log_q_ind[3]:
-2.69965825496
# log_q_ind[4]:
-1.29427319863
# log_q_ind[5]:
-1.03898396844
# log_q_power_ind[1]:
0.00000000000
# log_q_power_ind[2]:
0.00000000000
# log_q_power_ind[3]:
0.00000000000
# log_q_power_ind[4]:
0.00000000000
# log_q_power_ind[5]:
0.00000000000
# log_rw_q_ind[1]:
 -1.00691543474
# log_rw_q_ind[2]:
 1.24871391593
# log_rw_q_ind[5]:
 0.0160668499390
# log_selcoffs_ind[1]:
 -2.29388214792 -1.48185389445 -0.876687847587 -0.442526297666 -0.138926958108 0.100032008265 0.300634312139 0.465111690610 0.582351221627 0.644319901447
 -2.89105654894 -2.10005239733 -1.34558379415 -0.694761765735 -0.204354998857 0.141575913079 0.376195870441 0.543078674801 0.649270149919 0.694654217437
# log_selcoffs_ind[2]:
 -1.13140188568 0.0725706853080 0.0725706853080 0.0725706853080 0.0725706853080 0.0725706853080 0.0725706853080 0.0725706853080 0.0725706853080 0.0725706853080
 -1.13140188568 0.0725706853080 0.0725706853080 0.0725706853080 0.0725706853080 0.0725706853080 0.0725706853080 0.0725706853080 0.0725706853080 0.0725706853080
 -1.13140188568 0.0725706853080 0.0725706853080 0.0725706853080 0.0725706853080 0.0725706853080 0.0725706853080 0.0725706853080 0.0725706853080 0.0725706853080
# log_selcoffs_ind[3]:
 -0.202940821038 0.0202027052767 0.0202027052767 0.0202027052767 0.0202027052767 0.0202027052767 0.0202027052767 0.0202027052767 0.0202027052767 0.0202027052767
# log_selcoffs_ind[4]:
 -3.04452005677 -0.669616569639 0.101782682789 0.174353368097 0.174353368097 0.174353368097 0.174353368097 0.174353368097 0.174353368097 0.174353368097
# log_selcoffs_ind[5]:
 -3.04452005677 -0.669616569639 0.101782682789 0.174353368097 0.174353368097 0.174353368097 0.174353368097 0.174353368097 0.174353368097 0.174353368097
# logsel_slope_ind[1]:
 0.00000000000 0.00000000000
# logsel_slope_ind[2]:
 0.00000000000 0.00000000000 0.00000000000
# logsel_slope_ind[3]:
 0.00000000000
# logsel_slope_ind[4]:
 0.00000000000
# logsel_slope_ind[5]:
 0.00000000000
# sel50_ind[1]:
 0.00000000000 0.00000000000
# sel50_ind[2]:
 0.00000000000 0.00000000000 0.00000000000
# sel50_ind[3]:
 0.00000000000
# sel50_ind[4]:
 0.00000000000
# sel50_ind[5]:
 0.00000000000
# logsel_p1_ind[1]:
 0.00000000000 0.00000000000
# logsel_p1_ind[2]:
 0.00000000000 0.00000000000 0.00000000000
# logsel_p1_ind[3]:
 0.00000000000
# logsel_p1_ind[4]:
 0.00000000000
# logsel_p1_ind[5]:
 0.00000000000
# sel_p2_ind[1]:
 0.00000000000 0.00000000000
# sel_p2_ind[2]:
 0.00000000000 0.00000000000 0.00000000000
# sel_p2_ind[3]:
 0.00000000000
# sel_p2_ind[4]:
 0.00000000000
# sel_p2_ind[5]:
 0.00000000000
# logsel_p3_ind[1]:
 0.00000000000 0.00000000000
# logsel_p3_ind[2]:
 0.00000000000 0.00000000000 0.00000000000
# logsel_p3_ind[3]:
 0.00000000000
# logsel_p3_ind[4]:
 0.00000000000
# logsel_p3_ind[5]:
 0.00000000000
