# Number of parameters = 1478 Objective function value = 1074.16865634399  Maximum gradient component = 0.000257491505795092
# Mest[1]:
0.280000000000
# Mest[2]:
0.330000000000
# log_Linf[1]:
4.29810139974
# log_Linf[2]:
4.29810139974
# log_k[1]:
-1.83258146375
# log_k[2]:
-1.83258146375
# log_Lo[1]:
2.60712428251
# log_Lo[2]:
2.60712428251
# log_sdage[1]:
-2.40794560865
# log_sdage[2]:
-2.40794560865
# mean_log_rec[1]:
9.30861195838
# mean_log_rec[2]:
7.92443699073
# mean_log_rec[3]:
7.23492384144
# steepness[1]:
0.650000000000
# steepness[2]:
0.650000000000
# steepness[3]:
0.650000000000
# log_Rzero[1]:
9.27077862328
# log_Rzero[2]:
8.00105050888
# log_Rzero[3]:
7.01039101343
# rec_dev:
 -0.0594532613566 -0.0771281519994 -0.0993278629995 -0.127021209839 -0.161257816081 -0.202955579959 -0.251677367751 -0.306522105365 -0.369852016131 -0.441572446625 -0.515685518313 -0.581291986923 -0.652259330933 -0.729659850901 -0.843548329461 -0.860658467315 -0.616612812335 -0.395738279681 -0.111758548591 0.126096345780 0.170453701961 0.204804466768 0.306005916655 0.392389301225 0.915775692751 0.741615817105 0.781529517755 1.60280646539 1.50101263714 0.705066329936 0.162671851291 0.454076028309 0.681676531664 0.775733674611 0.269976250218 0.293718154461 0.0575994223104 0.216673677350 0.314636373694 0.371425644070 0.495723905940 0.599633083722 0.620284508822 0.532317010235 0.0946980495284 -0.417333246303 -0.305975209733 -0.783514143067 -1.56625967990 -0.677344857549 -0.811994995704 -1.04829728872 -0.960962705876 -0.913052157355 -0.760189520218 -0.224811286280 -0.212651882332 0.00512972404481 0.202139056523 0.726744861738 0.152999259415 -0.502751590141
 -0.000684281953616 -0.000907233512448 -0.00117487316911 -0.00148228739256 -0.00181498575768 -0.00214014408094 -0.00238749927708 -0.00266192248049 -0.00281963951610 -0.00260809718075 -0.00210934164037 0.0381974276426 0.0371856945088 0.0355852539006 0.0336245931692 0.0326160798529 0.0293075694899 0.00320771349483 0.311425436594 0.0204829260176 -0.0833510533868 -0.208934082777 0.260872973611 0.417776578881 -0.129180525969 -0.894200035322 -0.0388854877309 0.344811513426 0.727650495755 0.460120892540 0.0519270647535 -0.589158280277 -0.0826147659497 -0.0851907344952 -0.444213724055 -0.203112123161 0.434933031222 -0.128970006012 0.0396692524722 -0.190929907229 1.27610964213 0.573063508280 0.294808909617 0.258488782531 -1.17288116681 0.669842872214 0.405703853865 -0.248549661031 -1.97057325458 -1.47796640884 0.830108988884 0.107968639270 -0.651972007356 -0.778704078894 -0.907656021423 -0.483283900357 -0.613692736553 0.732853324570 1.29591597206 0.0271958299745 -0.280724714886 -0.00983132160962
# log_sigmar[1]:
-0.510825623766
# log_sigmar[2]:
-0.510825623766
# log_sigmar[3]:
-0.510825623766
# fmort:
 -4.74041167862 -4.32890105351 -5.06160946093 -4.74108876455 -3.97972303975 -3.65771960457 -3.33672290552 -3.37193642748 -2.73039598253 -2.85583557085 -3.14587372182 -2.76823985456 -2.04126166250 -2.98425933723 -2.12173116191 -2.69313751648 -5.09846729929 -3.82260293121 -4.21959328947 -4.31595970837 -4.35917136095 -4.02340749631 -3.95660412694 -3.78435085679 -4.22986748149 -3.94327627407 -3.47243737600 -4.53124868833 -5.74903020672 -5.12527633134 -4.68848259534 -4.05484699563 -4.93693494731 -4.50047240176 -4.35294498795 -3.81784452616 -3.69124370786 -3.25251982749 -2.80610336185 -3.13502278489 -2.67734152813 -4.39204551225 -5.46729060268 -5.06038271401 -5.11781428855 -4.88550482236 -5.25175277207 -4.86832462232 -6.07975285996 -6.45822585035 -5.28903998441
 -7.12417059463 -6.68480427030 -6.21208354415 -5.61486619735 -5.82812033663 -5.11682959775 -4.59896435197 -4.28763707309 -3.84659701218 -3.64713265938 -3.53035531551 -2.78971224665 -2.55177065353 -2.82295988763 -2.46051039373 -2.07937472514 -1.88540846099 -1.57446057685 -1.39207231313 -1.25619814119 -1.24125751177 -1.00401700772 -0.707014775651 -0.682041566017 -0.465266632162 -0.170221970627 -0.207272473550 -0.238862555845 -0.817036576011 -1.31234472835 -1.72501797836 -1.59883483946 -1.56624083675 -1.66749647617 -1.65741356226 -1.61554292559 -1.51547454517 -1.32971933717 -1.49139771897 -1.18932326444 -1.75472227002 -2.10617209400 -2.37745642743 -2.55373606218 -2.63079711825 -2.50271102881 -2.44878373451 -2.38609791238 -2.30242251666 -2.46357150046 -2.58384025448
 -7.19218395923 -6.52196510883 -5.64459842548 -4.86898312770 -3.70124377209 -4.87677050151 -4.60245149788 -2.01460917601 -1.96071724046 -2.18472055619 -1.98387873197 -1.62508859318 -2.74968133295 -3.32098464538 -3.28415104386 -3.88257389960 -4.32622433797 -4.13758893423 -2.91275158151 -3.01713000992 -2.94348840931 -3.24505719126 -3.60314508246 -3.19160590388 -2.78162657685 -1.39723706965 -0.850965490092 -0.324527994988 -0.0465374915639 -1.33774602713 -1.56989036985 -0.508800123437 -2.43954257299 -2.27363029358 -2.27149064944 -2.82170935600 -1.95844020973 -2.01709623792 -2.00710253306 -1.94100155302 -3.30519091506 -1.81314905410 -2.32301602015 -2.79860259004 -2.56142132932 -3.62517792470 -4.26911648425 -5.12599700342 -4.02106282167 -3.75039138167 -3.56569322107
 -9.61564422957 -9.57791242397 -7.82821458675 -9.48345464775 -9.42434511534 -9.35280861113 -9.22818940271 -8.35203903535 -5.12019528167 -2.97396086783 -2.87613086952 -2.44648001832 -1.67334089169 -1.18077254960 -0.769366196896 -0.959438939795 -1.09972787864 -1.38890331447 -1.71967509778 -2.03986390648 -2.33964360447 -2.96509710430 -5.53333973225 -9.02480274132 -8.82419574677 -8.51714219015 -8.17145069229 -7.86556414674 -7.74711168828 -7.83664818037 -7.27316153794 -5.37697168035 -4.26647663372 -3.72625581054 -3.15817982252 -3.33962958794 -2.89137529092 -2.50960416416 -2.31255950051 -2.04238187067 -2.16181977296 -3.39508748524 -3.82301837779 -3.84716063539 -3.49038886185 -3.36820339477 -3.88326142314 -4.00483837159 -4.07366936573 -4.29582301531 -6.82695448018
# log_selcoffs_fsh[1]:
 -3.61048069377 -1.96796174460 -0.979921892357 -0.0305842632920 0.806853315284 0.969801489414 0.375734350222 -0.337486191183 -0.820726136891
 -3.20100442823 -1.54500016941 -0.844113017156 -0.0929709392279 0.676881127442 0.902795718637 0.457518105704 -0.167833546327 -0.607068190133
 -2.88718322584 -1.44831836811 -0.634012435338 0.131169761612 0.662642412234 0.740244074206 0.390880677791 -0.105006845489 -0.472049927955
 -2.49499302462 -1.23647707945 -0.625662601991 -0.0130912859979 0.710324943355 0.739822789507 0.342164810340 -0.106511853487 -0.403431902805
 -1.85125866452 -0.349911985550 -0.0813491536344 0.132743393011 0.379233797874 0.462749917438 0.264926755076 -0.0394178447595 -0.274309458513
 -1.73590727524 -0.536139224856 0.404312246326 0.594387457464 0.256191230425 0.111777154127 -0.0172308401661 -0.193684159704 -0.340426632092
 -1.46058973356 -0.394232427421 0.496299973189 0.698163188455 0.266834664477 -0.0480479524487 -0.216492380436 -0.333019585357 -0.415505450318
 -1.06900070530 -0.217945735844 0.554577895520 0.756834267935 0.189602014273 -0.175448609146 -0.370172946343 -0.458886517606 -0.495436298525
 -0.791164549551 0.217155086709 0.459708204778 0.578819856589 0.286260273168 -0.187507606643 -0.458336738450 -0.552611267622 -0.564997721232
 -0.547799610239 0.370114385675 0.560172210191 0.562071873289 0.138175471862 -0.319806966177 -0.585680186025 -0.659648487788 -0.653205009704
 -0.0237873817646 0.915586454680 0.446711431716 0.154955626710 -0.230896483257 -0.545538409309 -0.725637548695 -0.769082146521 -0.747198269797
 0.198039613510 0.868826464078 0.611834529266 0.116663151135 -0.431671315939 -0.712605810661 -0.839488696742 -0.862730116128 -0.831033303486
 -0.0207222794406 1.14632611328 0.641310177826 -0.107946074714 -0.660128611844 -0.895202062669 -0.970567485686 -0.968342538419 -0.933017944039
 0.230033294673 1.18522356966 0.575691348916 -0.209316820778 -0.794136026210 -1.01137792361 -1.06309920010 -1.04245935765 -1.00298495741
 0.258692583412 1.23551593774 0.556211160172 -0.269716214697 -0.859654815462 -1.08427723073 -1.13529282523 -1.10883833049 -1.06641934061
 -0.145466472246 1.32055723622 0.662561797529 -0.235533663096 -0.897354807431 -1.14188424458 -1.20037260807 -1.17426647860 -1.13017201727
 -0.0490999062654 1.35769833371 0.596641332707 -0.279559257649 -0.932782189684 -1.18417215990 -1.24732168170 -1.22381244666 -1.17858076765
 0.498147898623 1.15643611527 0.637188852667 -0.295922059711 -0.964829399941 -1.21522094149 -1.27881123820 -1.25385367640 -1.20638032427
 0.802486228813 1.14246603132 0.404305698624 -0.402541152745 -1.02140573164 -1.26664525853 -1.32791167557 -1.29795706840 -1.24630028856
 0.540647108861 1.24334989195 0.555913649166 -0.396087536757 -1.07584691537 -1.32660028607 -1.37939288782 -1.33740836655 -1.27816041705
 0.626946103190 1.32205868342 0.385563126932 -0.529838517522 -1.16499935940 -1.39770234566 -1.43770710652 -1.38011497522 -1.31033999120
 0.635899705338 1.31089393292 0.480120397429 -0.610676750731 -1.26727232042 -1.47435036049 -1.49205143893 -1.41460532098 -1.33150173933
 0.819325248074 1.26462695135 0.375139192019 -0.635231958909 -1.30640682923 -1.52071951075 -1.53155537776 -1.43838825869 -1.34170745523
 0.517680893760 1.42799695304 0.364698210957 -0.654921046700 -1.30941456569 -1.53375108947 -1.55110429736 -1.45305077587 -1.34555081544
 0.653714424613 1.34248710557 0.373849670594 -0.578744452449 -1.23912115933 -1.49480497724 -1.53110823245 -1.43578572472 -1.32162525721
 0.721763757961 1.20961997300 0.459518069925 -0.389191767547 -1.13165652833 -1.41886184900 -1.46454948975 -1.37925472368 -1.26805443483
 0.346632436855 1.27344924319 0.559980614410 -0.244098409221 -1.00730713027 -1.29644049903 -1.34890167668 -1.28332342623 -1.19351617507
 0.355037928925 1.28045803347 0.475312837275 -0.331096209886 -0.930427136035 -1.16544793678 -1.20750246809 -1.16347963673 -1.10468306468
 1.10561404562 0.837976572117 0.157712990604 -0.472892064983 -0.878376524872 -1.02220770515 -1.04332013307 -1.00663001647 -0.967003171759
 0.708792977686 1.09104917860 0.200553948113 -0.506188736424 -0.807605621691 -0.868105891570 -0.862082856568 -0.834568295108 -0.811515885049
 0.508614688240 1.09659702423 0.109186067123 -0.459617343623 -0.650376491218 -0.679162822510 -0.658728150534 -0.646086989689 -0.643088196135
 0.464880256122 0.811718301071 0.120441525823 -0.295233005101 -0.408878837391 -0.417012321472 -0.409586848634 -0.422391330445 -0.444351134732
 -0.304603795809 0.559588606593 0.236009863966 -0.0194506439268 -0.0645608906869 -0.114599075728 -0.144729280003 -0.212965308119 -0.270412590469
 -0.636163017220 -0.0343212601344 -0.0590468524508 0.115828781153 0.249782477097 0.162043545631 0.143660992231 -0.0371972778162 -0.149292802090
 -0.110153503547 0.297506530582 -0.241030164684 -0.262605152090 -0.0267089333631 0.0930935315214 0.114628988468 0.0416365198326 -0.0327702204893
 0.526371054716 -0.385973778678 -0.563691531450 -0.337587275704 -0.0563844619803 0.105377382119 0.143845322146 0.0952265825177 0.0333577523369
 -0.362676935982 -0.600320119375 -0.508420564999 -0.0855426488976 0.212366894157 0.262794758696 0.283588528082 0.211434009845 0.127159321043
 -0.825654190854 -0.433807556084 -0.358331918734 0.0760214157038 0.293237624107 0.285163592183 0.188931208344 0.138874739611 0.103015814902
# log_selcoffs_fsh[2]:
 -2.12907518166 -0.186943408090 0.558936602533 0.835947823155 0.566650163067 0.0331719028800 -0.362956275763 -0.597215563742 -0.706707825063 -0.775563247191
 -2.11756568935 -0.204323989116 -0.181416511436 0.351363406394 0.736506173153 0.555321139099 0.0589024087621 -0.334327578338 -0.491653770103 -0.527369917587
 -2.64331156432 -0.856236752044 -0.367204781126 0.178151754895 0.686221050457 0.690697992912 0.250115770358 -0.147100644326 -0.292054581476 -0.299713613974
 -3.03331304328 -1.48370211878 -0.627620782590 -0.0797985682487 0.571123869242 0.763211766028 0.349069546680 0.0244509516827 -0.0601280282212 -0.0321819489414
 -2.60793530864 -1.09304236235 -1.05013214985 -0.561184657907 0.244272285497 0.648059679226 0.427305670382 0.248337344850 0.253211235454 0.321362627144
 -2.18175769016 -1.09604107399 -0.917212982487 -0.844875327409 -0.347420517060 0.119438827548 0.337612448606 0.461318872734 0.607316135678 0.726142066554
 -2.84756681750 -1.59417293588 -0.758064631931 -0.640169430438 -0.547306451846 -0.224946322544 0.148920745037 0.484435044653 0.746456197817 0.905330227948
 -3.42024203886 -2.41100831915 -1.62059681326 -0.932228480298 -0.380855961192 -0.00289725745629 0.288750499678 0.488092147605 0.754023542374 0.922762915119
 -3.70859545422 -2.68718378620 -2.04809099731 -1.35274794213 -0.550930385178 -0.00110525629994 0.400136962068 0.658479035449 0.795859446089 0.834808007415
 -3.79165572712 -2.58640645303 -1.88669192244 -1.39501073283 -0.922380482507 -0.284861972000 0.289179565089 0.811188083500 0.956486188738 0.772241113009
 -3.62116014709 -2.14457315739 -1.43187242990 -1.00739111172 -0.662464149867 -0.401232597745 0.0981444866767 0.700696457305 0.958228812777 0.850865303089
 -3.52430184779 -2.05071056904 -1.25320907098 -0.838953844665 -0.494549302410 -0.175873945785 0.335163706425 0.679180009669 0.786807778051 0.746101235618
 -3.16501583650 -1.36856372749 -0.788234235212 -0.463405371901 -0.231946556699 -0.152984313871 0.222795507702 0.519919505355 0.678573125196 0.725555132865
 -2.73497753923 -0.954703316670 -0.417322892344 -0.260842941280 -0.194226258683 -0.0827871941203 0.166467228366 0.408176294605 0.575421593530 0.649128725242
 -2.33316474672 -0.355957840694 -0.122844349038 -0.270207697718 -0.371445803913 -0.240082781854 0.0754730779973 0.341453000100 0.538927640025 0.630758799329
 -1.97197917683 -0.00687903296648 -0.140931865206 -0.323111337343 -0.469474681191 -0.333035950891 -0.0208604314464 0.274353001580 0.521344897025 0.669792232722
 -1.50819798256 0.00548849783098 -0.0869861680065 -0.263494176567 -0.453453361547 -0.418547872208 -0.131386147348 0.196562277869 0.504928414162 0.714785064066
 -1.71991127011 0.0607592895271 0.184028042699 -0.0678628788261 -0.369301346078 -0.390851403573 -0.162009803110 0.145514007791 0.398754211148 0.563667524639
 -1.96824585623 -0.153091267853 0.197787505977 0.0210613390905 -0.265044520855 -0.291943491667 -0.0781192750377 0.188945147250 0.392568821587 0.491439606802
 -2.05769661878 -0.454187177420 -0.0928996138389 0.0151377496438 -0.159343325048 -0.185663351470 0.0229406345944 0.285216973214 0.457070609980 0.527563029195
 -2.12788383971 -0.560883424987 -0.0987339983930 0.0716269369000 -0.113954208352 -0.198051226419 -0.00316115012227 0.277039204140 0.463275726788 0.537667074647
 -2.29326347309 -0.673482886255 -0.119420758700 0.133415604958 -0.0143491711535 -0.107155988394 0.0458345772842 0.258162117415 0.411167894744 0.485389439666
 -2.52683750844 -1.12590553156 -0.260831289934 0.227903620529 0.179690128594 0.0338286878188 0.120198027759 0.265235894895 0.355920862435 0.391466192142
 -2.66347578330 -1.41594926750 -0.572728738103 0.0102385603440 0.282553289043 0.199332040471 0.303772720810 0.387600418890 0.358617353475 0.267331328973
 -2.75634326448 -1.23626274249 -0.519567472125 -0.206076946832 0.130458204692 0.278377601823 0.378624827466 0.482254690877 0.376170713575 0.215459785203
 -2.90098077816 -1.60386851799 -0.748801318901 0.0341722839331 0.368810256762 0.385063799424 0.341504786059 0.375493999994 0.285882943699 0.119369386241
 -3.05251447585 -1.41389373131 -0.714650892611 0.187939519060 0.501218035972 0.533057755048 0.413214101187 0.250450546663 0.0159332044151 -0.166949118334
 -3.21767799997 -1.03776759833 -0.511946238232 0.151798363673 0.440478910337 0.428977880631 0.651450837472 0.319795395518 -0.188989291566 -0.461476061294
 -3.37359129181 -1.67281814474 -0.723181127263 0.267159248274 0.624880448651 0.564313351787 0.661203879513 0.149555379475 -0.327551188869 -0.614018440942
 -3.49330613290 -1.63952095172 -0.270680775513 0.443656941003 0.848414225550 0.531669745829 0.246643022941 -0.103910489547 -0.398680300962 -0.572122199844
 -3.36290906085 -1.23010604598 -0.000663705702283 0.605819492345 0.569773138987 0.285357918666 0.164218341240 -0.00140281492637 -0.178360133621 -0.315808286767
 -3.29928160549 -1.36502399717 -0.359283906615 0.173535472604 0.498201635785 0.433240695826 0.235932260007 0.218828548896 0.124908512780 -0.0117901185617
 -2.80578724879 -0.834047261989 -0.594519967803 -0.296956711952 0.107943077081 0.310001090648 0.313454529656 0.377047102362 0.420067343484 0.325525378261
 -3.28414566015 -1.24596252776 -0.592694932836 -0.110647553069 0.151248389634 0.284393134268 0.333275237442 0.394231743850 0.384478612081 0.327077627269
 -3.49138845938 -1.57131941493 -0.925958122374 -0.471917808087 0.0792034181460 0.317970388359 0.430047984312 0.505834112923 0.486856542621 0.379915776777
 -3.81790986706 -1.90787525849 -0.966282533548 -0.503345589976 -0.124148145947 0.183436717432 0.409977474991 0.564497363650 0.583711375948 0.531813683099
 -3.96650799203 -2.44666737712 -1.30381024169 -0.526660177002 0.0684528882639 0.253068442235 0.510028760427 0.609814490448 0.509362893271 0.408080481567
 -3.91940810712 -2.46606545110 -1.81579416034 -0.867607051852 -0.0487889085900 0.398986351893 0.566803640506 0.704662380425 0.518985509780 0.339154230918
# log_selcoffs_fsh[3]:
 -3.92104889488 -1.46376877883 0.677189019130 1.33337409676 -0.171025473433 -2.16570084429 -3.53399905063
 -4.00332945946 -0.529244037333 1.11195694440 0.982324085574 -0.589525002725 -2.32338341564 -3.53342594432
# log_selcoffs_fsh[4]:
 -3.30543455588 -2.78965708966 -2.24215934339 -1.62998753189 -0.947461442310 -0.233291973538 0.426672386375 0.932764594710 1.20788241846
 -3.29455769791 -2.78526728124 -2.24408338127 -1.63646440726 -0.955233637629 -0.239232704619 0.425025093996 0.934268012781 1.21002810771
 -3.27337140371 -2.77666248862 -2.24866871114 -1.64896566753 -0.968397404863 -0.246874614607 0.425055465688 0.936680533951 1.21193639072
 -3.24159426520 -2.75909283801 -2.25232889763 -1.67307084726 -0.991491721636 -0.254928582809 0.428020172167 0.942074990896 1.21170726558
 -3.19490205411 -2.72430285306 -2.23855514581 -1.68548954845 -1.02610413222 -0.274987644837 0.434536569514 0.950431040393 1.20968178489
 -3.13154664562 -2.65969944690 -2.20070985709 -1.68129711015 -1.02510999192 -0.276070561710 0.442189630602 0.956465020512 1.19797965586
 -3.05819544736 -2.58128055936 -2.09742632978 -1.61470642840 -0.998476417163 -0.242394673843 0.472736148877 0.957443693301 1.16097221561
 -2.96758567839 -2.49172271958 -2.00186729121 -1.47949893625 -0.903101009491 -0.206396025986 0.476134282778 0.942975805967 1.13356081207
 -2.84046110977 -2.36415166371 -1.88856144626 -1.37097481161 -0.777056839630 -0.132302984713 0.485671261463 0.910934318772 1.09683759374
 -2.69269926529 -2.18402390262 -1.68424563875 -1.21764730277 -0.689765881650 -0.0863780679855 0.474160923940 0.878284743765 1.06671914640
 -2.54579741772 -2.00038392866 -1.45664584113 -0.957216177334 -0.544871821949 -0.0809649394882 0.428374205910 0.830230893969 1.04330348170
 -2.41260158577 -1.85512256622 -1.28918316394 -0.748263115273 -0.314926723669 -0.0120530528391 0.364108196399 0.754348447577 1.00136085505
 -2.30084374411 -1.74053832386 -1.18787667362 -0.657142831442 -0.203596745386 0.116077434108 0.378978968791 0.686038741566 0.922551757742
 -2.19480937176 -1.63512119372 -1.09020069328 -0.587743953053 -0.166884364984 0.154744175254 0.419781079669 0.667113129541 0.840736750076
 -2.08922400290 -1.52997077080 -0.992914335935 -0.511038535874 -0.113668835216 0.193409771511 0.436986366467 0.636490857356 0.763373266196
 -1.98741800086 -1.42640022061 -0.894661961919 -0.430451773736 -0.0548535374232 0.228748417036 0.441518414058 0.597811636618 0.686608988885
 -1.88892491480 -1.32157517682 -0.791775933491 -0.345602183468 0.00226553643886 0.255316982130 0.436366171345 0.555688968332 0.608602741802
 -1.79654736475 -1.20406820681 -0.665440113808 -0.231569177493 0.0830764093459 0.280554410427 0.409283120609 0.485209883047 0.522406623351
 -1.72467493981 -1.09965401315 -0.525449394820 -0.129581939772 0.149757717508 0.317542899903 0.378405678807 0.411941029888 0.414774395595
 -1.68346742294 -1.03235645787 -0.416175434806 0.0295686111525 0.212450083339 0.321938873245 0.352980908801 0.323043909592 0.298173159345
 -1.65229031363 -0.989162962875 -0.406539110667 0.0739154037686 0.318786236683 0.327740075306 0.309408434829 0.267963064659 0.231613023795
 -1.64235861163 -0.975399007818 -0.398119744480 0.000417354198411 0.304390082435 0.372451828678 0.341385519615 0.274038160888 0.205540850347
 -1.64954225508 -1.04013635707 -0.478458168261 -0.0624073681175 0.200768502135 0.350137572561 0.381518004569 0.351680747228 0.313095486861
 -1.69341679252 -1.14164774509 -0.634786214759 -0.206750095636 0.112606070446 0.321133424224 0.418846212482 0.449360105994 0.449896369626
 -1.73705594438 -1.22941500475 -0.750192786636 -0.324589638679 0.0348917706784 0.290332395816 0.431801945105 0.515939897649 0.558916814158
 -1.78825758079 -1.32362511787 -0.888869870189 -0.453446809622 -0.0603110119466 0.241938916550 0.446018495849 0.582342717599 0.669125880223
 -1.83656578958 -1.38893849602 -1.04665025370 -0.605152603552 -0.142222373275 0.190286819061 0.436503832272 0.641283138943 0.775171528942
 -1.85479542699 -1.54086376495 -1.17800768158 -0.642238761785 -0.221621414323 0.0291266977383 0.334306118685 0.678058044442 0.954557755158
 -1.26041996597 -1.43896346683 -1.26950213450 -0.938922952418 -0.510168173253 -0.111598250288 0.293042852261 0.723102846429 1.06854998524
 -1.60581238372 -1.38308278716 -1.33132134851 -1.05485301739 -0.618617445293 -0.156080996304 0.289958132082 0.752174127933 1.12620796699
 -1.37270080129 -1.19828280133 -1.28412326636 -1.20504688173 -0.886049630917 -0.407510274924 0.192139341349 0.776697181366 1.22512484251
 -1.10588593603 -0.725743370907 -1.08031066197 -1.25448753332 -1.02417758364 -0.531817446782 0.0883470135846 0.740399865786 1.23099551146
# log_sel_spl_fsh[1]:
 0.00000000000 0.00000000000 0.00000000000 0.00000000000
 0.00000000000 0.00000000000 0.00000000000 0.00000000000
 0.00000000000 0.00000000000 0.00000000000 0.00000000000
 0.00000000000 0.00000000000 0.00000000000 0.00000000000
 0.00000000000 0.00000000000 0.00000000000 0.00000000000
 0.00000000000 0.00000000000 0.00000000000 0.00000000000
 0.00000000000 0.00000000000 0.00000000000 0.00000000000
 0.00000000000 0.00000000000 0.00000000000 0.00000000000
 0.00000000000 0.00000000000 0.00000000000 0.00000000000
 0.00000000000 0.00000000000 0.00000000000 0.00000000000
 0.00000000000 0.00000000000 0.00000000000 0.00000000000
 0.00000000000 0.00000000000 0.00000000000 0.00000000000
 0.00000000000 0.00000000000 0.00000000000 0.00000000000
 0.00000000000 0.00000000000 0.00000000000 0.00000000000
 0.00000000000 0.00000000000 0.00000000000 0.00000000000
 0.00000000000 0.00000000000 0.00000000000 0.00000000000
 0.00000000000 0.00000000000 0.00000000000 0.00000000000
 0.00000000000 0.00000000000 0.00000000000 0.00000000000
 0.00000000000 0.00000000000 0.00000000000 0.00000000000
 0.00000000000 0.00000000000 0.00000000000 0.00000000000
 0.00000000000 0.00000000000 0.00000000000 0.00000000000
 0.00000000000 0.00000000000 0.00000000000 0.00000000000
 0.00000000000 0.00000000000 0.00000000000 0.00000000000
 0.00000000000 0.00000000000 0.00000000000 0.00000000000
 0.00000000000 0.00000000000 0.00000000000 0.00000000000
 0.00000000000 0.00000000000 0.00000000000 0.00000000000
 0.00000000000 0.00000000000 0.00000000000 0.00000000000
 0.00000000000 0.00000000000 0.00000000000 0.00000000000
 0.00000000000 0.00000000000 0.00000000000 0.00000000000
 0.00000000000 0.00000000000 0.00000000000 0.00000000000
 0.00000000000 0.00000000000 0.00000000000 0.00000000000
 0.00000000000 0.00000000000 0.00000000000 0.00000000000
 0.00000000000 0.00000000000 0.00000000000 0.00000000000
 0.00000000000 0.00000000000 0.00000000000 0.00000000000
 0.00000000000 0.00000000000 0.00000000000 0.00000000000
 0.00000000000 0.00000000000 0.00000000000 0.00000000000
 0.00000000000 0.00000000000 0.00000000000 0.00000000000
 0.00000000000 0.00000000000 0.00000000000 0.00000000000
# log_sel_spl_fsh[2]:
 0.00000000000 0.00000000000 0.00000000000 0.00000000000
 0.00000000000 0.00000000000 0.00000000000 0.00000000000
 0.00000000000 0.00000000000 0.00000000000 0.00000000000
 0.00000000000 0.00000000000 0.00000000000 0.00000000000
 0.00000000000 0.00000000000 0.00000000000 0.00000000000
 0.00000000000 0.00000000000 0.00000000000 0.00000000000
 0.00000000000 0.00000000000 0.00000000000 0.00000000000
 0.00000000000 0.00000000000 0.00000000000 0.00000000000
 0.00000000000 0.00000000000 0.00000000000 0.00000000000
 0.00000000000 0.00000000000 0.00000000000 0.00000000000
 0.00000000000 0.00000000000 0.00000000000 0.00000000000
 0.00000000000 0.00000000000 0.00000000000 0.00000000000
 0.00000000000 0.00000000000 0.00000000000 0.00000000000
 0.00000000000 0.00000000000 0.00000000000 0.00000000000
 0.00000000000 0.00000000000 0.00000000000 0.00000000000
 0.00000000000 0.00000000000 0.00000000000 0.00000000000
 0.00000000000 0.00000000000 0.00000000000 0.00000000000
 0.00000000000 0.00000000000 0.00000000000 0.00000000000
 0.00000000000 0.00000000000 0.00000000000 0.00000000000
 0.00000000000 0.00000000000 0.00000000000 0.00000000000
 0.00000000000 0.00000000000 0.00000000000 0.00000000000
 0.00000000000 0.00000000000 0.00000000000 0.00000000000
 0.00000000000 0.00000000000 0.00000000000 0.00000000000
 0.00000000000 0.00000000000 0.00000000000 0.00000000000
 0.00000000000 0.00000000000 0.00000000000 0.00000000000
 0.00000000000 0.00000000000 0.00000000000 0.00000000000
 0.00000000000 0.00000000000 0.00000000000 0.00000000000
 0.00000000000 0.00000000000 0.00000000000 0.00000000000
 0.00000000000 0.00000000000 0.00000000000 0.00000000000
 0.00000000000 0.00000000000 0.00000000000 0.00000000000
 0.00000000000 0.00000000000 0.00000000000 0.00000000000
 0.00000000000 0.00000000000 0.00000000000 0.00000000000
 0.00000000000 0.00000000000 0.00000000000 0.00000000000
 0.00000000000 0.00000000000 0.00000000000 0.00000000000
 0.00000000000 0.00000000000 0.00000000000 0.00000000000
 0.00000000000 0.00000000000 0.00000000000 0.00000000000
 0.00000000000 0.00000000000 0.00000000000 0.00000000000
 0.00000000000 0.00000000000 0.00000000000 0.00000000000
# log_sel_spl_fsh[3]:
 0.00000000000 0.00000000000 0.00000000000 0.00000000000
 0.00000000000 0.00000000000 0.00000000000 0.00000000000
# log_sel_spl_fsh[4]:
 0.00000000000 0.00000000000 0.00000000000 0.00000000000
 0.00000000000 0.00000000000 0.00000000000 0.00000000000
 0.00000000000 0.00000000000 0.00000000000 0.00000000000
 0.00000000000 0.00000000000 0.00000000000 0.00000000000
 0.00000000000 0.00000000000 0.00000000000 0.00000000000
 0.00000000000 0.00000000000 0.00000000000 0.00000000000
 0.00000000000 0.00000000000 0.00000000000 0.00000000000
 0.00000000000 0.00000000000 0.00000000000 0.00000000000
 0.00000000000 0.00000000000 0.00000000000 0.00000000000
 0.00000000000 0.00000000000 0.00000000000 0.00000000000
 0.00000000000 0.00000000000 0.00000000000 0.00000000000
 0.00000000000 0.00000000000 0.00000000000 0.00000000000
 0.00000000000 0.00000000000 0.00000000000 0.00000000000
 0.00000000000 0.00000000000 0.00000000000 0.00000000000
 0.00000000000 0.00000000000 0.00000000000 0.00000000000
 0.00000000000 0.00000000000 0.00000000000 0.00000000000
 0.00000000000 0.00000000000 0.00000000000 0.00000000000
 0.00000000000 0.00000000000 0.00000000000 0.00000000000
 0.00000000000 0.00000000000 0.00000000000 0.00000000000
 0.00000000000 0.00000000000 0.00000000000 0.00000000000
 0.00000000000 0.00000000000 0.00000000000 0.00000000000
 0.00000000000 0.00000000000 0.00000000000 0.00000000000
 0.00000000000 0.00000000000 0.00000000000 0.00000000000
 0.00000000000 0.00000000000 0.00000000000 0.00000000000
 0.00000000000 0.00000000000 0.00000000000 0.00000000000
 0.00000000000 0.00000000000 0.00000000000 0.00000000000
 0.00000000000 0.00000000000 0.00000000000 0.00000000000
 0.00000000000 0.00000000000 0.00000000000 0.00000000000
 0.00000000000 0.00000000000 0.00000000000 0.00000000000
 0.00000000000 0.00000000000 0.00000000000 0.00000000000
 0.00000000000 0.00000000000 0.00000000000 0.00000000000
 0.00000000000 0.00000000000 0.00000000000 0.00000000000
# logsel_slope_fsh[1]:
 0.00000000000 0.00000000000 0.00000000000 0.00000000000 0.00000000000 0.00000000000 0.00000000000 0.00000000000 0.00000000000 0.00000000000 0.00000000000 0.00000000000 0.00000000000 0.00000000000 0.00000000000 0.00000000000 0.00000000000 0.00000000000 0.00000000000 0.00000000000 0.00000000000 0.00000000000 0.00000000000 0.00000000000 0.00000000000 0.00000000000 0.00000000000 0.00000000000 0.00000000000 0.00000000000 0.00000000000 0.00000000000 0.00000000000 0.00000000000 0.00000000000 0.00000000000 0.00000000000 0.00000000000
# logsel_slope_fsh[2]:
 0.00000000000 0.00000000000 0.00000000000 0.00000000000 0.00000000000 0.00000000000 0.00000000000 0.00000000000 0.00000000000 0.00000000000 0.00000000000 0.00000000000 0.00000000000 0.00000000000 0.00000000000 0.00000000000 0.00000000000 0.00000000000 0.00000000000 0.00000000000 0.00000000000 0.00000000000 0.00000000000 0.00000000000 0.00000000000 0.00000000000 0.00000000000 0.00000000000 0.00000000000 0.00000000000 0.00000000000 0.00000000000 0.00000000000 0.00000000000 0.00000000000 0.00000000000 0.00000000000 0.00000000000
# logsel_slope_fsh[3]:
 0.00000000000 0.00000000000
# logsel_slope_fsh[4]:
 0.00000000000 0.00000000000 0.00000000000 0.00000000000 0.00000000000 0.00000000000 0.00000000000 0.00000000000 0.00000000000 0.00000000000 0.00000000000 0.00000000000 0.00000000000 0.00000000000 0.00000000000 0.00000000000 0.00000000000 0.00000000000 0.00000000000 0.00000000000 0.00000000000 0.00000000000 0.00000000000 0.00000000000 0.00000000000 0.00000000000 0.00000000000 0.00000000000 0.00000000000 0.00000000000 0.00000000000 0.00000000000
# sel50_fsh[1]:
 0.00000000000 0.00000000000 0.00000000000 0.00000000000 0.00000000000 0.00000000000 0.00000000000 0.00000000000 0.00000000000 0.00000000000 0.00000000000 0.00000000000 0.00000000000 0.00000000000 0.00000000000 0.00000000000 0.00000000000 0.00000000000 0.00000000000 0.00000000000 0.00000000000 0.00000000000 0.00000000000 0.00000000000 0.00000000000 0.00000000000 0.00000000000 0.00000000000 0.00000000000 0.00000000000 0.00000000000 0.00000000000 0.00000000000 0.00000000000 0.00000000000 0.00000000000 0.00000000000 0.00000000000
# sel50_fsh[2]:
 0.00000000000 0.00000000000 0.00000000000 0.00000000000 0.00000000000 0.00000000000 0.00000000000 0.00000000000 0.00000000000 0.00000000000 0.00000000000 0.00000000000 0.00000000000 0.00000000000 0.00000000000 0.00000000000 0.00000000000 0.00000000000 0.00000000000 0.00000000000 0.00000000000 0.00000000000 0.00000000000 0.00000000000 0.00000000000 0.00000000000 0.00000000000 0.00000000000 0.00000000000 0.00000000000 0.00000000000 0.00000000000 0.00000000000 0.00000000000 0.00000000000 0.00000000000 0.00000000000 0.00000000000
# sel50_fsh[3]:
 0.00000000000 0.00000000000
# sel50_fsh[4]:
 0.00000000000 0.00000000000 0.00000000000 0.00000000000 0.00000000000 0.00000000000 0.00000000000 0.00000000000 0.00000000000 0.00000000000 0.00000000000 0.00000000000 0.00000000000 0.00000000000 0.00000000000 0.00000000000 0.00000000000 0.00000000000 0.00000000000 0.00000000000 0.00000000000 0.00000000000 0.00000000000 0.00000000000 0.00000000000 0.00000000000 0.00000000000 0.00000000000 0.00000000000 0.00000000000 0.00000000000 0.00000000000
# logsel_p1_fsh[1]:
 0.00000000000 0.00000000000 0.00000000000 0.00000000000 0.00000000000 0.00000000000 0.00000000000 0.00000000000 0.00000000000 0.00000000000 0.00000000000 0.00000000000 0.00000000000 0.00000000000 0.00000000000 0.00000000000 0.00000000000 0.00000000000 0.00000000000 0.00000000000 0.00000000000 0.00000000000 0.00000000000 0.00000000000 0.00000000000 0.00000000000 0.00000000000 0.00000000000 0.00000000000 0.00000000000 0.00000000000 0.00000000000 0.00000000000 0.00000000000 0.00000000000 0.00000000000 0.00000000000 0.00000000000
# logsel_p1_fsh[2]:
 0.00000000000 0.00000000000 0.00000000000 0.00000000000 0.00000000000 0.00000000000 0.00000000000 0.00000000000 0.00000000000 0.00000000000 0.00000000000 0.00000000000 0.00000000000 0.00000000000 0.00000000000 0.00000000000 0.00000000000 0.00000000000 0.00000000000 0.00000000000 0.00000000000 0.00000000000 0.00000000000 0.00000000000 0.00000000000 0.00000000000 0.00000000000 0.00000000000 0.00000000000 0.00000000000 0.00000000000 0.00000000000 0.00000000000 0.00000000000 0.00000000000 0.00000000000 0.00000000000 0.00000000000
# logsel_p1_fsh[3]:
 0.00000000000 0.00000000000
# logsel_p1_fsh[4]:
 0.00000000000 0.00000000000 0.00000000000 0.00000000000 0.00000000000 0.00000000000 0.00000000000 0.00000000000 0.00000000000 0.00000000000 0.00000000000 0.00000000000 0.00000000000 0.00000000000 0.00000000000 0.00000000000 0.00000000000 0.00000000000 0.00000000000 0.00000000000 0.00000000000 0.00000000000 0.00000000000 0.00000000000 0.00000000000 0.00000000000 0.00000000000 0.00000000000 0.00000000000 0.00000000000 0.00000000000 0.00000000000
# logsel_p2_fsh[1]:
 0.00000000000 0.00000000000 0.00000000000 0.00000000000 0.00000000000 0.00000000000 0.00000000000 0.00000000000 0.00000000000 0.00000000000 0.00000000000 0.00000000000 0.00000000000 0.00000000000 0.00000000000 0.00000000000 0.00000000000 0.00000000000 0.00000000000 0.00000000000 0.00000000000 0.00000000000 0.00000000000 0.00000000000 0.00000000000 0.00000000000 0.00000000000 0.00000000000 0.00000000000 0.00000000000 0.00000000000 0.00000000000 0.00000000000 0.00000000000 0.00000000000 0.00000000000 0.00000000000 0.00000000000
# logsel_p2_fsh[2]:
 0.00000000000 0.00000000000 0.00000000000 0.00000000000 0.00000000000 0.00000000000 0.00000000000 0.00000000000 0.00000000000 0.00000000000 0.00000000000 0.00000000000 0.00000000000 0.00000000000 0.00000000000 0.00000000000 0.00000000000 0.00000000000 0.00000000000 0.00000000000 0.00000000000 0.00000000000 0.00000000000 0.00000000000 0.00000000000 0.00000000000 0.00000000000 0.00000000000 0.00000000000 0.00000000000 0.00000000000 0.00000000000 0.00000000000 0.00000000000 0.00000000000 0.00000000000 0.00000000000 0.00000000000
# logsel_p2_fsh[3]:
 0.00000000000 0.00000000000
# logsel_p2_fsh[4]:
 0.00000000000 0.00000000000 0.00000000000 0.00000000000 0.00000000000 0.00000000000 0.00000000000 0.00000000000 0.00000000000 0.00000000000 0.00000000000 0.00000000000 0.00000000000 0.00000000000 0.00000000000 0.00000000000 0.00000000000 0.00000000000 0.00000000000 0.00000000000 0.00000000000 0.00000000000 0.00000000000 0.00000000000 0.00000000000 0.00000000000 0.00000000000 0.00000000000 0.00000000000 0.00000000000 0.00000000000 0.00000000000
# logsel_p3_fsh[1]:
 0.00000000000 0.00000000000 0.00000000000 0.00000000000 0.00000000000 0.00000000000 0.00000000000 0.00000000000 0.00000000000 0.00000000000 0.00000000000 0.00000000000 0.00000000000 0.00000000000 0.00000000000 0.00000000000 0.00000000000 0.00000000000 0.00000000000 0.00000000000 0.00000000000 0.00000000000 0.00000000000 0.00000000000 0.00000000000 0.00000000000 0.00000000000 0.00000000000 0.00000000000 0.00000000000 0.00000000000 0.00000000000 0.00000000000 0.00000000000 0.00000000000 0.00000000000 0.00000000000 0.00000000000
# logsel_p3_fsh[2]:
 0.00000000000 0.00000000000 0.00000000000 0.00000000000 0.00000000000 0.00000000000 0.00000000000 0.00000000000 0.00000000000 0.00000000000 0.00000000000 0.00000000000 0.00000000000 0.00000000000 0.00000000000 0.00000000000 0.00000000000 0.00000000000 0.00000000000 0.00000000000 0.00000000000 0.00000000000 0.00000000000 0.00000000000 0.00000000000 0.00000000000 0.00000000000 0.00000000000 0.00000000000 0.00000000000 0.00000000000 0.00000000000 0.00000000000 0.00000000000 0.00000000000 0.00000000000 0.00000000000 0.00000000000
# logsel_p3_fsh[3]:
 0.00000000000 0.00000000000
# logsel_p3_fsh[4]:
 0.00000000000 0.00000000000 0.00000000000 0.00000000000 0.00000000000 0.00000000000 0.00000000000 0.00000000000 0.00000000000 0.00000000000 0.00000000000 0.00000000000 0.00000000000 0.00000000000 0.00000000000 0.00000000000 0.00000000000 0.00000000000 0.00000000000 0.00000000000 0.00000000000 0.00000000000 0.00000000000 0.00000000000 0.00000000000 0.00000000000 0.00000000000 0.00000000000 0.00000000000 0.00000000000 0.00000000000 0.00000000000
# rec_dev_future:
 0.00000000000 0.00000000000 0.00000000000 0.00000000000 0.00000000000 0.00000000000 0.00000000000 0.00000000000 0.00000000000 0.00000000000 0.00000000000 0.00000000000 0.00000000000 0.00000000000 0.00000000000 0.00000000000 0.00000000000 0.00000000000 0.00000000000 0.00000000000
 0.00000000000 0.00000000000 0.00000000000 0.00000000000 0.00000000000 0.00000000000 0.00000000000 0.00000000000 0.00000000000 0.00000000000 0.00000000000 0.00000000000 0.00000000000 0.00000000000 0.00000000000 0.00000000000 0.00000000000 0.00000000000 0.00000000000 0.00000000000
# log_q_ind[1]:
0.112804665337
# log_q_ind[2]:
-2.67203770293
# log_q_ind[3]:
-9.44139039129
# log_q_ind[4]:
-0.555439462250
# log_q_ind[5]:
-3.72605354152
# log_q_ind[6]:
-6.16616972663
# log_q_ind[7]:
-1.10188555182
# log_q_power_ind[1]:
0.00000000000
# log_q_power_ind[2]:
0.00000000000
# log_q_power_ind[3]:
0.00000000000
# log_q_power_ind[4]:
0.00000000000
# log_q_power_ind[5]:
0.00000000000
# log_q_power_ind[6]:
0.00000000000
# log_q_power_ind[7]:
0.00000000000
# log_rw_q_ind[1]:
 -0.972050743039
# log_rw_q_ind[3]:
 -0.684153146473
# log_rw_q_ind[7]:
 0.00000000000
# log_selcoffs_ind[1]:
 -1.71214549970 -0.959962208743 -0.416654733771 -0.0551675222296 0.151401382396 0.261114029322 0.304749794762 0.306892217885 0.289967070931 0.275612033268
 -2.24683125102 -1.50402693605 -0.800709434728 -0.216035660677 0.178540237243 0.384560707474 0.434050526076 0.400514576592 0.335414424509 0.276317937646
# log_selcoffs_ind[2]:
 -0.481353234828 -0.760162217946 -1.14089224632 -1.39676495521 -1.40948306267 -1.12957900409 -0.589276821576 0.119662892036 0.842148007831 1.32890389495
 0.518891246551 -0.0311000738632 -0.481357904699 -0.800101948211 -0.929055476123 -0.817317166002 -0.475113694332 0.00586793951019 0.480281901036 0.789574873817
 1.06870493684 0.437242997010 -0.186382356373 -0.679857918540 -0.933622720275 -0.932366453473 -0.721994907441 -0.382985895607 -0.0209130637881 0.238748648378
# log_selcoffs_ind[3]:
 -0.202940821038 0.0202027052767 0.0202027052767 0.0202027052767 0.0202027052767 0.0202027052767 0.0202027052767 0.0202027052767 0.0202027052767 0.0202027052767
# log_selcoffs_ind[4]:
 -0.343120577653 -0.246645920785 -0.158105391093 -0.0918210787820 -0.0393096263890 0.0168062061071 0.0803911606800 0.147822660962 0.209510945048 0.253484663762
 -1.04217389964 -0.820320575397 -0.595415092993 -0.359496817714 -0.127466456887 0.0844906341830 0.262514695633 0.391991169417 0.463061104637 0.482503246759
# log_selcoffs_ind[5]:
 -3.04452005677 -0.669616569639 0.101782682789 0.174353368097 0.174353368097 0.174353368097 0.174353368097 0.174353368097 0.174353368097 0.174353368097
# log_selcoffs_ind[6]:
 -3.04452005677 -0.669616569639 0.101782682789 0.174353368097 0.174353368097 0.174353368097 0.174353368097 0.174353368097 0.174353368097 0.174353368097
# log_selcoffs_ind[7]:
 -3.04452005677 -0.669616569639 0.101782682789 0.174353368097 0.174353368097 0.174353368097 0.174353368097 0.174353368097 0.174353368097 0.174353368097
# logsel_slope_ind[1]:
 0.00000000000 0.00000000000
# logsel_slope_ind[2]:
 0.00000000000 0.00000000000 0.00000000000
# logsel_slope_ind[3]:
 0.00000000000
# logsel_slope_ind[4]:
 0.00000000000 0.00000000000
# logsel_slope_ind[5]:
 0.00000000000
# logsel_slope_ind[6]:
 0.00000000000
# logsel_slope_ind[7]:
 0.00000000000
# sel50_ind[1]:
 0.00000000000 0.00000000000
# sel50_ind[2]:
 0.00000000000 0.00000000000 0.00000000000
# sel50_ind[3]:
 0.00000000000
# sel50_ind[4]:
 0.00000000000 0.00000000000
# sel50_ind[5]:
 0.00000000000
# sel50_ind[6]:
 0.00000000000
# sel50_ind[7]:
 0.00000000000
# logsel_p1_ind[1]:
 0.00000000000 0.00000000000
# logsel_p1_ind[2]:
 0.00000000000 0.00000000000 0.00000000000
# logsel_p1_ind[3]:
 0.00000000000
# logsel_p1_ind[4]:
 0.00000000000 0.00000000000
# logsel_p1_ind[5]:
 0.00000000000
# logsel_p1_ind[6]:
 0.00000000000
# logsel_p1_ind[7]:
 0.00000000000
# sel_p2_ind[1]:
 0.00000000000 0.00000000000
# sel_p2_ind[2]:
 0.00000000000 0.00000000000 0.00000000000
# sel_p2_ind[3]:
 0.00000000000
# sel_p2_ind[4]:
 0.00000000000 0.00000000000
# sel_p2_ind[5]:
 0.00000000000
# sel_p2_ind[6]:
 0.00000000000
# sel_p2_ind[7]:
 0.00000000000
# logsel_p3_ind[1]:
 0.00000000000 0.00000000000
# logsel_p3_ind[2]:
 0.00000000000 0.00000000000 0.00000000000
# logsel_p3_ind[3]:
 0.00000000000
# logsel_p3_ind[4]:
 0.00000000000 0.00000000000
# logsel_p3_ind[5]:
 0.00000000000
# logsel_p3_ind[6]:
 0.00000000000
# logsel_p3_ind[7]:
 0.00000000000
