# Number of parameters = 1648 Objective function value = 1249.58356760664  Maximum gradient component = 0.000173720342048500
# Mest[1]:
0.280000000000
# Mest[2]:
0.330000000000
# log_Linf[1]:
4.29810139974
# log_Linf[2]:
4.29810139974
# log_k[1]:
-1.83258146375
# log_k[2]:
-1.83258146375
# log_Lo[1]:
2.60712428251
# log_Lo[2]:
2.60712428251
# log_sdage[1]:
-2.40794560865
# log_sdage[2]:
-2.40794560865
# mean_log_rec[1]:
9.23754720781
# mean_log_rec[2]:
7.40692230659
# mean_log_rec[3]:
7.01984518258
# steepness[1]:
0.650000000000
# steepness[2]:
0.650000000000
# steepness[3]:
0.650000000000
# log_Rzero[1]:
9.45724242384
# log_Rzero[2]:
7.61247358225
# log_Rzero[3]:
6.45320668392
# rec_dev:
 -0.0725917748724 -0.0938196333412 -0.120256485574 -0.152925118229 -0.192854188454 -0.240754205469 -0.295638274175 -0.356524770188 -0.426177230373 -0.503186853988 -0.580163621822 -0.647282433078 -0.719334046690 -0.800177278550 -0.920363922309 -0.948818315817 -0.714334473783 -0.462636921245 -0.140593559587 0.123764145251 0.184374727664 0.230350365048 0.339591946593 0.430392484800 0.957182408831 0.789716165971 0.844582425038 1.68576398092 1.59717620790 0.805591467085 0.256596945011 0.540818929860 0.760082502716 0.845695210037 0.333603357806 0.349891118296 0.101058215265 0.238100622769 0.295939388647 0.320311927523 0.439101424324 0.563464120545 0.614566201817 0.563406565013 0.147922158131 -0.335702455280 -0.188392153136 -0.620591231778 -1.38033418776 -0.479507181894 -0.665511794876 -1.05184703909 -1.09191408312 -1.11170671233 -0.983412219131 -0.542923450047 -0.534619972579 -0.256561932817 0.0589056502290 0.445222722163 0.281512912026 0.0415860234580 0.509041222445 0.0654168714416 -0.376836529370 0.0537737103801 0.395785094057
 -0.0139406507232 -0.0189192612535 -0.0253816159808 -0.0336291627835 -0.0439789348815 -0.0566288018412 -0.0719044695217 -0.0904375579227 -0.111344295637 -0.133632436075 -0.159548364970 -0.0278479832080 -0.0537266787187 -0.0884976203715 -0.121958760721 -0.117338336230 -0.108885882479 -0.0923774039404 0.390393742087 0.181573758420 -0.0223309758984 -0.357975003286 0.0224416231361 0.160999655702 -0.413656033842 -1.14728841630 -0.219671515262 0.266640450506 0.615733552780 0.237371919915 -0.188824976062 -0.785909579336 -0.142668398032 0.0668533494080 -0.181674047878 0.121864378066 0.951979976449 0.358166140145 0.521367605082 0.168695484182 1.54892204806 0.633070470547 0.250759582805 -0.0499784255326 -1.36598508848 0.521846806059 0.357769003624 -0.233212464382 -2.03738735593 -1.55298286787 0.821366335645 -0.188255447328 -0.944819300035 -1.28094322022 -1.38795646108 -0.896747755067 -0.951979830302 0.414295123897 1.19967034493 0.893221644605 0.338677746787 0.517645542942 -0.108396508761 -0.797529847911 -0.454681282960 -0.0816324126064 -0.00209443154378
# log_sigmar[1]:
-0.510825623766
# log_sigmar[2]:
-0.510825623766
# log_sigmar[3]:
-0.510825623766
# fmort:
 -4.66928770694 -4.24719280921 -4.97079125878 -4.64252898398 -3.87373759932 -3.54380338446 -3.21263578118 -3.23325738453 -2.56622085963 -2.65898819785 -2.93038004864 -2.55097196989 -1.80435121916 -2.73486579607 -1.84468293122 -2.42216498393 -4.85412178790 -3.61826324249 -4.07781205206 -4.22154465683 -4.29408768141 -3.97098646262 -3.91047880597 -3.74331045585 -4.18663907808 -3.89317601601 -3.40186499606 -4.41933788461 -5.58863370311 -4.93485735690 -4.49214088778 -3.87842676298 -4.78024240435 -4.37594497536 -4.24766649031 -3.72877208101 -3.61723587866 -3.17293626619 -2.68615283092 -2.97524869691 -2.43294868473 -4.05174425855 -5.06023234199 -4.57174754199 -4.52008418205 -4.16932240874 -4.45088748430 -3.99034286945 -5.12730498376 -5.40148430259 -4.23403284055 -4.21577728466 -4.35129925833 -4.51147644994 -4.20641638168 -4.36278268038
 -7.05894194765 -6.61024376799 -6.12927320590 -5.52516411225 -5.73192523556 -5.01194524298 -4.47857316376 -4.14473774840 -3.68152394755 -3.46756200931 -3.34894876863 -2.61076044870 -2.36388696407 -2.62971395603 -2.21451178406 -1.81267502717 -1.61452858014 -1.30857481781 -1.12702604312 -1.00615991823 -1.00072207146 -0.781911667013 -0.502878804205 -0.460024768642 -0.249841630544 0.0482409072934 0.0135594138532 -0.000937679993495 -0.542513246179 -0.990586602672 -1.31988033460 -1.16273598327 -1.09599658712 -1.17136368784 -1.15986926527 -1.12831421344 -1.04686801821 -0.853633822640 -0.993778848781 -0.706455140467 -1.26427453475 -1.58999443779 -1.88203316348 -2.03589415260 -2.06368304744 -1.90990900119 -1.87416622024 -1.80040139432 -1.65559277525 -1.78035362038 -1.84504075678 -1.86963124317 -1.97303879923 -1.89223025669 -1.55846309567 -1.51590456893
 -6.57712935642 -5.88479324596 -5.02689144783 -4.24041240270 -3.05699573614 -4.21434446359 -3.88028126060 -1.27283049817 -1.15534333117 -1.27060966041 -1.02436981127 -0.457882081606 -1.37383803698 -1.90797814340 -1.87515317222 -2.57037559058 -3.20327890576 -3.12324965340 -1.80581830340 -1.85542639026 -1.72638152545 -2.00643141324 -2.48273015724 -2.19848228423 -1.86988574807 -0.492616748986 0.0865954733578 0.522519950375 1.08262700643 -0.271682428963 -0.427875498418 0.589324854223 -1.04254230609 -0.990859534415 -0.943751866033 -1.57341643862 -0.638893232515 -0.584199460342 -0.578599286879 -0.484429420795 -2.03109240691 -0.484882749987 -0.794851646609 -1.31224570672 -1.10977131828 -2.18905589702 -2.94870646568 -3.98369631339 -2.84178961433 -2.69237979974 -3.05630903748 -3.22053786605 -2.85327429625 -2.25942995896 -2.16384373641 -1.78160147669
 -9.60735161084 -9.54695449962 -7.77818585311 -9.41720223499 -9.34346818973 -9.25800978020 -9.11937232774 -8.22925013165 -4.98028095238 -2.80481865573 -2.67141607880 -2.20055403225 -1.35674889987 -0.812793048339 -0.447678448542 -0.770750114257 -1.08529131571 -1.49280367469 -1.87431249813 -2.19846680316 -2.47342216201 -3.08381345617 -5.65641430841 -9.16016065646 -8.98098053720 -8.68758022012 -8.35057783570 -8.05396782103 -7.94132908334 -8.02225996461 -7.49709478563 -5.62113333015 -4.52316268980 -3.95696588907 -3.27656294648 -3.37256196753 -2.87354062065 -2.42269043114 -2.27296429134 -2.10347007938 -2.24394432884 -3.41560860117 -3.75882690044 -3.73604123309 -3.33264842429 -3.16963291410 -3.67390665263 -3.75041607040 -3.77209846331 -3.95686045208 -6.49827540191 -4.41271412770 -4.30087473971 -3.95568456115 -4.82956596616 -6.10283867178
# log_selcoffs_fsh[1]:
 -3.80622269999 -2.14621086655 -1.13982350961 -0.158911646421 0.740351355886 0.997151101131 0.468212755004 -0.227032761448 -0.720226974301
 -3.39946651413 -1.72637661502 -1.01074446926 -0.235642173260 0.596996309445 0.924714624529 0.551118670884 -0.0505137928172 -0.492767382841
 -3.08785961175 -1.62696721495 -0.787715272410 0.00150736298757 0.590131591941 0.768943357936 0.484431920201 0.0130880987420 -0.351905479244
 -2.69452337655 -1.41214599809 -0.771397777051 -0.122143133280 0.655565385259 0.762546685886 0.418905221100 1.49365896924e-05 -0.286154796225
 -2.02732250941 -0.512797770773 -0.216284023926 0.0378655299748 0.342529355830 0.497020657044 0.351422018380 0.0796112822172 -0.140272730255
 -1.87463845106 -0.657857599363 0.307754231976 0.533155427317 0.245975033455 0.154448478310 0.0706009073253 -0.0738972857682 -0.203145089426
 -1.56394700404 -0.482891421923 0.426290588251 0.654312433648 0.261909187091 -0.0108464844034 -0.136856311602 -0.219620736506 -0.281341766245
 -1.13983608731 -0.279180479580 0.504662225559 0.723500190735 0.184751998426 -0.145554083315 -0.300374923624 -0.352417472801 -0.364315103452
 -0.837723592743 0.174771091855 0.421202305215 0.549148469076 0.277570935921 -0.165693084827 -0.398010529914 -0.454034093549 -0.435687648200
 -0.578676513529 0.339668933804 0.530299755600 0.537453245799 0.130715219324 -0.301417570355 -0.531986332939 -0.568084500058 -0.527065104327
 -0.0447889778640 0.892302663788 0.421837482628 0.134669646456 -0.234602512204 -0.525919130842 -0.673911749586 -0.680357258161 -0.623445722833
 0.182786250138 0.847855477725 0.588163316563 0.0981851539206 -0.432233654000 -0.690216387396 -0.786952510616 -0.772209214837 -0.706808482106
 -0.0323030175802 1.12834391082 0.619906284331 -0.123358490689 -0.657111875395 -0.870032958400 -0.917076225993 -0.875608691777 -0.809739596993
 0.219917602081 1.16490953546 0.554863219866 -0.220421102350 -0.784355617175 -0.979380728397 -1.00338730240 -0.943839709494 -0.875182656261
 0.244996485393 1.21296882790 0.536307849665 -0.274212475689 -0.840255415065 -1.04259335245 -1.06668087275 -1.00238790624 -0.931952583470
 -0.174608790012 1.29532329443 0.647875841943 -0.230157839098 -0.866020694511 -1.08842058608 -1.12139425504 -1.05917082118 -0.988282697515
 -0.0990699702453 1.32698368661 0.590984813220 -0.260049770857 -0.885806079102 -1.11564907816 -1.15452178184 -1.09665329963 -1.02552932276
 0.427902522885 1.12092887642 0.641516378390 -0.257930065375 -0.898156269587 -1.12768785230 -1.16804279101 -1.10976931332 -1.03692872441
 0.726525874598 1.11035910173 0.417708324141 -0.348895307705 -0.936434644904 -1.16108599797 -1.19996188816 -1.13784575233 -1.06178010245
 0.453799617707 1.20185838592 0.568146333352 -0.335427848064 -0.977900996139 -1.20576078675 -1.23548843765 -1.16150977242 -1.07842535337
 0.547659479067 1.28251149489 0.398338280735 -0.464780119439 -1.05774566215 -1.26429469443 -1.27879440997 -1.18815585057 -1.09463322670
 0.552910703831 1.27310924384 0.489425741284 -0.545689025882 -1.15478167322 -1.33242941866 -1.31945648428 -1.20625401975 -1.09849288709
 0.728945862586 1.23135792098 0.393477205836 -0.566469091450 -1.19027008909 -1.37249975169 -1.34696485777 -1.21298682723 -1.08877645742
 0.416156845599 1.38844464467 0.384256049410 -0.583665808587 -1.19301421169 -1.38371042672 -1.36023651665 -1.21449968240 -1.07445446364
 0.542844065027 1.30093925998 0.398463573445 -0.506090409716 -1.12389557361 -1.34415951128 -1.33553431397 -1.18099168734 -1.02661620666
 0.598138798040 1.16364826827 0.482354812969 -0.319779845176 -1.02681904466 -1.27661364388 -1.27100289934 -1.11298071870 -0.948734938355
 0.240921916442 1.21344800514 0.553851056231 -0.203003221165 -0.923923566058 -1.17180226685 -1.16332432932 -1.01305866414 -0.858079582715
 0.283753406134 1.22390332029 0.441762326107 -0.333648316580 -0.881686943359 -1.06455660676 -1.02709662191 -0.885152359959 -0.754922118029
 1.05227000755 0.764587002845 0.0913126474288 -0.513356868104 -0.866130977535 -0.943387960627 -0.857423549060 -0.699373010384 -0.575150333474
 0.649329979381 1.00690871665 0.100302267519 -0.590039759693 -0.835852482335 -0.812572433712 -0.669729749821 -0.495260859500 -0.370590629194
 0.419935733247 0.991536195994 -0.0252555905441 -0.591740812543 -0.726276580246 -0.648210390696 -0.463271366662 -0.275673053320 -0.151555823117
 0.338279695522 0.640648329302 -0.0708447315342 -0.480819757607 -0.534997194728 -0.415508633552 -0.212030720912 -0.0166373073859 0.105942557352
 -0.531288679208 0.339746997824 -0.0171518301689 -0.267341698471 -0.245939354415 -0.156621766528 0.0364579043910 0.199764774572 0.310356834024
 -1.00300319918 -0.352484958798 -0.366118317733 -0.193232680180 0.0104430854223 0.0731833404803 0.303510303826 0.360853972721 0.429825000767
 -0.616148150376 -0.141076699782 -0.641157815920 -0.621943535594 -0.299378396397 0.00538901585841 0.295050698378 0.484476188056 0.595960444425
 -0.0741640490870 -0.991233824864 -1.11113385140 -0.796461884303 -0.368006170862 0.0221590873610 0.353023634884 0.576230119662 0.694672489580
 -1.32328930643 -1.37837415691 -1.22803237908 -0.694628120726 -0.192868760894 0.141568792340 0.479522188445 0.675670035983 0.757203077757
 -2.09100308746 -1.57310961388 -1.26593864225 -0.702294224090 -0.168820078878 0.229325044758 0.492054302557 0.687106046074 0.772686853487
 -2.31338485799 -2.18915717961 -1.81480557357 -1.08329137288 -0.245064015730 0.343688193735 0.666626519787 0.749074702578 0.709130097972
 -2.68824168234 -2.53390311933 -2.04255786733 -1.21111596865 -0.329508367621 0.389520591294 0.743293804220 0.759939118913 0.687402171123
 -2.69988280582 -2.50846226150 -1.96561507382 -1.19049236897 -0.406858451838 0.225076267552 0.659904224615 0.838949845714 0.806722523405
 -2.95717735652 -2.44303294617 -1.75269686824 -1.08381224649 -0.390974639377 0.169298594989 0.565521676388 0.839738026069 0.880676441255
 -2.99435154930 -2.40413363897 -1.72600943971 -1.04625460352 -0.379585512828 0.163848195316 0.556943368041 0.815520652587 0.901169344781
# log_selcoffs_fsh[2]:
 -2.27743433747 -0.316167289143 0.447608540117 0.757547996909 0.548948296350 0.109394949643 -0.200068060410 -0.397356369798 -0.519666572278 -0.619176865876
 -2.30137707568 -0.370112368705 -0.330669323988 0.226068557958 0.673467392556 0.596197037326 0.195280708187 -0.159223666551 -0.330391635052 -0.394836281700
 -2.85847191099 -1.04152935381 -0.522290701238 0.0425502867762 0.599448209202 0.707138490719 0.360182324502 -0.00110505064199 -0.161349559739 -0.198052859800
 -3.27722740848 -1.69823137180 -0.805625504953 -0.217887908866 0.476283484876 0.754246018183 0.431325264492 0.145070478427 0.0477900917170 0.0466749716811
 -2.86364554609 -1.32891117016 -1.25491262969 -0.723570217226 0.142383504653 0.618905139806 0.478435989592 0.340254738082 0.341714228081 0.386574984072
 -2.43246631022 -1.33751418765 -1.13646763871 -1.03374404587 -0.489838423525 0.0520266209762 0.348968956383 0.526028541134 0.685979537928 0.793630461795
 -3.07468350023 -1.81574519008 -0.966850156166 -0.827047612641 -0.708235654363 -0.338553856219 0.110804707580 0.516923637528 0.821611881356 0.993232647561
 -3.62121082057 -2.60787674221 -1.81145833917 -1.11097842863 -0.540243587545 -0.139698738722 0.201248390642 0.483818901147 0.827144645973 1.03769881145
 -3.88420228880 -2.85948885698 -2.21571831103 -1.51290821482 -0.698704278707 -0.131034757410 0.295345967087 0.618488127729 0.859736160445 0.976870083979
 -3.95142952650 -2.74308686258 -2.04014697969 -1.54337892603 -1.05815893476 -0.401507784627 0.192951508617 0.755826948186 0.998220552290 0.916564658408
 -3.76602724236 -2.29354517174 -1.58192065885 -1.15544527966 -0.807429847485 -0.537290429344 -0.0147556772118 0.638367589515 0.998633805651 1.00496349915
 -3.65372348368 -2.18681620868 -1.39329334890 -0.979665999835 -0.632792915557 -0.310654549148 0.217860621076 0.624213634434 0.852199849265 0.923891780109
 -3.27905003835 -1.48936006349 -0.913398737239 -0.587797746046 -0.358393383370 -0.278853048996 0.110396014195 0.470513881266 0.752138697554 0.910511149164
 -2.83569719040 -1.06370679389 -0.525769619158 -0.374724509020 -0.307092101533 -0.195446742083 0.0692936876192 0.371837937052 0.655704229666 0.837624893647
 -2.42248152282 -0.445319293035 -0.217574481010 -0.370289853804 -0.484060803370 -0.350331597270 -0.0146461395266 0.312236605830 0.618103862617 0.809863774486
 -2.07037496880 -0.0850942057773 -0.217352295009 -0.419848543081 -0.584451010661 -0.455671906416 -0.120532058975 0.240358208010 0.596256126324 0.845330000987
 -1.64850769209 -0.102918042120 -0.168129311188 -0.362243863036 -0.574207631441 -0.545293641164 -0.239792687559 0.157577821676 0.582296757981 0.905704764702
 -1.95765952339 -0.150477677623 0.0221069712490 -0.193693661807 -0.484753998726 -0.500708433883 -0.246393651862 0.138384154910 0.526789062865 0.835854466759
 -2.27232104167 -0.418032203674 -0.0128075203009 -0.126432730492 -0.374934780838 -0.382931949272 -0.135685416896 0.208508435689 0.541531861452 0.778081514324
 -2.41919901713 -0.775680084259 -0.356789908189 -0.181595614068 -0.289524648862 -0.272131740123 -0.0208144526379 0.317711687284 0.608075291582 0.795754278785
 -2.52064577265 -0.926425998480 -0.411292669198 -0.169949357159 -0.282048543207 -0.294282393795 -0.0294778177929 0.337021295309 0.636638968339 0.813586028285
 -2.70265663902 -1.04788869739 -0.454928798777 -0.138788691357 -0.207531530960 -0.223741977596 0.0254377312034 0.349019895219 0.615783823740 0.775064836736
 -2.95002809139 -1.50403718134 -0.592200257486 -0.0568325702611 -0.0316672696100 -0.0932629849721 0.0892743277641 0.370940848798 0.588482886887 0.695172630909
 -3.10049079144 -1.80064622156 -0.898432024183 -0.257937693761 0.0734492854385 0.0679986737046 0.274077768862 0.478406800946 0.582479758150 0.556215874101
 -3.19579167537 -1.62224649774 -0.841725545140 -0.474621267205 -0.0725561562896 0.147219714555 0.340776347166 0.584988437583 0.581220261255 0.488993547610
 -3.31756170022 -1.96135862934 -1.04152033239 -0.197515935236 0.169661056012 0.246293306577 0.281883133964 0.453285960849 0.541569818804 0.449436281624
 -3.41789619131 -1.73836575905 -0.964362244213 0.0269858015046 0.401268125301 0.446626340499 0.374411310011 0.293062343959 0.240819823997 0.230421424131
 -3.52998019641 -1.31830888195 -0.745020681473 -0.0206021926378 0.373286782824 0.414610300744 0.679112530718 0.382567791571 -0.0290992598620 -0.135818225837
 -3.62653367734 -1.92313893073 -0.953950189062 0.0707421710615 0.495113031536 0.547641738589 0.720493179312 0.266104396470 -0.123985853146 -0.280826630824
 -3.69653074013 -1.83968803688 -0.475108076831 0.278492244214 0.764097251923 0.528333528955 0.317143792904 0.0366817654978 -0.170505372742 -0.253075430388
 -3.52049478484 -1.38799619658 -0.166927885724 0.431047942687 0.450312826256 0.253711183058 0.203996544644 0.129923872730 0.0699258372400 0.0398395973110
 -3.42401053281 -1.50943639224 -0.512927151136 0.0132306475173 0.341933499886 0.329995355925 0.210982689148 0.284607508400 0.326492616377 0.326037624915
 -2.93969425785 -0.932912263206 -0.736536538495 -0.443846362865 -0.0317267651157 0.183828350385 0.240191020647 0.386112603127 0.547606511424 0.582743954217
 -3.49517071930 -1.35772173362 -0.655134964685 -0.215479482062 0.0582429381233 0.219777159256 0.294779057340 0.408057597138 0.473116999716 0.488211456321
 -3.81624536530 -1.77801178648 -1.03893873825 -0.526596420431 0.00828548586078 0.279734934203 0.428117243835 0.527636800745 0.541181451910 0.461310702997
 -4.25367262915 -2.24713731202 -1.19325906761 -0.631135221692 -0.166159492433 0.138127768061 0.413361826583 0.607299769959 0.636244158549 0.595039587174
 -4.63779114530 -2.85996449642 -1.63769612073 -0.757724431887 -0.0372567335578 0.261254908787 0.520756416032 0.654387649959 0.577485878437 0.481861326303
 -4.84821963647 -3.12778999816 -2.16214149698 -1.23072537308 -0.290603592406 0.321666802139 0.621464815160 0.735449143319 0.613098355040 0.482261107324
 -5.01658457166 -3.39489449966 -2.09613928207 -1.35276607493 -0.481028071000 0.129316593218 0.535234303566 0.724559919309 0.720869889991 0.690285325329
 -5.06039495261 -3.67596855800 -2.32779327276 -1.32353911412 -0.699986736258 -0.0763813394925 0.379617350945 0.670751454421 0.795844301312 0.935242851629
 -4.98587757589 -3.51597423584 -2.19106674353 -1.09099023480 -0.538701098601 -0.265848472850 0.0777670871764 0.415541385126 0.812696215529 1.19865861952
 -4.92300776041 -3.28186159625 -1.90303161332 -1.01972013851 -0.301932461240 -0.200729129950 -0.150251008504 0.144080191842 0.706027848176 1.34714652163
 -4.89308374145 -3.29827925347 -1.87819330310 -0.886850661585 -0.354460089687 -0.187613916425 -0.144456111679 0.110142205339 0.708764158386 1.34725263724
# log_selcoffs_fsh[3]:
 -4.72683617410 -2.11756057324 0.213197913316 1.22316737424 0.298619005567 -0.610082636085 -1.06724139295
 -4.80635136580 -1.30589334497 0.431575144074 0.772985576680 0.535470600652 -0.172200782234 -0.765879258263
# log_selcoffs_fsh[4]:
 -2.96826665732 -2.58250502379 -2.15161507119 -1.62644525848 -0.991025030051 -0.284432836376 0.395591062957 0.931196899989 1.22778400461
 -2.95191052763 -2.57498818919 -2.15284047874 -1.63422095951 -1.00110247484 -0.292418192296 0.393000784696 0.932819355401 1.23061452791
 -2.91926416200 -2.55946494217 -2.15539062214 -1.64832782075 -1.01775872616 -0.303293739340 0.391547422552 0.935240118267 1.23360103755
 -2.86892457922 -2.52832119831 -2.15385878551 -1.67522174369 -1.04592431334 -0.315147417453 0.392873411172 0.941044876555 1.23407756769
 -2.79061079939 -2.46671098191 -2.12336932301 -1.68265361849 -1.08587428029 -0.340437471042 0.398403615320 0.949189174906 1.23142852388
 -2.67399918118 -2.34790568230 -2.04891683844 -1.65959740050 -1.07265178286 -0.337980589511 0.405431957287 0.952576361476 1.21453451586
 -2.52468731989 -2.20151731030 -1.86879232806 -1.53920688477 -1.01534144723 -0.288824224183 0.437126547398 0.945852698989 1.16494225023
 -2.35530093840 -2.05015851781 -1.72218201910 -1.34564142731 -0.878670949579 -0.236069363969 0.437072349947 0.919608521722 1.12357653259
 -2.12000748311 -1.83983531745 -1.55295240698 -1.19507159193 -0.722207282592 -0.153558594134 0.436062032659 0.871082748249 1.07411134580
 -1.85817010703 -1.56822807243 -1.28045335647 -1.00731311309 -0.621747402348 -0.111643859271 0.408331664842 0.817154435651 1.02704316058
 -1.60525308583 -1.30259961521 -0.997357584990 -0.720489749221 -0.478514328203 -0.117159631046 0.341880720963 0.742971005988 0.975713505243
 -1.37362240865 -1.09170666602 -0.790245751125 -0.496005303723 -0.262644331493 -0.0691743460200 0.259482413328 0.639754394319 0.897728899581
 -1.16685235451 -0.911222549062 -0.655574618433 -0.390415855745 -0.151850717127 0.0339824579980 0.247474563254 0.544397102721 0.785117451660
 -0.970863294280 -0.744224381711 -0.521351475277 -0.307603984042 -0.116309252320 0.0573484466085 0.255307950184 0.487695749362 0.667098026960
 -0.775626344571 -0.578202313476 -0.390697671012 -0.222712005856 -0.0747311655273 0.0686141439731 0.233113425115 0.413516757873 0.547012264324
 -0.583798158964 -0.414987958353 -0.262322814729 -0.141009857468 -0.0381343966078 0.0650490750007 0.189128736892 0.324033634125 0.420975631164
 -0.390389583302 -0.251926147147 -0.134802098184 -0.0654853240419 -0.0163422890903 0.0395544925317 0.123849780727 0.221365394233 0.286411484675
 -0.201094468615 -0.0739245884545 0.00148128609727 0.0126220111494 -0.00373037881223 -0.0124861638717 0.0229588142237 0.0830551507112 0.135880089120
 -0.0388958177059 0.0735159008292 0.158735195136 0.0582261101467 -0.0217442301310 -0.0708084666338 -0.0909654642526 -0.0614462709723 -0.0342833174423
 0.0243660402893 0.148482890308 0.252824851298 0.184211924934 -0.0229189449367 -0.132718312201 -0.185281535540 -0.202258659588 -0.192946580880
 0.0392450928425 0.202939906867 0.197830993269 0.190272836584 0.0599664899490 -0.120421423045 -0.210238739344 -0.252930300409 -0.259574979285
 -0.0982872110274 0.126955529476 0.187444378847 0.127528677759 0.0875920258121 -0.0236565117936 -0.107805817716 -0.172905566416 -0.212102787466
 -0.302789357202 -0.0962259576449 0.0622601175572 0.103997400458 0.0981134518023 0.0813527360993 0.0404364848820 -0.00649796611709 -0.0444532699903
 -0.599920524252 -0.353034205832 -0.153407657581 0.00528877118119 0.117402181580 0.184430510596 0.192414532674 0.171629787303 0.147551336776
 -0.865346402122 -0.565350215548 -0.295230567594 -0.0730528709694 0.120257420255 0.241686876929 0.275195529764 0.275463253471 0.263832565213
 -1.16215540633 -0.814469104890 -0.503310932946 -0.189943761029 0.0859806191719 0.277143277729 0.368174753052 0.392133149096 0.390969175972
 -1.44314926458 -1.01764755853 -0.727390521399 -0.333356251568 0.0746667935571 0.310237156170 0.428003015676 0.477637488651 0.479313168747
 -1.67158030242 -1.30244760211 -0.910393924044 -0.382543495640 0.0184427001724 0.209997175448 0.394317446607 0.564020894896 0.674121859783
 -1.23289685482 -1.29878772937 -1.03193417143 -0.646013676768 -0.219915137450 0.124900380810 0.404211614110 0.640100105595 0.799679717430
 -1.67489821517 -1.33859787348 -1.14618070127 -0.767874194586 -0.297041821626 0.106786031911 0.423583637574 0.690897597615 0.871281866130
 -1.63917297854 -1.20494477531 -1.12591964670 -0.916222061538 -0.558209516581 -0.125880980498 0.343070468486 0.755772582531 1.02578809906
 -1.52684337275 -0.841576665820 -0.858283027316 -0.882661659812 -0.682141098696 -0.292077446735 0.196571332017 0.712012351997 1.10081816481
 -1.58090844444 -0.385579801493 0.109444810005 -0.220586372462 -0.381230814515 -0.320596798839 -0.00988421610516 0.444544550642 0.805479269529
 -1.56343793406 -0.136426813507 0.0285420602907 -0.109382132919 -0.276248297607 -0.314058879845 -0.0656629500032 0.378672816786 0.745208963800
 -1.66943630803 -0.558349804425 -0.00810014319724 0.101720666450 -0.233461937882 -0.382327404760 -0.162980461242 0.368099331751 0.863663877525
 -1.72645302325 -0.773677613005 -0.308093865941 -0.205320480826 -0.260252233059 -0.448920263022 -0.278281751383 0.386564257918 1.15479322744
 -1.41981682547 -0.681720485387 -0.385842756437 -0.345930058057 -0.403705459727 -0.380023407736 -0.0842896072945 0.504959251624 1.07748635498
# log_sel_spl_fsh[1]:
 0.00000000000 0.00000000000 0.00000000000 0.00000000000
 0.00000000000 0.00000000000 0.00000000000 0.00000000000
 0.00000000000 0.00000000000 0.00000000000 0.00000000000
 0.00000000000 0.00000000000 0.00000000000 0.00000000000
 0.00000000000 0.00000000000 0.00000000000 0.00000000000
 0.00000000000 0.00000000000 0.00000000000 0.00000000000
 0.00000000000 0.00000000000 0.00000000000 0.00000000000
 0.00000000000 0.00000000000 0.00000000000 0.00000000000
 0.00000000000 0.00000000000 0.00000000000 0.00000000000
 0.00000000000 0.00000000000 0.00000000000 0.00000000000
 0.00000000000 0.00000000000 0.00000000000 0.00000000000
 0.00000000000 0.00000000000 0.00000000000 0.00000000000
 0.00000000000 0.00000000000 0.00000000000 0.00000000000
 0.00000000000 0.00000000000 0.00000000000 0.00000000000
 0.00000000000 0.00000000000 0.00000000000 0.00000000000
 0.00000000000 0.00000000000 0.00000000000 0.00000000000
 0.00000000000 0.00000000000 0.00000000000 0.00000000000
 0.00000000000 0.00000000000 0.00000000000 0.00000000000
 0.00000000000 0.00000000000 0.00000000000 0.00000000000
 0.00000000000 0.00000000000 0.00000000000 0.00000000000
 0.00000000000 0.00000000000 0.00000000000 0.00000000000
 0.00000000000 0.00000000000 0.00000000000 0.00000000000
 0.00000000000 0.00000000000 0.00000000000 0.00000000000
 0.00000000000 0.00000000000 0.00000000000 0.00000000000
 0.00000000000 0.00000000000 0.00000000000 0.00000000000
 0.00000000000 0.00000000000 0.00000000000 0.00000000000
 0.00000000000 0.00000000000 0.00000000000 0.00000000000
 0.00000000000 0.00000000000 0.00000000000 0.00000000000
 0.00000000000 0.00000000000 0.00000000000 0.00000000000
 0.00000000000 0.00000000000 0.00000000000 0.00000000000
 0.00000000000 0.00000000000 0.00000000000 0.00000000000
 0.00000000000 0.00000000000 0.00000000000 0.00000000000
 0.00000000000 0.00000000000 0.00000000000 0.00000000000
 0.00000000000 0.00000000000 0.00000000000 0.00000000000
 0.00000000000 0.00000000000 0.00000000000 0.00000000000
 0.00000000000 0.00000000000 0.00000000000 0.00000000000
 0.00000000000 0.00000000000 0.00000000000 0.00000000000
 0.00000000000 0.00000000000 0.00000000000 0.00000000000
 0.00000000000 0.00000000000 0.00000000000 0.00000000000
 0.00000000000 0.00000000000 0.00000000000 0.00000000000
 0.00000000000 0.00000000000 0.00000000000 0.00000000000
 0.00000000000 0.00000000000 0.00000000000 0.00000000000
 0.00000000000 0.00000000000 0.00000000000 0.00000000000
# log_sel_spl_fsh[2]:
 0.00000000000 0.00000000000 0.00000000000 0.00000000000
 0.00000000000 0.00000000000 0.00000000000 0.00000000000
 0.00000000000 0.00000000000 0.00000000000 0.00000000000
 0.00000000000 0.00000000000 0.00000000000 0.00000000000
 0.00000000000 0.00000000000 0.00000000000 0.00000000000
 0.00000000000 0.00000000000 0.00000000000 0.00000000000
 0.00000000000 0.00000000000 0.00000000000 0.00000000000
 0.00000000000 0.00000000000 0.00000000000 0.00000000000
 0.00000000000 0.00000000000 0.00000000000 0.00000000000
 0.00000000000 0.00000000000 0.00000000000 0.00000000000
 0.00000000000 0.00000000000 0.00000000000 0.00000000000
 0.00000000000 0.00000000000 0.00000000000 0.00000000000
 0.00000000000 0.00000000000 0.00000000000 0.00000000000
 0.00000000000 0.00000000000 0.00000000000 0.00000000000
 0.00000000000 0.00000000000 0.00000000000 0.00000000000
 0.00000000000 0.00000000000 0.00000000000 0.00000000000
 0.00000000000 0.00000000000 0.00000000000 0.00000000000
 0.00000000000 0.00000000000 0.00000000000 0.00000000000
 0.00000000000 0.00000000000 0.00000000000 0.00000000000
 0.00000000000 0.00000000000 0.00000000000 0.00000000000
 0.00000000000 0.00000000000 0.00000000000 0.00000000000
 0.00000000000 0.00000000000 0.00000000000 0.00000000000
 0.00000000000 0.00000000000 0.00000000000 0.00000000000
 0.00000000000 0.00000000000 0.00000000000 0.00000000000
 0.00000000000 0.00000000000 0.00000000000 0.00000000000
 0.00000000000 0.00000000000 0.00000000000 0.00000000000
 0.00000000000 0.00000000000 0.00000000000 0.00000000000
 0.00000000000 0.00000000000 0.00000000000 0.00000000000
 0.00000000000 0.00000000000 0.00000000000 0.00000000000
 0.00000000000 0.00000000000 0.00000000000 0.00000000000
 0.00000000000 0.00000000000 0.00000000000 0.00000000000
 0.00000000000 0.00000000000 0.00000000000 0.00000000000
 0.00000000000 0.00000000000 0.00000000000 0.00000000000
 0.00000000000 0.00000000000 0.00000000000 0.00000000000
 0.00000000000 0.00000000000 0.00000000000 0.00000000000
 0.00000000000 0.00000000000 0.00000000000 0.00000000000
 0.00000000000 0.00000000000 0.00000000000 0.00000000000
 0.00000000000 0.00000000000 0.00000000000 0.00000000000
 0.00000000000 0.00000000000 0.00000000000 0.00000000000
 0.00000000000 0.00000000000 0.00000000000 0.00000000000
 0.00000000000 0.00000000000 0.00000000000 0.00000000000
 0.00000000000 0.00000000000 0.00000000000 0.00000000000
 0.00000000000 0.00000000000 0.00000000000 0.00000000000
# log_sel_spl_fsh[3]:
 0.00000000000 0.00000000000 0.00000000000 0.00000000000
 0.00000000000 0.00000000000 0.00000000000 0.00000000000
# log_sel_spl_fsh[4]:
 0.00000000000 0.00000000000 0.00000000000 0.00000000000
 0.00000000000 0.00000000000 0.00000000000 0.00000000000
 0.00000000000 0.00000000000 0.00000000000 0.00000000000
 0.00000000000 0.00000000000 0.00000000000 0.00000000000
 0.00000000000 0.00000000000 0.00000000000 0.00000000000
 0.00000000000 0.00000000000 0.00000000000 0.00000000000
 0.00000000000 0.00000000000 0.00000000000 0.00000000000
 0.00000000000 0.00000000000 0.00000000000 0.00000000000
 0.00000000000 0.00000000000 0.00000000000 0.00000000000
 0.00000000000 0.00000000000 0.00000000000 0.00000000000
 0.00000000000 0.00000000000 0.00000000000 0.00000000000
 0.00000000000 0.00000000000 0.00000000000 0.00000000000
 0.00000000000 0.00000000000 0.00000000000 0.00000000000
 0.00000000000 0.00000000000 0.00000000000 0.00000000000
 0.00000000000 0.00000000000 0.00000000000 0.00000000000
 0.00000000000 0.00000000000 0.00000000000 0.00000000000
 0.00000000000 0.00000000000 0.00000000000 0.00000000000
 0.00000000000 0.00000000000 0.00000000000 0.00000000000
 0.00000000000 0.00000000000 0.00000000000 0.00000000000
 0.00000000000 0.00000000000 0.00000000000 0.00000000000
 0.00000000000 0.00000000000 0.00000000000 0.00000000000
 0.00000000000 0.00000000000 0.00000000000 0.00000000000
 0.00000000000 0.00000000000 0.00000000000 0.00000000000
 0.00000000000 0.00000000000 0.00000000000 0.00000000000
 0.00000000000 0.00000000000 0.00000000000 0.00000000000
 0.00000000000 0.00000000000 0.00000000000 0.00000000000
 0.00000000000 0.00000000000 0.00000000000 0.00000000000
 0.00000000000 0.00000000000 0.00000000000 0.00000000000
 0.00000000000 0.00000000000 0.00000000000 0.00000000000
 0.00000000000 0.00000000000 0.00000000000 0.00000000000
 0.00000000000 0.00000000000 0.00000000000 0.00000000000
 0.00000000000 0.00000000000 0.00000000000 0.00000000000
 0.00000000000 0.00000000000 0.00000000000 0.00000000000
 0.00000000000 0.00000000000 0.00000000000 0.00000000000
 0.00000000000 0.00000000000 0.00000000000 0.00000000000
 0.00000000000 0.00000000000 0.00000000000 0.00000000000
 0.00000000000 0.00000000000 0.00000000000 0.00000000000
# logsel_slope_fsh[1]:
 0.00000000000 0.00000000000 0.00000000000 0.00000000000 0.00000000000 0.00000000000 0.00000000000 0.00000000000 0.00000000000 0.00000000000 0.00000000000 0.00000000000 0.00000000000 0.00000000000 0.00000000000 0.00000000000 0.00000000000 0.00000000000 0.00000000000 0.00000000000 0.00000000000 0.00000000000 0.00000000000 0.00000000000 0.00000000000 0.00000000000 0.00000000000 0.00000000000 0.00000000000 0.00000000000 0.00000000000 0.00000000000 0.00000000000 0.00000000000 0.00000000000 0.00000000000 0.00000000000 0.00000000000 0.00000000000 0.00000000000 0.00000000000 0.00000000000 0.00000000000
# logsel_slope_fsh[2]:
 0.00000000000 0.00000000000 0.00000000000 0.00000000000 0.00000000000 0.00000000000 0.00000000000 0.00000000000 0.00000000000 0.00000000000 0.00000000000 0.00000000000 0.00000000000 0.00000000000 0.00000000000 0.00000000000 0.00000000000 0.00000000000 0.00000000000 0.00000000000 0.00000000000 0.00000000000 0.00000000000 0.00000000000 0.00000000000 0.00000000000 0.00000000000 0.00000000000 0.00000000000 0.00000000000 0.00000000000 0.00000000000 0.00000000000 0.00000000000 0.00000000000 0.00000000000 0.00000000000 0.00000000000 0.00000000000 0.00000000000 0.00000000000 0.00000000000 0.00000000000
# logsel_slope_fsh[3]:
 0.00000000000 0.00000000000
# logsel_slope_fsh[4]:
 0.00000000000 0.00000000000 0.00000000000 0.00000000000 0.00000000000 0.00000000000 0.00000000000 0.00000000000 0.00000000000 0.00000000000 0.00000000000 0.00000000000 0.00000000000 0.00000000000 0.00000000000 0.00000000000 0.00000000000 0.00000000000 0.00000000000 0.00000000000 0.00000000000 0.00000000000 0.00000000000 0.00000000000 0.00000000000 0.00000000000 0.00000000000 0.00000000000 0.00000000000 0.00000000000 0.00000000000 0.00000000000 0.00000000000 0.00000000000 0.00000000000 0.00000000000 0.00000000000
# sel50_fsh[1]:
 0.00000000000 0.00000000000 0.00000000000 0.00000000000 0.00000000000 0.00000000000 0.00000000000 0.00000000000 0.00000000000 0.00000000000 0.00000000000 0.00000000000 0.00000000000 0.00000000000 0.00000000000 0.00000000000 0.00000000000 0.00000000000 0.00000000000 0.00000000000 0.00000000000 0.00000000000 0.00000000000 0.00000000000 0.00000000000 0.00000000000 0.00000000000 0.00000000000 0.00000000000 0.00000000000 0.00000000000 0.00000000000 0.00000000000 0.00000000000 0.00000000000 0.00000000000 0.00000000000 0.00000000000 0.00000000000 0.00000000000 0.00000000000 0.00000000000 0.00000000000
# sel50_fsh[2]:
 0.00000000000 0.00000000000 0.00000000000 0.00000000000 0.00000000000 0.00000000000 0.00000000000 0.00000000000 0.00000000000 0.00000000000 0.00000000000 0.00000000000 0.00000000000 0.00000000000 0.00000000000 0.00000000000 0.00000000000 0.00000000000 0.00000000000 0.00000000000 0.00000000000 0.00000000000 0.00000000000 0.00000000000 0.00000000000 0.00000000000 0.00000000000 0.00000000000 0.00000000000 0.00000000000 0.00000000000 0.00000000000 0.00000000000 0.00000000000 0.00000000000 0.00000000000 0.00000000000 0.00000000000 0.00000000000 0.00000000000 0.00000000000 0.00000000000 0.00000000000
# sel50_fsh[3]:
 0.00000000000 0.00000000000
# sel50_fsh[4]:
 0.00000000000 0.00000000000 0.00000000000 0.00000000000 0.00000000000 0.00000000000 0.00000000000 0.00000000000 0.00000000000 0.00000000000 0.00000000000 0.00000000000 0.00000000000 0.00000000000 0.00000000000 0.00000000000 0.00000000000 0.00000000000 0.00000000000 0.00000000000 0.00000000000 0.00000000000 0.00000000000 0.00000000000 0.00000000000 0.00000000000 0.00000000000 0.00000000000 0.00000000000 0.00000000000 0.00000000000 0.00000000000 0.00000000000 0.00000000000 0.00000000000 0.00000000000 0.00000000000
# logsel_p1_fsh[1]:
 0.00000000000 0.00000000000 0.00000000000 0.00000000000 0.00000000000 0.00000000000 0.00000000000 0.00000000000 0.00000000000 0.00000000000 0.00000000000 0.00000000000 0.00000000000 0.00000000000 0.00000000000 0.00000000000 0.00000000000 0.00000000000 0.00000000000 0.00000000000 0.00000000000 0.00000000000 0.00000000000 0.00000000000 0.00000000000 0.00000000000 0.00000000000 0.00000000000 0.00000000000 0.00000000000 0.00000000000 0.00000000000 0.00000000000 0.00000000000 0.00000000000 0.00000000000 0.00000000000 0.00000000000 0.00000000000 0.00000000000 0.00000000000 0.00000000000 0.00000000000
# logsel_p1_fsh[2]:
 0.00000000000 0.00000000000 0.00000000000 0.00000000000 0.00000000000 0.00000000000 0.00000000000 0.00000000000 0.00000000000 0.00000000000 0.00000000000 0.00000000000 0.00000000000 0.00000000000 0.00000000000 0.00000000000 0.00000000000 0.00000000000 0.00000000000 0.00000000000 0.00000000000 0.00000000000 0.00000000000 0.00000000000 0.00000000000 0.00000000000 0.00000000000 0.00000000000 0.00000000000 0.00000000000 0.00000000000 0.00000000000 0.00000000000 0.00000000000 0.00000000000 0.00000000000 0.00000000000 0.00000000000 0.00000000000 0.00000000000 0.00000000000 0.00000000000 0.00000000000
# logsel_p1_fsh[3]:
 0.00000000000 0.00000000000
# logsel_p1_fsh[4]:
 0.00000000000 0.00000000000 0.00000000000 0.00000000000 0.00000000000 0.00000000000 0.00000000000 0.00000000000 0.00000000000 0.00000000000 0.00000000000 0.00000000000 0.00000000000 0.00000000000 0.00000000000 0.00000000000 0.00000000000 0.00000000000 0.00000000000 0.00000000000 0.00000000000 0.00000000000 0.00000000000 0.00000000000 0.00000000000 0.00000000000 0.00000000000 0.00000000000 0.00000000000 0.00000000000 0.00000000000 0.00000000000 0.00000000000 0.00000000000 0.00000000000 0.00000000000 0.00000000000
# logsel_p2_fsh[1]:
 0.00000000000 0.00000000000 0.00000000000 0.00000000000 0.00000000000 0.00000000000 0.00000000000 0.00000000000 0.00000000000 0.00000000000 0.00000000000 0.00000000000 0.00000000000 0.00000000000 0.00000000000 0.00000000000 0.00000000000 0.00000000000 0.00000000000 0.00000000000 0.00000000000 0.00000000000 0.00000000000 0.00000000000 0.00000000000 0.00000000000 0.00000000000 0.00000000000 0.00000000000 0.00000000000 0.00000000000 0.00000000000 0.00000000000 0.00000000000 0.00000000000 0.00000000000 0.00000000000 0.00000000000 0.00000000000 0.00000000000 0.00000000000 0.00000000000 0.00000000000
# logsel_p2_fsh[2]:
 0.00000000000 0.00000000000 0.00000000000 0.00000000000 0.00000000000 0.00000000000 0.00000000000 0.00000000000 0.00000000000 0.00000000000 0.00000000000 0.00000000000 0.00000000000 0.00000000000 0.00000000000 0.00000000000 0.00000000000 0.00000000000 0.00000000000 0.00000000000 0.00000000000 0.00000000000 0.00000000000 0.00000000000 0.00000000000 0.00000000000 0.00000000000 0.00000000000 0.00000000000 0.00000000000 0.00000000000 0.00000000000 0.00000000000 0.00000000000 0.00000000000 0.00000000000 0.00000000000 0.00000000000 0.00000000000 0.00000000000 0.00000000000 0.00000000000 0.00000000000
# logsel_p2_fsh[3]:
 0.00000000000 0.00000000000
# logsel_p2_fsh[4]:
 0.00000000000 0.00000000000 0.00000000000 0.00000000000 0.00000000000 0.00000000000 0.00000000000 0.00000000000 0.00000000000 0.00000000000 0.00000000000 0.00000000000 0.00000000000 0.00000000000 0.00000000000 0.00000000000 0.00000000000 0.00000000000 0.00000000000 0.00000000000 0.00000000000 0.00000000000 0.00000000000 0.00000000000 0.00000000000 0.00000000000 0.00000000000 0.00000000000 0.00000000000 0.00000000000 0.00000000000 0.00000000000 0.00000000000 0.00000000000 0.00000000000 0.00000000000 0.00000000000
# logsel_p3_fsh[1]:
 0.00000000000 0.00000000000 0.00000000000 0.00000000000 0.00000000000 0.00000000000 0.00000000000 0.00000000000 0.00000000000 0.00000000000 0.00000000000 0.00000000000 0.00000000000 0.00000000000 0.00000000000 0.00000000000 0.00000000000 0.00000000000 0.00000000000 0.00000000000 0.00000000000 0.00000000000 0.00000000000 0.00000000000 0.00000000000 0.00000000000 0.00000000000 0.00000000000 0.00000000000 0.00000000000 0.00000000000 0.00000000000 0.00000000000 0.00000000000 0.00000000000 0.00000000000 0.00000000000 0.00000000000 0.00000000000 0.00000000000 0.00000000000 0.00000000000 0.00000000000
# logsel_p3_fsh[2]:
 0.00000000000 0.00000000000 0.00000000000 0.00000000000 0.00000000000 0.00000000000 0.00000000000 0.00000000000 0.00000000000 0.00000000000 0.00000000000 0.00000000000 0.00000000000 0.00000000000 0.00000000000 0.00000000000 0.00000000000 0.00000000000 0.00000000000 0.00000000000 0.00000000000 0.00000000000 0.00000000000 0.00000000000 0.00000000000 0.00000000000 0.00000000000 0.00000000000 0.00000000000 0.00000000000 0.00000000000 0.00000000000 0.00000000000 0.00000000000 0.00000000000 0.00000000000 0.00000000000 0.00000000000 0.00000000000 0.00000000000 0.00000000000 0.00000000000 0.00000000000
# logsel_p3_fsh[3]:
 0.00000000000 0.00000000000
# logsel_p3_fsh[4]:
 0.00000000000 0.00000000000 0.00000000000 0.00000000000 0.00000000000 0.00000000000 0.00000000000 0.00000000000 0.00000000000 0.00000000000 0.00000000000 0.00000000000 0.00000000000 0.00000000000 0.00000000000 0.00000000000 0.00000000000 0.00000000000 0.00000000000 0.00000000000 0.00000000000 0.00000000000 0.00000000000 0.00000000000 0.00000000000 0.00000000000 0.00000000000 0.00000000000 0.00000000000 0.00000000000 0.00000000000 0.00000000000 0.00000000000 0.00000000000 0.00000000000 0.00000000000 0.00000000000
# rec_dev_future:
 0.00000000000 0.00000000000 0.00000000000 0.00000000000 0.00000000000 0.00000000000 0.00000000000 0.00000000000 0.00000000000 0.00000000000 0.00000000000 0.00000000000 0.00000000000 0.00000000000 0.00000000000 0.00000000000 0.00000000000 0.00000000000 0.00000000000 0.00000000000
 0.00000000000 0.00000000000 0.00000000000 0.00000000000 0.00000000000 0.00000000000 0.00000000000 0.00000000000 0.00000000000 0.00000000000 0.00000000000 0.00000000000 0.00000000000 0.00000000000 0.00000000000 0.00000000000 0.00000000000 0.00000000000 0.00000000000 0.00000000000
# log_q_ind[1]:
0.495925969676
# log_q_ind[2]:
-1.69593757847
# log_q_ind[3]:
-9.20055484356
# log_q_ind[4]:
0.0467903159911
# log_q_ind[5]:
-2.66580694614
# log_q_ind[6]:
-4.96231886602
# log_q_ind[7]:
-1.30360763815
# log_q_power_ind[1]:
0.00000000000
# log_q_power_ind[2]:
0.00000000000
# log_q_power_ind[3]:
0.00000000000
# log_q_power_ind[4]:
0.00000000000
# log_q_power_ind[5]:
0.00000000000
# log_q_power_ind[6]:
0.00000000000
# log_q_power_ind[7]:
0.00000000000
# log_rw_q_ind[1]:
 -0.897423371376
# log_rw_q_ind[3]:
 -0.424529626911
# log_rw_q_ind[7]:
 -0.417939752417
# log_selcoffs_ind[1]:
 -2.17438630410 -1.36781781524 -0.768824886089 -0.345733208947 -0.0639818450306 0.141675273211 0.303364864568 0.432658142577 0.526226415993 0.577672219273
 -2.74624571458 -1.95216485351 -1.19540659377 -0.551833146863 -0.0873171753782 0.209940200201 0.382693869169 0.499653552719 0.582688066312 0.620670795046
# log_selcoffs_ind[2]:
 -1.43754498555 -1.66573177815 -1.96535609016 -2.10844637818 -1.99213381785 -1.56907345578 -0.862877811935 0.0374364541161 0.962114807677 1.58718113668
 -0.211477235725 -0.680468445256 -0.979506740353 -1.10245857243 -1.04212828902 -0.777172836805 -0.317642548968 0.250709727954 0.775968572110 1.09151383592
 0.445456099533 0.0135139976858 -0.187053948458 -0.278077271715 -0.358561575314 -0.377245929669 -0.278762769601 -0.0673309231016 0.203899708993 0.429407196100
# log_selcoffs_ind[3]:
 -0.202940821038 0.0202027052767 0.0202027052767 0.0202027052767 0.0202027052767 0.0202027052767 0.0202027052767 0.0202027052767 0.0202027052767 0.0202027052767
# log_selcoffs_ind[4]:
 -1.35035141424 -0.991503626440 -0.655278876298 -0.368694717214 -0.131289437861 0.0729652816867 0.249125868227 0.396290109163 0.507091924331 0.574691380820
 -1.92061959825 -1.55165165022 -1.17891397843 -0.796556863824 -0.418176288150 -0.0581983540179 0.268083510504 0.535853278997 0.716335521026 0.796653300810
# log_selcoffs_ind[5]:
 -3.04452005677 -0.669616569639 0.101782682789 0.174353368097 0.174353368097 0.174353368097 0.174353368097 0.174353368097 0.174353368097 0.174353368097
# log_selcoffs_ind[6]:
 -3.04452005677 -0.669616569639 0.101782682789 0.174353368097 0.174353368097 0.174353368097 0.174353368097 0.174353368097 0.174353368097 0.174353368097
# log_selcoffs_ind[7]:
 -3.04452005677 -0.669616569639 0.101782682789 0.174353368097 0.174353368097 0.174353368097 0.174353368097 0.174353368097 0.174353368097 0.174353368097
# logsel_slope_ind[1]:
 0.00000000000 0.00000000000
# logsel_slope_ind[2]:
 0.00000000000 0.00000000000 0.00000000000
# logsel_slope_ind[3]:
 0.00000000000
# logsel_slope_ind[4]:
 0.00000000000 0.00000000000
# logsel_slope_ind[5]:
 0.00000000000
# logsel_slope_ind[6]:
 0.00000000000
# logsel_slope_ind[7]:
 0.00000000000
# sel50_ind[1]:
 0.00000000000 0.00000000000
# sel50_ind[2]:
 0.00000000000 0.00000000000 0.00000000000
# sel50_ind[3]:
 0.00000000000
# sel50_ind[4]:
 0.00000000000 0.00000000000
# sel50_ind[5]:
 0.00000000000
# sel50_ind[6]:
 0.00000000000
# sel50_ind[7]:
 0.00000000000
# logsel_p1_ind[1]:
 0.00000000000 0.00000000000
# logsel_p1_ind[2]:
 0.00000000000 0.00000000000 0.00000000000
# logsel_p1_ind[3]:
 0.00000000000
# logsel_p1_ind[4]:
 0.00000000000 0.00000000000
# logsel_p1_ind[5]:
 0.00000000000
# logsel_p1_ind[6]:
 0.00000000000
# logsel_p1_ind[7]:
 0.00000000000
# sel_p2_ind[1]:
 0.00000000000 0.00000000000
# sel_p2_ind[2]:
 0.00000000000 0.00000000000 0.00000000000
# sel_p2_ind[3]:
 0.00000000000
# sel_p2_ind[4]:
 0.00000000000 0.00000000000
# sel_p2_ind[5]:
 0.00000000000
# sel_p2_ind[6]:
 0.00000000000
# sel_p2_ind[7]:
 0.00000000000
# logsel_p3_ind[1]:
 0.00000000000 0.00000000000
# logsel_p3_ind[2]:
 0.00000000000 0.00000000000 0.00000000000
# logsel_p3_ind[3]:
 0.00000000000
# logsel_p3_ind[4]:
 0.00000000000 0.00000000000
# logsel_p3_ind[5]:
 0.00000000000
# logsel_p3_ind[6]:
 0.00000000000
# logsel_p3_ind[7]:
 0.00000000000
