# Number of parameters = 1617 Objective function value = 1241.78209268134  Maximum gradient component = 0.000155867785223821
# Mest[1]:
0.280000000000
# Mest[2]:
0.330000000000
# log_Linf[1]:
4.29810139974
# log_Linf[2]:
4.29810139974
# log_k[1]:
-1.83258146375
# log_k[2]:
-1.83258146375
# log_Lo[1]:
2.60712428251
# log_Lo[2]:
2.60712428251
# log_sdage[1]:
-2.40794560865
# log_sdage[2]:
-2.40794560865
# mean_log_rec[1]:
9.25492421226
# mean_log_rec[2]:
7.44132430428
# mean_log_rec[3]:
7.43928257190
# steepness[1]:
0.650000000000
# steepness[2]:
0.650000000000
# steepness[3]:
0.650000000000
# log_Rzero[1]:
9.30499120812
# log_Rzero[2]:
7.67569185680
# log_Rzero[3]:
7.03920156435
# rec_dev:
 -0.0335963832130 -0.0439155513757 -0.0571009151371 -0.0738813151365 -0.0951375997676 -0.121820333830 -0.154148137087 -0.191753952982 -0.236511964964 -0.289513655161 -0.347939795833 -0.399761086488 -0.458665545155 -0.527807903339 -0.640047936240 -0.650703128885 -0.402676710139 -0.220821097618 0.0292540655217 0.243855672384 0.269500842953 0.283868582988 0.378378935412 0.474710458183 1.00793723781 0.826171538308 0.861832965618 1.68925283640 1.56965157632 0.749549325762 0.181660167073 0.464215921882 0.669452098480 0.746042520555 0.239475024430 0.269798967943 0.0470812738386 0.214870336847 0.318285964014 0.355326974231 0.449048073764 0.548775861484 0.564130699051 0.488852753946 0.0903140680596 -0.357838366970 -0.189510037400 -0.555773062693 -1.33547385029 -0.528740141020 -0.635206464209 -1.14889583212 -1.27494092153 -1.32974841425 -1.15226594903 -0.734697939395 -0.796246456156 -0.604091524396 -0.414653930779 -0.126868277287 -0.288180464003 -0.468460128727 0.00202980923649 -0.459171175924 -0.638674389166 0.0980899418407 0.713463858813
 -0.0135661086558 -0.0180230162564 -0.0237427974998 -0.0309885962866 -0.0396309063082 -0.0511946978943 -0.0669609466524 -0.0881282805885 -0.114763532146 -0.136841591750 -0.223577659936 -0.304218437012 -0.106508059318 0.166294283883 -0.169678053127 -0.385041705587 0.367849457901 0.578447181024 0.112947738525 0.294310082335 0.198170298876 -0.156007772037 -0.213969280695 -0.0875961460471 -0.486455349261 -1.31894619465 -0.820838982003 -0.134151325045 0.840660575308 0.0283872030494 -0.0523085246355 -0.693209533689 -0.775766271940 0.122379576084 0.346711576402 0.276670047378 1.15353563513 -0.210595849905 0.657637432692 0.360893971285 1.15101291594 0.835715570995 -0.663144187069 0.0434543145354 -2.30577925723 -0.609079809017 0.625467182737 -0.131314303182 -1.42223832207 -1.18698493897 0.545351086515 -0.719885181154 -0.973299527012 0.388763364516 0.153132829513 -0.182748527643 -0.223973640078 0.494168606617 1.10090528372 0.868174594073 0.0700698010830 -0.00279310618798 0.150657062542 -0.545301634554 -0.672138955045 -0.286359009120 -0.00420499299952
# log_sigmar[1]:
-0.510825623766
# log_sigmar[2]:
-0.510825623766
# log_sigmar[3]:
-0.510825623766
# fmort:
 -4.77311735073 -4.37340363728 -5.11892742224 -4.81167746930 -4.06335814761 -3.75396582494 -3.44564848411 -3.49474434981 -2.87325755048 -3.02065594903 -3.31738486718 -2.93114625198 -2.20230530059 -3.13816883670 -2.29932127113 -2.86855167532 -5.26634754018 -3.97705274875 -4.33147397663 -4.39087271301 -4.39710837419 -4.02903467029 -3.92830130760 -3.72431164226 -4.15075258524 -3.84507620781 -3.34969493442 -4.38194382805 -5.58012440445 -4.94456311993 -4.50003046117 -3.86122134312 -4.73728858022 -4.30977576669 -4.18083743355 -3.67835288414 -3.58287783204 -3.15606141737 -2.62767607455 -2.88036763915 -2.29678769345 -3.83299719655 -4.77982395777 -4.24987098654 -4.15784113330 -3.76287756840 -3.99236606534 -3.44936267060 -4.49162046237 -4.69179386665 -3.43416447685 -3.34160030378 -3.38999127566 -3.47127995992 -3.06325931189 -3.15130884856
 -7.16483162395 -6.73604254472 -6.27442059776 -5.68785766979 -5.91037505423 -5.20816288212 -4.70301395622 -4.40785215866 -3.97932644294 -3.78359381179 -3.65904478026 -2.90909702662 -2.66433771122 -2.92987424931 -2.60267461543 -2.27681114128 -2.17265001624 -1.92905565415 -1.89469455238 -1.81399151886 -1.79064175541 -1.38524735565 -0.938075553675 -0.810513423264 -0.394341173943 0.181291853371 0.454068571004 0.656724515162 0.198205591730 -0.210893015036 -0.492366203213 -0.288191986207 -0.243774156912 -0.420487712018 -0.503066391873 -0.517989266619 -0.655638468253 -0.571308407054 -0.836721245605 -0.636307086760 -1.15240639762 -1.37078171030 -1.44261792680 -1.50639605263 -1.53136151842 -1.33156957527 -1.22538185296 -1.13304722598 -1.01460788318 -1.07718546725 -0.985890996878 -0.869074225805 -0.858805570541 -0.714085577919 -0.251577995576 -0.278259122952
 -6.53058414576 -5.81003951651 -4.88530674097 -4.11744645145 -3.07536435974 -4.17637226255 -3.75362018216 -1.40108321383 -1.66518865073 -1.57051937673 -1.17348282099 -0.714991242944 -1.76561499602 -2.13040272550 -1.78038901659 -2.12004645419 -2.57585151585 -2.78040146846 -1.50026083744 -2.04033891248 -1.39823837075 -1.58706962157 -1.95778764620 -1.71547188540 -1.68317373812 -0.426589627741 -0.106267013751 0.302966351908 1.57806775126 0.737645782226 -0.157253274506 0.969084183704 -0.656600594811 -0.195319258538 -0.153609080617 -0.0487046081403 0.607249964436 0.168726290145 0.522390938753 1.33928716250 -1.88212471947 -0.633183403409 -0.886739941484 -1.65921957444 -2.65227076746 -4.39835857262 -4.93564196509 -5.53754013489 -3.90491470532 -3.42725699260 -3.62624585289 -3.66039069723 -3.17443831987 -2.64135192780 -2.50927119400 -2.35113052566
 -9.63217233894 -9.59517114064 -7.84928474667 -9.51090200586 -9.45989088020 -9.39989867630 -9.29187599018 -8.44088924433 -5.24802723398 -3.17169613179 -3.17052326172 -2.84689744744 -2.20814693712 -1.91608507494 -1.69535325027 -1.98390523800 -2.16656914577 -2.41071995021 -2.62144347844 -2.76131655214 -2.87273005581 -3.36639378871 -5.91825586467 -9.39605802571 -9.19610370336 -8.87304217173 -8.51611437362 -8.22147365667 -8.14015584764 -8.25371330355 -7.72543610559 -5.81844859245 -4.66906251811 -4.02544328045 -3.29877102792 -3.37641287055 -2.83090865489 -2.32052693618 -2.15955556604 -1.98437244123 -2.02993409154 -3.15181016335 -3.47749292620 -3.46686840515 -3.07458005766 -2.91348530058 -3.42018388474 -3.48249059214 -3.48028464182 -3.62169181623 -6.09055489425 -3.79261494140 -3.62714957080 -3.25107186984 -4.19718917290 -5.05386035622
# log_selcoffs_fsh[1]:
 -3.49644482191 -1.84460398526 -0.856690060432 0.0752465838317 0.868896052583 0.955706031094 0.286807635348 -0.479530471743 -0.986533438426
 -3.09787054976 -1.43547299397 -0.726615704400 0.0231033845564 0.759876225685 0.898573377244 0.363234649359 -0.322843930505 -0.790167499480
 -2.79129869996 -1.34381269718 -0.523840326133 0.240520097302 0.739330019500 0.731951664726 0.297989032819 -0.257717530470 -0.653867804802
 -2.40346086502 -1.13635915932 -0.520551111547 0.0851782988875 0.775472945944 0.735054803605 0.262533989831 -0.243957855210 -0.571727808777
 -1.76668277284 -0.260323735276 0.0153104539154 0.224511576817 0.436106942903 0.448308143516 0.180712344051 -0.177237362205 -0.441341734904
 -1.66016020878 -0.466985416976 0.466594117480 0.651065654478 0.282288489173 0.0873784741900 -0.0958045227341 -0.315083891991 -0.486092683769
 -1.39353699918 -0.335684706696 0.543361436748 0.732417025467 0.278037576785 -0.0731287361455 -0.283843558509 -0.434563076036 -0.536793901431
 -1.01358660532 -0.169982981673 0.591323181099 0.777485201999 0.188630639917 -0.201655119666 -0.426986134200 -0.542414782645 -0.593756755872
 -0.749257021118 0.252983653533 0.487297559728 0.592939614517 0.280615809700 -0.213004581840 -0.504418264963 -0.617272232694 -0.640854442019
 -0.522836128180 0.391248554272 0.575085293281 0.569276430486 0.132920220317 -0.338503868002 -0.617812983921 -0.702655256301 -0.703841615346
 -0.0189941484601 0.921954729485 0.451096713569 0.157855204027 -0.231653370896 -0.551973006743 -0.739227803798 -0.788755028730 -0.770765729501
 0.184576092160 0.863939482506 0.613434245894 0.122240401773 -0.422269732236 -0.702848959919 -0.831785071351 -0.857180373436 -0.826321944176
 -0.0532730775041 1.13131978646 0.641848770874 -0.0931164439236 -0.635381568254 -0.865874142441 -0.939039806303 -0.935045687252 -0.898773913737
 0.179050488028 1.15900014977 0.583112053216 -0.179072171538 -0.748293607811 -0.958464506119 -1.00537398641 -0.979845292171 -0.937536861173
 0.191637435864 1.20132402528 0.565876048319 -0.225911567419 -0.794968978816 -1.00903109940 -1.05246303182 -1.01787338340 -0.970568565656
 -0.213124089305 1.27444471577 0.667629859766 -0.187957466726 -0.820497883643 -1.05012722789 -1.09681810419 -1.05787047431 -1.00584181044
 -0.108085109822 1.31087276090 0.593627098434 -0.233457290627 -0.848329805628 -1.07870791066 -1.12522780944 -1.08208950492 -1.02422426554
 0.436351713856 1.11032921242 0.626691863877 -0.252753199538 -0.874181594295 -1.09739556259 -1.13839051780 -1.08608608022 -1.01968373756
 0.742797705609 1.09904713718 0.396249369634 -0.359098317907 -0.926942206235 -1.13997662907 -1.17285927582 -1.10730356274 -1.03051245166
 0.463258646424 1.19836051394 0.549165101813 -0.349564686990 -0.976837372567 -1.19207000809 -1.21028047964 -1.12378423452 -1.03276009099
 0.531085942202 1.28148621252 0.393679632786 -0.472360474197 -1.05887679646 -1.25537441110 -1.25458730037 -1.14301114778 -1.03447394448
 0.515233358272 1.26808925124 0.503443443728 -0.537185009484 -1.15171658167 -1.32424172070 -1.29209599495 -1.15131250714 -1.02136682410
 0.685566764805 1.22422398001 0.413726758186 -0.545886960815 -1.17993992962 -1.36042521706 -1.31293484002 -1.14525232675 -0.992133352407
 0.368779615608 1.38082228553 0.391753398570 -0.575003557013 -1.18627225915 -1.36984600163 -1.31814737008 -1.13145074697 -0.957412878691
 0.524047154387 1.29126542072 0.384922375844 -0.529124406239 -1.13909156629 -1.33659844578 -1.28328322587 -1.07662079223 -0.880863371280
 0.606264883674 1.15686924597 0.439728697685 -0.383861835361 -1.07515807519 -1.28738027040 -1.21154468653 -0.981877357263 -0.769217837043
 0.204803284413 1.21974542921 0.509467115201 -0.278371526474 -0.988552165128 -1.19555154067 -1.09965851039 -0.850982778436 -0.634238575585
 0.288389983505 1.20449996495 0.367953036251 -0.415978461391 -0.949204300216 -1.09086040092 -0.956809337177 -0.696275188027 -0.477017633333
 1.04306791906 0.714219923381 0.00738483559839 -0.601368563025 -0.938058193389 -0.971401293071 -0.789009162889 -0.513053205534 -0.299585701803
 0.619356921806 0.959073607283 0.0185987756562 -0.688567002420 -0.918043366409 -0.843733839661 -0.605204873392 -0.313283812245 -0.0992516433817
 0.346198548264 0.939567043411 -0.102451011527 -0.694739895082 -0.822624311135 -0.691640927102 -0.409862133958 -0.102923182403 0.113014318977
 0.254058301704 0.549664528608 -0.167534553168 -0.592856891224 -0.644334329564 -0.478768367317 -0.177075686606 0.144245535556 0.366132500481
 -0.597378189190 0.230846492298 -0.148049333418 -0.402931182159 -0.373094071846 -0.242814486803 0.0426544941507 0.337007795677 0.555028355057
 -1.04379964660 -0.456704585547 -0.512106000283 -0.355279721525 -0.137429174378 -0.0311697531727 0.288423064971 0.474824982405 0.658217837390
 -0.628310166881 -0.242358958885 -0.802878400446 -0.813548071488 -0.489093443277 -0.137223931327 0.250879832373 0.576476109568 0.806718958190
 -0.0984974603899 -1.09200406712 -1.27654562196 -1.00436675147 -0.585281427284 -0.152567566069 0.283980985117 0.653921393025 0.894477683741
 -1.40757669479 -1.47977179488 -1.37652009638 -0.891640458962 -0.410735914168 -0.0436500977917 0.399661041852 0.754152935915 0.966054415213
 -2.27477086627 -1.73148116916 -1.41926801391 -0.885388138689 -0.378313748047 0.0412451098702 0.403016818608 0.761273080003 0.993717313750
 -2.60477047774 -2.44592149231 -2.03549077924 -1.28105362968 -0.440109514085 0.171770134651 0.587479606006 0.828456078764 0.920471403053
 -3.09537844522 -2.88819980139 -2.35089144080 -1.47134474678 -0.537911850376 0.233699146104 0.681526529758 0.845498667615 0.884140281059
 -3.24193869775 -2.95391318571 -2.35000871675 -1.52645113520 -0.669881154059 0.0586851698945 0.610339233273 0.925136243376 0.978560779246
 -3.61204717034 -2.96761063257 -2.18837814757 -1.46940693166 -0.701940326795 -0.0198765875321 0.527782878007 0.943694127090 1.04339872222
 -3.66667782338 -2.95217882075 -2.17876580846 -1.43210701237 -0.686890335097 -0.0231394356146 0.522444772884 0.917913807645 1.06462671112
# log_selcoffs_fsh[2]:
 -2.05997926461 -0.113624588484 0.626792077339 0.887379026951 0.590103353084 0.0174494187188 -0.436234888718 -0.749156524160 -0.938258427225 -1.05762133346
 -2.04599629866 -0.149930363073 -0.114366109506 0.430463914163 0.813348046129 0.589005821167 0.00706856243934 -0.490889587725 -0.746468734669 -0.845778016734
 -2.52667728623 -0.747702018991 -0.257594466141 0.297226246359 0.793199923714 0.741191494714 0.198118683680 -0.321415535879 -0.581012772076 -0.663314833944
 -2.85058758468 -1.29434308270 -0.428297280789 0.116438698027 0.729699060186 0.835592380730 0.301457491175 -0.163741326702 -0.389310578865 -0.455617183155
 -2.37956577012 -0.872095083297 -0.812364937502 -0.333945587592 0.435293912820 0.799958232969 0.474394445261 0.123621138174 -0.0633448759461 -0.126332593790
 -1.88419405116 -0.764095159916 -0.577025435025 -0.504626043360 -0.0171088633744 0.406283972479 0.500181747483 0.401745104898 0.289704396502 0.225737231256
 -2.54165325104 -1.23222996195 -0.367985106622 -0.247580302827 -0.158766944599 0.129518005132 0.389783603659 0.490050294937 0.452959632112 0.394277566230
 -3.14121803584 -2.08336825891 -1.24956796137 -0.531782539935 0.0169267677680 0.352709710713 0.550345017905 0.526380878313 0.470604747446 0.399096504508
 -3.47191409620 -2.41806523037 -1.76318356679 -1.06824433572 -0.284144993981 0.238449747461 0.593979490949 0.728437624836 0.632867795891 0.455382493462
 -3.62615407257 -2.39348316113 -1.68705842562 -1.20463513552 -0.762842942683 -0.164331144986 0.382778948634 0.866468009420 0.895424631069 0.581758533073
 -3.57463010860 -2.04905584538 -1.32424646524 -0.908052476923 -0.577954906105 -0.334534976193 0.141672454845 0.711571694570 0.927688546656 0.778885545697
 -3.61940678857 -2.10264996602 -1.28315843433 -0.871458183357 -0.537506493582 -0.227006851869 0.284231910669 0.642868198807 0.806548034669 0.834480995915
 -3.42438747279 -1.60181355583 -1.00561413849 -0.673959992784 -0.444658098895 -0.360492232835 0.0467309782633 0.446796975399 0.790404623121 1.00671353891
 -3.17056079297 -1.38181263693 -0.808886889183 -0.632073637973 -0.550939812298 -0.424238827121 -0.106075277423 0.321012716925 0.785465331844 1.10792611462
 -2.92908310180 -0.946613446827 -0.661193893669 -0.745767299281 -0.823797433466 -0.653009555874 -0.235685489454 0.263854177734 0.811817544994 1.18316541746
 -2.65153862993 -0.668103849596 -0.738356191720 -0.870517815978 -0.972756456982 -0.786408245665 -0.337059966090 0.213738825219 0.812960351035 1.24700041953
 -2.24202055535 -0.716703016377 -0.762807226976 -0.897319442129 -1.04276656487 -0.931179490095 -0.499959865393 0.116509237812 0.811356249089 1.33598266315
 -2.55433003562 -0.780061911209 -0.628365445516 -0.814300548252 -1.03063072587 -0.951818974598 -0.555777090030 0.0585317077307 0.775669073700 1.37084972021
 -2.85440459129 -1.05565170912 -0.680085040247 -0.800819470728 -0.998834057300 -0.907911140681 -0.510320195383 0.0815927327271 0.777276377150 1.38788781751
 -2.95595161967 -1.34499837460 -0.965190435200 -0.817085932114 -0.932285957796 -0.865455408875 -0.475995947208 0.124236010462 0.814258856943 1.39605639156
 -2.98323743576 -1.36629970089 -0.860353677079 -0.665039421445 -0.824124629651 -0.862947712488 -0.534997059790 0.0704282524838 0.793473521975 1.39297682731
 -3.09820614707 -1.41224392538 -0.789309141396 -0.491721470164 -0.627166780030 -0.708168609537 -0.477418634125 0.00777405702462 0.715272646463 1.37269306965
 -3.26932470259 -1.83065482925 -0.912816565345 -0.359017401315 -0.353374385006 -0.481348359735 -0.347165214290 0.00584659997538 0.611282061738 1.34189736987
 -3.37253853295 -2.05891121264 -1.13441884832 -0.442979907137 -0.0598890454174 -0.102434371919 0.0209974371819 0.241541925622 0.602676440500 1.06761574325
 -3.39195239090 -1.81899998671 -1.04422323450 -0.665673241991 -0.218415244844 0.0702515453448 0.245752140066 0.459045412354 0.624554669304 0.847218349087
 -3.45395271934 -2.07041539606 -1.16050720460 -0.331683756553 0.0416315081678 0.195839504851 0.344729380736 0.518531308261 0.565369206807 0.531274291028
 -3.51041534134 -1.73230586134 -0.966666258857 0.0101626682320 0.349955865967 0.370038210727 0.411581896836 0.471576226382 0.302061633457 0.0690737337041
 -3.56626030680 -1.23185827554 -0.626239134090 -0.0295203451585 0.332370959489 0.342844425316 0.586411406774 0.455399313598 0.122779321753 -0.143528986781
 -3.69202328958 -1.97661048468 -1.01783945255 0.0373796253673 0.368218293490 0.439165888001 0.656180314717 0.342069575279 0.118134329332 -0.0203671595020
 -3.84775174586 -2.06817452855 -0.794941639755 -0.0802825104950 0.496933847136 0.463763265495 0.362610614636 0.239963191680 0.231524799686 0.243160614579
 -3.71310262530 -1.63550127066 -0.458411400929 0.0927123525548 0.122303822257 0.0713747364519 0.179699206873 0.275303274245 0.433831093618 0.582374054875
 -3.63029245195 -1.73950280861 -0.724424267589 -0.202520264998 0.0872725997062 0.0827625104685 0.0698605290385 0.289828371571 0.553422066913 0.775363528212
 -3.12551755495 -1.15717188713 -0.984216546642 -0.674465421155 -0.264301881591 -0.0730429827778 0.0234401850686 0.312769780542 0.698993505199 0.977798892269
 -3.65873788736 -1.60085483688 -0.947120508563 -0.525423822488 -0.228069004280 -0.0366421723728 0.0914555928826 0.353844653242 0.672323649838 0.937728972267
 -3.93797936487 -1.97532225125 -1.30825169028 -0.837702894582 -0.301401162780 0.0133400743712 0.241009219158 0.482945332406 0.731207536484 0.881545214068
 -4.34712121883 -2.30764680751 -1.30950460398 -0.816986816333 -0.367084181819 -0.0900937769750 0.225644372091 0.536704562547 0.753985412700 0.908381307300
 -4.78859272117 -2.92378501322 -1.71812455358 -0.909333846361 -0.246790278923 0.0490432601775 0.322618522842 0.585915771377 0.729617052426 0.820889590733
 -5.09844306640 -3.30640712494 -2.31018601454 -1.42321313826 -0.547873481799 0.0366733945242 0.391394494520 0.650288587621 0.788757489752 0.877856169327
 -5.38946326415 -3.71065204690 -2.36227424335 -1.58425279522 -0.736259270719 -0.162497930334 0.264538648939 0.605060854437 0.843828685790 1.05893599040
 -5.58374880386 -4.13493342530 -2.74618769455 -1.68768374744 -1.00251736973 -0.353947365107 0.133679813397 0.543110575437 0.887991930600 1.21420849629
 -5.69027049648 -4.10582922498 -2.71372465580 -1.57737356194 -0.914115096405 -0.514627944779 -0.0731483260808 0.369357397673 0.891754591475 1.35919830733
 -5.78856115375 -3.98179614184 -2.49365708061 -1.58778064592 -0.796572371226 -0.531949486328 -0.292597605073 0.185777905248 0.857287683652 1.46919425348
 -6.06664558789 -4.13023261937 -2.17711510164 -0.927772218624 -0.550342521819 -0.309443641350 -0.251571415136 0.00744826898457 0.734570226269 1.45688159609
# log_selcoffs_fsh[3]:
 -5.33679045002 -1.23690277740 1.29413101123 0.589223861289 -0.493125138743 -1.09970842938 -1.16857292674
 -5.44589164308 -0.964658928288 0.593356255124 0.822652627314 0.325785218372 -0.464817275263 -0.664324118495
# log_selcoffs_fsh[4]:
 -1.86948233784 -1.53664434401 -1.17896181663 -0.777911151150 -0.341286019233 0.0938938626180 0.467849792966 0.732289416977 0.866276305751
 -1.85834612455 -1.53143492551 -1.17836188120 -0.779653782660 -0.343108126380 0.0925765020372 0.467959290837 0.732800413132 0.865968161166
 -1.83588328007 -1.52199874625 -1.18035169200 -0.783560507840 -0.344512988043 0.0939390050031 0.470759529407 0.732630398011 0.862674998412
 -1.79929858267 -1.49838006010 -1.17918817372 -0.801410588017 -0.353666269461 0.0981785968783 0.477139610550 0.733908573403 0.856513067233
 -1.73922047558 -1.45279543282 -1.15655905479 -0.804698032359 -0.379354820192 0.0863172602207 0.483025204996 0.738011652212 0.850765926651
 -1.66104779655 -1.36747266264 -1.11400378206 -0.805102427651 -0.384865361585 0.0757225766843 0.478471826220 0.735606823379 0.841767908687
 -1.57117617710 -1.28720663348 -1.00515165272 -0.750549482334 -0.386502113456 0.0649109093473 0.465074623716 0.720767310673 0.825676915168
 -1.46236007856 -1.20548553217 -0.932387064143 -0.642258656037 -0.329836399722 0.0612741778857 0.436363473916 0.690091079790 0.800138417180
 -1.31135636834 -1.08178130730 -0.856339459542 -0.589382607693 -0.269563840121 0.0753404230271 0.409839348734 0.649632193709 0.764907258968
 -1.13660192536 -0.917762154129 -0.700256447424 -0.515028768598 -0.260872224049 0.0595959778447 0.368388170462 0.606426940699 0.729807946284
 -0.966143040209 -0.755924360745 -0.545533559459 -0.360557178099 -0.219938247399 0.00651080245036 0.298132889710 0.546539515543 0.687807312381
 -0.803611941139 -0.627950512206 -0.434946737621 -0.247191892645 -0.107970615921 -0.00121883436495 0.211840352788 0.462524408790 0.625859536837
 -0.645434850655 -0.505821474801 -0.365848987229 -0.209370272311 -0.0660328587037 0.0451691995066 0.180075116936 0.381896772346 0.544171515530
 -0.483747659578 -0.382425643510 -0.281097455124 -0.176916321418 -0.0755721737960 0.0280039771814 0.162153260124 0.329984114704 0.461166495266
 -0.322949877468 -0.259744347641 -0.200459414146 -0.144038546173 -0.0817868424127 0.00172256678253 0.122379639161 0.267612619573 0.378652780490
 -0.164236414041 -0.138596633956 -0.121991489392 -0.114917003743 -0.0928026606906 -0.0358881070329 0.0670018607462 0.195665210366 0.294715857773
 -0.00246455208950 -0.0175236026657 -0.0451302160979 -0.0933425239653 -0.116608172767 -0.0897790573428 -0.00384654560164 0.114588799483 0.208182686269
 0.153029523280 0.113546829098 0.0165409614397 -0.0930695832259 -0.155192436672 -0.156255677117 -0.0851981408671 0.0261168124297 0.122399635860
 0.276825365265 0.224966539871 0.103310313341 -0.131848391539 -0.234217825859 -0.226821009088 -0.161485765362 -0.0465976606762 0.0486671206800
 0.258538013213 0.252158190413 0.164641421347 -0.0598808895459 -0.262488014325 -0.280330938993 -0.191428075685 -0.0760177875625 0.0198712540367
 0.177729545298 0.209694320446 0.0937061352747 -0.0204451638275 -0.164515557306 -0.237032807489 -0.162935205959 -0.0387493788663 0.0442938541374
 -0.0236809522844 0.0868925607346 0.00999578173324 -0.0680956462662 -0.0930679747874 -0.112407958629 -0.0390189946057 0.0654748910305 0.143404516614
 -0.266069566356 -0.159834843465 -0.0776804226559 -0.0668670248099 -0.0451809428370 0.0157531203561 0.0943000500858 0.176733972875 0.228604344542
 -0.570617861034 -0.402359837728 -0.263233815090 -0.123556148941 0.00743113395083 0.125553680654 0.219567344822 0.291114159320 0.328627195409
 -0.827982582243 -0.593990607592 -0.373424457910 -0.166494454507 0.0485366148839 0.204857715311 0.291459518064 0.347069154640 0.368504940345
 -1.11472124417 -0.818018452363 -0.553644308278 -0.255393426477 0.0354698757000 0.259642677680 0.381105923391 0.428237962974 0.438382956525
 -1.37619741258 -0.994797924357 -0.746000973151 -0.367339572903 0.0522801539765 0.308252349957 0.441990215696 0.486749681494 0.478279279530
 -1.56434015338 -1.24830847712 -0.896914191256 -0.386305501625 0.0267880941451 0.230882382794 0.407888272529 0.551947431709 0.636186689083
 -1.06441690085 -1.19047660213 -0.967608511233 -0.605080771573 -0.182465317920 0.163204296636 0.422003053092 0.608749658424 0.718492215276
 -1.47015430484 -1.17217930713 -1.02534209151 -0.681863261708 -0.221272711793 0.169006992455 0.450570745274 0.648847713588 0.755136515731
 -1.45476763816 -1.00758632649 -0.962281732765 -0.792986659027 -0.452414522840 -0.0316787653817 0.392564759359 0.718945850370 0.887473146614
 -1.41196065187 -0.665997961553 -0.683538506135 -0.753948164836 -0.565218927119 -0.184278456185 0.262448898420 0.679772192399 0.953109924491
 -1.69534490875 -0.471924998755 0.0536842484520 -0.225623704074 -0.333752812074 -0.241962617432 0.0592671753026 0.466836421614 0.780323688261
 -1.76127670370 -0.257721739229 -0.0423685612875 -0.123050028806 -0.227207082611 -0.224340089898 0.0200208751791 0.416102261432 0.732639895682
 -1.97606295194 -0.722936133474 -0.0903750229159 0.0563883843065 -0.209865397948 -0.288785090875 -0.0496462987905 0.433400875401 0.854643710258
 -2.15066716284 -0.993671631796 -0.427538621806 -0.301684898371 -0.296007208094 -0.383603941058 -0.142661121443 0.500437557826 1.15688784467
 -1.72398177424 -0.456261169754 -0.372980202816 -0.509205672559 -0.581238194483 -0.458654562561 -0.0781923841401 0.543148665942 1.11867673091
# log_sel_spl_fsh[1]:
 0.00000000000 0.00000000000 0.00000000000 0.00000000000
 0.00000000000 0.00000000000 0.00000000000 0.00000000000
 0.00000000000 0.00000000000 0.00000000000 0.00000000000
 0.00000000000 0.00000000000 0.00000000000 0.00000000000
 0.00000000000 0.00000000000 0.00000000000 0.00000000000
 0.00000000000 0.00000000000 0.00000000000 0.00000000000
 0.00000000000 0.00000000000 0.00000000000 0.00000000000
 0.00000000000 0.00000000000 0.00000000000 0.00000000000
 0.00000000000 0.00000000000 0.00000000000 0.00000000000
 0.00000000000 0.00000000000 0.00000000000 0.00000000000
 0.00000000000 0.00000000000 0.00000000000 0.00000000000
 0.00000000000 0.00000000000 0.00000000000 0.00000000000
 0.00000000000 0.00000000000 0.00000000000 0.00000000000
 0.00000000000 0.00000000000 0.00000000000 0.00000000000
 0.00000000000 0.00000000000 0.00000000000 0.00000000000
 0.00000000000 0.00000000000 0.00000000000 0.00000000000
 0.00000000000 0.00000000000 0.00000000000 0.00000000000
 0.00000000000 0.00000000000 0.00000000000 0.00000000000
 0.00000000000 0.00000000000 0.00000000000 0.00000000000
 0.00000000000 0.00000000000 0.00000000000 0.00000000000
 0.00000000000 0.00000000000 0.00000000000 0.00000000000
 0.00000000000 0.00000000000 0.00000000000 0.00000000000
 0.00000000000 0.00000000000 0.00000000000 0.00000000000
 0.00000000000 0.00000000000 0.00000000000 0.00000000000
 0.00000000000 0.00000000000 0.00000000000 0.00000000000
 0.00000000000 0.00000000000 0.00000000000 0.00000000000
 0.00000000000 0.00000000000 0.00000000000 0.00000000000
 0.00000000000 0.00000000000 0.00000000000 0.00000000000
 0.00000000000 0.00000000000 0.00000000000 0.00000000000
 0.00000000000 0.00000000000 0.00000000000 0.00000000000
 0.00000000000 0.00000000000 0.00000000000 0.00000000000
 0.00000000000 0.00000000000 0.00000000000 0.00000000000
 0.00000000000 0.00000000000 0.00000000000 0.00000000000
 0.00000000000 0.00000000000 0.00000000000 0.00000000000
 0.00000000000 0.00000000000 0.00000000000 0.00000000000
 0.00000000000 0.00000000000 0.00000000000 0.00000000000
 0.00000000000 0.00000000000 0.00000000000 0.00000000000
 0.00000000000 0.00000000000 0.00000000000 0.00000000000
 0.00000000000 0.00000000000 0.00000000000 0.00000000000
 0.00000000000 0.00000000000 0.00000000000 0.00000000000
 0.00000000000 0.00000000000 0.00000000000 0.00000000000
 0.00000000000 0.00000000000 0.00000000000 0.00000000000
 0.00000000000 0.00000000000 0.00000000000 0.00000000000
# log_sel_spl_fsh[2]:
 0.00000000000 0.00000000000 0.00000000000 0.00000000000
 0.00000000000 0.00000000000 0.00000000000 0.00000000000
 0.00000000000 0.00000000000 0.00000000000 0.00000000000
 0.00000000000 0.00000000000 0.00000000000 0.00000000000
 0.00000000000 0.00000000000 0.00000000000 0.00000000000
 0.00000000000 0.00000000000 0.00000000000 0.00000000000
 0.00000000000 0.00000000000 0.00000000000 0.00000000000
 0.00000000000 0.00000000000 0.00000000000 0.00000000000
 0.00000000000 0.00000000000 0.00000000000 0.00000000000
 0.00000000000 0.00000000000 0.00000000000 0.00000000000
 0.00000000000 0.00000000000 0.00000000000 0.00000000000
 0.00000000000 0.00000000000 0.00000000000 0.00000000000
 0.00000000000 0.00000000000 0.00000000000 0.00000000000
 0.00000000000 0.00000000000 0.00000000000 0.00000000000
 0.00000000000 0.00000000000 0.00000000000 0.00000000000
 0.00000000000 0.00000000000 0.00000000000 0.00000000000
 0.00000000000 0.00000000000 0.00000000000 0.00000000000
 0.00000000000 0.00000000000 0.00000000000 0.00000000000
 0.00000000000 0.00000000000 0.00000000000 0.00000000000
 0.00000000000 0.00000000000 0.00000000000 0.00000000000
 0.00000000000 0.00000000000 0.00000000000 0.00000000000
 0.00000000000 0.00000000000 0.00000000000 0.00000000000
 0.00000000000 0.00000000000 0.00000000000 0.00000000000
 0.00000000000 0.00000000000 0.00000000000 0.00000000000
 0.00000000000 0.00000000000 0.00000000000 0.00000000000
 0.00000000000 0.00000000000 0.00000000000 0.00000000000
 0.00000000000 0.00000000000 0.00000000000 0.00000000000
 0.00000000000 0.00000000000 0.00000000000 0.00000000000
 0.00000000000 0.00000000000 0.00000000000 0.00000000000
 0.00000000000 0.00000000000 0.00000000000 0.00000000000
 0.00000000000 0.00000000000 0.00000000000 0.00000000000
 0.00000000000 0.00000000000 0.00000000000 0.00000000000
 0.00000000000 0.00000000000 0.00000000000 0.00000000000
 0.00000000000 0.00000000000 0.00000000000 0.00000000000
 0.00000000000 0.00000000000 0.00000000000 0.00000000000
 0.00000000000 0.00000000000 0.00000000000 0.00000000000
 0.00000000000 0.00000000000 0.00000000000 0.00000000000
 0.00000000000 0.00000000000 0.00000000000 0.00000000000
 0.00000000000 0.00000000000 0.00000000000 0.00000000000
 0.00000000000 0.00000000000 0.00000000000 0.00000000000
 0.00000000000 0.00000000000 0.00000000000 0.00000000000
 0.00000000000 0.00000000000 0.00000000000 0.00000000000
 0.00000000000 0.00000000000 0.00000000000 0.00000000000
# log_sel_spl_fsh[3]:
 0.00000000000 0.00000000000 0.00000000000 0.00000000000
 0.00000000000 0.00000000000 0.00000000000 0.00000000000
# log_sel_spl_fsh[4]:
 0.00000000000 0.00000000000 0.00000000000 0.00000000000
 0.00000000000 0.00000000000 0.00000000000 0.00000000000
 0.00000000000 0.00000000000 0.00000000000 0.00000000000
 0.00000000000 0.00000000000 0.00000000000 0.00000000000
 0.00000000000 0.00000000000 0.00000000000 0.00000000000
 0.00000000000 0.00000000000 0.00000000000 0.00000000000
 0.00000000000 0.00000000000 0.00000000000 0.00000000000
 0.00000000000 0.00000000000 0.00000000000 0.00000000000
 0.00000000000 0.00000000000 0.00000000000 0.00000000000
 0.00000000000 0.00000000000 0.00000000000 0.00000000000
 0.00000000000 0.00000000000 0.00000000000 0.00000000000
 0.00000000000 0.00000000000 0.00000000000 0.00000000000
 0.00000000000 0.00000000000 0.00000000000 0.00000000000
 0.00000000000 0.00000000000 0.00000000000 0.00000000000
 0.00000000000 0.00000000000 0.00000000000 0.00000000000
 0.00000000000 0.00000000000 0.00000000000 0.00000000000
 0.00000000000 0.00000000000 0.00000000000 0.00000000000
 0.00000000000 0.00000000000 0.00000000000 0.00000000000
 0.00000000000 0.00000000000 0.00000000000 0.00000000000
 0.00000000000 0.00000000000 0.00000000000 0.00000000000
 0.00000000000 0.00000000000 0.00000000000 0.00000000000
 0.00000000000 0.00000000000 0.00000000000 0.00000000000
 0.00000000000 0.00000000000 0.00000000000 0.00000000000
 0.00000000000 0.00000000000 0.00000000000 0.00000000000
 0.00000000000 0.00000000000 0.00000000000 0.00000000000
 0.00000000000 0.00000000000 0.00000000000 0.00000000000
 0.00000000000 0.00000000000 0.00000000000 0.00000000000
 0.00000000000 0.00000000000 0.00000000000 0.00000000000
 0.00000000000 0.00000000000 0.00000000000 0.00000000000
 0.00000000000 0.00000000000 0.00000000000 0.00000000000
 0.00000000000 0.00000000000 0.00000000000 0.00000000000
 0.00000000000 0.00000000000 0.00000000000 0.00000000000
 0.00000000000 0.00000000000 0.00000000000 0.00000000000
 0.00000000000 0.00000000000 0.00000000000 0.00000000000
 0.00000000000 0.00000000000 0.00000000000 0.00000000000
 0.00000000000 0.00000000000 0.00000000000 0.00000000000
 0.00000000000 0.00000000000 0.00000000000 0.00000000000
# logsel_slope_fsh[1]:
 0.00000000000 0.00000000000 0.00000000000 0.00000000000 0.00000000000 0.00000000000 0.00000000000 0.00000000000 0.00000000000 0.00000000000 0.00000000000 0.00000000000 0.00000000000 0.00000000000 0.00000000000 0.00000000000 0.00000000000 0.00000000000 0.00000000000 0.00000000000 0.00000000000 0.00000000000 0.00000000000 0.00000000000 0.00000000000 0.00000000000 0.00000000000 0.00000000000 0.00000000000 0.00000000000 0.00000000000 0.00000000000 0.00000000000 0.00000000000 0.00000000000 0.00000000000 0.00000000000 0.00000000000 0.00000000000 0.00000000000 0.00000000000 0.00000000000 0.00000000000
# logsel_slope_fsh[2]:
 0.00000000000 0.00000000000 0.00000000000 0.00000000000 0.00000000000 0.00000000000 0.00000000000 0.00000000000 0.00000000000 0.00000000000 0.00000000000 0.00000000000 0.00000000000 0.00000000000 0.00000000000 0.00000000000 0.00000000000 0.00000000000 0.00000000000 0.00000000000 0.00000000000 0.00000000000 0.00000000000 0.00000000000 0.00000000000 0.00000000000 0.00000000000 0.00000000000 0.00000000000 0.00000000000 0.00000000000 0.00000000000 0.00000000000 0.00000000000 0.00000000000 0.00000000000 0.00000000000 0.00000000000 0.00000000000 0.00000000000 0.00000000000 0.00000000000 0.00000000000
# logsel_slope_fsh[3]:
 0.00000000000 0.00000000000
# logsel_slope_fsh[4]:
 0.00000000000 0.00000000000 0.00000000000 0.00000000000 0.00000000000 0.00000000000 0.00000000000 0.00000000000 0.00000000000 0.00000000000 0.00000000000 0.00000000000 0.00000000000 0.00000000000 0.00000000000 0.00000000000 0.00000000000 0.00000000000 0.00000000000 0.00000000000 0.00000000000 0.00000000000 0.00000000000 0.00000000000 0.00000000000 0.00000000000 0.00000000000 0.00000000000 0.00000000000 0.00000000000 0.00000000000 0.00000000000 0.00000000000 0.00000000000 0.00000000000 0.00000000000 0.00000000000
# sel50_fsh[1]:
 0.00000000000 0.00000000000 0.00000000000 0.00000000000 0.00000000000 0.00000000000 0.00000000000 0.00000000000 0.00000000000 0.00000000000 0.00000000000 0.00000000000 0.00000000000 0.00000000000 0.00000000000 0.00000000000 0.00000000000 0.00000000000 0.00000000000 0.00000000000 0.00000000000 0.00000000000 0.00000000000 0.00000000000 0.00000000000 0.00000000000 0.00000000000 0.00000000000 0.00000000000 0.00000000000 0.00000000000 0.00000000000 0.00000000000 0.00000000000 0.00000000000 0.00000000000 0.00000000000 0.00000000000 0.00000000000 0.00000000000 0.00000000000 0.00000000000 0.00000000000
# sel50_fsh[2]:
 0.00000000000 0.00000000000 0.00000000000 0.00000000000 0.00000000000 0.00000000000 0.00000000000 0.00000000000 0.00000000000 0.00000000000 0.00000000000 0.00000000000 0.00000000000 0.00000000000 0.00000000000 0.00000000000 0.00000000000 0.00000000000 0.00000000000 0.00000000000 0.00000000000 0.00000000000 0.00000000000 0.00000000000 0.00000000000 0.00000000000 0.00000000000 0.00000000000 0.00000000000 0.00000000000 0.00000000000 0.00000000000 0.00000000000 0.00000000000 0.00000000000 0.00000000000 0.00000000000 0.00000000000 0.00000000000 0.00000000000 0.00000000000 0.00000000000 0.00000000000
# sel50_fsh[3]:
 0.00000000000 0.00000000000
# sel50_fsh[4]:
 0.00000000000 0.00000000000 0.00000000000 0.00000000000 0.00000000000 0.00000000000 0.00000000000 0.00000000000 0.00000000000 0.00000000000 0.00000000000 0.00000000000 0.00000000000 0.00000000000 0.00000000000 0.00000000000 0.00000000000 0.00000000000 0.00000000000 0.00000000000 0.00000000000 0.00000000000 0.00000000000 0.00000000000 0.00000000000 0.00000000000 0.00000000000 0.00000000000 0.00000000000 0.00000000000 0.00000000000 0.00000000000 0.00000000000 0.00000000000 0.00000000000 0.00000000000 0.00000000000
# logsel_p1_fsh[1]:
 0.00000000000 0.00000000000 0.00000000000 0.00000000000 0.00000000000 0.00000000000 0.00000000000 0.00000000000 0.00000000000 0.00000000000 0.00000000000 0.00000000000 0.00000000000 0.00000000000 0.00000000000 0.00000000000 0.00000000000 0.00000000000 0.00000000000 0.00000000000 0.00000000000 0.00000000000 0.00000000000 0.00000000000 0.00000000000 0.00000000000 0.00000000000 0.00000000000 0.00000000000 0.00000000000 0.00000000000 0.00000000000 0.00000000000 0.00000000000 0.00000000000 0.00000000000 0.00000000000 0.00000000000 0.00000000000 0.00000000000 0.00000000000 0.00000000000 0.00000000000
# logsel_p1_fsh[2]:
 0.00000000000 0.00000000000 0.00000000000 0.00000000000 0.00000000000 0.00000000000 0.00000000000 0.00000000000 0.00000000000 0.00000000000 0.00000000000 0.00000000000 0.00000000000 0.00000000000 0.00000000000 0.00000000000 0.00000000000 0.00000000000 0.00000000000 0.00000000000 0.00000000000 0.00000000000 0.00000000000 0.00000000000 0.00000000000 0.00000000000 0.00000000000 0.00000000000 0.00000000000 0.00000000000 0.00000000000 0.00000000000 0.00000000000 0.00000000000 0.00000000000 0.00000000000 0.00000000000 0.00000000000 0.00000000000 0.00000000000 0.00000000000 0.00000000000 0.00000000000
# logsel_p1_fsh[3]:
 0.00000000000 0.00000000000
# logsel_p1_fsh[4]:
 0.00000000000 0.00000000000 0.00000000000 0.00000000000 0.00000000000 0.00000000000 0.00000000000 0.00000000000 0.00000000000 0.00000000000 0.00000000000 0.00000000000 0.00000000000 0.00000000000 0.00000000000 0.00000000000 0.00000000000 0.00000000000 0.00000000000 0.00000000000 0.00000000000 0.00000000000 0.00000000000 0.00000000000 0.00000000000 0.00000000000 0.00000000000 0.00000000000 0.00000000000 0.00000000000 0.00000000000 0.00000000000 0.00000000000 0.00000000000 0.00000000000 0.00000000000 0.00000000000
# logsel_p2_fsh[1]:
 0.00000000000 0.00000000000 0.00000000000 0.00000000000 0.00000000000 0.00000000000 0.00000000000 0.00000000000 0.00000000000 0.00000000000 0.00000000000 0.00000000000 0.00000000000 0.00000000000 0.00000000000 0.00000000000 0.00000000000 0.00000000000 0.00000000000 0.00000000000 0.00000000000 0.00000000000 0.00000000000 0.00000000000 0.00000000000 0.00000000000 0.00000000000 0.00000000000 0.00000000000 0.00000000000 0.00000000000 0.00000000000 0.00000000000 0.00000000000 0.00000000000 0.00000000000 0.00000000000 0.00000000000 0.00000000000 0.00000000000 0.00000000000 0.00000000000 0.00000000000
# logsel_p2_fsh[2]:
 0.00000000000 0.00000000000 0.00000000000 0.00000000000 0.00000000000 0.00000000000 0.00000000000 0.00000000000 0.00000000000 0.00000000000 0.00000000000 0.00000000000 0.00000000000 0.00000000000 0.00000000000 0.00000000000 0.00000000000 0.00000000000 0.00000000000 0.00000000000 0.00000000000 0.00000000000 0.00000000000 0.00000000000 0.00000000000 0.00000000000 0.00000000000 0.00000000000 0.00000000000 0.00000000000 0.00000000000 0.00000000000 0.00000000000 0.00000000000 0.00000000000 0.00000000000 0.00000000000 0.00000000000 0.00000000000 0.00000000000 0.00000000000 0.00000000000 0.00000000000
# logsel_p2_fsh[3]:
 0.00000000000 0.00000000000
# logsel_p2_fsh[4]:
 0.00000000000 0.00000000000 0.00000000000 0.00000000000 0.00000000000 0.00000000000 0.00000000000 0.00000000000 0.00000000000 0.00000000000 0.00000000000 0.00000000000 0.00000000000 0.00000000000 0.00000000000 0.00000000000 0.00000000000 0.00000000000 0.00000000000 0.00000000000 0.00000000000 0.00000000000 0.00000000000 0.00000000000 0.00000000000 0.00000000000 0.00000000000 0.00000000000 0.00000000000 0.00000000000 0.00000000000 0.00000000000 0.00000000000 0.00000000000 0.00000000000 0.00000000000 0.00000000000
# logsel_p3_fsh[1]:
 0.00000000000 0.00000000000 0.00000000000 0.00000000000 0.00000000000 0.00000000000 0.00000000000 0.00000000000 0.00000000000 0.00000000000 0.00000000000 0.00000000000 0.00000000000 0.00000000000 0.00000000000 0.00000000000 0.00000000000 0.00000000000 0.00000000000 0.00000000000 0.00000000000 0.00000000000 0.00000000000 0.00000000000 0.00000000000 0.00000000000 0.00000000000 0.00000000000 0.00000000000 0.00000000000 0.00000000000 0.00000000000 0.00000000000 0.00000000000 0.00000000000 0.00000000000 0.00000000000 0.00000000000 0.00000000000 0.00000000000 0.00000000000 0.00000000000 0.00000000000
# logsel_p3_fsh[2]:
 0.00000000000 0.00000000000 0.00000000000 0.00000000000 0.00000000000 0.00000000000 0.00000000000 0.00000000000 0.00000000000 0.00000000000 0.00000000000 0.00000000000 0.00000000000 0.00000000000 0.00000000000 0.00000000000 0.00000000000 0.00000000000 0.00000000000 0.00000000000 0.00000000000 0.00000000000 0.00000000000 0.00000000000 0.00000000000 0.00000000000 0.00000000000 0.00000000000 0.00000000000 0.00000000000 0.00000000000 0.00000000000 0.00000000000 0.00000000000 0.00000000000 0.00000000000 0.00000000000 0.00000000000 0.00000000000 0.00000000000 0.00000000000 0.00000000000 0.00000000000
# logsel_p3_fsh[3]:
 0.00000000000 0.00000000000
# logsel_p3_fsh[4]:
 0.00000000000 0.00000000000 0.00000000000 0.00000000000 0.00000000000 0.00000000000 0.00000000000 0.00000000000 0.00000000000 0.00000000000 0.00000000000 0.00000000000 0.00000000000 0.00000000000 0.00000000000 0.00000000000 0.00000000000 0.00000000000 0.00000000000 0.00000000000 0.00000000000 0.00000000000 0.00000000000 0.00000000000 0.00000000000 0.00000000000 0.00000000000 0.00000000000 0.00000000000 0.00000000000 0.00000000000 0.00000000000 0.00000000000 0.00000000000 0.00000000000 0.00000000000 0.00000000000
# rec_dev_future:
 0.00000000000 0.00000000000 0.00000000000 0.00000000000 0.00000000000 0.00000000000 0.00000000000 0.00000000000 0.00000000000 0.00000000000 0.00000000000 0.00000000000 0.00000000000 0.00000000000 0.00000000000 0.00000000000 0.00000000000 0.00000000000 0.00000000000 0.00000000000
 0.00000000000 0.00000000000 0.00000000000 0.00000000000 0.00000000000 0.00000000000 0.00000000000 0.00000000000 0.00000000000 0.00000000000 0.00000000000 0.00000000000 0.00000000000 0.00000000000 0.00000000000 0.00000000000 0.00000000000 0.00000000000 0.00000000000 0.00000000000
# log_q_ind[1]:
0.727756106088
# log_q_ind[2]:
-2.07716865866
# log_q_ind[3]:
-2.70634323846
# log_q_ind[4]:
0.0156177747791
# log_q_ind[5]:
-4.97512504145
# log_q_ind[6]:
-1.04827484900
# log_q_power_ind[1]:
0.00000000000
# log_q_power_ind[2]:
0.00000000000
# log_q_power_ind[3]:
0.00000000000
# log_q_power_ind[4]:
0.00000000000
# log_q_power_ind[5]:
0.00000000000
# log_q_power_ind[6]:
0.00000000000
# log_rw_q_ind[1]:
 -0.980798439028
# log_rw_q_ind[2]:
 1.24615902393
# log_rw_q_ind[6]:
 0.0187823314271
# log_selcoffs_ind[1]:
 -2.29097229466 -1.47957692203 -0.875510576096 -0.442792740733 -0.140636877262 0.0977214017511 0.298894646049 0.464836665610 0.583556836100 0.646172973185
 -2.89124712310 -2.09792328932 -1.34146540802 -0.689311795974 -0.198657229516 0.146195026912 0.378466045969 0.542266666124 0.645889707523 0.689900995999
# log_selcoffs_ind[2]:
 -1.13140188568 0.0725706853080 0.0725706853080 0.0725706853080 0.0725706853080 0.0725706853080 0.0725706853080 0.0725706853080 0.0725706853080 0.0725706853080
 -1.13140188568 0.0725706853080 0.0725706853080 0.0725706853080 0.0725706853080 0.0725706853080 0.0725706853080 0.0725706853080 0.0725706853080 0.0725706853080
 -1.13140188568 0.0725706853080 0.0725706853080 0.0725706853080 0.0725706853080 0.0725706853080 0.0725706853080 0.0725706853080 0.0725706853080 0.0725706853080
# log_selcoffs_ind[3]:
 -0.202940821038 0.0202027052767 0.0202027052767 0.0202027052767 0.0202027052767 0.0202027052767 0.0202027052767 0.0202027052767 0.0202027052767 0.0202027052767
# log_selcoffs_ind[4]:
 -0.921623078676 -0.665244153065 -0.430617402475 -0.240334929267 -0.0866160377746 0.0520464083337 0.183606786647 0.306409942126 0.410199232027 0.478624447982
 -1.61415084764 -1.29898846244 -0.979640807550 -0.649213936797 -0.322900707074 -0.0138324734604 0.265119289603 0.494687803825 0.651384485143 0.721809883863
# log_selcoffs_ind[5]:
 -3.04452005677 -0.669616569639 0.101782682789 0.174353368097 0.174353368097 0.174353368097 0.174353368097 0.174353368097 0.174353368097 0.174353368097
# log_selcoffs_ind[6]:
 -3.04452005677 -0.669616569639 0.101782682789 0.174353368097 0.174353368097 0.174353368097 0.174353368097 0.174353368097 0.174353368097 0.174353368097
# logsel_slope_ind[1]:
 0.00000000000 0.00000000000
# logsel_slope_ind[2]:
 0.00000000000 0.00000000000 0.00000000000
# logsel_slope_ind[3]:
 0.00000000000
# logsel_slope_ind[4]:
 0.00000000000 0.00000000000
# logsel_slope_ind[5]:
 0.00000000000
# logsel_slope_ind[6]:
 0.00000000000
# sel50_ind[1]:
 0.00000000000 0.00000000000
# sel50_ind[2]:
 0.00000000000 0.00000000000 0.00000000000
# sel50_ind[3]:
 0.00000000000
# sel50_ind[4]:
 0.00000000000 0.00000000000
# sel50_ind[5]:
 0.00000000000
# sel50_ind[6]:
 0.00000000000
# logsel_p1_ind[1]:
 0.00000000000 0.00000000000
# logsel_p1_ind[2]:
 0.00000000000 0.00000000000 0.00000000000
# logsel_p1_ind[3]:
 0.00000000000
# logsel_p1_ind[4]:
 0.00000000000 0.00000000000
# logsel_p1_ind[5]:
 0.00000000000
# logsel_p1_ind[6]:
 0.00000000000
# sel_p2_ind[1]:
 0.00000000000 0.00000000000
# sel_p2_ind[2]:
 0.00000000000 0.00000000000 0.00000000000
# sel_p2_ind[3]:
 0.00000000000
# sel_p2_ind[4]:
 0.00000000000 0.00000000000
# sel_p2_ind[5]:
 0.00000000000
# sel_p2_ind[6]:
 0.00000000000
# logsel_p3_ind[1]:
 0.00000000000 0.00000000000
# logsel_p3_ind[2]:
 0.00000000000 0.00000000000 0.00000000000
# logsel_p3_ind[3]:
 0.00000000000
# logsel_p3_ind[4]:
 0.00000000000 0.00000000000
# logsel_p3_ind[5]:
 0.00000000000
# logsel_p3_ind[6]:
 0.00000000000
