# Number of parameters = 1502 Objective function value = 1110.52597405551  Maximum gradient component = 0.000190276507587807
# Mest[1]:
0.280000000000
# Mest[2]:
0.330000000000
# log_Linf[1]:
4.29810139974
# log_Linf[2]:
4.29810139974
# log_k[1]:
-1.83258146375
# log_k[2]:
-1.83258146375
# log_Lo[1]:
2.60712428251
# log_Lo[2]:
2.60712428251
# log_sdage[1]:
-2.40794560865
# log_sdage[2]:
-2.40794560865
# mean_log_rec[1]:
9.28998854470
# mean_log_rec[2]:
7.83176775520
# mean_log_rec[3]:
7.21492986946
# steepness[1]:
0.650000000000
# steepness[2]:
0.650000000000
# steepness[3]:
0.650000000000
# log_Rzero[1]:
9.40724984923
# log_Rzero[2]:
7.91726221202
# log_Rzero[3]:
6.80619721762
# rec_dev:
 -0.0626059251223 -0.0811451604702 -0.104387784798 -0.133317917531 -0.168983210886 -0.212252597620 -0.262567345991 -0.319009485749 -0.384051386546 -0.457276827680 -0.532349896180 -0.598588962294 -0.670057735822 -0.748494599684 -0.864199125226 -0.884707745197 -0.644085437705 -0.415866007254 -0.121995526585 0.123190535708 0.172284703492 0.210157065900 0.313785663244 0.401564530341 0.926162565523 0.754001823229 0.798379035553 1.62605879413 1.52701802745 0.730899118053 0.185578659940 0.474818930103 0.700655323707 0.792573685175 0.284398197011 0.305513668592 0.0655273787006 0.217721560294 0.303969394612 0.352198839741 0.475486543978 0.586208853735 0.614108540720 0.535402060630 0.107912428815 -0.389280021673 -0.261735125182 -0.725042999538 -1.50490580385 -0.625019298566 -0.773434554972 -1.03541048719 -0.967290974309 -0.928708714461 -0.766918134866 -0.237770633605 -0.192106307112 0.0961920672651 0.368974061118 0.772242782799 0.374445479088 -0.451812112618 -0.0872125332221
 -0.00118380950213 -0.00158711985007 -0.00209047373642 -0.00270120486302 -0.00341812339166 -0.00422288502205 -0.00505973946820 -0.00607434510532 -0.00714916761472 -0.00803669917119 -0.00895103965398 0.0372968664882 0.0347333160886 0.0311837764785 0.0262549505925 0.0237554036970 0.0205390164410 -0.00547639668600 0.324604707196 0.0316900349457 -0.0886315809614 -0.256669839814 0.206273129808 0.360853795111 -0.193027011219 -0.934524518944 -0.0787923563323 0.328191817297 0.706896753256 0.409434334150 -0.00783199406938 -0.631455153766 -0.114453428424 -0.0663569392740 -0.393669876639 -0.136553771109 0.533640502913 -0.0445838555765 0.102255458120 -0.142426986121 1.28842251339 0.538004941998 0.236898458830 0.104366920214 -1.29189341728 0.572203208313 0.318303410864 -0.347773717630 -2.05310128947 -1.55838176041 0.781990823495 -0.0590874563567 -0.757454739945 -1.00140931501 -1.14928266553 -0.705199895969 -0.822936618124 0.579315537330 1.27373293154 0.728964479616 -0.725977719087 -0.381529545952 0.0215839747563
# log_sigmar[1]:
-0.510825623766
# log_sigmar[2]:
-0.510825623766
# log_sigmar[3]:
-0.510825623766
# fmort:
 -4.72966759766 -4.31389187937 -5.04295634717 -4.71931581525 -3.95512735177 -3.63033378579 -3.30603072355 -3.33672854362 -2.68783631416 -2.80433400019 -3.08918024146 -2.71094145420 -1.97937587381 -2.91939849688 -2.04983272509 -2.62234000933 -5.03416560760 -3.76926874479 -4.18296576925 -4.29174241625 -4.34220188783 -4.00910460690 -3.94336279297 -3.77165393332 -4.21565357529 -3.92596559623 -3.44785782496 -4.49312607621 -5.69652139691 -5.06480606128 -4.62695421555 -3.99923572945 -4.88654250203 -4.45993057598 -4.32164794644 -3.79779147647 -3.68135264204 -3.24652493248 -2.79007025196 -3.10614063992 -2.62704860218 -4.32290434574 -5.38462076999 -4.96461707207 -5.00071137111 -4.74117237865 -5.09779839975 -4.72030873820 -5.91960354680 -6.25450840986 -5.07822732114 -5.11157421333
 -7.11388380254 -6.67039110299 -6.19412455342 -5.59395076526 -5.80457327775 -5.09020489625 -4.56750282235 -4.24972220960 -3.80289673837 -3.60037015520 -3.48395538264 -2.74466613370 -2.50522220707 -2.77562892169 -2.40067273584 -2.01408557203 -1.81907043923 -1.51188516134 -1.32803311688 -1.19470624140 -1.18137854000 -0.949080998988 -0.658161845103 -0.627961941196 -0.410844469034 -0.117603584002 -0.153788665455 -0.177518963825 -0.740805516486 -1.22404448613 -1.62154837303 -1.48795321225 -1.44472939839 -1.53992152812 -1.52893884047 -1.48918208570 -1.39136868988 -1.20062775360 -1.35622711081 -1.06209446646 -1.63052862737 -1.98757686845 -2.26980455464 -2.44340260674 -2.50251427039 -2.36158591966 -2.33826813579 -2.31554507461 -2.28865435155 -2.39507604277 -2.49027777049 -2.56711854249
 -7.10098506060 -6.42938970875 -5.55393079993 -4.77720307286 -3.60626151603 -4.77862493599 -4.50065264394 -1.89639174003 -1.80139343635 -2.00895823450 -1.80199968488 -1.40081974485 -2.49926529150 -3.09375166612 -3.07423592423 -3.69634938698 -4.17455782494 -3.99234812966 -2.74349871815 -2.84960448064 -2.77307169168 -3.07098795897 -3.44026227902 -3.03943224667 -2.63160345094 -1.25536261799 -0.698265761576 -0.196422185713 0.117878254285 -1.16981961994 -1.38830356662 -0.303274255533 -2.17924528348 -2.06813970751 -2.05121739329 -2.61871640450 -1.70774021357 -1.73228262072 -1.73568236692 -1.70079664233 -3.09218989558 -1.56759935624 -2.04794743459 -2.56919692904 -2.32115971683 -3.38743059363 -4.06222206724 -4.94405735594 -3.83000545657 -3.67773217079 -3.78787478195 -3.45203323076
 -9.63888458024 -9.58965002064 -7.83072877626 -9.47846236839 -9.41300814265 -9.33590705651 -9.20620451504 -8.32543700281 -5.08870796215 -2.93565624444 -2.83054730749 -2.39290417332 -1.60575480014 -1.10403569979 -0.704029054963 -0.928920039909 -1.11818576852 -1.44255074628 -1.79167035307 -2.11893232403 -2.41529965918 -3.03330056764 -5.59410539126 -9.08488301602 -8.89092758502 -8.59237611557 -8.24689919932 -7.93483238584 -7.81048478391 -7.89493202515 -7.34231220946 -5.45303809004 -4.34593517688 -3.80397778226 -3.21082512094 -3.36563220807 -2.89979276482 -2.50018498409 -2.30108988352 -2.03306961032 -2.17883978711 -3.42478437248 -3.84570456927 -3.86193068443 -3.49939092327 -3.36972420259 -3.89231425445 -4.02313490520 -4.10004337232 -4.34898348619 -6.94839077130 -4.30250001864
# log_selcoffs_fsh[1]:
 -3.66279002953 -2.01505625417 -1.02147014830 -0.0629243036932 0.791530325768 0.978579899369 0.399769916059 -0.310703432748 -0.798312948035
 -3.25424819491 -1.59332846049 -0.887866668826 -0.129381849617 0.658030048996 0.910597502566 0.482591536753 -0.138324870194 -0.579648494718
 -2.94117857872 -1.49610685073 -0.674650992774 0.0979731851087 0.645657746761 0.749796870670 0.416238744535 -0.0745795387860 -0.442020935951
 -2.54882126664 -1.28371196105 -0.664457346847 -0.0413206921256 0.697330517448 0.747342256897 0.363243668893 -0.0784975422359 -0.373255547375
 -1.89852338739 -0.394040889257 -0.117425958700 0.108409122824 0.371462680277 0.474046453136 0.289378220038 -0.00729860809301 -0.238874385174
 -1.77262665285 -0.568835940565 0.378259551165 0.578767570714 0.255072587604 0.124912757339 0.00745457585442 -0.161138980131 -0.303691854512
 -1.48742420744 -0.417663602794 0.477395945907 0.686494594493 0.266489893709 -0.0367838539986 -0.194017509147 -0.301847889631 -0.379067729848
 -1.08699519151 -0.233887044008 0.541181362109 0.747665326638 0.188580795109 -0.166607883150 -0.350383597363 -0.429229696460 -0.459297001915
 -0.802940636032 0.206041384781 0.449198222473 0.570493159022 0.283820854655 -0.181214734211 -0.441047882294 -0.524467810520 -0.528805481378
 -0.555593648126 0.361886062424 0.551738793710 0.554963780361 0.136060602960 -0.314368495709 -0.569999585770 -0.633091777818 -0.616906429646
 -0.0291319804789 0.909049457138 0.439264409214 0.148765344827 -0.231994025735 -0.539530066900 -0.710061129620 -0.742722308231 -0.710538593865
 0.193939639521 0.862729844880 0.604575821031 0.110854749568 -0.431758956339 -0.705407358028 -0.822926718959 -0.835198384499 -0.793095591965
 -0.0244668192190 1.14077538544 0.634715141852 -0.112616906909 -0.658818055103 -0.886754076703 -0.953205987859 -0.938917444268 -0.894061685681
 0.225995208291 1.17849543352 0.569490498881 -0.212101820513 -0.790065372332 -1.00012236254 -1.04298065276 -1.00998809553 -0.961223680625
 0.252762582756 1.22783268235 0.550346912192 -0.269949619653 -0.851828344142 -1.06911384005 -1.11137940718 -1.07266534925 -1.02115048285
 -0.156483929371 1.31163831025 0.658191477955 -0.232513666372 -0.885223765309 -1.12221346719 -1.17218598656 -1.13413097551 -1.08117180561
 -0.0661158965887 1.34706200712 0.594700169567 -0.272212351978 -0.915374671299 -1.15905317893 -1.21380493037 -1.17861511218 -1.12463964763
 0.475368556456 1.14443986797 0.637930193409 -0.283118219047 -0.941014206053 -1.18350538052 -1.23871041293 -1.20208180925 -1.14582904009
 0.778733956271 1.13131827162 0.407536452146 -0.385051266021 -0.991641777541 -1.22869651461 -1.28155986067 -1.23999137600 -1.17963778923
 0.513396795519 1.22937824111 0.558644635156 -0.376074915883 -1.04130086827 -1.28294320357 -1.32696069685 -1.27315448785 -1.20516501513
 0.599803225241 1.30909766465 0.389339347669 -0.507601095467 -1.12644035056 -1.34888396681 -1.37940688189 -1.30949132336 -1.23077716931
 0.606077088875 1.29787381358 0.484597940473 -0.586612890069 -1.22528642433 -1.42092517065 -1.42806990829 -1.33724314232 -1.24466656993
 0.788321310452 1.25239804630 0.382006073064 -0.608789146677 -1.26128809720 -1.46306550979 -1.46194277744 -1.35374634216 -1.24661852269
 0.487385376282 1.41269587746 0.369303763871 -0.628903269793 -1.26301786000 -1.47333148312 -1.47715001821 -1.36196875094 -1.24262068464
 0.626484223521 1.32533340391 0.374824857269 -0.555358148320 -1.19322521914 -1.43260525550 -1.45294095222 -1.33709036898 -1.20892575325
 0.697779907189 1.18964483722 0.453820163561 -0.371660865851 -1.09038195854 -1.35889015873 -1.38509491492 -1.27462930513 -1.14561682836
 0.324289919073 1.25154290051 0.548091764846 -0.235319992508 -0.973337158617 -1.24191277332 -1.27135595441 -1.17541517425 -1.06374840425
 0.334329925122 1.25912284277 0.457953366220 -0.332627991048 -0.906006410471 -1.11744017994 -1.13150429943 -1.05193867342 -0.968282616278
 1.08340528509 0.811890654397 0.134036480184 -0.482946240319 -0.863151938843 -0.979878413893 -0.964392115135 -0.885323603912 -0.817047888491
 0.680380518175 1.06053940578 0.168950563380 -0.527087133400 -0.802800463943 -0.832019220452 -0.777730409452 -0.701106975461 -0.645627031817
 0.464078024259 1.05858424400 0.0681056805261 -0.493265716752 -0.657552390139 -0.647657254151 -0.568487703014 -0.499201780661 -0.460015921539
 0.397961289028 0.749748338358 0.0617816653180 -0.344508401406 -0.428950570622 -0.387828494940 -0.310042227845 -0.257936745964 -0.239950661477
 -0.423019609732 0.468607674320 0.150715769075 -0.0921872437636 -0.101615474658 -0.0956832388950 -0.0436743074475 -0.0434935980558 -0.0557951299557
 -0.817365701337 -0.172136173156 -0.176498741208 0.0114866205529 0.188007917792 0.166292097191 0.241982924451 0.130817140569 0.0634408858213
 -0.325364816501 0.115930509216 -0.403485543566 -0.397329510198 -0.0994396602030 0.118605571763 0.247816053898 0.242180237858 0.205549617898
 0.334603802702 -0.633890748520 -0.820972533049 -0.550504459355 -0.160136457912 0.141701461922 0.304828701692 0.317532915397 0.278419367347
 -0.621526221828 -0.903231701208 -0.887741677173 -0.423321817375 0.0514222992727 0.299619385211 0.468472260718 0.445441805390 0.357899650508
 -0.975588517013 -0.914666930269 -0.933683339430 -0.471661541539 0.105965875357 0.408557367298 0.480272970054 0.447888262737 0.341717618674
# log_selcoffs_fsh[2]:
 -2.16570041317 -0.218264652319 0.532960588165 0.819482091610 0.566737552056 0.0564118960082 -0.321386308934 -0.551196224976 -0.668221647459 -0.747475739384
 -2.16299987253 -0.244494485815 -0.216617791280 0.323446743519 0.725658378581 0.570253924558 0.0943785179623 -0.293984230801 -0.459031751352 -0.504456503668
 -2.69703636196 -0.901723147049 -0.404271155180 0.147198372856 0.669114836031 0.699660683513 0.279486778676 -0.113296621547 -0.266037070961 -0.283221129223
 -3.09474437310 -1.53710660204 -0.671051178210 -0.111812467850 0.551857320670 0.766149710736 0.371961461299 0.0524565822774 -0.0389255861226 -0.0200696264962
 -2.67102574919 -1.15063935663 -1.09915874109 -0.597497319470 0.225696519562 0.647029112228 0.442751090143 0.269359602882 0.269926641507 0.330751344551
 -2.24361609864 -1.15664585282 -0.972118778809 -0.890323721961 -0.378911070591 0.108377126678 0.345031300770 0.478725673275 0.625317257625 0.740326038293
 -2.90302595970 -1.64948780390 -0.810988958048 -0.687062012846 -0.585824303290 -0.249885445179 0.143226583223 0.494505512671 0.765353029614 0.926857014836
 -3.46860367973 -2.45942075378 -1.66849639396 -0.977602260838 -0.420726642959 -0.0355625500415 0.269083028132 0.488395924103 0.772846817756 0.952658609246
 -3.75022795844 -2.72872707475 -2.08916576482 -1.39250923332 -0.587714231790 -0.0328382292647 0.375611513285 0.649774144780 0.812280643256 0.871972089296
 -3.82921586662 -2.62375575960 -1.92369646053 -1.43099270156 -0.954834503975 -0.311712544837 0.267675584248 0.799081473534 0.967202965546 0.807609683890
 -3.65428284911 -2.17945336596 -1.46774682716 -1.04314196549 -0.697462670885 -0.433436014074 0.0723862613907 0.687275229021 0.969029624040 0.889270987162
 -3.55239858344 -2.08155433241 -1.28651527177 -0.873252262237 -0.528351939714 -0.208718939381 0.306253103299 0.666102867524 0.804967962789 0.792991945491
 -3.18891237987 -1.39345569737 -0.814314127110 -0.489599672985 -0.259742259251 -0.181513354959 0.196602530341 0.508592201535 0.697004780889 0.770828515818
 -2.75587270928 -0.976553320546 -0.437599979259 -0.282720725078 -0.216337836552 -0.106451729352 0.144916757474 0.399690614257 0.593551015868 0.692312573450
 -2.35283451414 -0.374036716393 -0.141062773439 -0.288121506510 -0.392944337235 -0.261802076416 0.0565202707624 0.334815455380 0.555951010413 0.670229202655
 -1.99737402550 -0.0265811608586 -0.157335024536 -0.341995897800 -0.491654780848 -0.357820374175 -0.0414792013615 0.267898089463 0.539073665860 0.709983424348
 -1.54477963763 -0.0222446060930 -0.104558674288 -0.282167664207 -0.475950799700 -0.442672547457 -0.152367605705 0.190432887204 0.523748712361 0.757702343804
 -1.77826636420 0.0127139606555 0.151198259860 -0.0898858443982 -0.388294545653 -0.408942711764 -0.174926439724 0.148556620937 0.429210932514 0.622040075593
 -2.04341252731 -0.215379921579 0.152618862236 -0.00587356493146 -0.281839478449 -0.304326595091 -0.0836653718003 0.199112746360 0.428128521531 0.553136629667
 -2.14990121779 -0.533839833085 -0.155378524714 -0.0264313991975 -0.181534605895 -0.196291122028 0.0219144155064 0.299639585330 0.494706868504 0.587698240814
 -2.23253932889 -0.653158038810 -0.174409053822 0.0174821303595 -0.145415173731 -0.209563361161 0.00191977595535 0.299974114481 0.508063601061 0.601765620214
 -2.40867061112 -0.774042861802 -0.203602805070 0.0700212816008 -0.0530999602611 -0.122975383808 0.0541978185723 0.290329981134 0.465517056368 0.555397052269
 -2.65213000742 -1.23614239139 -0.351450825196 0.159168820140 0.135958672347 0.0155089741070 0.127365062945 0.302625788587 0.417737734707 0.466100867680
 -2.79650885863 -1.53745291099 -0.673737114869 -0.0638282694306 0.237089540477 0.179496440530 0.310548241573 0.421681021289 0.418840199294 0.338628326052
 -2.89050750411 -1.36574383391 -0.633519080064 -0.293131899960 0.0777864156968 0.259852127083 0.385862946281 0.520845048576 0.436170660926 0.288092885150
 -3.02564463418 -1.72586629648 -0.861976429900 -0.0562007505351 0.306748979421 0.356969752986 0.347506580220 0.415897597215 0.365903825212 0.218899095686
 -3.16302358014 -1.52235277669 -0.811188526639 0.114079747434 0.458821728413 0.513288191107 0.421484530079 0.291581997058 0.0986321906717 -0.0461251605439
 -3.31434634521 -1.12657682095 -0.591701861620 0.0852921142084 0.406088411706 0.421068872484 0.664747118478 0.358595935572 -0.114335478309 -0.349158796648
 -3.45744309550 -1.75007635373 -0.792961676576 0.209849133875 0.579340550608 0.554023017011 0.679158579289 0.195223976777 -0.243568133762 -0.491012419433
 -3.57269624227 -1.70831973668 -0.335267829056 0.390203399215 0.817653805859 0.529166321078 0.269188038683 -0.0509656654211 -0.306109520888 -0.446118163533
 -3.44108632838 -1.29194388453 -0.0569739805391 0.550763091311 0.526912539702 0.265958641530 0.172409056755 0.0495736762899 -0.0733429382730 -0.165589194841
 -3.38390308855 -1.43797116084 -0.423876022592 0.108980505743 0.434756929378 0.383533562888 0.217522594461 0.252584041958 0.227414998922 0.149531793923
 -2.91176597758 -0.915219108250 -0.669893129454 -0.366859430830 0.0373531858188 0.243277818166 0.269675673592 0.383066757100 0.501326311452 0.469887168049
 -3.41995010470 -1.33894015583 -0.651183028942 -0.160401665391 0.111660128336 0.250430022964 0.310480517264 0.400095811716 0.436752105676 0.422323178801
 -3.64284049021 -1.68749623770 -0.986738290630 -0.493694185758 0.0717472455796 0.316481112796 0.428066188480 0.506341539388 0.502254791243 0.414138939845
 -3.94475875564 -2.01556817820 -1.01329676908 -0.486501790934 -0.0580282518910 0.226366558543 0.432827806304 0.555587996828 0.554339230483 0.498700902335
 -4.10631672981 -2.55749985706 -1.44270368702 -0.643117478047 0.0117813961998 0.239497507169 0.507743337960 0.617214724852 0.546701135530 0.481680740176
 -4.05406937706 -2.59214423825 -1.87598194437 -1.05304520119 -0.200714389041 0.316901724714 0.539655981972 0.691436424706 0.604530673838 0.514203568067
 -4.02966266125 -2.53755149430 -1.58405882707 -1.12932334364 -0.292840454374 0.210727545275 0.497625057096 0.616894294505 0.682134203884 0.651273254672
# log_selcoffs_fsh[3]:
 -4.04962906955 -1.57028170264 0.606538283233 1.32307112116 0.000784799648306 -1.90944324642 -3.30689943804
 -4.14502668034 -0.677096414284 0.979135978262 1.01390870188 -0.124259397820 -1.98154258409 -3.30905089151
# log_selcoffs_fsh[4]:
 -3.16480665798 -2.68913366017 -2.17853727244 -1.59629213944 -0.934450353586 -0.231843975396 0.423256469912 0.928141800239 1.20338753760
 -3.15259377381 -2.68394332989 -2.18021114864 -1.60296273965 -0.942631392997 -0.238139288537 0.421473063946 0.929688491123 1.20568018900
 -3.12863465119 -2.67359686728 -2.18418097123 -1.61559950629 -0.956294124247 -0.246234308687 0.421342005325 0.932112597413 1.20775047942
 -3.09236530955 -2.65249624644 -2.18626847905 -1.64008293141 -0.980110291317 -0.254626053090 0.424240576277 0.937576855616 1.20750868500
 -3.03814272597 -2.61077658372 -2.16761380789 -1.65037413245 -1.01523232812 -0.275169455581 0.430967647412 0.945805247049 1.20500530665
 -2.96253276214 -2.53259612789 -2.11970584742 -1.64020694366 -1.00966312577 -0.274129266150 0.439027175145 0.950871325815 1.19122677381
 -2.87208660784 -2.43702140869 -1.99509411061 -1.55763296985 -0.972996524863 -0.234597973125 0.470538368051 0.949163579139 1.14934411471
 -2.76348835794 -2.33191381029 -1.88498942595 -1.40395039927 -0.863832563937 -0.192298135331 0.473519144928 0.930584773783 1.11649567481
 -2.61092997237 -2.18288152032 -1.75544489687 -1.28164806406 -0.725951327248 -0.113531740886 0.480765037261 0.893008346247 1.07400884907
 -2.43607774871 -1.97795135231 -1.52937067584 -1.11539439163 -0.632202731355 -0.0664018951163 0.465506770617 0.853676578051 1.03724234869
 -2.26469808949 -1.77247982501 -1.28347190009 -0.842030757356 -0.484196566844 -0.0624412279769 0.414454959579 0.797507727683 1.00397622900
 -2.10985693097 -1.61048698463 -1.10344974470 -0.625085020040 -0.253886805674 0.00234604035624 0.345431690495 0.712483361538 0.948656078031
 -1.97708620591 -1.47883360216 -0.990747435007 -0.526213650047 -0.138337974429 0.126182838128 0.352849690427 0.634931504801 0.857043189529
 -1.85098794263 -1.35633423363 -0.879115349454 -0.447398062270 -0.0963700116630 0.164815440338 0.385438111839 0.603803420725 0.762790447667
 -1.72658005943 -1.23424329043 -0.767713918985 -0.361260400051 -0.0396454671150 0.200218290277 0.392749645048 0.559600540203 0.671086928375
 -1.60711801890 -1.11371249563 -0.654710068460 -0.271398654531 0.0210773401806 0.229545605536 0.384900500913 0.505377090773 0.578232675581
 -1.49133989948 -0.991226457297 -0.535887972278 -0.177376286888 0.0780187908867 0.246890164510 0.364154832628 0.445063309465 0.482504060784
 -1.38309171942 -0.853811429693 -0.392826360338 -0.0572690774605 0.151113996011 0.254176827118 0.315488927519 0.353394352902 0.376085874179
 -1.29873715480 -0.730727639807 -0.228358863862 0.0474498896020 0.204043285872 0.267039598274 0.258240504787 0.256147633389 0.248496280431
 -1.25929103490 -0.657816391914 -0.105443305422 0.222072280846 0.250405765158 0.242020893125 0.200128696599 0.141292418235 0.111441084987
 -1.24037990637 -0.616763750188 -0.113845557541 0.255624780255 0.352360174520 0.240498981655 0.151667732218 0.0816929066203 0.0432254146461
 -1.25595585797 -0.615991861954 -0.109013350005 0.166476135080 0.337471867472 0.291437881386 0.196263305284 0.102142280597 0.0325628472598
 -1.31224757714 -0.729921835539 -0.218506840347 0.101106092302 0.249642537522 0.300052849253 0.267178568770 0.206152517116 0.157017550868
 -1.42194856554 -0.889348830188 -0.420491494750 -0.0567036188942 0.180073557286 0.307298678129 0.344054924879 0.336985406298 0.320493956088
 -1.53417145468 -1.03266121398 -0.573223046571 -0.190741580992 0.109315752684 0.300492827280 0.386306066213 0.428832028944 0.448025790450
 -1.65795242073 -1.18327976117 -0.750299972035 -0.335058937857 0.0191245997537 0.272084914188 0.425493862954 0.517383114148 0.574190847957
 -1.78134087691 -1.30316799910 -0.946386559103 -0.504000073787 -0.0580672668552 0.237312393404 0.437543098691 0.594465877454 0.690786566471
 -1.87355670578 -1.50630821399 -1.10734125588 -0.558157583389 -0.144124647762 0.0813475039384 0.348896631571 0.650065727231 0.891301399653
 -1.30904750199 -1.42330618140 -1.19895493115 -0.843105932297 -0.423085199088 -0.0513153336944 0.316252654775 0.704418541071 1.01431601777
 -1.63590959673 -1.37444994139 -1.26222506287 -0.956847531827 -0.534259490329 -0.105043169352 0.306243862069 0.735679036859 1.08299765241
 -1.42258762721 -1.13002117167 -1.14905857816 -1.06682578821 -0.793853018844 -0.367474030956 0.193563198762 0.757032488385 1.18929453825
 -1.14289995689 -0.584452504083 -0.748493965744 -0.996842781564 -0.913725768436 -0.534039080839 0.0394540296179 0.683917291782 1.18553815383
 -1.20459671072 -0.477022609978 -0.324889287003 -0.845187580253 -0.922870546445 -0.625760142737 -0.0629391417128 0.610620312295 1.16772441430
# log_sel_spl_fsh[1]:
 0.00000000000 0.00000000000 0.00000000000 0.00000000000
 0.00000000000 0.00000000000 0.00000000000 0.00000000000
 0.00000000000 0.00000000000 0.00000000000 0.00000000000
 0.00000000000 0.00000000000 0.00000000000 0.00000000000
 0.00000000000 0.00000000000 0.00000000000 0.00000000000
 0.00000000000 0.00000000000 0.00000000000 0.00000000000
 0.00000000000 0.00000000000 0.00000000000 0.00000000000
 0.00000000000 0.00000000000 0.00000000000 0.00000000000
 0.00000000000 0.00000000000 0.00000000000 0.00000000000
 0.00000000000 0.00000000000 0.00000000000 0.00000000000
 0.00000000000 0.00000000000 0.00000000000 0.00000000000
 0.00000000000 0.00000000000 0.00000000000 0.00000000000
 0.00000000000 0.00000000000 0.00000000000 0.00000000000
 0.00000000000 0.00000000000 0.00000000000 0.00000000000
 0.00000000000 0.00000000000 0.00000000000 0.00000000000
 0.00000000000 0.00000000000 0.00000000000 0.00000000000
 0.00000000000 0.00000000000 0.00000000000 0.00000000000
 0.00000000000 0.00000000000 0.00000000000 0.00000000000
 0.00000000000 0.00000000000 0.00000000000 0.00000000000
 0.00000000000 0.00000000000 0.00000000000 0.00000000000
 0.00000000000 0.00000000000 0.00000000000 0.00000000000
 0.00000000000 0.00000000000 0.00000000000 0.00000000000
 0.00000000000 0.00000000000 0.00000000000 0.00000000000
 0.00000000000 0.00000000000 0.00000000000 0.00000000000
 0.00000000000 0.00000000000 0.00000000000 0.00000000000
 0.00000000000 0.00000000000 0.00000000000 0.00000000000
 0.00000000000 0.00000000000 0.00000000000 0.00000000000
 0.00000000000 0.00000000000 0.00000000000 0.00000000000
 0.00000000000 0.00000000000 0.00000000000 0.00000000000
 0.00000000000 0.00000000000 0.00000000000 0.00000000000
 0.00000000000 0.00000000000 0.00000000000 0.00000000000
 0.00000000000 0.00000000000 0.00000000000 0.00000000000
 0.00000000000 0.00000000000 0.00000000000 0.00000000000
 0.00000000000 0.00000000000 0.00000000000 0.00000000000
 0.00000000000 0.00000000000 0.00000000000 0.00000000000
 0.00000000000 0.00000000000 0.00000000000 0.00000000000
 0.00000000000 0.00000000000 0.00000000000 0.00000000000
 0.00000000000 0.00000000000 0.00000000000 0.00000000000
# log_sel_spl_fsh[2]:
 0.00000000000 0.00000000000 0.00000000000 0.00000000000
 0.00000000000 0.00000000000 0.00000000000 0.00000000000
 0.00000000000 0.00000000000 0.00000000000 0.00000000000
 0.00000000000 0.00000000000 0.00000000000 0.00000000000
 0.00000000000 0.00000000000 0.00000000000 0.00000000000
 0.00000000000 0.00000000000 0.00000000000 0.00000000000
 0.00000000000 0.00000000000 0.00000000000 0.00000000000
 0.00000000000 0.00000000000 0.00000000000 0.00000000000
 0.00000000000 0.00000000000 0.00000000000 0.00000000000
 0.00000000000 0.00000000000 0.00000000000 0.00000000000
 0.00000000000 0.00000000000 0.00000000000 0.00000000000
 0.00000000000 0.00000000000 0.00000000000 0.00000000000
 0.00000000000 0.00000000000 0.00000000000 0.00000000000
 0.00000000000 0.00000000000 0.00000000000 0.00000000000
 0.00000000000 0.00000000000 0.00000000000 0.00000000000
 0.00000000000 0.00000000000 0.00000000000 0.00000000000
 0.00000000000 0.00000000000 0.00000000000 0.00000000000
 0.00000000000 0.00000000000 0.00000000000 0.00000000000
 0.00000000000 0.00000000000 0.00000000000 0.00000000000
 0.00000000000 0.00000000000 0.00000000000 0.00000000000
 0.00000000000 0.00000000000 0.00000000000 0.00000000000
 0.00000000000 0.00000000000 0.00000000000 0.00000000000
 0.00000000000 0.00000000000 0.00000000000 0.00000000000
 0.00000000000 0.00000000000 0.00000000000 0.00000000000
 0.00000000000 0.00000000000 0.00000000000 0.00000000000
 0.00000000000 0.00000000000 0.00000000000 0.00000000000
 0.00000000000 0.00000000000 0.00000000000 0.00000000000
 0.00000000000 0.00000000000 0.00000000000 0.00000000000
 0.00000000000 0.00000000000 0.00000000000 0.00000000000
 0.00000000000 0.00000000000 0.00000000000 0.00000000000
 0.00000000000 0.00000000000 0.00000000000 0.00000000000
 0.00000000000 0.00000000000 0.00000000000 0.00000000000
 0.00000000000 0.00000000000 0.00000000000 0.00000000000
 0.00000000000 0.00000000000 0.00000000000 0.00000000000
 0.00000000000 0.00000000000 0.00000000000 0.00000000000
 0.00000000000 0.00000000000 0.00000000000 0.00000000000
 0.00000000000 0.00000000000 0.00000000000 0.00000000000
 0.00000000000 0.00000000000 0.00000000000 0.00000000000
 0.00000000000 0.00000000000 0.00000000000 0.00000000000
# log_sel_spl_fsh[3]:
 0.00000000000 0.00000000000 0.00000000000 0.00000000000
 0.00000000000 0.00000000000 0.00000000000 0.00000000000
# log_sel_spl_fsh[4]:
 0.00000000000 0.00000000000 0.00000000000 0.00000000000
 0.00000000000 0.00000000000 0.00000000000 0.00000000000
 0.00000000000 0.00000000000 0.00000000000 0.00000000000
 0.00000000000 0.00000000000 0.00000000000 0.00000000000
 0.00000000000 0.00000000000 0.00000000000 0.00000000000
 0.00000000000 0.00000000000 0.00000000000 0.00000000000
 0.00000000000 0.00000000000 0.00000000000 0.00000000000
 0.00000000000 0.00000000000 0.00000000000 0.00000000000
 0.00000000000 0.00000000000 0.00000000000 0.00000000000
 0.00000000000 0.00000000000 0.00000000000 0.00000000000
 0.00000000000 0.00000000000 0.00000000000 0.00000000000
 0.00000000000 0.00000000000 0.00000000000 0.00000000000
 0.00000000000 0.00000000000 0.00000000000 0.00000000000
 0.00000000000 0.00000000000 0.00000000000 0.00000000000
 0.00000000000 0.00000000000 0.00000000000 0.00000000000
 0.00000000000 0.00000000000 0.00000000000 0.00000000000
 0.00000000000 0.00000000000 0.00000000000 0.00000000000
 0.00000000000 0.00000000000 0.00000000000 0.00000000000
 0.00000000000 0.00000000000 0.00000000000 0.00000000000
 0.00000000000 0.00000000000 0.00000000000 0.00000000000
 0.00000000000 0.00000000000 0.00000000000 0.00000000000
 0.00000000000 0.00000000000 0.00000000000 0.00000000000
 0.00000000000 0.00000000000 0.00000000000 0.00000000000
 0.00000000000 0.00000000000 0.00000000000 0.00000000000
 0.00000000000 0.00000000000 0.00000000000 0.00000000000
 0.00000000000 0.00000000000 0.00000000000 0.00000000000
 0.00000000000 0.00000000000 0.00000000000 0.00000000000
 0.00000000000 0.00000000000 0.00000000000 0.00000000000
 0.00000000000 0.00000000000 0.00000000000 0.00000000000
 0.00000000000 0.00000000000 0.00000000000 0.00000000000
 0.00000000000 0.00000000000 0.00000000000 0.00000000000
 0.00000000000 0.00000000000 0.00000000000 0.00000000000
 0.00000000000 0.00000000000 0.00000000000 0.00000000000
# logsel_slope_fsh[1]:
 0.00000000000 0.00000000000 0.00000000000 0.00000000000 0.00000000000 0.00000000000 0.00000000000 0.00000000000 0.00000000000 0.00000000000 0.00000000000 0.00000000000 0.00000000000 0.00000000000 0.00000000000 0.00000000000 0.00000000000 0.00000000000 0.00000000000 0.00000000000 0.00000000000 0.00000000000 0.00000000000 0.00000000000 0.00000000000 0.00000000000 0.00000000000 0.00000000000 0.00000000000 0.00000000000 0.00000000000 0.00000000000 0.00000000000 0.00000000000 0.00000000000 0.00000000000 0.00000000000 0.00000000000
# logsel_slope_fsh[2]:
 0.00000000000 0.00000000000 0.00000000000 0.00000000000 0.00000000000 0.00000000000 0.00000000000 0.00000000000 0.00000000000 0.00000000000 0.00000000000 0.00000000000 0.00000000000 0.00000000000 0.00000000000 0.00000000000 0.00000000000 0.00000000000 0.00000000000 0.00000000000 0.00000000000 0.00000000000 0.00000000000 0.00000000000 0.00000000000 0.00000000000 0.00000000000 0.00000000000 0.00000000000 0.00000000000 0.00000000000 0.00000000000 0.00000000000 0.00000000000 0.00000000000 0.00000000000 0.00000000000 0.00000000000 0.00000000000
# logsel_slope_fsh[3]:
 0.00000000000 0.00000000000
# logsel_slope_fsh[4]:
 0.00000000000 0.00000000000 0.00000000000 0.00000000000 0.00000000000 0.00000000000 0.00000000000 0.00000000000 0.00000000000 0.00000000000 0.00000000000 0.00000000000 0.00000000000 0.00000000000 0.00000000000 0.00000000000 0.00000000000 0.00000000000 0.00000000000 0.00000000000 0.00000000000 0.00000000000 0.00000000000 0.00000000000 0.00000000000 0.00000000000 0.00000000000 0.00000000000 0.00000000000 0.00000000000 0.00000000000 0.00000000000 0.00000000000
# sel50_fsh[1]:
 0.00000000000 0.00000000000 0.00000000000 0.00000000000 0.00000000000 0.00000000000 0.00000000000 0.00000000000 0.00000000000 0.00000000000 0.00000000000 0.00000000000 0.00000000000 0.00000000000 0.00000000000 0.00000000000 0.00000000000 0.00000000000 0.00000000000 0.00000000000 0.00000000000 0.00000000000 0.00000000000 0.00000000000 0.00000000000 0.00000000000 0.00000000000 0.00000000000 0.00000000000 0.00000000000 0.00000000000 0.00000000000 0.00000000000 0.00000000000 0.00000000000 0.00000000000 0.00000000000 0.00000000000
# sel50_fsh[2]:
 0.00000000000 0.00000000000 0.00000000000 0.00000000000 0.00000000000 0.00000000000 0.00000000000 0.00000000000 0.00000000000 0.00000000000 0.00000000000 0.00000000000 0.00000000000 0.00000000000 0.00000000000 0.00000000000 0.00000000000 0.00000000000 0.00000000000 0.00000000000 0.00000000000 0.00000000000 0.00000000000 0.00000000000 0.00000000000 0.00000000000 0.00000000000 0.00000000000 0.00000000000 0.00000000000 0.00000000000 0.00000000000 0.00000000000 0.00000000000 0.00000000000 0.00000000000 0.00000000000 0.00000000000 0.00000000000
# sel50_fsh[3]:
 0.00000000000 0.00000000000
# sel50_fsh[4]:
 0.00000000000 0.00000000000 0.00000000000 0.00000000000 0.00000000000 0.00000000000 0.00000000000 0.00000000000 0.00000000000 0.00000000000 0.00000000000 0.00000000000 0.00000000000 0.00000000000 0.00000000000 0.00000000000 0.00000000000 0.00000000000 0.00000000000 0.00000000000 0.00000000000 0.00000000000 0.00000000000 0.00000000000 0.00000000000 0.00000000000 0.00000000000 0.00000000000 0.00000000000 0.00000000000 0.00000000000 0.00000000000 0.00000000000
# logsel_p1_fsh[1]:
 0.00000000000 0.00000000000 0.00000000000 0.00000000000 0.00000000000 0.00000000000 0.00000000000 0.00000000000 0.00000000000 0.00000000000 0.00000000000 0.00000000000 0.00000000000 0.00000000000 0.00000000000 0.00000000000 0.00000000000 0.00000000000 0.00000000000 0.00000000000 0.00000000000 0.00000000000 0.00000000000 0.00000000000 0.00000000000 0.00000000000 0.00000000000 0.00000000000 0.00000000000 0.00000000000 0.00000000000 0.00000000000 0.00000000000 0.00000000000 0.00000000000 0.00000000000 0.00000000000 0.00000000000
# logsel_p1_fsh[2]:
 0.00000000000 0.00000000000 0.00000000000 0.00000000000 0.00000000000 0.00000000000 0.00000000000 0.00000000000 0.00000000000 0.00000000000 0.00000000000 0.00000000000 0.00000000000 0.00000000000 0.00000000000 0.00000000000 0.00000000000 0.00000000000 0.00000000000 0.00000000000 0.00000000000 0.00000000000 0.00000000000 0.00000000000 0.00000000000 0.00000000000 0.00000000000 0.00000000000 0.00000000000 0.00000000000 0.00000000000 0.00000000000 0.00000000000 0.00000000000 0.00000000000 0.00000000000 0.00000000000 0.00000000000 0.00000000000
# logsel_p1_fsh[3]:
 0.00000000000 0.00000000000
# logsel_p1_fsh[4]:
 0.00000000000 0.00000000000 0.00000000000 0.00000000000 0.00000000000 0.00000000000 0.00000000000 0.00000000000 0.00000000000 0.00000000000 0.00000000000 0.00000000000 0.00000000000 0.00000000000 0.00000000000 0.00000000000 0.00000000000 0.00000000000 0.00000000000 0.00000000000 0.00000000000 0.00000000000 0.00000000000 0.00000000000 0.00000000000 0.00000000000 0.00000000000 0.00000000000 0.00000000000 0.00000000000 0.00000000000 0.00000000000 0.00000000000
# logsel_p2_fsh[1]:
 0.00000000000 0.00000000000 0.00000000000 0.00000000000 0.00000000000 0.00000000000 0.00000000000 0.00000000000 0.00000000000 0.00000000000 0.00000000000 0.00000000000 0.00000000000 0.00000000000 0.00000000000 0.00000000000 0.00000000000 0.00000000000 0.00000000000 0.00000000000 0.00000000000 0.00000000000 0.00000000000 0.00000000000 0.00000000000 0.00000000000 0.00000000000 0.00000000000 0.00000000000 0.00000000000 0.00000000000 0.00000000000 0.00000000000 0.00000000000 0.00000000000 0.00000000000 0.00000000000 0.00000000000
# logsel_p2_fsh[2]:
 0.00000000000 0.00000000000 0.00000000000 0.00000000000 0.00000000000 0.00000000000 0.00000000000 0.00000000000 0.00000000000 0.00000000000 0.00000000000 0.00000000000 0.00000000000 0.00000000000 0.00000000000 0.00000000000 0.00000000000 0.00000000000 0.00000000000 0.00000000000 0.00000000000 0.00000000000 0.00000000000 0.00000000000 0.00000000000 0.00000000000 0.00000000000 0.00000000000 0.00000000000 0.00000000000 0.00000000000 0.00000000000 0.00000000000 0.00000000000 0.00000000000 0.00000000000 0.00000000000 0.00000000000 0.00000000000
# logsel_p2_fsh[3]:
 0.00000000000 0.00000000000
# logsel_p2_fsh[4]:
 0.00000000000 0.00000000000 0.00000000000 0.00000000000 0.00000000000 0.00000000000 0.00000000000 0.00000000000 0.00000000000 0.00000000000 0.00000000000 0.00000000000 0.00000000000 0.00000000000 0.00000000000 0.00000000000 0.00000000000 0.00000000000 0.00000000000 0.00000000000 0.00000000000 0.00000000000 0.00000000000 0.00000000000 0.00000000000 0.00000000000 0.00000000000 0.00000000000 0.00000000000 0.00000000000 0.00000000000 0.00000000000 0.00000000000
# logsel_p3_fsh[1]:
 0.00000000000 0.00000000000 0.00000000000 0.00000000000 0.00000000000 0.00000000000 0.00000000000 0.00000000000 0.00000000000 0.00000000000 0.00000000000 0.00000000000 0.00000000000 0.00000000000 0.00000000000 0.00000000000 0.00000000000 0.00000000000 0.00000000000 0.00000000000 0.00000000000 0.00000000000 0.00000000000 0.00000000000 0.00000000000 0.00000000000 0.00000000000 0.00000000000 0.00000000000 0.00000000000 0.00000000000 0.00000000000 0.00000000000 0.00000000000 0.00000000000 0.00000000000 0.00000000000 0.00000000000
# logsel_p3_fsh[2]:
 0.00000000000 0.00000000000 0.00000000000 0.00000000000 0.00000000000 0.00000000000 0.00000000000 0.00000000000 0.00000000000 0.00000000000 0.00000000000 0.00000000000 0.00000000000 0.00000000000 0.00000000000 0.00000000000 0.00000000000 0.00000000000 0.00000000000 0.00000000000 0.00000000000 0.00000000000 0.00000000000 0.00000000000 0.00000000000 0.00000000000 0.00000000000 0.00000000000 0.00000000000 0.00000000000 0.00000000000 0.00000000000 0.00000000000 0.00000000000 0.00000000000 0.00000000000 0.00000000000 0.00000000000 0.00000000000
# logsel_p3_fsh[3]:
 0.00000000000 0.00000000000
# logsel_p3_fsh[4]:
 0.00000000000 0.00000000000 0.00000000000 0.00000000000 0.00000000000 0.00000000000 0.00000000000 0.00000000000 0.00000000000 0.00000000000 0.00000000000 0.00000000000 0.00000000000 0.00000000000 0.00000000000 0.00000000000 0.00000000000 0.00000000000 0.00000000000 0.00000000000 0.00000000000 0.00000000000 0.00000000000 0.00000000000 0.00000000000 0.00000000000 0.00000000000 0.00000000000 0.00000000000 0.00000000000 0.00000000000 0.00000000000 0.00000000000
# rec_dev_future:
 0.00000000000 0.00000000000 0.00000000000 0.00000000000 0.00000000000 0.00000000000 0.00000000000 0.00000000000 0.00000000000 0.00000000000 0.00000000000 0.00000000000 0.00000000000 0.00000000000 0.00000000000 0.00000000000 0.00000000000 0.00000000000 0.00000000000 0.00000000000
 0.00000000000 0.00000000000 0.00000000000 0.00000000000 0.00000000000 0.00000000000 0.00000000000 0.00000000000 0.00000000000 0.00000000000 0.00000000000 0.00000000000 0.00000000000 0.00000000000 0.00000000000 0.00000000000 0.00000000000 0.00000000000 0.00000000000 0.00000000000
# log_q_ind[1]:
0.226343736336
# log_q_ind[2]:
-2.44582164504
# log_q_ind[3]:
-9.37234016935
# log_q_ind[4]:
-0.407858577021
# log_q_ind[5]:
-3.55798766697
# log_q_ind[6]:
-5.95356966846
# log_q_ind[7]:
-1.08607916804
# log_q_power_ind[1]:
0.00000000000
# log_q_power_ind[2]:
0.00000000000
# log_q_power_ind[3]:
0.00000000000
# log_q_power_ind[4]:
0.00000000000
# log_q_power_ind[5]:
0.00000000000
# log_q_power_ind[6]:
0.00000000000
# log_q_power_ind[7]:
0.00000000000
# log_rw_q_ind[1]:
 -0.959600403655
# log_rw_q_ind[3]:
 -0.632448316791
# log_selcoffs_ind[1]:
 -1.84543116082 -1.07512495151 -0.513374298451 -0.132007076148 0.0978177083740 0.235669259440 0.312276815695 0.348693626832 0.360977633769 0.363936998703
 -2.39682346249 -1.64070353246 -0.921882681929 -0.316886168521 0.104579274738 0.344218243567 0.433304373215 0.441602836827 0.413483175514 0.377215006258
# log_selcoffs_ind[2]:
 -0.726159093231 -0.979130315805 -1.32475864143 -1.53778177823 -1.50679286259 -1.18586298318 -0.607747098741 0.135394456526 0.886959633361 1.39015454922
 0.272234735894 -0.209527571419 -0.574528297839 -0.810465353940 -0.879354053306 -0.734923747073 -0.378945623746 0.105320919983 0.575566555267 0.875525190900
 0.742332892940 0.322838314650 -0.0617751998207 -0.397480877781 -0.630063136393 -0.680900052101 -0.533746990000 -0.244883025257 0.0888997122498 0.340131241039
# log_selcoffs_ind[3]:
 -0.202940821038 0.0202027052767 0.0202027052767 0.0202027052767 0.0202027052767 0.0202027052767 0.0202027052767 0.0202027052767 0.0202027052767 0.0202027052767
# log_selcoffs_ind[4]:
 -0.548056957710 -0.392841150460 -0.250098484953 -0.137028781765 -0.0460933055839 0.0406257947848 0.127735299278 0.212289019429 0.284990908660 0.334470457838
 -1.23605399290 -0.980707927726 -0.721402905889 -0.450267670226 -0.182725985355 0.0643798893671 0.275989031374 0.435201310180 0.528807477665 0.560409723840
# log_selcoffs_ind[5]:
 -3.04452005677 -0.669616569639 0.101782682789 0.174353368097 0.174353368097 0.174353368097 0.174353368097 0.174353368097 0.174353368097 0.174353368097
# log_selcoffs_ind[6]:
 -3.04452005677 -0.669616569639 0.101782682789 0.174353368097 0.174353368097 0.174353368097 0.174353368097 0.174353368097 0.174353368097 0.174353368097
# log_selcoffs_ind[7]:
 -3.04452005677 -0.669616569639 0.101782682789 0.174353368097 0.174353368097 0.174353368097 0.174353368097 0.174353368097 0.174353368097 0.174353368097
# logsel_slope_ind[1]:
 0.00000000000 0.00000000000
# logsel_slope_ind[2]:
 0.00000000000 0.00000000000 0.00000000000
# logsel_slope_ind[3]:
 0.00000000000
# logsel_slope_ind[4]:
 0.00000000000 0.00000000000
# logsel_slope_ind[5]:
 0.00000000000
# logsel_slope_ind[6]:
 0.00000000000
# logsel_slope_ind[7]:
 0.00000000000
# sel50_ind[1]:
 0.00000000000 0.00000000000
# sel50_ind[2]:
 0.00000000000 0.00000000000 0.00000000000
# sel50_ind[3]:
 0.00000000000
# sel50_ind[4]:
 0.00000000000 0.00000000000
# sel50_ind[5]:
 0.00000000000
# sel50_ind[6]:
 0.00000000000
# sel50_ind[7]:
 0.00000000000
# logsel_p1_ind[1]:
 0.00000000000 0.00000000000
# logsel_p1_ind[2]:
 0.00000000000 0.00000000000 0.00000000000
# logsel_p1_ind[3]:
 0.00000000000
# logsel_p1_ind[4]:
 0.00000000000 0.00000000000
# logsel_p1_ind[5]:
 0.00000000000
# logsel_p1_ind[6]:
 0.00000000000
# logsel_p1_ind[7]:
 0.00000000000
# sel_p2_ind[1]:
 0.00000000000 0.00000000000
# sel_p2_ind[2]:
 0.00000000000 0.00000000000 0.00000000000
# sel_p2_ind[3]:
 0.00000000000
# sel_p2_ind[4]:
 0.00000000000 0.00000000000
# sel_p2_ind[5]:
 0.00000000000
# sel_p2_ind[6]:
 0.00000000000
# sel_p2_ind[7]:
 0.00000000000
# logsel_p3_ind[1]:
 0.00000000000 0.00000000000
# logsel_p3_ind[2]:
 0.00000000000 0.00000000000 0.00000000000
# logsel_p3_ind[3]:
 0.00000000000
# logsel_p3_ind[4]:
 0.00000000000 0.00000000000
# logsel_p3_ind[5]:
 0.00000000000
# logsel_p3_ind[6]:
 0.00000000000
# logsel_p3_ind[7]:
 0.00000000000
