# Number of parameters = 1502 Objective function value = 1125.76680539874  Maximum gradient component = 0.00134128354760717
# Mest[1]:
0.280000000000
# Mest[2]:
0.330000000000
# log_Linf[1]:
4.38701417618
# log_Linf[2]:
4.38701417618
# log_k[1]:
-1.83258146375
# log_k[2]:
-1.83258146375
# log_Lo[1]:
2.75684036527
# log_Lo[2]:
2.75684036527
# log_sdage[1]:
-2.40794560865
# log_sdage[2]:
-2.40794560865
# mean_log_rec[1]:
9.31254056028
# mean_log_rec[2]:
8.09421927776
# mean_log_rec[3]:
7.53495407042
# steepness[1]:
0.650000000000
# steepness[2]:
0.650000000000
# steepness[3]:
0.650000000000
# log_Rzero[1]:
9.59475293217
# log_Rzero[2]:
8.15958803535
# log_Rzero[3]:
7.12798231620
# rec_dev:
 -0.103474793644 -0.131350170451 -0.164498576075 -0.202873987082 -0.247100405553 -0.297303013595 -0.351822639387 -0.410039564983 -0.475568355270 -0.548568950381 -0.618967848824 -0.408854647312 -0.472111999046 -0.542621735505 -0.639643460053 -0.684494960927 -0.550080938074 -0.384029114911 -0.128005308915 0.101825221015 0.145734897655 0.178406564799 0.277982480493 0.367456257989 0.891204370061 0.721541040466 0.766239885421 1.59180347046 1.49023458221 0.700278055844 0.180728398172 0.456800467168 0.677071297890 0.767661799926 0.272814734756 0.291081709938 0.0541207542613 0.190303218676 0.261657360399 0.303995231398 0.431245353646 0.561728141855 0.590577700244 0.512520852755 0.0834331996502 -0.418438875082 -0.303961725092 -0.774957293713 -1.55885168006 -0.671900445867 -0.813868696042 -1.06810249515 -0.991997542698 -0.934828395770 -0.757648050353 -0.201415222318 -0.146949787557 0.165018473792 0.429388322253 0.975197164660 0.418531742602 -0.325979945132 0.169634414426
 -0.000537260266846 -0.000712875690308 -0.000926025168267 -0.00117564382038 -0.00144901957595 -0.00171599021344 -0.00191356265614 -0.00192352442932 -0.00182473872448 -0.00132253172740 -8.69251822913e-05 0.0346043925166 0.0350106122527 0.0350603517054 0.0341180025624 0.0252229755099 0.0116186182551 -0.0122059578302 -0.0598807580273 0.258642818111 0.00122095726528 -0.363739159823 0.107347542335 0.547087643902 0.0146449871796 -0.603510317478 -0.347968945827 -0.0762072626496 0.478412431532 0.886791495702 -0.0174633366331 -0.0953647646412 -0.439171375244 0.0651265100847 -0.263140631274 -0.387605716675 0.301290512884 -0.113721783540 0.148760665235 -0.178076303551 0.860104058367 1.01278718110 -0.480941866078 0.609939386289 -1.35236002694 0.0196462897846 0.439122655410 0.0686697718035 -1.90339948444 -1.84887729255 0.114042613435 0.567853783997 -1.16100253818 -0.477019621973 -1.71331243750 -0.631068201608 -0.948055694245 -0.122004533281 1.11106612716 1.14451783559 0.0572269709919 -0.426795709407 0.0178506446175
# log_sigmar[1]:
-0.510825623766
# log_sigmar[2]:
-0.510825623766
# log_sigmar[3]:
-0.510825623766
# fmort:
 0.00918948509490 0.0140054562176 0.00672647484796 0.00907920202175 0.0184105110965 0.0238314321715 0.0317055043209 0.0301564045036 0.0574684792029 0.0517637464564 0.0400334792304 0.0598538100014 0.125331472731 0.0490441164416 0.117384402790 0.0670977616281 0.00611821299827 0.0219376428594 0.0147901894072 0.0134328303041 0.0128478913177 0.0179260891888 0.0191441423556 0.0227951824586 0.0146175358536 0.0194744203767 0.0313723573612 0.0111475384924 0.00338668977091 0.00641591142360 0.00992175790047 0.0183990642228 0.00754705464525 0.0115438421325 0.0132678243986 0.0225738982892 0.0255582574441 0.0397597400643 0.0630140756748 0.0458103123445 0.0738950442030 0.0134767860006 0.00461076044539 0.00693737377244 0.00653581751630 0.00820874524386 0.00558084127290 0.00780427358576 0.00222022676016 0.00148165048306 0.00458606185363 0.00568347681267
 0.000842360970797 0.00129665671838 0.00200937091969 0.00347485627483 0.00270276697234 0.00538855736326 0.00899254413381 0.0124499194673 0.0198885654233 0.0249031041670 0.0285196454773 0.0603895601934 0.0770932778657 0.0589878360620 0.0850152156252 0.126425863501 0.158111748549 0.210907461369 0.261287710655 0.304391269164 0.320611814566 0.393010922169 0.509489770047 0.529315385517 0.653185302795 0.853798549409 0.806059414984 0.791430649119 0.469994063199 0.303406291597 0.206774271094 0.234864500918 0.250679922480 0.234330288933 0.236422396355 0.243318781837 0.257652528484 0.312035166054 0.267817120379 0.363178993167 0.213365400518 0.155013631520 0.110506007118 0.0960632241180 0.0980963907205 0.116612268853 0.109640546260 0.107549296874 0.113225061842 0.102904740097 0.0939782336268 0.102542656254
 0.000701421496049 0.00136888215868 0.00334489707059 0.00719667743793 0.0231399298833 0.00720156057931 0.00927588692342 0.128869380473 0.144414759117 0.129503938460 0.138098818119 0.182370693249 0.0642822926432 0.0297679100270 0.0291976167826 0.0196994237101 0.0134949736515 0.0140990339695 0.0592459358803 0.0489982592200 0.0426290644008 0.0359913522263 0.0252316802064 0.0361483087087 0.0553727934111 0.217062343244 0.378072934753 0.864178409143 1.11924019604 0.309165680172 0.208814866800 0.698058501792 0.0823073878787 0.115063591739 0.0801672990605 0.0533724059604 0.153424979252 0.129248793335 0.113070002656 0.140774422300 0.0320347840719 0.177706880692 0.0881605341350 0.0625914103811 0.0667906272501 0.0269275411325 0.0125177728068 0.00584489182674 0.0185234935288 0.0192887376716 0.0168403005611 0.0261303692456
 6.25110358238e-05 6.68764571690e-05 0.000394026404406 7.66810568126e-05 8.22758219257e-05 8.85401069800e-05 9.92640053174e-05 0.000233049971033 0.00572593737635 0.0477476116621 0.0518236688136 0.0795290540830 0.175221933797 0.303727013983 0.508622461150 0.452062363847 0.407267536032 0.302697092760 0.211580460708 0.148261130231 0.106061473511 0.0551286010982 0.00420778606848 0.000127627976289 0.000155760112455 0.000211762346369 0.000299616504060 0.000409842321821 0.000469290923664 0.000437509470584 0.000769893410714 0.00511712054504 0.0154308555474 0.0260894720739 0.0461613491121 0.0387012833126 0.0601624435805 0.0886185534296 0.109112130817 0.145846609379 0.131120176488 0.0380333158730 0.0244441312742 0.0237707749751 0.0338133778016 0.0379206950020 0.0218065697801 0.0189772805811 0.0169630514367 0.0130129827224 0.00103136336430 0.00972542131945
# log_selcoffs_fsh[1]:
 -3.57753235028 -1.92774519880 -0.936440238845 0.0111586768225 0.836881416459 0.966603997733 0.334232030099 -0.396109784703 -0.878557219903
 -3.17803408280 -1.51960932355 -0.816444968108 -0.0648083222974 0.699226760800 0.904856638912 0.434736728484 -0.208238876584 -0.654032926634
 -2.87325384827 -1.43254763527 -0.616339890643 0.149681476672 0.678846071720 0.742985018388 0.375883555202 -0.135286443446 -0.511062257775
 -2.48891565597 -1.22860503515 -0.615600406409 -0.00134819921008 0.721208259790 0.743868046653 0.333919864431 -0.127847749530 -0.433962698922
 -1.85025815377 -0.347989865152 -0.0763282747723 0.141500106484 0.389873644638 0.468385132823 0.260464478318 -0.0559985801859 -0.299882905941
 -1.73850127843 -0.536951454414 0.405258975346 0.598422461051 0.263149937914 0.117259018129 -0.0187074468723 -0.204405325472 -0.358504209433
 -1.46631721706 -0.397939995844 0.496027818218 0.700277276304 0.271607242383 -0.0432084735383 -0.215507569364 -0.338758528217 -0.427009301573
 -1.07413514405 -0.224886775930 0.551727335545 0.758983350044 0.194092390780 -0.170485539637 -0.367106454430 -0.460004053783 -0.500930451239
 -0.792391001205 0.212472478298 0.453630023236 0.578840682935 0.291064436507 -0.181706888358 -0.453356867565 -0.549935070328 -0.565022597371
 -0.547133903165 0.368939568664 0.556213426636 0.558344035225 0.140234204002 -0.314488623487 -0.579554718473 -0.654150920956 -0.648889677527
 -0.0258588661436 0.914426120034 0.444428192846 0.151889593922 -0.231166696614 -0.542101611040 -0.719401638885 -0.761524913417 -0.739347458720
 0.196947337711 0.865441226487 0.610735068867 0.115012618006 -0.431907818486 -0.709817025062 -0.832958480670 -0.853002337531 -0.819401457099
 -0.0189492404542 1.14409900204 0.637334730966 -0.109989548115 -0.659825528366 -0.891957699556 -0.963511550150 -0.956518072212 -0.918017909994
 0.237768237591 1.18152159921 0.569166056770 -0.213638076584 -0.793486394979 -1.00669456616 -1.05409369963 -1.02767836427 -0.984071181438
 0.267080894326 1.23207384531 0.546876147761 -0.275010437646 -0.858008224229 -1.07732171861 -1.12328969482 -1.09037210858 -1.04327508265
 -0.146397467806 1.31732962609 0.656569112375 -0.237853061688 -0.892515784755 -1.13146482209 -1.18455088185 -1.15154703897 -1.10247557688
 -0.0639583724026 1.35155519904 0.596870136396 -0.274817891344 -0.922049232885 -1.16847249420 -1.22637809571 -1.19588367965 -1.14552393367
 0.470488434092 1.14939701217 0.644061230766 -0.282293127699 -0.946151317528 -1.19246523159 -1.25121788319 -1.21935699233 -1.16666710894
 0.778222502117 1.13435757575 0.413092848809 -0.382906021293 -0.995440363958 -1.23680827148 -1.29356834808 -1.25688443284 -1.20009849112
 0.515296813037 1.23178364348 0.561770606634 -0.374923402183 -1.04528574081 -1.29106232833 -1.33902248820 -1.29019231586 -1.22580610856
 0.605335298386 1.31141287734 0.389758828480 -0.509702363366 -1.13220810991 -1.35785830087 -1.39191013162 -1.32687135933 -1.25182261968
 0.615604745094 1.30043325202 0.481915862844 -0.592627137571 -1.23385414281 -1.43153487742 -1.44160435979 -1.35541685766 -1.26658115419
 0.801978743831 1.25422945367 0.375577455673 -0.619374230194 -1.27329128773 -1.47607606772 -1.47726542052 -1.37335767374 -1.26995677712
 0.500231211192 1.41707431346 0.362845250796 -0.641129049147 -1.27695889269 -1.48792717171 -1.49366951236 -1.38278358658 -1.26726192408
 0.636477549083 1.32995227102 0.370846143101 -0.565771216743 -1.20585843866 -1.44671118989 -1.46973179046 -1.35902417758 -1.23523575892
 0.699685674585 1.19615335043 0.454240693967 -0.375719949454 -1.09699336042 -1.36837159685 -1.39954663037 -1.29686280878 -1.17361547794
 0.321584393732 1.25229865510 0.554101048344 -0.227603637133 -0.967429577294 -1.24107845543 -1.27884760924 -1.19529556782 -1.09244839085
 0.329918738065 1.25723120556 0.462923339831 -0.317043955535 -0.888358091922 -1.10559009097 -1.13185629010 -1.06949179128 -0.998321100291
 1.07783924495 0.811628720895 0.142741599605 -0.463689448742 -0.839566962118 -0.961681187521 -0.962530771643 -0.904444791186 -0.851264773924
 0.667532868583 1.06194381695 0.182428894997 -0.501802908474 -0.773464137086 -0.810254705119 -0.776897932861 -0.725204808206 -0.687539423900
 0.448780119194 1.05976740332 0.0876085800695 -0.459706719189 -0.620815147468 -0.623193797639 -0.571272912674 -0.531799079790 -0.512857033733
 0.381427564102 0.755443173708 0.0884134358337 -0.301469974552 -0.384625272383 -0.361903943494 -0.319747890177 -0.304325270946 -0.309390637254
 -0.431089548757 0.475112312336 0.183269424349 -0.0412212834084 -0.0523427814549 -0.0709139388357 -0.0665620266173 -0.105695034305 -0.144562884244
 -0.812399758381 -0.146727544859 -0.128109680857 0.0787743442625 0.246271061980 0.190200834600 0.206173626519 0.0526436058045 -0.0416528524062
 -0.296495856237 0.170364206704 -0.310761527395 -0.290089232886 -0.0167750265689 0.139773548598 0.195237880810 0.143786476161 0.0826333656361
 0.360459182867 -0.518861521236 -0.650885017027 -0.374269781063 -0.0448254202055 0.158513178516 0.229517112328 0.198183843726 0.145249924924
 -0.523948005083 -0.747381068304 -0.628416613971 -0.159909117262 0.195462943424 0.294799242929 0.347198411253 0.290680061154 0.213008461909
 -0.951440770534 -0.572111099765 -0.483301138735 -0.0147953585303 0.263781559594 0.320071585696 0.259164149476 0.226282571809 0.197685148755
# log_selcoffs_fsh[2]:
 -2.10944960190 -0.164692977803 0.580822427876 0.854662439998 0.573214960390 0.0127833290676 -0.411754266224 -0.654624915232 -0.749960999104 -0.796028315723
 -2.10557467419 -0.187075698823 -0.163584052962 0.369148304171 0.747294464918 0.547716069005 0.0322993180709 -0.366028205777 -0.512239759766 -0.532381020097
 -2.64606547495 -0.854683647218 -0.364329473137 0.180373215502 0.689593860623 0.689362163634 0.242075046009 -0.155488868835 -0.291681073679 -0.288906152341
 -3.05470943094 -1.50771331508 -0.656766271555 -0.110060671638 0.553167955954 0.764082679572 0.359577560075 0.0384467025228 -0.0385844571934 -0.00270738065558
 -2.62135641324 -1.09788570477 -1.05801463095 -0.560568253483 0.256870892536 0.648305425497 0.418520570710 0.240941270991 0.254017934295 0.328701201168
 -2.21184747485 -1.12661900272 -0.947725694315 -0.870464689148 -0.367285772077 0.103568685775 0.325743305098 0.460374900882 0.622773868267 0.753509645316
 -2.88871747283 -1.63590332237 -0.797824561199 -0.680759215739 -0.589722383667 -0.262109602092 0.123193256500 0.477641136824 0.766955913708 0.944900244529
 -3.46170514209 -2.46307304979 -1.68257457009 -1.00557438537 -0.458185108305 -0.0697537389225 0.239491362517 0.475184926975 0.788719159925 0.988491434753
 -3.74626293813 -2.73255698637 -2.09907439751 -1.40256684655 -0.594884270576 -0.0409976977416 0.366751077560 0.644058735507 0.816916826332 0.884018101230
 -3.82316587913 -2.61942645500 -1.92314957908 -1.43163378463 -0.942403256251 -0.285536337493 0.289647362177 0.802732246553 0.958265779766 0.790352907725
 -3.64321190224 -2.17180646804 -1.46329999853 -1.04199146202 -0.695437459946 -0.424038919803 0.0842824618420 0.694475524814 0.966503088132 0.876739834446
 -3.53317254811 -2.06742825411 -1.27403692780 -0.862845369954 -0.520237994992 -0.200849855239 0.315510959221 0.672304434688 0.800504599207 0.776492018458
 -3.15894901260 -1.36475128332 -0.786129468972 -0.460522726880 -0.232544069780 -0.158803161653 0.212920751194 0.512445228170 0.680507894119 0.736356302454
 -2.71498297427 -0.933810532984 -0.396208569853 -0.243681149342 -0.175881433697 -0.0717027765279 0.165120842667 0.395318479289 0.561767958103 0.639983221652
 -2.31148203987 -0.327703308238 -0.103499325439 -0.257453404588 -0.365009323298 -0.234716506457 0.0716537277430 0.327207223915 0.524704892666 0.625562630363
 -1.98212736953 -0.0105336158952 -0.147847352375 -0.338501546479 -0.489517414174 -0.356166692867 -0.0429259094939 0.261199469476 0.531101421562 0.706433804457
 -1.56446897517 -0.0426061515992 -0.124036121029 -0.299661456742 -0.491252646541 -0.458460496257 -0.167415528933 0.181838863180 0.535007735755 0.793557538447
 -1.81283070562 -0.0168170241958 0.127301472640 -0.110114807250 -0.407575070796 -0.428669987222 -0.191407087039 0.145026555177 0.450248739384 0.670282266873
 -2.07772451212 -0.239944878632 0.135521846313 -0.0228377798828 -0.302855299490 -0.328313169525 -0.103216996773 0.196057409297 0.450075876265 0.598702513649
 -2.19592707655 -0.581195005006 -0.200575562654 -0.0661780277029 -0.218190572704 -0.229374695039 -0.000748472172858 0.300583143060 0.530922579120 0.655388102729
 -2.28404006307 -0.723665794887 -0.249988642662 -0.0543551036216 -0.205580098702 -0.257767262267 -0.0277939590917 0.304879375060 0.562961123983 0.700811469463
 -2.44928914083 -0.831934761643 -0.271023334728 0.000742427245821 -0.116790851074 -0.174103540165 0.0234845250134 0.295455975667 0.522296026559 0.658411137249
 -2.67630562808 -1.27360842582 -0.403968688839 0.0962207938436 0.0763449442987 -0.0313206919201 0.101111333389 0.310132928953 0.472700244598 0.565239759711
 -2.81512477871 -1.54882380731 -0.688059271329 -0.0804836360578 0.217896711429 0.160404145302 0.297950161765 0.420748786916 0.439690654713 0.380159263791
 -2.90452128103 -1.36661695903 -0.633167362033 -0.303279197076 0.0609659283311 0.238713119713 0.370215983904 0.521289078945 0.454181456554 0.323062098100
 -3.04461303118 -1.73164695643 -0.861591239493 -0.0575844694696 0.297082523845 0.342573167880 0.332060087043 0.412173275267 0.383535599071 0.249178444588
 -3.20195570231 -1.54610741448 -0.825488141780 0.117324684142 0.473959764386 0.512932874022 0.413760259735 0.282173269083 0.0984547802618 -0.0353745952683
 -3.38398939984 -1.18207902271 -0.642091809919 0.0437265709292 0.410297456904 0.442282645094 0.673806948150 0.365731022556 -0.103784740798 -0.328002999787
 -3.56145810098 -1.85686018512 -0.912399266105 0.0913943888728 0.551425204670 0.563009120227 0.718173130086 0.252898322653 -0.186238881513 -0.418557597228
 -3.68360326409 -1.77246967495 -0.364212686372 0.378233010972 0.818897525439 0.490779453293 0.250636903192 -0.0306181690407 -0.246415000556 -0.338786913581
 -3.57870118399 -1.39263647668 -0.127721968268 0.494443963442 0.478176878820 0.213231081104 0.141650583858 0.0942346288466 0.0612790514903 0.0382546069125
 -3.55518885334 -1.60879100266 -0.590990206443 -0.0477949313176 0.292727687022 0.263765192017 0.154822865026 0.312050588957 0.425595428409 0.443473491522
 -3.09985591989 -1.12227192155 -0.857975631727 -0.548664512890 -0.138772633173 0.0818960407453 0.153763586085 0.373494487492 0.658737044781 0.751664891503
 -3.59647488759 -1.48676880916 -0.783032595834 -0.275247178263 0.00579175118715 0.153566615996 0.235698141357 0.392839227809 0.545432579827 0.634433999852
 -3.81845017208 -1.82559575122 -1.10193481239 -0.596730292723 -0.0178311849737 0.234752751080 0.364568475746 0.494222388687 0.587328632499 0.592700014611
 -4.13974077181 -2.18344307258 -1.17070870988 -0.630073289545 -0.199891488760 0.102121893053 0.334675611112 0.528475696130 0.655469328534 0.733571124847
 -4.26809173034 -2.79631718263 -1.64001376958 -0.815604390074 -0.151493613978 0.0785353545053 0.385383187250 0.581098095479 0.665589765511 0.762517836965
 -4.16949070713 -2.85558140564 -2.19372825129 -1.25068160906 -0.394650787694 0.133752622365 0.385861330172 0.650181419768 0.726266635110 0.814508322901
 -4.06148799359 -2.95627316594 -2.13512883314 -1.34430563445 -0.586274974949 -0.0368570672752 0.324449173541 0.603431267826 0.810268117067 0.944467375731
# log_selcoffs_fsh[3]:
 -3.20065538136 -0.371154404774 1.39020397132 0.689247650197 -1.51197245080 -3.47635849480 -4.60043662395
 -3.31120854081 0.300324451141 1.32652000139 0.487529761961 -1.72781575986 -3.53030634179 -4.59860234193
# log_selcoffs_fsh[4]:
 -3.58112074147 -3.05071337562 -2.48609778063 -1.84901303350 -1.12691298771 -0.354260496903 0.379463965605 0.957793670494 1.27844129515
 -3.56893510024 -3.04519014835 -2.48757451039 -1.85654484393 -1.13755776448 -0.363914753229 0.374959970869 0.958839452916 1.28253043842
 -3.54516034030 -3.03414403852 -2.49047764911 -1.87041954771 -1.15623408896 -0.379446003080 0.368654014251 0.960442077183 1.28883113827
 -3.50983470226 -3.01403453391 -2.49166808099 -1.89352547261 -1.18509661883 -0.398849146426 0.361869739626 0.964149105126 1.29536187977
 -3.45939963199 -2.97726272455 -2.47684436672 -1.90584309448 -1.22109768277 -0.427088993895 0.357474501454 0.968526061887 1.30123450152
 -3.38917219264 -2.91239825976 -2.43636744469 -1.89769109101 -1.21961188560 -0.429203587913 0.361797624947 0.972923523998 1.29378906100
 -3.30786741770 -2.82432318877 -2.32952527716 -1.82384642283 -1.17859105963 -0.375552820245 0.414511689558 0.983115403045 1.24250727537
 -3.20268106758 -2.71763363994 -2.21749987225 -1.67833052277 -1.07015797654 -0.322734084118 0.433005172691 0.973662111241 1.20630676615
 -3.05318269732 -2.56691825964 -2.07874832164 -1.54399904059 -0.921209681711 -0.228297622128 0.455434447740 0.942553026760 1.16318183040
 -2.87987811735 -2.36047057027 -1.84742411341 -1.36213949384 -0.807663141636 -0.162528350398 0.453230222393 0.908728442354 1.12664399553
 -2.70521111190 -2.14605544256 -1.58708268760 -1.06911634157 -0.633941053272 -0.139321401626 0.412626185844 0.857663198651 1.09844416915
 -2.54531218191 -1.97019024179 -1.38715201484 -0.827970879260 -0.374849217095 -0.0528728968891 0.351470692943 0.777259195212 1.05181745257
 -2.40963900390 -1.82895702904 -1.25738268144 -0.710609362460 -0.242393354530 0.0904778046646 0.370769533170 0.704032757125 0.964564712185
 -2.28109411946 -1.69865055453 -1.13453190968 -0.619125261629 -0.190519114589 0.137713326940 0.414537537027 0.680907601633 0.871875901934
 -2.15366171875 -1.56817785471 -1.01101997488 -0.519629199861 -0.121825483333 0.183426967843 0.431233057459 0.643330023577 0.783142034812
 -2.03150575068 -1.43893318202 -0.884864756018 -0.415123021514 -0.0478016991204 0.223384041476 0.431579474149 0.595004957533 0.694297289097
 -1.91481952702 -1.30795156780 -0.751689372868 -0.303568197010 0.0247259503883 0.251110891544 0.417273264104 0.539963253492 0.603365592394
 -1.81009885671 -1.16726089991 -0.597691168522 -0.166880161138 0.116591250148 0.274493029934 0.379213533355 0.453611792050 0.503267514066
 -1.73101880409 -1.04191162168 -0.427191558664 -0.0469210869793 0.187463224516 0.302518026862 0.331459864592 0.366073594389 0.384653736261
 -1.68924319054 -0.961088356866 -0.295319846050 0.136544590550 0.248330710417 0.289007666986 0.281815995205 0.259535152287 0.264989160627
 -1.66881682730 -0.925994582262 -0.287915380493 0.194461776608 0.371882985172 0.299586905537 0.232783262422 0.183893442612 0.171555857090
 -1.67083538361 -0.920447828216 -0.286564767065 0.112950419765 0.373612461698 0.361906446791 0.277940169293 0.187619508693 0.119855954871
 -1.68850761965 -1.00123030660 -0.380557408316 0.0445368215174 0.269741604622 0.355942050280 0.336030953498 0.280128653726 0.230254810202
 -1.74498095376 -1.11978591012 -0.557490862492 -0.108997009276 0.187086604144 0.339195839460 0.391566927810 0.392599562510 0.378403909489
 -1.81292776665 -1.24016191950 -0.708891849063 -0.259064784327 0.0942120126449 0.319781565224 0.425821480826 0.481076233695 0.506361337326
 -1.89025927252 -1.36635261519 -0.882798464336 -0.417719829201 -0.0180280145616 0.274015593623 0.456693267061 0.566440536445 0.633165617636
 -1.96420939567 -1.46002589181 -1.07081743992 -0.595920633000 -0.113601913248 0.222602425058 0.458168374381 0.639378997744 0.749198514350
 -2.01343263406 -1.63305023340 -1.21829286852 -0.645146187713 -0.196251260020 0.0678021458890 0.365390720777 0.683574047557 0.930917582834
 -1.45308114220 -1.56965537444 -1.33889584834 -0.955336380205 -0.484835652146 -0.0647789324525 0.335855220256 0.738463983961 1.05301806248
 -1.79863684520 -1.53738664342 -1.42407941269 -1.07651008944 -0.583777993276 -0.0963806610458 0.343735685708 0.770577072521 1.09891113362
 -1.54942849890 -1.37250981323 -1.40637950921 -1.24167306062 -0.852611971602 -0.339311213877 0.256636466546 0.806643629684 1.20258774509
 -1.24819347490 -0.952548881714 -1.23002091468 -1.29339832611 -1.00075196787 -0.476842440446 0.149688327571 0.779649324698 1.23258198889
 -1.19687472222 -1.09043497528 -1.20768985272 -1.23904987171 -0.983409381919 -0.476094087806 0.161419361875 0.791421334743 1.22268649566
# log_sel_spl_fsh[1]:
 0.00000000000 0.00000000000 0.00000000000 0.00000000000
 0.00000000000 0.00000000000 0.00000000000 0.00000000000
 0.00000000000 0.00000000000 0.00000000000 0.00000000000
 0.00000000000 0.00000000000 0.00000000000 0.00000000000
 0.00000000000 0.00000000000 0.00000000000 0.00000000000
 0.00000000000 0.00000000000 0.00000000000 0.00000000000
 0.00000000000 0.00000000000 0.00000000000 0.00000000000
 0.00000000000 0.00000000000 0.00000000000 0.00000000000
 0.00000000000 0.00000000000 0.00000000000 0.00000000000
 0.00000000000 0.00000000000 0.00000000000 0.00000000000
 0.00000000000 0.00000000000 0.00000000000 0.00000000000
 0.00000000000 0.00000000000 0.00000000000 0.00000000000
 0.00000000000 0.00000000000 0.00000000000 0.00000000000
 0.00000000000 0.00000000000 0.00000000000 0.00000000000
 0.00000000000 0.00000000000 0.00000000000 0.00000000000
 0.00000000000 0.00000000000 0.00000000000 0.00000000000
 0.00000000000 0.00000000000 0.00000000000 0.00000000000
 0.00000000000 0.00000000000 0.00000000000 0.00000000000
 0.00000000000 0.00000000000 0.00000000000 0.00000000000
 0.00000000000 0.00000000000 0.00000000000 0.00000000000
 0.00000000000 0.00000000000 0.00000000000 0.00000000000
 0.00000000000 0.00000000000 0.00000000000 0.00000000000
 0.00000000000 0.00000000000 0.00000000000 0.00000000000
 0.00000000000 0.00000000000 0.00000000000 0.00000000000
 0.00000000000 0.00000000000 0.00000000000 0.00000000000
 0.00000000000 0.00000000000 0.00000000000 0.00000000000
 0.00000000000 0.00000000000 0.00000000000 0.00000000000
 0.00000000000 0.00000000000 0.00000000000 0.00000000000
 0.00000000000 0.00000000000 0.00000000000 0.00000000000
 0.00000000000 0.00000000000 0.00000000000 0.00000000000
 0.00000000000 0.00000000000 0.00000000000 0.00000000000
 0.00000000000 0.00000000000 0.00000000000 0.00000000000
 0.00000000000 0.00000000000 0.00000000000 0.00000000000
 0.00000000000 0.00000000000 0.00000000000 0.00000000000
 0.00000000000 0.00000000000 0.00000000000 0.00000000000
 0.00000000000 0.00000000000 0.00000000000 0.00000000000
 0.00000000000 0.00000000000 0.00000000000 0.00000000000
 0.00000000000 0.00000000000 0.00000000000 0.00000000000
# log_sel_spl_fsh[2]:
 0.00000000000 0.00000000000 0.00000000000 0.00000000000
 0.00000000000 0.00000000000 0.00000000000 0.00000000000
 0.00000000000 0.00000000000 0.00000000000 0.00000000000
 0.00000000000 0.00000000000 0.00000000000 0.00000000000
 0.00000000000 0.00000000000 0.00000000000 0.00000000000
 0.00000000000 0.00000000000 0.00000000000 0.00000000000
 0.00000000000 0.00000000000 0.00000000000 0.00000000000
 0.00000000000 0.00000000000 0.00000000000 0.00000000000
 0.00000000000 0.00000000000 0.00000000000 0.00000000000
 0.00000000000 0.00000000000 0.00000000000 0.00000000000
 0.00000000000 0.00000000000 0.00000000000 0.00000000000
 0.00000000000 0.00000000000 0.00000000000 0.00000000000
 0.00000000000 0.00000000000 0.00000000000 0.00000000000
 0.00000000000 0.00000000000 0.00000000000 0.00000000000
 0.00000000000 0.00000000000 0.00000000000 0.00000000000
 0.00000000000 0.00000000000 0.00000000000 0.00000000000
 0.00000000000 0.00000000000 0.00000000000 0.00000000000
 0.00000000000 0.00000000000 0.00000000000 0.00000000000
 0.00000000000 0.00000000000 0.00000000000 0.00000000000
 0.00000000000 0.00000000000 0.00000000000 0.00000000000
 0.00000000000 0.00000000000 0.00000000000 0.00000000000
 0.00000000000 0.00000000000 0.00000000000 0.00000000000
 0.00000000000 0.00000000000 0.00000000000 0.00000000000
 0.00000000000 0.00000000000 0.00000000000 0.00000000000
 0.00000000000 0.00000000000 0.00000000000 0.00000000000
 0.00000000000 0.00000000000 0.00000000000 0.00000000000
 0.00000000000 0.00000000000 0.00000000000 0.00000000000
 0.00000000000 0.00000000000 0.00000000000 0.00000000000
 0.00000000000 0.00000000000 0.00000000000 0.00000000000
 0.00000000000 0.00000000000 0.00000000000 0.00000000000
 0.00000000000 0.00000000000 0.00000000000 0.00000000000
 0.00000000000 0.00000000000 0.00000000000 0.00000000000
 0.00000000000 0.00000000000 0.00000000000 0.00000000000
 0.00000000000 0.00000000000 0.00000000000 0.00000000000
 0.00000000000 0.00000000000 0.00000000000 0.00000000000
 0.00000000000 0.00000000000 0.00000000000 0.00000000000
 0.00000000000 0.00000000000 0.00000000000 0.00000000000
 0.00000000000 0.00000000000 0.00000000000 0.00000000000
 0.00000000000 0.00000000000 0.00000000000 0.00000000000
# log_sel_spl_fsh[3]:
 0.00000000000 0.00000000000 0.00000000000 0.00000000000
 0.00000000000 0.00000000000 0.00000000000 0.00000000000
# log_sel_spl_fsh[4]:
 0.00000000000 0.00000000000 0.00000000000 0.00000000000
 0.00000000000 0.00000000000 0.00000000000 0.00000000000
 0.00000000000 0.00000000000 0.00000000000 0.00000000000
 0.00000000000 0.00000000000 0.00000000000 0.00000000000
 0.00000000000 0.00000000000 0.00000000000 0.00000000000
 0.00000000000 0.00000000000 0.00000000000 0.00000000000
 0.00000000000 0.00000000000 0.00000000000 0.00000000000
 0.00000000000 0.00000000000 0.00000000000 0.00000000000
 0.00000000000 0.00000000000 0.00000000000 0.00000000000
 0.00000000000 0.00000000000 0.00000000000 0.00000000000
 0.00000000000 0.00000000000 0.00000000000 0.00000000000
 0.00000000000 0.00000000000 0.00000000000 0.00000000000
 0.00000000000 0.00000000000 0.00000000000 0.00000000000
 0.00000000000 0.00000000000 0.00000000000 0.00000000000
 0.00000000000 0.00000000000 0.00000000000 0.00000000000
 0.00000000000 0.00000000000 0.00000000000 0.00000000000
 0.00000000000 0.00000000000 0.00000000000 0.00000000000
 0.00000000000 0.00000000000 0.00000000000 0.00000000000
 0.00000000000 0.00000000000 0.00000000000 0.00000000000
 0.00000000000 0.00000000000 0.00000000000 0.00000000000
 0.00000000000 0.00000000000 0.00000000000 0.00000000000
 0.00000000000 0.00000000000 0.00000000000 0.00000000000
 0.00000000000 0.00000000000 0.00000000000 0.00000000000
 0.00000000000 0.00000000000 0.00000000000 0.00000000000
 0.00000000000 0.00000000000 0.00000000000 0.00000000000
 0.00000000000 0.00000000000 0.00000000000 0.00000000000
 0.00000000000 0.00000000000 0.00000000000 0.00000000000
 0.00000000000 0.00000000000 0.00000000000 0.00000000000
 0.00000000000 0.00000000000 0.00000000000 0.00000000000
 0.00000000000 0.00000000000 0.00000000000 0.00000000000
 0.00000000000 0.00000000000 0.00000000000 0.00000000000
 0.00000000000 0.00000000000 0.00000000000 0.00000000000
 0.00000000000 0.00000000000 0.00000000000 0.00000000000
# logsel_slope_fsh[1]:
 0.00000000000 0.00000000000 0.00000000000 0.00000000000 0.00000000000 0.00000000000 0.00000000000 0.00000000000 0.00000000000 0.00000000000 0.00000000000 0.00000000000 0.00000000000 0.00000000000 0.00000000000 0.00000000000 0.00000000000 0.00000000000 0.00000000000 0.00000000000 0.00000000000 0.00000000000 0.00000000000 0.00000000000 0.00000000000 0.00000000000 0.00000000000 0.00000000000 0.00000000000 0.00000000000 0.00000000000 0.00000000000 0.00000000000 0.00000000000 0.00000000000 0.00000000000 0.00000000000 0.00000000000
# logsel_slope_fsh[2]:
 0.00000000000 0.00000000000 0.00000000000 0.00000000000 0.00000000000 0.00000000000 0.00000000000 0.00000000000 0.00000000000 0.00000000000 0.00000000000 0.00000000000 0.00000000000 0.00000000000 0.00000000000 0.00000000000 0.00000000000 0.00000000000 0.00000000000 0.00000000000 0.00000000000 0.00000000000 0.00000000000 0.00000000000 0.00000000000 0.00000000000 0.00000000000 0.00000000000 0.00000000000 0.00000000000 0.00000000000 0.00000000000 0.00000000000 0.00000000000 0.00000000000 0.00000000000 0.00000000000 0.00000000000 0.00000000000
# logsel_slope_fsh[3]:
 0.00000000000 0.00000000000
# logsel_slope_fsh[4]:
 0.00000000000 0.00000000000 0.00000000000 0.00000000000 0.00000000000 0.00000000000 0.00000000000 0.00000000000 0.00000000000 0.00000000000 0.00000000000 0.00000000000 0.00000000000 0.00000000000 0.00000000000 0.00000000000 0.00000000000 0.00000000000 0.00000000000 0.00000000000 0.00000000000 0.00000000000 0.00000000000 0.00000000000 0.00000000000 0.00000000000 0.00000000000 0.00000000000 0.00000000000 0.00000000000 0.00000000000 0.00000000000 0.00000000000
# sel50_fsh[1]:
 0.00000000000 0.00000000000 0.00000000000 0.00000000000 0.00000000000 0.00000000000 0.00000000000 0.00000000000 0.00000000000 0.00000000000 0.00000000000 0.00000000000 0.00000000000 0.00000000000 0.00000000000 0.00000000000 0.00000000000 0.00000000000 0.00000000000 0.00000000000 0.00000000000 0.00000000000 0.00000000000 0.00000000000 0.00000000000 0.00000000000 0.00000000000 0.00000000000 0.00000000000 0.00000000000 0.00000000000 0.00000000000 0.00000000000 0.00000000000 0.00000000000 0.00000000000 0.00000000000 0.00000000000
# sel50_fsh[2]:
 0.00000000000 0.00000000000 0.00000000000 0.00000000000 0.00000000000 0.00000000000 0.00000000000 0.00000000000 0.00000000000 0.00000000000 0.00000000000 0.00000000000 0.00000000000 0.00000000000 0.00000000000 0.00000000000 0.00000000000 0.00000000000 0.00000000000 0.00000000000 0.00000000000 0.00000000000 0.00000000000 0.00000000000 0.00000000000 0.00000000000 0.00000000000 0.00000000000 0.00000000000 0.00000000000 0.00000000000 0.00000000000 0.00000000000 0.00000000000 0.00000000000 0.00000000000 0.00000000000 0.00000000000 0.00000000000
# sel50_fsh[3]:
 0.00000000000 0.00000000000
# sel50_fsh[4]:
 0.00000000000 0.00000000000 0.00000000000 0.00000000000 0.00000000000 0.00000000000 0.00000000000 0.00000000000 0.00000000000 0.00000000000 0.00000000000 0.00000000000 0.00000000000 0.00000000000 0.00000000000 0.00000000000 0.00000000000 0.00000000000 0.00000000000 0.00000000000 0.00000000000 0.00000000000 0.00000000000 0.00000000000 0.00000000000 0.00000000000 0.00000000000 0.00000000000 0.00000000000 0.00000000000 0.00000000000 0.00000000000 0.00000000000
# logsel_p1_fsh[1]:
 0.00000000000 0.00000000000 0.00000000000 0.00000000000 0.00000000000 0.00000000000 0.00000000000 0.00000000000 0.00000000000 0.00000000000 0.00000000000 0.00000000000 0.00000000000 0.00000000000 0.00000000000 0.00000000000 0.00000000000 0.00000000000 0.00000000000 0.00000000000 0.00000000000 0.00000000000 0.00000000000 0.00000000000 0.00000000000 0.00000000000 0.00000000000 0.00000000000 0.00000000000 0.00000000000 0.00000000000 0.00000000000 0.00000000000 0.00000000000 0.00000000000 0.00000000000 0.00000000000 0.00000000000
# logsel_p1_fsh[2]:
 0.00000000000 0.00000000000 0.00000000000 0.00000000000 0.00000000000 0.00000000000 0.00000000000 0.00000000000 0.00000000000 0.00000000000 0.00000000000 0.00000000000 0.00000000000 0.00000000000 0.00000000000 0.00000000000 0.00000000000 0.00000000000 0.00000000000 0.00000000000 0.00000000000 0.00000000000 0.00000000000 0.00000000000 0.00000000000 0.00000000000 0.00000000000 0.00000000000 0.00000000000 0.00000000000 0.00000000000 0.00000000000 0.00000000000 0.00000000000 0.00000000000 0.00000000000 0.00000000000 0.00000000000 0.00000000000
# logsel_p1_fsh[3]:
 0.00000000000 0.00000000000
# logsel_p1_fsh[4]:
 0.00000000000 0.00000000000 0.00000000000 0.00000000000 0.00000000000 0.00000000000 0.00000000000 0.00000000000 0.00000000000 0.00000000000 0.00000000000 0.00000000000 0.00000000000 0.00000000000 0.00000000000 0.00000000000 0.00000000000 0.00000000000 0.00000000000 0.00000000000 0.00000000000 0.00000000000 0.00000000000 0.00000000000 0.00000000000 0.00000000000 0.00000000000 0.00000000000 0.00000000000 0.00000000000 0.00000000000 0.00000000000 0.00000000000
# sel_p2_fsh[1]:
 0.00000000000 0.00000000000 0.00000000000 0.00000000000 0.00000000000 0.00000000000 0.00000000000 0.00000000000 0.00000000000 0.00000000000 0.00000000000 0.00000000000 0.00000000000 0.00000000000 0.00000000000 0.00000000000 0.00000000000 0.00000000000 0.00000000000 0.00000000000 0.00000000000 0.00000000000 0.00000000000 0.00000000000 0.00000000000 0.00000000000 0.00000000000 0.00000000000 0.00000000000 0.00000000000 0.00000000000 0.00000000000 0.00000000000 0.00000000000 0.00000000000 0.00000000000 0.00000000000 0.00000000000
# sel_p2_fsh[2]:
 0.00000000000 0.00000000000 0.00000000000 0.00000000000 0.00000000000 0.00000000000 0.00000000000 0.00000000000 0.00000000000 0.00000000000 0.00000000000 0.00000000000 0.00000000000 0.00000000000 0.00000000000 0.00000000000 0.00000000000 0.00000000000 0.00000000000 0.00000000000 0.00000000000 0.00000000000 0.00000000000 0.00000000000 0.00000000000 0.00000000000 0.00000000000 0.00000000000 0.00000000000 0.00000000000 0.00000000000 0.00000000000 0.00000000000 0.00000000000 0.00000000000 0.00000000000 0.00000000000 0.00000000000 0.00000000000
# sel_p2_fsh[3]:
 0.00000000000 0.00000000000
# sel_p2_fsh[4]:
 0.00000000000 0.00000000000 0.00000000000 0.00000000000 0.00000000000 0.00000000000 0.00000000000 0.00000000000 0.00000000000 0.00000000000 0.00000000000 0.00000000000 0.00000000000 0.00000000000 0.00000000000 0.00000000000 0.00000000000 0.00000000000 0.00000000000 0.00000000000 0.00000000000 0.00000000000 0.00000000000 0.00000000000 0.00000000000 0.00000000000 0.00000000000 0.00000000000 0.00000000000 0.00000000000 0.00000000000 0.00000000000 0.00000000000
# logsel_p3_fsh[1]:
 0.00000000000 0.00000000000 0.00000000000 0.00000000000 0.00000000000 0.00000000000 0.00000000000 0.00000000000 0.00000000000 0.00000000000 0.00000000000 0.00000000000 0.00000000000 0.00000000000 0.00000000000 0.00000000000 0.00000000000 0.00000000000 0.00000000000 0.00000000000 0.00000000000 0.00000000000 0.00000000000 0.00000000000 0.00000000000 0.00000000000 0.00000000000 0.00000000000 0.00000000000 0.00000000000 0.00000000000 0.00000000000 0.00000000000 0.00000000000 0.00000000000 0.00000000000 0.00000000000 0.00000000000
# logsel_p3_fsh[2]:
 0.00000000000 0.00000000000 0.00000000000 0.00000000000 0.00000000000 0.00000000000 0.00000000000 0.00000000000 0.00000000000 0.00000000000 0.00000000000 0.00000000000 0.00000000000 0.00000000000 0.00000000000 0.00000000000 0.00000000000 0.00000000000 0.00000000000 0.00000000000 0.00000000000 0.00000000000 0.00000000000 0.00000000000 0.00000000000 0.00000000000 0.00000000000 0.00000000000 0.00000000000 0.00000000000 0.00000000000 0.00000000000 0.00000000000 0.00000000000 0.00000000000 0.00000000000 0.00000000000 0.00000000000 0.00000000000
# logsel_p3_fsh[3]:
 0.00000000000 0.00000000000
# logsel_p3_fsh[4]:
 0.00000000000 0.00000000000 0.00000000000 0.00000000000 0.00000000000 0.00000000000 0.00000000000 0.00000000000 0.00000000000 0.00000000000 0.00000000000 0.00000000000 0.00000000000 0.00000000000 0.00000000000 0.00000000000 0.00000000000 0.00000000000 0.00000000000 0.00000000000 0.00000000000 0.00000000000 0.00000000000 0.00000000000 0.00000000000 0.00000000000 0.00000000000 0.00000000000 0.00000000000 0.00000000000 0.00000000000 0.00000000000 0.00000000000
# rec_dev_future:
 0.00000000000 0.00000000000 0.00000000000 0.00000000000 0.00000000000 0.00000000000 0.00000000000 0.00000000000 0.00000000000 0.00000000000 0.00000000000 0.00000000000 0.00000000000 0.00000000000 0.00000000000 0.00000000000 0.00000000000 0.00000000000 0.00000000000 0.00000000000
 0.00000000000 0.00000000000 0.00000000000 0.00000000000 0.00000000000 0.00000000000 0.00000000000 0.00000000000 0.00000000000 0.00000000000 0.00000000000 0.00000000000 0.00000000000 0.00000000000 0.00000000000 0.00000000000 0.00000000000 0.00000000000 0.00000000000 0.00000000000
# log_q_ind[1]:
0.245414867705
# log_q_ind[2]:
-2.34735988823
# log_q_ind[3]:
-9.37101325275
# log_q_ind[4]:
-0.338306275160
# log_q_ind[5]:
-3.80119064402
# log_q_ind[6]:
-6.18923409751
# log_q_ind[7]:
-0.943269039583
# log_q_power_ind[1]:
0.00000000000
# log_q_power_ind[2]:
0.00000000000
# log_q_power_ind[3]:
0.00000000000
# log_q_power_ind[4]:
0.00000000000
# log_q_power_ind[5]:
0.00000000000
# log_q_power_ind[6]:
0.00000000000
# log_q_power_ind[7]:
0.00000000000
# log_rw_q_ind[1]:
 -0.940355154701
# log_rw_q_ind[3]:
 -0.524367029661
# log_selcoffs_ind[1]:
 -1.87999874486 -1.10880471129 -0.545506473549 -0.161221588430 0.0742545837938 0.221327671695 0.310559061686 0.361525043428 0.387154234715 0.398442885243
 -2.42649522656 -1.67060742367 -0.951818190324 -0.346140418650 0.0777338455069 0.323068032575 0.423487361608 0.449037400688 0.440590566925 0.418821730345
# log_selcoffs_ind[2]:
 -0.823558320512 -1.07600802991 -1.41945251167 -1.62642005809 -1.58620449482 -1.25217931924 -0.654117681955 0.117729106466 0.902697141604 1.43031895568
 0.155966781114 -0.303344923754 -0.641443728128 -0.848604574645 -0.892339761293 -0.728591169921 -0.357338545240 0.140433002460 0.622325680573 0.929197649871
 0.616220555971 0.224615934654 -0.0944640794309 -0.355882015536 -0.550673953164 -0.590561878540 -0.446676825272 -0.166199863901 0.158136549236 0.403660951409
# log_selcoffs_ind[3]:
 -0.202940821038 0.0202027052767 0.0202027052767 0.0202027052767 0.0202027052767 0.0202027052767 0.0202027052767 0.0202027052767 0.0202027052767 0.0202027052767
# log_selcoffs_ind[4]:
 -0.689988844286 -0.498538775675 -0.321314459953 -0.176943181602 -0.0589523946482 0.0503280493109 0.155550385185 0.253873494325 0.335828982540 0.390149247259
 -1.35131420899 -1.08039954978 -0.804882808932 -0.516548612566 -0.229608850505 0.0395982700504 0.275597720049 0.458979906334 0.572484634068 0.615317553930
# log_selcoffs_ind[5]:
 -3.04452005677 -0.669616569639 0.101782682789 0.174353368097 0.174353368097 0.174353368097 0.174353368097 0.174353368097 0.174353368097 0.174353368097
# log_selcoffs_ind[6]:
 -3.04452005677 -0.669616569639 0.101782682789 0.174353368097 0.174353368097 0.174353368097 0.174353368097 0.174353368097 0.174353368097 0.174353368097
# log_selcoffs_ind[7]:
 -3.04452005677 -0.669616569639 0.101782682789 0.174353368097 0.174353368097 0.174353368097 0.174353368097 0.174353368097 0.174353368097 0.174353368097
# logsel_slope_ind[1]:
 0.00000000000 0.00000000000
# logsel_slope_ind[2]:
 0.00000000000 0.00000000000 0.00000000000
# logsel_slope_ind[3]:
 0.00000000000
# logsel_slope_ind[4]:
 0.00000000000 0.00000000000
# logsel_slope_ind[5]:
 0.00000000000
# logsel_slope_ind[6]:
 0.00000000000
# logsel_slope_ind[7]:
 0.00000000000
# sel50_ind[1]:
 0.00000000000 0.00000000000
# sel50_ind[2]:
 0.00000000000 0.00000000000 0.00000000000
# sel50_ind[3]:
 0.00000000000
# sel50_ind[4]:
 0.00000000000 0.00000000000
# sel50_ind[5]:
 0.00000000000
# sel50_ind[6]:
 0.00000000000
# sel50_ind[7]:
 0.00000000000
# logsel_p1_ind[1]:
 0.00000000000 0.00000000000
# logsel_p1_ind[2]:
 0.00000000000 0.00000000000 0.00000000000
# logsel_p1_ind[3]:
 0.00000000000
# logsel_p1_ind[4]:
 0.00000000000 0.00000000000
# logsel_p1_ind[5]:
 0.00000000000
# logsel_p1_ind[6]:
 0.00000000000
# logsel_p1_ind[7]:
 0.00000000000
# sel_p2_ind[1]:
 0.00000000000 0.00000000000
# sel_p2_ind[2]:
 0.00000000000 0.00000000000 0.00000000000
# sel_p2_ind[3]:
 0.00000000000
# sel_p2_ind[4]:
 0.00000000000 0.00000000000
# sel_p2_ind[5]:
 0.00000000000
# sel_p2_ind[6]:
 0.00000000000
# sel_p2_ind[7]:
 0.00000000000
# logsel_p3_ind[1]:
 0.00000000000 0.00000000000
# logsel_p3_ind[2]:
 0.00000000000 0.00000000000 0.00000000000
# logsel_p3_ind[3]:
 0.00000000000
# logsel_p3_ind[4]:
 0.00000000000 0.00000000000
# logsel_p3_ind[5]:
 0.00000000000
# logsel_p3_ind[6]:
 0.00000000000
# logsel_p3_ind[7]:
 0.00000000000
