# Number of parameters = 1366 Objective function value = 986.748966174313  Maximum gradient component = 0.000459532459579254
# Mest[1]:
0.280000000000
# Mest[2]:
0.330000000000
# log_Linf[1]:
4.38701417618
# log_Linf[2]:
4.38701417618
# log_k[1]:
-1.83258146375
# log_k[2]:
-1.83258146375
# log_Lo[1]:
2.75684036527
# log_Lo[2]:
2.75684036527
# log_sdage[1]:
-2.40794560865
# log_sdage[2]:
-2.40794560865
# mean_log_rec[1]:
9.37671855180
# mean_log_rec[2]:
8.16460705535
# mean_log_rec[3]:
7.34312149337
# steepness[1]:
0.650000000000
# steepness[2]:
0.650000000000
# steepness[3]:
0.650000000000
# log_Rzero[1]:
9.29628559458
# log_Rzero[2]:
8.22605255865
# log_Rzero[3]:
7.30262199180
# rec_dev:
 -0.0588459587724 -0.0763617672569 -0.0983912047375 -0.125900288038 -0.159943713656 -0.201478196788 -0.250223513403 -0.305298455432 -0.368903213715 -0.441217027174 -0.516461261212 -0.583479102729 -0.655810126213 -0.733274138109 -0.845050622152 -0.858490380206 -0.611959526631 -0.402687092700 -0.134020617419 0.0926135405616 0.130540405758 0.160074557110 0.255958828359 0.341411980883 0.867996309889 0.685405134407 0.711282167886 1.52145023102 1.41186639154 0.616472941925 0.0834911266110 0.381737930801 0.613690232329 0.709301091472 0.207483706788 0.234558614463 0.00283848527847 0.167114517641 0.275903453500 0.345443746969 0.472907888090 0.566121402397 0.561362967277 0.450680356299 -0.00403734903188 -0.539439393921 -0.458857076619 -0.945210031129 -1.69913765557 -0.733494890886 -0.723795932840 -0.749096754673 -0.507181181489 -0.476281369597 -0.375134922869 0.422415482142 0.373581510456 0.0514625501823 0.109369272603
 -0.000375766367648 -0.000493274110061 -0.000630590700352 -0.000782459741389 -0.000932847177719 -0.00104760589053 -0.00106031938391 -0.000842821283900 -0.000459929988232 0.000382663342187 0.00201045509952 0.0341615615326 0.0350297696769 0.0356186993089 0.0356290376116 0.0288400748975 0.0155615338517 -0.00934532499975 -0.0651678365841 0.252234700741 0.000939174540930 -0.327159836272 0.152378843221 0.589483754268 0.0528014539423 -0.558386759734 -0.315617292309 -0.0487456900160 0.495755018486 0.911632283530 0.0143606635599 -0.0552065119958 -0.411744025504 0.0719693650610 -0.291632634741 -0.436544693164 0.230743478966 -0.191699064136 0.0830386451863 -0.196369201059 1.04909308825 1.23459629518 -0.202550734946 0.917622059310 -1.05219966043 0.328084833175 0.737155442343 0.363494356922 -1.62008355776 -1.56787670701 0.397543271553 0.866454148319 -0.850941891845 -0.136400656640 -1.36598784984 -0.262745577730 -0.563485075321 0.462987832708 0.215752432399
# log_sigmar[1]:
-0.510825623766
# log_sigmar[2]:
-0.510825623766
# log_sigmar[3]:
-0.510825623766
# fmort:
 0.00820170218327 0.0123632535068 0.00593881339339 0.00818316225344 0.0175146115399 0.0241387318401 0.0331853164794 0.0318820988689 0.0600065812467 0.0523331689785 0.0389516959479 0.0568467479464 0.116684738899 0.0451426269173 0.105818496418 0.0598598122871 0.00546384725477 0.0199814607016 0.0138600119061 0.0128827143910 0.0125055550451 0.0175577465829 0.0187898421856 0.0223486412047 0.0142984814713 0.0189849526354 0.0301590201344 0.0103298147535 0.00300757746144 0.00555167064444 0.00858119820455 0.0164142516918 0.00690725991017 0.0109378422074 0.0129295180375 0.0225502807103 0.0260904357903 0.0405031087535 0.0613936048822 0.0415752001842 0.0571882581711 0.00848525047678 0.00262021767366 0.00384035512686 0.00333608048027 0.00377809034930 0.00272401660605 0.00396919881779
 0.000756764383629 0.00117356978108 0.00188226750664 0.00342018505671 0.00276212464697 0.00561500510834 0.00938045278445 0.0127260343734 0.0196868959458 0.0240088785687 0.0270657842734 0.0569546436719 0.0720970054202 0.0548735725609 0.0772186670074 0.113431304600 0.141215366284 0.188884123174 0.234880923172 0.275438528054 0.290894650574 0.358538333628 0.466534944978 0.480136136851 0.594823386150 0.778253565730 0.737358520666 0.720709661830 0.420557671127 0.264923502447 0.170716120969 0.190534028659 0.200384244482 0.185485799953 0.186655545688 0.191984958815 0.204905186803 0.248583231329 0.217354163397 0.304945591686 0.175867545845 0.122777595408 0.0841121756772 0.0724285794750 0.0760367870413 0.0906182983860 0.0805314321856 0.0707679630585
 0.000656880605418 0.00128125625977 0.00313652366863 0.00674132187981 0.0216023849725 0.00671098122563 0.00863841498699 0.117993149084 0.127730183897 0.113234761328 0.120346002799 0.153664340498 0.0532807147496 0.0253913058398 0.0254243484696 0.0175013673780 0.0120890381528 0.0126063666021 0.0525670281047 0.0433061839464 0.0378007394039 0.0322133981840 0.0224510714202 0.0323514523348 0.0500114605860 0.196619403829 0.339628748163 0.766749615398 0.991253492980 0.261972762416 0.179105486547 0.572237446617 0.0679686373197 0.0959186029524 0.0668159573809 0.0456322854698 0.125256535879 0.103492597657 0.0914778727967 0.114173544085 0.0265632328694 0.146243179188 0.0720612234456 0.0522483809237 0.0549351218917 0.0222751116346 0.0102290686398 0.00458623173416
 6.29508601840e-05 6.50418574302e-05 0.000372603380053 7.09544942737e-05 7.50425119164e-05 8.03517171197e-05 9.07258139896e-05 0.000217388524632 0.00549558592880 0.0469212575364 0.0519272651272 0.0804485131488 0.175218238074 0.295572280786 0.481929194413 0.441433523778 0.433405717406 0.349876199368 0.257532003653 0.186422990169 0.134795258032 0.0692247947326 0.00508176408784 0.000151948328534 0.000188770145387 0.000267049409785 0.000382961861070 0.000517552603242 0.000584140621376 0.000536020131676 0.000976134911927 0.00667725089964 0.0205702141583 0.0352337388028 0.0586324134049 0.0457604319123 0.0688298799710 0.0979827523889 0.120765460169 0.162758450525 0.156311984000 0.0480732040506 0.0306973134544 0.0285185357187 0.0381742808588 0.0387961576790 0.0214345267847 0.0139233256412
# log_selcoffs_fsh[1]:
 -3.52000807947 -1.88792570052 -0.910294570899 0.0221655884316 0.830073707566 0.953264354128 0.335743971297 -0.380680293721 -0.857626826798
 -3.10629659839 -1.46244060368 -0.770210523325 -0.0325219549136 0.704425998406 0.885522662090 0.415766493000 -0.213714831656 -0.648939861763
 -2.78818031916 -1.36471436790 -0.567803667419 0.183466300209 0.686624695085 0.720210541769 0.348688305687 -0.151682291037 -0.516612288398
 -2.39438921054 -1.15092690978 -0.560813949238 0.0279024002875 0.725649128033 0.724506217108 0.308572881822 -0.147931878100 -0.446858560214
 -1.76160904680 -0.268575948075 -0.0192185922227 0.167197500358 0.381278656264 0.436967951132 0.223824372656 -0.0879576059762 -0.325731836322
 -1.66685810416 -0.475675147612 0.449443911848 0.616090411368 0.249275038737 0.0829426945465 -0.0593187920481 -0.243243285306 -0.393755571245
 -1.41170667393 -0.351585656958 0.529436783518 0.714225133266 0.260460933291 -0.0727448664486 -0.255010734556 -0.380399129757 -0.467990155051
 -1.03822041602 -0.190679322174 0.577296380837 0.770073058467 0.185711037287 -0.194882438767 -0.403586369252 -0.503231569970 -0.546663236492
 -0.772259961112 0.234544752762 0.476104912563 0.591081141247 0.286938541798 -0.201185667861 -0.486512706962 -0.593533627879 -0.614842724238
 -0.535284205466 0.382178474743 0.572050688523 0.571577315234 0.139552867695 -0.329925801500 -0.609762640193 -0.697158683712 -0.701474964002
 -0.0157582941301 0.924939575836 0.456178670743 0.162084513712 -0.231131962667 -0.555501067478 -0.747946748324 -0.804454146547 -0.794431248782
 0.203699607068 0.876886540513 0.621169889876 0.123168612062 -0.433205268751 -0.723748279061 -0.862219461908 -0.898034708496 -0.878191084794
 -0.0158320811385 1.15302978714 0.649436131978 -0.102414581732 -0.662921450369 -0.907478553036 -0.993942554113 -1.00407175787 -0.979678368281
 0.235541226930 1.19266440455 0.582876148639 -0.206089921013 -0.799604667079 -1.02603973191 -1.08826020342 -1.08075886231 -1.05112957481
 0.266340389136 1.24414824197 0.562160424056 -0.270283251469 -0.869810967385 -1.10296694164 -1.16368930193 -1.14999212690 -1.11677409609
 -0.132559474637 1.33083902386 0.666655262484 -0.240875872151 -0.913281411281 -1.16592763332 -1.23299683090 -1.21855922332 -1.18296736885
 -0.0279069387321 1.36987017973 0.597067853548 -0.291285435564 -0.955949727098 -1.21493874102 -1.28568495149 -1.27249810504 -1.23502376435
 0.529695232753 1.16972341165 0.631526165439 -0.316930573790 -0.997174034011 -1.25434453853 -1.32450423676 -1.30869680194 -1.26821180427
 0.839653151239 1.15260319066 0.390803189853 -0.433241843034 -1.06305477709 -1.31403859474 -1.38081107449 -1.35875442461 -1.31321799904
 0.582401888459 1.25940579863 0.541774732108 -0.432075558529 -1.12463564420 -1.38120868489 -1.43891068203 -1.40387044078 -1.34996995765
 0.664671430081 1.33640874341 0.371561322794 -0.568569135672 -1.21883694075 -1.45822342103 -1.50324716364 -1.45217590358 -1.38720188400
 0.674198855111 1.32435179183 0.467542854938 -0.648652834960 -1.32294725020 -1.53838746065 -1.56220596089 -1.49193253259 -1.41350739926
 0.855553210524 1.27534754754 0.361288435908 -0.670831281654 -1.35976719396 -1.58481630875 -1.60414525279 -1.52040169270 -1.42908934070
 0.535169936727 1.44396522770 0.360948366833 -0.679107695187 -1.35264551996 -1.59070172244 -1.62067197831 -1.53642460187 -1.43638742034
 0.638658231151 1.36061496038 0.393324873828 -0.578071940828 -1.26160987444 -1.53617364362 -1.59090331018 -1.51684826368 -1.41449277293
 0.661094991232 1.22629415895 0.511268935242 -0.346360230376 -1.11841801764 -1.43197067980 -1.50342234020 -1.44914487120 -1.35837897942
 0.230003469105 1.26457180604 0.630889250039 -0.157041979852 -0.948938621279 -1.27198528528 -1.35980717770 -1.33638852859 -1.27675572614
 0.215070866588 1.25404930308 0.568524429313 -0.207493945918 -0.831782199338 -1.10490207845 -1.19316039618 -1.20207450542 -1.18116899768
 1.01689631694 0.843924627349 0.250319083637 -0.339971997543 -0.761970234528 -0.944665389341 -1.02010960425 -1.04887817187 -1.05769196681
 0.674806573798 1.06346241405 0.250585519488 -0.395212278154 -0.691064014544 -0.789472304078 -0.849012536279 -0.899962133120 -0.936235860813
 0.499039314982 1.08175114558 0.133031349679 -0.367180991185 -0.536214817463 -0.600567798392 -0.661445761075 -0.743995069014 -0.813561466816
 0.378914953868 0.839954362247 0.180737741799 -0.186257730763 -0.283200241211 -0.336902335730 -0.428787882345 -0.563289228091 -0.679440541869
 -0.352283962007 0.496345863515 0.303318697305 0.146018346404 0.0997537417594 -0.0243025690212 -0.180502613534 -0.402904233324 -0.582442026433
 -0.685943759362 -0.222244822490 -0.0766682245878 0.364469205741 0.489987859106 0.259605877929 0.0818486188970 -0.296264110153 -0.558404170204
# log_selcoffs_fsh[2]:
 -2.06933694296 -0.135622887223 0.600629364740 0.860030753186 0.560511746715 -0.0142731494266 -0.437643572008 -0.668840486494 -0.754743053479 -0.801461156460
 -2.03975245767 -0.135694174449 -0.121448143809 0.396100256983 0.744087044951 0.515413207793 -0.00739386695369 -0.393267508210 -0.522981123773 -0.534277791466
 -2.55661301604 -0.787479294060 -0.319703726358 0.213829007226 0.698445539805 0.661394487111 0.200836467697 -0.183793176083 -0.297391262350 -0.278042706155
 -2.94322273489 -1.41628465522 -0.593296471785 -0.0765159331943 0.564764766778 0.742382707265 0.320257947162 0.0104885534569 -0.0405072402999 0.0173988197885
 -2.49960872026 -0.987561916472 -0.971645497684 -0.508621936820 0.266357367166 0.625741035252 0.378364035489 0.210135215250 0.248710141318 0.346899042560
 -2.09183085660 -1.01329237724 -0.849145429700 -0.797984247905 -0.333047519841 0.0900976127829 0.285479473269 0.421639123034 0.605845284337 0.759321222440
 -2.77940825298 -1.53141010563 -0.702758083571 -0.602729925146 -0.536150350187 -0.243471815218 0.103386874797 0.443910331272 0.741487331347 0.933540093067
 -3.36659268949 -2.36809000760 -1.59393703719 -0.929077907848 -0.398732515539 -0.0283722384970 0.253244447206 0.458966530917 0.761799410361 0.962346332034
 -3.66746403788 -2.65214647068 -2.02036274813 -1.33327921806 -0.539020320981 0.00155047428726 0.397446406352 0.649532941258 0.790870730575 0.839360904255
 -3.75439834081 -2.54973989006 -1.85250920640 -1.36298120839 -0.886239327172 -0.245170230954 0.318718156207 0.816332620352 0.938987580257 0.740043356293
 -3.58254160120 -2.10768496925 -1.39734643522 -0.974194346941 -0.627805769015 -0.368131345469 0.119919832772 0.705081730760 0.945068874377 0.822301058863
 -3.48407008898 -2.01130079923 -1.21600132712 -0.802617467576 -0.458892110641 -0.141953343475 0.357848451645 0.680547723463 0.765924300178 0.710545439380
 -3.12509063313 -1.32138131990 -0.737349006844 -0.410177939256 -0.179164316450 -0.106166687103 0.254994853230 0.521853677302 0.641392633107 0.661355816943
 -2.69722685061 -0.904267244248 -0.363283680832 -0.203294558865 -0.131951304431 -0.0261425879126 0.201508204458 0.402721237491 0.523667127519 0.564415314476
 -2.30922958628 -0.320449676841 -0.0873253342786 -0.232825258343 -0.327345585590 -0.191996539706 0.107613284599 0.338628555335 0.497073958719 0.565019023036
 -1.97937165739 -0.0210982876401 -0.155763459593 -0.326435144023 -0.460419599224 -0.315914062486 -0.00638720443297 0.279627376683 0.519313831555 0.666897480448
 -1.53339237706 -0.0405390701686 -0.141872813595 -0.300154071740 -0.469771535073 -0.426398827386 -0.133773627054 0.199898435430 0.528693805865 0.763003368228
 -1.70387016050 0.0587337420917 0.161670425506 -0.0992315396293 -0.398029427906 -0.414493322775 -0.177143838376 0.144571433102 0.419547443636 0.604168330944
 -1.91607502737 -0.118624089658 0.203913337135 -0.00355927736628 -0.307138706907 -0.336726548966 -0.112912847482 0.176763729311 0.409236500797 0.530709362006
 -1.98989835583 -0.411456033351 -0.0861848654749 -0.0151536258830 -0.218997638948 -0.254926870089 -0.0332240430576 0.264728259823 0.486937817075 0.600044540186
 -2.04952290709 -0.515930911825 -0.0887285467803 0.0381909240386 -0.182774020820 -0.288387084956 -0.0878630742236 0.237436407738 0.500567945056 0.644098236737
 -2.19849295291 -0.602052381605 -0.0768785637060 0.135403649671 -0.0617803510787 -0.190063461909 -0.0498902649646 0.194641083495 0.429272292855 0.588341074843
 -2.42327980912 -1.02588595861 -0.186526624149 0.263752516679 0.169084755956 -0.0251538775284 0.0339528841936 0.189173592353 0.347270998223 0.472426542087
 -2.58595466018 -1.29423380452 -0.454146199894 0.100187796656 0.331482539791 0.193450442169 0.244338586278 0.306239844720 0.304263448750 0.272335767992
 -2.73366323341 -1.12789496205 -0.380298765639 -0.102393664853 0.188654117752 0.287553073400 0.338504781555 0.401808130806 0.310552816324 0.201010297701
 -2.96337819998 -1.57278211213 -0.653301773266 0.131244130491 0.414346819990 0.381981275021 0.305341003609 0.318248846424 0.231054691656 0.104375211905
 -3.24027295516 -1.48993337461 -0.711103403274 0.242497465472 0.542048867103 0.515957754178 0.373114415877 0.224890915086 0.0109005001723 -0.151097504533
 -3.54126937572 -1.25702878656 -0.624366425304 0.103473352283 0.445362705372 0.432503984763 0.632895568434 0.346358112863 -0.0908219760484 -0.315263935412
 -3.79985997699 -2.04966449630 -1.01967850361 0.0803150294669 0.564546409292 0.545363835916 0.684102908432 0.258659407234 -0.106306315201 -0.295327258796
 -3.92261501623 -2.02453137680 -0.561803105942 0.264139148921 0.780200777367 0.489650715650 0.262268286188 0.0327903600980 -0.0848900176028 -0.0941054919279
 -3.76816990333 -1.61722357181 -0.404653653080 0.274018066407 0.327299477808 0.124789275297 0.122321628461 0.180873609726 0.318325203897 0.452780708657
 -3.73080991884 -1.78385230653 -0.824789763551 -0.360231036762 -0.00267879271929 0.0197373578063 -0.0129757791377 0.285371726786 0.639722671691 0.892660440230
 -3.14801841579 -1.37934774761 -1.02890893047 -0.778599219629 -0.488444785709 -0.296551737435 -0.173313658921 0.207742888295 0.787900337097 1.18214812255
 -3.26962502376 -1.60394921436 -0.996500687088 -0.373221481893 -0.258131209873 -0.271724775673 -0.169599349437 0.177894117799 0.688422246994 1.14402049183
 -3.14583403605 -1.79631503215 -0.968047486049 -0.459188760113 -0.285240979975 -0.255867360750 -0.132444230416 0.212507251988 0.712447025433 1.13193770315
# log_selcoffs_fsh[3]:
 -3.10091410231 -0.305313342954 1.40576326148 0.643217330827 -1.60808460411 -3.58886730801 -4.71407770634
 -3.16482445385 0.399006268577 1.33991266558 0.375403118593 -1.84567925740 -3.64114936493 -4.70973403967
# log_selcoffs_fsh[4]:
 -4.10479080755 -3.42290414584 -2.71741147236 -1.96393909626 -1.16074337514 -0.345699937904 0.398168905386 0.968865139565 1.28079850085
 -4.09696785617 -3.42014937916 -2.71983216561 -1.97043707194 -1.16869050718 -0.352129591122 0.395866720512 0.970050589539 1.28306378691
 -4.08207997942 -3.41494430060 -2.72525998123 -1.98337123173 -1.18304576766 -0.361619789073 0.394218360397 0.972128777334 1.28576486782
 -4.06068163906 -3.40494078119 -2.73166569959 -2.00658723992 -1.20741012997 -0.373427266663 0.394246457751 0.977024927345 1.28726039705
 -4.03141024557 -3.38537309882 -2.72838249305 -2.02434955074 -1.24317561769 -0.397020180189 0.396601729616 0.985046725284 1.28799035769
 -3.99524305124 -3.35043661370 -2.71121717744 -2.03168118999 -1.25279262611 -0.405018303519 0.401033566991 0.992942481726 1.28197616905
 -3.96142768042 -3.31002009844 -2.65511781551 -1.99903281777 -1.24451302687 -0.378005488176 0.436276592276 1.00142419915 1.25170279831
 -3.91435824232 -3.25746568405 -2.59366903981 -1.90748710709 -1.18057022553 -0.354227020233 0.444405818526 0.998793857075 1.23400965542
 -3.84933884550 -3.18082540404 -2.51724201410 -1.82799442882 -1.07901444430 -0.288294207397 0.461271855995 0.979692287074 1.21091053137
 -3.77234853727 -3.06681123336 -2.37053197519 -1.70563712413 -1.00313374430 -0.241144025856 0.459923375771 0.961834505395 1.19466264570
 -3.69045059357 -2.94348148269 -2.19472116639 -1.48109089246 -0.861663692471 -0.227237439900 0.427062340323 0.930221714566 1.19288208058
 -3.61384855243 -2.84392078696 -2.06304932479 -1.29486222913 -0.630525247020 -0.143964414680 0.372736914651 0.873959625543 1.18403728436
 -3.55732527869 -2.77521320658 -1.99362524842 -1.22712751773 -0.535241097463 -0.00619298606772 0.404395035546 0.825797011157 1.13730865732
 -3.50547529913 -2.71687652628 -1.93609614452 -1.18886670056 -0.523614648469 0.0181930188549 0.458362908605 0.835311427884 1.08427825696
 -3.45049055878 -2.65801888381 -1.87944967508 -1.14434462130 -0.491923891295 0.0506989186992 0.489829066107 0.833435825942 1.04040828412
 -3.39621621572 -2.60058852668 -1.82329802663 -1.09625765143 -0.452129704390 0.0843086337601 0.511183581418 0.825589994965 1.00134187148
 -3.34405415226 -2.54400318754 -1.76590363806 -1.04463225812 -0.410784769699 0.113211969001 0.525591775841 0.817505062101 0.964700319410
 -3.29522247547 -2.48417124825 -1.69921768548 -0.975355211783 -0.345335589394 0.154541609221 0.533079057933 0.790763516955 0.930313649833
 -3.25817880313 -2.43509993929 -1.63514071636 -0.921411739724 -0.296972561922 0.203574225812 0.541287852698 0.774546189565 0.885586026912
 -3.22265452254 -2.39467758047 -1.58042102047 -0.842608374055 -0.258933557286 0.215630565259 0.554866430688 0.749791917783 0.859376745985
 -3.19398711641 -2.37471056203 -1.57195706795 -0.812015989150 -0.184646729761 0.237824548988 0.546718727266 0.738344655341 0.830480739791
 -3.17783021848 -2.37640203354 -1.59277389564 -0.869039625242 -0.199651648101 0.279587674584 0.589780650469 0.749197209350 0.780347614546
 -3.11949795875 -2.35956853912 -1.61106441504 -0.917154833847 -0.310387850212 0.200423338399 0.564009463585 0.778192529949 0.863610789976
 -3.06515757693 -2.35604845430 -1.66535698285 -1.01194470864 -0.421356765987 0.0867817415656 0.504591469418 0.811143210414 0.975435617460
 -3.01241173197 -2.35069468075 -1.71055820075 -1.10377593505 -0.537435348565 -0.0223878595755 0.433318598231 0.828725949028 1.08121882251
 -2.96073814028 -2.33884722763 -1.75436636054 -1.18782351251 -0.653753561897 -0.150748032125 0.348719819906 0.833217168931 1.18655131237
 -2.89741548954 -2.29455238094 -1.77833363323 -1.22828585344 -0.707629057674 -0.246332910865 0.244721288214 0.806185646560 1.27849364163
 -2.96401807589 -2.40530165085 -1.82862510079 -1.10424165068 -0.644706888305 -0.365404798693 0.0985932207694 0.744358206750 1.37082911351
 -2.99024437880 -2.41322028552 -1.80528576436 -1.17717481127 -0.703600768840 -0.334010947461 0.152511465095 0.789292314345 1.33767719988
# log_sel_spl_fsh[1]:
 0.00000000000 0.00000000000 0.00000000000 0.00000000000
 0.00000000000 0.00000000000 0.00000000000 0.00000000000
 0.00000000000 0.00000000000 0.00000000000 0.00000000000
 0.00000000000 0.00000000000 0.00000000000 0.00000000000
 0.00000000000 0.00000000000 0.00000000000 0.00000000000
 0.00000000000 0.00000000000 0.00000000000 0.00000000000
 0.00000000000 0.00000000000 0.00000000000 0.00000000000
 0.00000000000 0.00000000000 0.00000000000 0.00000000000
 0.00000000000 0.00000000000 0.00000000000 0.00000000000
 0.00000000000 0.00000000000 0.00000000000 0.00000000000
 0.00000000000 0.00000000000 0.00000000000 0.00000000000
 0.00000000000 0.00000000000 0.00000000000 0.00000000000
 0.00000000000 0.00000000000 0.00000000000 0.00000000000
 0.00000000000 0.00000000000 0.00000000000 0.00000000000
 0.00000000000 0.00000000000 0.00000000000 0.00000000000
 0.00000000000 0.00000000000 0.00000000000 0.00000000000
 0.00000000000 0.00000000000 0.00000000000 0.00000000000
 0.00000000000 0.00000000000 0.00000000000 0.00000000000
 0.00000000000 0.00000000000 0.00000000000 0.00000000000
 0.00000000000 0.00000000000 0.00000000000 0.00000000000
 0.00000000000 0.00000000000 0.00000000000 0.00000000000
 0.00000000000 0.00000000000 0.00000000000 0.00000000000
 0.00000000000 0.00000000000 0.00000000000 0.00000000000
 0.00000000000 0.00000000000 0.00000000000 0.00000000000
 0.00000000000 0.00000000000 0.00000000000 0.00000000000
 0.00000000000 0.00000000000 0.00000000000 0.00000000000
 0.00000000000 0.00000000000 0.00000000000 0.00000000000
 0.00000000000 0.00000000000 0.00000000000 0.00000000000
 0.00000000000 0.00000000000 0.00000000000 0.00000000000
 0.00000000000 0.00000000000 0.00000000000 0.00000000000
 0.00000000000 0.00000000000 0.00000000000 0.00000000000
 0.00000000000 0.00000000000 0.00000000000 0.00000000000
 0.00000000000 0.00000000000 0.00000000000 0.00000000000
 0.00000000000 0.00000000000 0.00000000000 0.00000000000
# log_sel_spl_fsh[2]:
 0.00000000000 0.00000000000 0.00000000000 0.00000000000
 0.00000000000 0.00000000000 0.00000000000 0.00000000000
 0.00000000000 0.00000000000 0.00000000000 0.00000000000
 0.00000000000 0.00000000000 0.00000000000 0.00000000000
 0.00000000000 0.00000000000 0.00000000000 0.00000000000
 0.00000000000 0.00000000000 0.00000000000 0.00000000000
 0.00000000000 0.00000000000 0.00000000000 0.00000000000
 0.00000000000 0.00000000000 0.00000000000 0.00000000000
 0.00000000000 0.00000000000 0.00000000000 0.00000000000
 0.00000000000 0.00000000000 0.00000000000 0.00000000000
 0.00000000000 0.00000000000 0.00000000000 0.00000000000
 0.00000000000 0.00000000000 0.00000000000 0.00000000000
 0.00000000000 0.00000000000 0.00000000000 0.00000000000
 0.00000000000 0.00000000000 0.00000000000 0.00000000000
 0.00000000000 0.00000000000 0.00000000000 0.00000000000
 0.00000000000 0.00000000000 0.00000000000 0.00000000000
 0.00000000000 0.00000000000 0.00000000000 0.00000000000
 0.00000000000 0.00000000000 0.00000000000 0.00000000000
 0.00000000000 0.00000000000 0.00000000000 0.00000000000
 0.00000000000 0.00000000000 0.00000000000 0.00000000000
 0.00000000000 0.00000000000 0.00000000000 0.00000000000
 0.00000000000 0.00000000000 0.00000000000 0.00000000000
 0.00000000000 0.00000000000 0.00000000000 0.00000000000
 0.00000000000 0.00000000000 0.00000000000 0.00000000000
 0.00000000000 0.00000000000 0.00000000000 0.00000000000
 0.00000000000 0.00000000000 0.00000000000 0.00000000000
 0.00000000000 0.00000000000 0.00000000000 0.00000000000
 0.00000000000 0.00000000000 0.00000000000 0.00000000000
 0.00000000000 0.00000000000 0.00000000000 0.00000000000
 0.00000000000 0.00000000000 0.00000000000 0.00000000000
 0.00000000000 0.00000000000 0.00000000000 0.00000000000
 0.00000000000 0.00000000000 0.00000000000 0.00000000000
 0.00000000000 0.00000000000 0.00000000000 0.00000000000
 0.00000000000 0.00000000000 0.00000000000 0.00000000000
 0.00000000000 0.00000000000 0.00000000000 0.00000000000
# log_sel_spl_fsh[3]:
 0.00000000000 0.00000000000 0.00000000000 0.00000000000
 0.00000000000 0.00000000000 0.00000000000 0.00000000000
# log_sel_spl_fsh[4]:
 0.00000000000 0.00000000000 0.00000000000 0.00000000000
 0.00000000000 0.00000000000 0.00000000000 0.00000000000
 0.00000000000 0.00000000000 0.00000000000 0.00000000000
 0.00000000000 0.00000000000 0.00000000000 0.00000000000
 0.00000000000 0.00000000000 0.00000000000 0.00000000000
 0.00000000000 0.00000000000 0.00000000000 0.00000000000
 0.00000000000 0.00000000000 0.00000000000 0.00000000000
 0.00000000000 0.00000000000 0.00000000000 0.00000000000
 0.00000000000 0.00000000000 0.00000000000 0.00000000000
 0.00000000000 0.00000000000 0.00000000000 0.00000000000
 0.00000000000 0.00000000000 0.00000000000 0.00000000000
 0.00000000000 0.00000000000 0.00000000000 0.00000000000
 0.00000000000 0.00000000000 0.00000000000 0.00000000000
 0.00000000000 0.00000000000 0.00000000000 0.00000000000
 0.00000000000 0.00000000000 0.00000000000 0.00000000000
 0.00000000000 0.00000000000 0.00000000000 0.00000000000
 0.00000000000 0.00000000000 0.00000000000 0.00000000000
 0.00000000000 0.00000000000 0.00000000000 0.00000000000
 0.00000000000 0.00000000000 0.00000000000 0.00000000000
 0.00000000000 0.00000000000 0.00000000000 0.00000000000
 0.00000000000 0.00000000000 0.00000000000 0.00000000000
 0.00000000000 0.00000000000 0.00000000000 0.00000000000
 0.00000000000 0.00000000000 0.00000000000 0.00000000000
 0.00000000000 0.00000000000 0.00000000000 0.00000000000
 0.00000000000 0.00000000000 0.00000000000 0.00000000000
 0.00000000000 0.00000000000 0.00000000000 0.00000000000
 0.00000000000 0.00000000000 0.00000000000 0.00000000000
 0.00000000000 0.00000000000 0.00000000000 0.00000000000
 0.00000000000 0.00000000000 0.00000000000 0.00000000000
# logsel_slope_fsh[1]:
 0.00000000000 0.00000000000 0.00000000000 0.00000000000 0.00000000000 0.00000000000 0.00000000000 0.00000000000 0.00000000000 0.00000000000 0.00000000000 0.00000000000 0.00000000000 0.00000000000 0.00000000000 0.00000000000 0.00000000000 0.00000000000 0.00000000000 0.00000000000 0.00000000000 0.00000000000 0.00000000000 0.00000000000 0.00000000000 0.00000000000 0.00000000000 0.00000000000 0.00000000000 0.00000000000 0.00000000000 0.00000000000 0.00000000000 0.00000000000
# logsel_slope_fsh[2]:
 0.00000000000 0.00000000000 0.00000000000 0.00000000000 0.00000000000 0.00000000000 0.00000000000 0.00000000000 0.00000000000 0.00000000000 0.00000000000 0.00000000000 0.00000000000 0.00000000000 0.00000000000 0.00000000000 0.00000000000 0.00000000000 0.00000000000 0.00000000000 0.00000000000 0.00000000000 0.00000000000 0.00000000000 0.00000000000 0.00000000000 0.00000000000 0.00000000000 0.00000000000 0.00000000000 0.00000000000 0.00000000000 0.00000000000 0.00000000000 0.00000000000
# logsel_slope_fsh[3]:
 0.00000000000 0.00000000000
# logsel_slope_fsh[4]:
 0.00000000000 0.00000000000 0.00000000000 0.00000000000 0.00000000000 0.00000000000 0.00000000000 0.00000000000 0.00000000000 0.00000000000 0.00000000000 0.00000000000 0.00000000000 0.00000000000 0.00000000000 0.00000000000 0.00000000000 0.00000000000 0.00000000000 0.00000000000 0.00000000000 0.00000000000 0.00000000000 0.00000000000 0.00000000000 0.00000000000 0.00000000000 0.00000000000 0.00000000000
# sel50_fsh[1]:
 0.00000000000 0.00000000000 0.00000000000 0.00000000000 0.00000000000 0.00000000000 0.00000000000 0.00000000000 0.00000000000 0.00000000000 0.00000000000 0.00000000000 0.00000000000 0.00000000000 0.00000000000 0.00000000000 0.00000000000 0.00000000000 0.00000000000 0.00000000000 0.00000000000 0.00000000000 0.00000000000 0.00000000000 0.00000000000 0.00000000000 0.00000000000 0.00000000000 0.00000000000 0.00000000000 0.00000000000 0.00000000000 0.00000000000 0.00000000000
# sel50_fsh[2]:
 0.00000000000 0.00000000000 0.00000000000 0.00000000000 0.00000000000 0.00000000000 0.00000000000 0.00000000000 0.00000000000 0.00000000000 0.00000000000 0.00000000000 0.00000000000 0.00000000000 0.00000000000 0.00000000000 0.00000000000 0.00000000000 0.00000000000 0.00000000000 0.00000000000 0.00000000000 0.00000000000 0.00000000000 0.00000000000 0.00000000000 0.00000000000 0.00000000000 0.00000000000 0.00000000000 0.00000000000 0.00000000000 0.00000000000 0.00000000000 0.00000000000
# sel50_fsh[3]:
 0.00000000000 0.00000000000
# sel50_fsh[4]:
 0.00000000000 0.00000000000 0.00000000000 0.00000000000 0.00000000000 0.00000000000 0.00000000000 0.00000000000 0.00000000000 0.00000000000 0.00000000000 0.00000000000 0.00000000000 0.00000000000 0.00000000000 0.00000000000 0.00000000000 0.00000000000 0.00000000000 0.00000000000 0.00000000000 0.00000000000 0.00000000000 0.00000000000 0.00000000000 0.00000000000 0.00000000000 0.00000000000 0.00000000000
# logsel_p1_fsh[1]:
 0.00000000000 0.00000000000 0.00000000000 0.00000000000 0.00000000000 0.00000000000 0.00000000000 0.00000000000 0.00000000000 0.00000000000 0.00000000000 0.00000000000 0.00000000000 0.00000000000 0.00000000000 0.00000000000 0.00000000000 0.00000000000 0.00000000000 0.00000000000 0.00000000000 0.00000000000 0.00000000000 0.00000000000 0.00000000000 0.00000000000 0.00000000000 0.00000000000 0.00000000000 0.00000000000 0.00000000000 0.00000000000 0.00000000000 0.00000000000
# logsel_p1_fsh[2]:
 0.00000000000 0.00000000000 0.00000000000 0.00000000000 0.00000000000 0.00000000000 0.00000000000 0.00000000000 0.00000000000 0.00000000000 0.00000000000 0.00000000000 0.00000000000 0.00000000000 0.00000000000 0.00000000000 0.00000000000 0.00000000000 0.00000000000 0.00000000000 0.00000000000 0.00000000000 0.00000000000 0.00000000000 0.00000000000 0.00000000000 0.00000000000 0.00000000000 0.00000000000 0.00000000000 0.00000000000 0.00000000000 0.00000000000 0.00000000000 0.00000000000
# logsel_p1_fsh[3]:
 0.00000000000 0.00000000000
# logsel_p1_fsh[4]:
 0.00000000000 0.00000000000 0.00000000000 0.00000000000 0.00000000000 0.00000000000 0.00000000000 0.00000000000 0.00000000000 0.00000000000 0.00000000000 0.00000000000 0.00000000000 0.00000000000 0.00000000000 0.00000000000 0.00000000000 0.00000000000 0.00000000000 0.00000000000 0.00000000000 0.00000000000 0.00000000000 0.00000000000 0.00000000000 0.00000000000 0.00000000000 0.00000000000 0.00000000000
# sel_p2_fsh[1]:
 0.00000000000 0.00000000000 0.00000000000 0.00000000000 0.00000000000 0.00000000000 0.00000000000 0.00000000000 0.00000000000 0.00000000000 0.00000000000 0.00000000000 0.00000000000 0.00000000000 0.00000000000 0.00000000000 0.00000000000 0.00000000000 0.00000000000 0.00000000000 0.00000000000 0.00000000000 0.00000000000 0.00000000000 0.00000000000 0.00000000000 0.00000000000 0.00000000000 0.00000000000 0.00000000000 0.00000000000 0.00000000000 0.00000000000 0.00000000000
# sel_p2_fsh[2]:
 0.00000000000 0.00000000000 0.00000000000 0.00000000000 0.00000000000 0.00000000000 0.00000000000 0.00000000000 0.00000000000 0.00000000000 0.00000000000 0.00000000000 0.00000000000 0.00000000000 0.00000000000 0.00000000000 0.00000000000 0.00000000000 0.00000000000 0.00000000000 0.00000000000 0.00000000000 0.00000000000 0.00000000000 0.00000000000 0.00000000000 0.00000000000 0.00000000000 0.00000000000 0.00000000000 0.00000000000 0.00000000000 0.00000000000 0.00000000000 0.00000000000
# sel_p2_fsh[3]:
 0.00000000000 0.00000000000
# sel_p2_fsh[4]:
 0.00000000000 0.00000000000 0.00000000000 0.00000000000 0.00000000000 0.00000000000 0.00000000000 0.00000000000 0.00000000000 0.00000000000 0.00000000000 0.00000000000 0.00000000000 0.00000000000 0.00000000000 0.00000000000 0.00000000000 0.00000000000 0.00000000000 0.00000000000 0.00000000000 0.00000000000 0.00000000000 0.00000000000 0.00000000000 0.00000000000 0.00000000000 0.00000000000 0.00000000000
# logsel_p3_fsh[1]:
 0.00000000000 0.00000000000 0.00000000000 0.00000000000 0.00000000000 0.00000000000 0.00000000000 0.00000000000 0.00000000000 0.00000000000 0.00000000000 0.00000000000 0.00000000000 0.00000000000 0.00000000000 0.00000000000 0.00000000000 0.00000000000 0.00000000000 0.00000000000 0.00000000000 0.00000000000 0.00000000000 0.00000000000 0.00000000000 0.00000000000 0.00000000000 0.00000000000 0.00000000000 0.00000000000 0.00000000000 0.00000000000 0.00000000000 0.00000000000
# logsel_p3_fsh[2]:
 0.00000000000 0.00000000000 0.00000000000 0.00000000000 0.00000000000 0.00000000000 0.00000000000 0.00000000000 0.00000000000 0.00000000000 0.00000000000 0.00000000000 0.00000000000 0.00000000000 0.00000000000 0.00000000000 0.00000000000 0.00000000000 0.00000000000 0.00000000000 0.00000000000 0.00000000000 0.00000000000 0.00000000000 0.00000000000 0.00000000000 0.00000000000 0.00000000000 0.00000000000 0.00000000000 0.00000000000 0.00000000000 0.00000000000 0.00000000000 0.00000000000
# logsel_p3_fsh[3]:
 0.00000000000 0.00000000000
# logsel_p3_fsh[4]:
 0.00000000000 0.00000000000 0.00000000000 0.00000000000 0.00000000000 0.00000000000 0.00000000000 0.00000000000 0.00000000000 0.00000000000 0.00000000000 0.00000000000 0.00000000000 0.00000000000 0.00000000000 0.00000000000 0.00000000000 0.00000000000 0.00000000000 0.00000000000 0.00000000000 0.00000000000 0.00000000000 0.00000000000 0.00000000000 0.00000000000 0.00000000000 0.00000000000 0.00000000000
# rec_dev_future:
 0.00000000000 0.00000000000 0.00000000000 0.00000000000 0.00000000000 0.00000000000 0.00000000000 0.00000000000 0.00000000000 0.00000000000 0.00000000000 0.00000000000 0.00000000000 0.00000000000 0.00000000000 0.00000000000 0.00000000000 0.00000000000 0.00000000000 0.00000000000
 0.00000000000 0.00000000000 0.00000000000 0.00000000000 0.00000000000 0.00000000000 0.00000000000 0.00000000000 0.00000000000 0.00000000000 0.00000000000 0.00000000000 0.00000000000 0.00000000000 0.00000000000 0.00000000000 0.00000000000 0.00000000000 0.00000000000 0.00000000000
# log_q_ind[1]:
0.0413465651334
# log_q_ind[2]:
-2.85158256023
# log_q_ind[3]:
-9.47284078652
# log_q_ind[4]:
-0.634710104315
# log_q_ind[5]:
-3.92340120667
# log_q_ind[6]:
-6.36755808613
# log_q_ind[7]:
-0.747838629023
# log_q_power_ind[1]:
0.00000000000
# log_q_power_ind[2]:
0.00000000000
# log_q_power_ind[3]:
0.00000000000
# log_q_power_ind[4]:
0.00000000000
# log_q_power_ind[5]:
0.00000000000
# log_q_power_ind[6]:
0.00000000000
# log_q_power_ind[7]:
0.00000000000
# log_rw_q_ind[1]:
 -0.958487192252
# log_rw_q_ind[3]:
 -0.644240328092
# log_selcoffs_ind[1]:
 -1.65525976900 -0.917808390594 -0.390288776824 -0.0439429504662 0.151029241255 0.254443172670 0.295925241630 0.298077454377 0.281554299907 0.267042965934
 -2.20923084276 -1.45907973943 -0.752754966522 -0.174866338848 0.201860907794 0.386722044086 0.420898760146 0.380377490592 0.314765304666 0.258664419026
# log_selcoffs_ind[2]:
 -0.340993617067 -0.603711977424 -1.00148692411 -1.29078925877 -1.32872642628 -1.06552064251 -0.546483840699 0.127791918623 0.805846743461 1.26314305822
 0.296844745830 -0.220476177045 -0.622594221555 -0.870662553898 -0.918212845449 -0.739765592968 -0.361353241345 0.124199661507 0.583018545072 0.875536122939
 0.709161400944 0.0829201727307 -0.418480636389 -0.727335989660 -0.812715763603 -0.684867257091 -0.394188685002 -0.0236919406138 0.329135469433 0.560546865292
# log_selcoffs_ind[3]:
 -0.202940821038 0.0202027052767 0.0202027052767 0.0202027052767 0.0202027052767 0.0202027052767 0.0202027052767 0.0202027052767 0.0202027052767 0.0202027052767
# log_selcoffs_ind[4]:
 -0.267185315452 -0.192250519330 -0.123948368510 -0.0759315413678 -0.0392399125332 0.00406308202518 0.0584125829429 0.120215699108 0.179322544880 0.222481941155
 -0.938509232766 -0.735595519343 -0.531209182624 -0.318227750084 -0.109472216168 0.0819168426298 0.244632768389 0.365189025357 0.433153216399 0.452676230688
# log_selcoffs_ind[5]:
 -3.04452005677 -0.669616569639 0.101782682789 0.174353368097 0.174353368097 0.174353368097 0.174353368097 0.174353368097 0.174353368097 0.174353368097
# log_selcoffs_ind[6]:
 -3.04452005677 -0.669616569639 0.101782682789 0.174353368097 0.174353368097 0.174353368097 0.174353368097 0.174353368097 0.174353368097 0.174353368097
# log_selcoffs_ind[7]:
 -3.04452005677 -0.669616569639 0.101782682789 0.174353368097 0.174353368097 0.174353368097 0.174353368097 0.174353368097 0.174353368097 0.174353368097
# logsel_slope_ind[1]:
 0.00000000000 0.00000000000
# logsel_slope_ind[2]:
 0.00000000000 0.00000000000 0.00000000000
# logsel_slope_ind[3]:
 0.00000000000
# logsel_slope_ind[4]:
 0.00000000000 0.00000000000
# logsel_slope_ind[5]:
 0.00000000000
# logsel_slope_ind[6]:
 0.00000000000
# logsel_slope_ind[7]:
 0.00000000000
# sel50_ind[1]:
 0.00000000000 0.00000000000
# sel50_ind[2]:
 0.00000000000 0.00000000000 0.00000000000
# sel50_ind[3]:
 0.00000000000
# sel50_ind[4]:
 0.00000000000 0.00000000000
# sel50_ind[5]:
 0.00000000000
# sel50_ind[6]:
 0.00000000000
# sel50_ind[7]:
 0.00000000000
# logsel_p1_ind[1]:
 0.00000000000 0.00000000000
# logsel_p1_ind[2]:
 0.00000000000 0.00000000000 0.00000000000
# logsel_p1_ind[3]:
 0.00000000000
# logsel_p1_ind[4]:
 0.00000000000 0.00000000000
# logsel_p1_ind[5]:
 0.00000000000
# logsel_p1_ind[6]:
 0.00000000000
# logsel_p1_ind[7]:
 0.00000000000
# sel_p2_ind[1]:
 0.00000000000 0.00000000000
# sel_p2_ind[2]:
 0.00000000000 0.00000000000 0.00000000000
# sel_p2_ind[3]:
 0.00000000000
# sel_p2_ind[4]:
 0.00000000000 0.00000000000
# sel_p2_ind[5]:
 0.00000000000
# sel_p2_ind[6]:
 0.00000000000
# sel_p2_ind[7]:
 0.00000000000
# logsel_p3_ind[1]:
 0.00000000000 0.00000000000
# logsel_p3_ind[2]:
 0.00000000000 0.00000000000 0.00000000000
# logsel_p3_ind[3]:
 0.00000000000
# logsel_p3_ind[4]:
 0.00000000000 0.00000000000
# logsel_p3_ind[5]:
 0.00000000000
# logsel_p3_ind[6]:
 0.00000000000
# logsel_p3_ind[7]:
 0.00000000000
