# Number of parameters = 1366 Objective function value = 1180.64936145345  Maximum gradient component = 0.0355345451694239
# Mest[1]:
0.230000000000
# Mest[2]:
0.330000000000
# log_Linf[1]:
4.30945594184
# log_Linf[2]:
4.38701417618
# log_k[1]:
-1.83258146375
# log_k[2]:
-1.83258146375
# log_Lo[1]:
2.89037175790
# log_Lo[2]:
2.89037175790
# log_sdage[1]:
-2.40794560865
# log_sdage[2]:
-2.40794560865
# mean_log_rec[1]:
9.50179372272
# mean_log_rec[2]:
8.34412341911
# mean_log_rec[3]:
7.53678119334
# steepness[1]:
0.650000000000
# steepness[2]:
0.650000000000
# steepness[3]:
0.650000000000
# log_Rzero[1]:
9.12198930314
# log_Rzero[2]:
8.39103019260
# log_Rzero[3]:
7.51446585905
# rec_dev:
 -0.414731852492 -0.484879599496 -0.561408802931 -0.645202228103 -0.733963647942 -0.823647964377 -0.789430617104 -0.792582406357 -0.553863323451 -0.414921365811 -0.336924213634 -0.231100594450 -0.356980840068 -0.403195174370 -0.432767179266 -0.352226988705 -0.0667881384614 0.250783310202 0.341555744017 0.360942325406 0.458874003582 0.473680371163 0.843142320811 0.855456151098 0.690094654463 1.48005774439 1.61528341921 0.694722344918 0.149893863792 0.381931363549 0.726975825284 0.746107746061 0.529113697809 0.300838392088 0.186583754525 0.239747151680 0.324996889512 0.451338049751 0.589863156296 0.562717145722 0.718648922230 0.645207557325 0.490652440367 -0.172235599142 -0.453017525655 -0.745248530126 -1.49766395855 -0.962603051605 -0.776631679740 -0.779123822235 -0.999690964087 -0.838463676810 -0.571862739944 -0.104931350382 -0.119695476343 -0.124810416555 -0.323560702401 0.320391414090 -0.226318247195
 -0.000175424390145 -0.000222631869367 -0.000269493456921 -0.000306504766266 -0.000315547628457 -0.000263864095876 -9.45788445286e-05 0.000305761058689 0.000792922691993 0.00163102480687 0.00285383520482 0.0268396985899 0.0274386788474 0.0278608009947 0.0278502474554 0.0255064884074 0.0176223482416 0.00407496172954 -0.0521106886091 0.353573374083 -0.0186787310503 -0.117763776682 -0.00643326204924 0.411598087072 -0.0383433540716 -0.246407953990 -0.535240372707 -0.0470374575915 0.369432427820 0.894875393187 0.269952753599 0.236202459027 -0.466287070466 -0.00555512123968 -0.447411397550 -0.667346736378 0.00111297015249 0.0810462102290 0.0412604353491 -0.106265722335 0.729806479382 1.35168415381 -0.163297445542 0.815405503440 -0.540568774312 -0.0195679072125 0.874900378362 0.172177299706 -1.07465523363 -1.82442907974 -0.297636911070 1.00648400873 -0.458459584589 -0.0343140989275 -1.37917463668 -0.283230405414 -0.534356934744 0.112268001586 0.653983653057
# log_sigmar[1]:
-0.510825623766
# log_sigmar[2]:
-0.510825623766
# log_sigmar[3]:
-0.510825623766
# fmort:
 0.0113831554746 0.0166172428736 0.00740296077241 0.00906756035981 0.0169589238542 0.0207760747486 0.0258333400237 0.0234088007261 0.0492972495306 0.0438627440857 0.0305563764878 0.0448783588051 0.0906467998323 0.0352675938420 0.0852250336917 0.0525332736561 0.00500799297916 0.0225792018854 0.0169309009194 0.0153944665575 0.0139130019060 0.0195356395911 0.0213466341491 0.0259944899421 0.0156162905817 0.0209746938803 0.0343179295956 0.0127225155464 0.00405293862528 0.00666513994616 0.0103622798968 0.0209729625050 0.00835105985185 0.0122898665033 0.0136995405444 0.0216955753913 0.0275902324587 0.0421139522535 0.0563945923570 0.0501817908568 0.0768310769544 0.0119926095915 0.00437008993641 0.00503409817116 0.00467829037198 0.00584527341350 0.00416583300612 0.00603587809815
 0.00140578235334 0.00208341254669 0.00305043677713 0.00486931019011 0.00341573701353 0.00619793471332 0.00834920200196 0.0127131797691 0.0220240568745 0.0274072440595 0.0308411967040 0.0625912893825 0.0848908766280 0.0616054221212 0.0777515479680 0.104418686816 0.119570039181 0.170445319324 0.202083394586 0.227539655908 0.228260842135 0.287238242957 0.365435922692 0.363177859708 0.470322852424 0.632313952240 0.615944421990 0.626132727152 0.378777770555 0.239296207806 0.177168668544 0.205479904518 0.208199399481 0.190757012802 0.188780543023 0.191078728915 0.203559514822 0.245294168373 0.209378437398 0.295884776590 0.177700136105 0.123382846294 0.0979061855661 0.0814405633610 0.0729540587873 0.0763433540737 0.0744307333325 0.0692565527601
 0.000585478831710 0.00114107351405 0.00283242259990 0.00606301488239 0.0193514260767 0.00601128920698 0.00767162942672 0.103762486499 0.105909366438 0.0855280671489 0.0859954582827 0.115504809296 0.0371040994425 0.0220434099388 0.0255722128849 0.0187176120543 0.0102516056727 0.0116528048589 0.0446996949863 0.0370628247362 0.0326809585680 0.0267537349331 0.0158479302868 0.0273298554045 0.0456712582132 0.216098295195 0.368723079056 0.696287438050 0.612043468630 0.164605818988 0.119506166244 0.381570001171 0.0549480730444 0.0753585942812 0.0631894274356 0.0409468035477 0.102553944995 0.0851873973229 0.0948795415699 0.112256170668 0.0290748831196 0.145029458325 0.0682260098627 0.0418384687115 0.0443289454094 0.0182989796983 0.00879177278280 0.00417930236474
 2.14550599509e-13 2.24542606730e-13 0.000572848578746 2.33424390927e-13 2.30093721854e-13 2.27595720048e-13 3.34940265079e-06 0.000228381406562 0.00496438298103 0.0315605697896 0.0295380128443 0.0384717994229 0.0912057699179 0.108677215134 0.148231836515 0.122099712987 0.112724824427 0.110714552456 0.104144162321 0.0804227008748 0.0645579350282 0.0409048132640 0.00348783611989 2.17881268583e-13 2.57016630201e-13 3.54438700612e-13 4.56024107365e-13 6.85562717706e-13 7.95752352900e-13 3.61374196817e-06 0.000666049391988 0.00467325679264 0.0141147806626 0.0272104235189 0.0475943779110 0.0402816962388 0.0606492390461 0.0928392962176 0.119445799656 0.165305580639 0.163512662568 0.0445770506149 0.0294365759404 0.0282127089767 0.0281206388056 0.0329131743609 0.0175983762573 0.0124443028464
# log_selcoffs_fsh[1]:
 -5.19350562271 -3.97756896247 -2.66834804188 -1.38041225435 -0.371318885077 0.502855396616 1.11846722293 0.923194322688 -0.309060525744
 -4.92380053013 -3.63510851031 -2.26907140308 -1.07212284194 -0.280862089008 0.442476048924 1.00435023993 0.856822640002 0.116157075114
 -4.63820171367 -3.36386003807 -2.08143933437 -0.959988323325 -0.139910812904 0.540578901787 0.903129680020 0.732455962921 0.273184783854
 -4.30838773560 -2.99304913404 -1.82396378973 -0.824620670424 -0.177730976727 0.414237423312 0.896251669249 0.754959327334 0.342393622098
 -4.01746193672 -2.64934080844 -1.27268634567 -0.289728618168 0.179309264107 0.444745311886 0.617461761526 0.574508560464 0.402662737287
 -3.79199557605 -2.51513696960 -1.35611941940 -0.376536622154 0.516475066279 0.710268459401 0.475174144905 0.320335457780 0.228070900715
 -3.56199006560 -2.30797193096 -1.20580421478 -0.280810238366 0.543029134613 0.770821072290 0.475717133266 0.206040269443 0.0924048157526
 -3.33024470207 -2.00107907220 -0.976722584566 -0.122049268542 0.601936720163 0.761079189861 0.403348288451 0.114763223442 -0.0174450057927
 -3.13462065994 -1.76581702059 -0.572161292574 0.142029925569 0.530775029050 0.630463581850 0.410810186527 0.0741456093464 -0.100055104807
 -2.93166188963 -1.44960510734 -0.227009062609 0.212204958838 0.548726825286 0.582846023594 0.310171520168 -0.0319751364808 -0.193162729369
 -2.74350658939 -1.07607042333 0.404901211089 0.465748131237 0.366885479479 0.292543997128 0.0871190534975 -0.147097876005 -0.267797579494
 -2.56014494661 -0.820656758054 0.388962373462 0.515056272189 0.477472431567 0.241410708680 -0.0455896243726 -0.245676172639 -0.341456784125
 -2.44893721261 -0.868107063698 0.411796259421 0.765409403075 0.464666284802 0.0826771839605 -0.205060786969 -0.367891410867 -0.430777123820
 -2.29868659076 -0.774288868269 0.436524175985 0.835677302291 0.439779948014 0.0166371279634 -0.281417148476 -0.435556046936 -0.487560781940
 -2.40333228740 -0.827226386743 0.591216402638 0.854948840232 0.370699845518 -0.0391444118001 -0.327848289304 -0.492257709029 -0.557204359969
 -2.36957208349 -0.856465090658 0.606930701206 0.814431617523 0.426224297549 -0.00433399505849 -0.328806733868 -0.519038835265 -0.603084606200
 -2.18883442099 -0.661351245913 0.738610367832 0.710880343177 0.354850250185 -0.0187026718256 -0.332859232976 -0.533393191240 -0.630977880981
 -1.87336479320 -0.384708109409 0.503451998405 0.784965077544 0.433818754356 -0.0257970351575 -0.351521069487 -0.550917460740 -0.651463875200
 -1.78971772134 -0.367706017064 0.789214412265 0.741551190189 0.252987340168 -0.136558265935 -0.428978888523 -0.618221617134 -0.714333038494
 -1.61004575992 -0.294244952021 0.719752560103 0.763590439139 0.338713577967 -0.145428782778 -0.485398516119 -0.679026866953 -0.766190662488
 -1.49524612196 -0.139799496055 0.856229122143 0.745002773119 0.194856564311 -0.260999208716 -0.582046305888 -0.761484555312 -0.833753166469
 -1.38556136236 -0.140200431622 0.693319643263 0.934265716634 0.274089598043 -0.362226458827 -0.704952587028 -0.857384351756 -0.903660140199
 -1.29637484205 0.138977169494 0.901982648454 0.771903891566 0.0905068349847 -0.462841325481 -0.797539553791 -0.935767618761 -0.962146520463
 -1.44014694623 -0.0585988608242 0.880603978585 0.972439643866 0.0488558289767 -0.556132340956 -0.878622748935 -1.00854048204 -1.02253877164
 -1.54301516640 -0.180787127426 0.881128153916 0.976722470821 0.134042389008 -0.504457048790 -0.867032999635 -1.01910756184 -1.03872787915
 -1.46719528819 0.0450809416931 0.731071039268 0.874535567890 0.259047132739 -0.317436122120 -0.761846395305 -0.956396914482 -0.984934583557
 -1.58777740015 -0.270069667260 0.644459552107 0.956057678702 0.316142497662 -0.204224161655 -0.653275199253 -0.869671218471 -0.917834243923
 -1.60407057390 -0.221827236720 0.733494576712 0.823606044229 0.279056177029 -0.187624068851 -0.557359333322 -0.757962675820 -0.810410533311
 -1.47441856694 0.333628087307 0.688529864425 0.536245683371 0.140296401209 -0.196521796677 -0.446630074646 -0.602338494213 -0.663214352017
 -1.61422257087 0.00755778677930 0.612882571912 0.746964131512 0.149975756275 -0.212016315048 -0.389369339605 -0.492864189960 -0.548310334677
 -1.71987316104 -0.0815837419250 0.834335995181 0.457641028646 0.0551681982347 -0.159771185056 -0.278020245167 -0.367192184393 -0.420657877381
 -1.71720230228 -0.121010141639 0.578161613877 0.419593579039 0.156055594568 -0.0117270469008 -0.114544463944 -0.203649955348 -0.267156573568
 -1.80657988652 -0.676051470384 0.0664685440245 0.608514243821 0.338076215918 0.154065887549 0.0700871447807 -0.0672304982417 -0.169198734213
 -2.05044409641 -0.795696502299 -0.0589606302519 0.506550593506 0.224355135602 0.221458546265 0.266862020864 0.0808891145058 -0.0744726886818
# log_selcoffs_fsh[2]:
 -5.92241932057 -4.00089972276 -2.31845713832 -0.946410807371 0.0930106632039 0.560720026318 0.910278904296 0.909251022795 0.247340743299 -0.928958401228
 -5.84346102125 -3.86274590046 -1.85406191300 -0.633139594815 -0.171480494090 0.379755958209 0.872213849921 0.915206415092 0.356011985608 -0.404803052628
 -5.72476452721 -3.94176364049 -2.21581017755 -0.831220538536 -0.145803039122 0.313531226442 0.775871750251 0.878370225300 0.489291040811 -0.0105097628481
 -5.56854507759 -3.89169318349 -2.39932895944 -1.21002539051 -0.366537723155 0.163361322438 0.674013524616 0.887179830942 0.648007298861 0.346505204496
 -5.44780313971 -3.69927132540 -2.08045472868 -1.07591281966 -0.603546971093 -0.143783604256 0.470195908986 0.812624722816 0.791953346784 0.708193929378
 -5.33294614823 -3.71783227465 -2.16242276282 -0.983431300649 -0.413582337827 -0.300699321224 0.0951465579296 0.550738061512 0.867257042137 1.05274611814
 -5.26496599299 -3.81803418989 -2.45255084721 -1.30030939868 -0.423328368054 -0.213365250401 -0.0285887470962 0.356583533543 0.838911209571 1.23474750367
 -5.24642306810 -3.92943431189 -2.71454544960 -1.72430007490 -0.987254656155 -0.473182386534 0.0573156439669 0.476042084959 0.890284163597 1.28935077270
 -5.24504760767 -3.98193829878 -2.80531571342 -1.89041973163 -1.21617786845 -0.648757193305 -0.0283769755906 0.523616678680 0.958786281330 1.30205713792
 -5.21706039405 -3.94627510195 -2.76313352530 -1.77785565358 -1.04720947138 -0.586245615875 -0.155701309544 0.385069336856 0.935476815781 1.37671586890
 -5.22814587106 -3.87337793245 -2.57279236763 -1.49785393749 -0.762698642547 -0.319891121725 0.00719466022141 0.304615314448 0.781781329548 1.36930007395
 -5.30933295011 -3.84355588470 -2.47577209484 -1.32030581115 -0.579833804571 -0.190643492382 0.117083526477 0.404436285234 0.847487081380 1.18772799824
 -5.39816166529 -3.75523253244 -2.17256856432 -0.841015672267 -0.211210043913 0.0993385897723 0.273430091622 0.392979966880 0.715376349193 0.982852934159
 -5.48089404880 -3.61832299008 -1.81534916375 -0.520931640041 0.135599405936 0.286492961472 0.308963441383 0.381762936858 0.579726037308 0.752764454825
 -5.52301769392 -3.47243631248 -1.49298588930 -0.0690098107891 0.373776350107 0.335244810422 0.213139427669 0.260575686501 0.460862291764 0.606923108618
 -5.51938177495 -3.30748749742 -1.15793759039 0.116098501839 0.363619814887 0.293874546902 0.175086784071 0.218048777646 0.416258164642 0.582621332123
 -5.49716388696 -3.25940237656 -1.06118540915 0.108930302757 0.373799882614 0.305344223786 0.166247005088 0.190192271267 0.388186758087 0.599588940538
 -5.47014378632 -3.37370648496 -1.32214061285 0.0950314731886 0.433323037433 0.340347491392 0.168007412093 0.178872593986 0.378674921970 0.592385616314
 -5.41891715294 -3.45874783237 -1.56181689397 -0.0908701726522 0.445926299191 0.360762375988 0.184488271970 0.203518328779 0.416926796095 0.641457623695
 -5.33890495249 -3.49889542219 -1.71587163332 -0.330803079717 0.231187996727 0.351590273884 0.222287070970 0.253567781716 0.508637343783 0.781535425874
 -5.28415332766 -3.54237407793 -1.88941746181 -0.567042431096 0.165222397456 0.375917457635 0.262922425787 0.248478292719 0.517901354762 0.854560530675
 -5.26684920139 -3.60502345910 -2.04328067500 -0.765492734669 0.0249492854412 0.371176012764 0.338310726588 0.327499436020 0.555381033644 0.861018651824
 -5.27366454353 -3.65414059862 -2.20162585394 -0.998764979496 -0.184978588335 0.343696707958 0.425657220057 0.420809052028 0.607582915663 0.858230829250
 -5.32512864511 -3.71026694953 -2.24732581529 -1.08451793602 -0.366779438358 0.170086680033 0.485256865287 0.520437380901 0.686593103698 0.856224120756
 -5.39067209943 -3.77396297870 -2.24021193473 -0.944316162261 -0.255620336551 0.00715066697508 0.336985374451 0.559093630188 0.716660220444 0.915529749576
 -5.49397121390 -3.84540224277 -2.35724200055 -1.08757570450 -0.293528858782 0.237644063181 0.385612765144 0.494562360289 0.677500636085 0.895951592607
 -5.68092147341 -4.01778970423 -2.39224348234 -1.02711065847 -0.232453847236 0.370583630752 0.518495037092 0.509843649843 0.604242888117 0.748379017431
 -5.85832754200 -4.20935773015 -2.52078442737 -0.858006852761 -0.0755970274852 0.451656040874 0.540495386165 0.461204886425 0.606329358212 0.611532918497
 -6.02843549864 -4.40011418194 -2.79003261165 -1.30207389420 -0.263658413351 0.630699938220 0.768295489276 0.520954312981 0.534383525346 0.377511103999
 -6.16562632584 -4.54131816606 -2.91359995578 -1.31574659547 -0.0628086953476 0.677289299077 0.932986631463 0.523939563790 0.285202599198 0.179183400965
 -6.20365427455 -4.54875716202 -2.84956924896 -1.13763243635 0.0931375891572 0.661301003607 0.719451010901 0.507106870911 0.375399462876 0.339801477767
 -6.17087454153 -4.44614002657 -2.74703766493 -1.20415653955 -0.198907137907 0.354344048407 0.581366452433 0.614748204905 0.604288009191 0.646910860472
 -6.11887070013 -4.27848089976 -2.36025649147 -0.842031841622 -0.367457723434 0.000727499296966 0.365786286385 0.552089643337 0.722796286285 0.926942961521
 -6.14724148397 -4.28803564751 -2.46334496725 -0.962108037385 -0.314328475532 0.0941943793083 0.390129024446 0.583118034461 0.714641388005 0.865249605273
 -6.14861653586 -4.29168204180 -2.45862176195 -0.955221637135 -0.404199273644 -0.0547763898397 0.386115026041 0.637443266813 0.773609145925 0.862563603969
# log_selcoffs_fsh[3]:
 -2.35213951640 0.277881102619 1.46963892145 0.0760594814201 -2.05463965269 -3.83398871479 -4.82189997048
 -2.27171057818 0.848666851925 1.25225608933 -0.0766385830365 -2.23268212230 -3.88233831211 -4.82323700474
# log_selcoffs_fsh[4]:
 -6.24360585953 -5.05190320548 -3.82360853158 -2.50877453820 -1.12388129867 0.151483140458 1.00726659711 1.11098006325 0.485156109652
 -6.22994861451 -5.03544036713 -3.80130235059 -2.45104845850 -1.03157611059 0.221005147268 1.02073269905 1.05743080986 0.485517280657
 -6.18444179773 -4.99263079129 -3.77329851591 -2.47300760426 -1.09812534813 0.155458227775 0.998728716644 1.08484150519 0.535531633438
 -6.09921602786 -4.90400797646 -3.70210428986 -2.46388206293 -1.16284540280 0.0515603220401 0.928535363855 1.11987644578 0.652210392934
 -6.00426588540 -4.78971932594 -3.58408271276 -2.38311632779 -1.13953649868 0.0405014087358 0.871797942791 1.09104045673 0.760486016165
 -5.91059165536 -4.71492308427 -3.50444169593 -2.28682404974 -1.12288997546 -0.0441049861591 0.804775857648 1.10090773738 0.846467037752
 -5.79664578466 -4.62644835833 -3.42624548357 -2.18837349374 -1.03991855908 -0.0161462621477 0.755952179009 1.05721822168 0.915132878421
 -5.66131066526 -4.49143838842 -3.34579940823 -2.14937235838 -0.996893438432 -0.0299498686761 0.729869378644 1.04049365073 0.951111948570
 -5.52660504518 -4.30422898991 -3.19517259398 -2.15517113591 -1.07810019126 -0.0621678581234 0.719443459153 1.04187285177 0.977532296585
 -5.39418554146 -4.15636306042 -2.98122731396 -1.92428719133 -0.991194918269 -0.0884071496671 0.638149546706 1.01223565364 1.04796453616
 -5.29320110154 -4.02990910418 -2.83219748045 -1.75259413999 -0.805074683012 -0.0142111244403 0.601324576241 0.941631974670 1.07273048693
 -5.22230379152 -3.90464174597 -2.67604205885 -1.60855913717 -0.682074283214 0.0807575985054 0.588687280765 0.894774282083 1.05339367793
 -5.16288841658 -3.74678425006 -2.44233242444 -1.39891067370 -0.605074768857 0.0803523521744 0.589298352534 0.864523389464 1.04047392658
 -5.10505483447 -3.55421419698 -2.06437245853 -1.00515719259 -0.407442822018 0.0493427559247 0.457047576412 0.818718736022 1.06798773420
 -5.05508809776 -3.41425143465 -1.82539845268 -0.676492504792 -0.150057329562 0.0770174872711 0.340921719368 0.724727312641 1.05780444856
 -4.99883049066 -3.30987043925 -1.62462041327 -0.437317249454 -0.0728432847375 0.0587354605758 0.279712299983 0.664543177417 1.04990772848
 -4.97320598984 -3.31397327794 -1.67257872795 -0.456658736345 -0.0739875417427 0.110297876959 0.324220714304 0.650987188289 1.02599498288
 -4.96820495245 -3.44457391905 -2.05575293488 -1.00464228588 -0.281414416914 0.294091265469 0.558260860285 0.699330728386 0.959463685258
 -4.92964446110 -3.52170972471 -2.25926948276 -1.28657054991 -0.526614276244 0.135708765961 0.565058488650 0.828597626927 1.02853802516
 -4.91641113777 -3.57339666278 -2.38096902818 -1.45856429002 -0.758961690351 -0.0832686862487 0.536643912965 0.926053226605 1.10411182504
 -4.91408634011 -3.56714358362 -2.36929760710 -1.53108931018 -0.899797107457 -0.294869868731 0.386121971166 0.986753903306 1.20881634977
 -4.91816890166 -3.51437681449 -2.14193368376 -1.41687235702 -0.947089696004 -0.343158504084 0.275563147056 0.861360904383 1.34076792764
 -4.96632026119 -3.64723907271 -2.44612039113 -1.56823441171 -0.954814965404 -0.299881957322 0.283839346206 0.838362553581 1.36234503396
 -4.98178870850 -3.69494776161 -2.52432049487 -1.61607419772 -0.983762698533 -0.403415983451 0.183752582803 0.820127764037 1.42912766104
 -5.08041194765 -3.75718823543 -2.48390338220 -1.41055830811 -0.721944936918 -0.170641226130 0.301134417517 0.823247929959 1.30421671151
 -5.06930082317 -3.64410062619 -2.20963937902 -1.28669866543 -0.722747344982 -0.207632515432 0.259764939868 0.792464406130 1.32926519568
 -5.05711263005 -3.63410576533 -2.28308425699 -1.33755746721 -0.747560482830 -0.222507050902 0.304244186839 0.838720395656 1.29739179423
 -4.99451352953 -3.56793965545 -2.25571079479 -1.33968624546 -0.760869314229 -0.261938288267 0.233406350368 0.797930595403 1.35522439605
 -4.97693631453 -3.57841959289 -2.32532564175 -1.39648625441 -0.765449887238 -0.254290580716 0.267362187231 0.843028403728 1.32161486432
# log_sel_spl_fsh[1]:
 0.00000000000 0.00000000000 0.00000000000 0.00000000000
 0.00000000000 0.00000000000 0.00000000000 0.00000000000
 0.00000000000 0.00000000000 0.00000000000 0.00000000000
 0.00000000000 0.00000000000 0.00000000000 0.00000000000
 0.00000000000 0.00000000000 0.00000000000 0.00000000000
 0.00000000000 0.00000000000 0.00000000000 0.00000000000
 0.00000000000 0.00000000000 0.00000000000 0.00000000000
 0.00000000000 0.00000000000 0.00000000000 0.00000000000
 0.00000000000 0.00000000000 0.00000000000 0.00000000000
 0.00000000000 0.00000000000 0.00000000000 0.00000000000
 0.00000000000 0.00000000000 0.00000000000 0.00000000000
 0.00000000000 0.00000000000 0.00000000000 0.00000000000
 0.00000000000 0.00000000000 0.00000000000 0.00000000000
 0.00000000000 0.00000000000 0.00000000000 0.00000000000
 0.00000000000 0.00000000000 0.00000000000 0.00000000000
 0.00000000000 0.00000000000 0.00000000000 0.00000000000
 0.00000000000 0.00000000000 0.00000000000 0.00000000000
 0.00000000000 0.00000000000 0.00000000000 0.00000000000
 0.00000000000 0.00000000000 0.00000000000 0.00000000000
 0.00000000000 0.00000000000 0.00000000000 0.00000000000
 0.00000000000 0.00000000000 0.00000000000 0.00000000000
 0.00000000000 0.00000000000 0.00000000000 0.00000000000
 0.00000000000 0.00000000000 0.00000000000 0.00000000000
 0.00000000000 0.00000000000 0.00000000000 0.00000000000
 0.00000000000 0.00000000000 0.00000000000 0.00000000000
 0.00000000000 0.00000000000 0.00000000000 0.00000000000
 0.00000000000 0.00000000000 0.00000000000 0.00000000000
 0.00000000000 0.00000000000 0.00000000000 0.00000000000
 0.00000000000 0.00000000000 0.00000000000 0.00000000000
 0.00000000000 0.00000000000 0.00000000000 0.00000000000
 0.00000000000 0.00000000000 0.00000000000 0.00000000000
 0.00000000000 0.00000000000 0.00000000000 0.00000000000
 0.00000000000 0.00000000000 0.00000000000 0.00000000000
 0.00000000000 0.00000000000 0.00000000000 0.00000000000
# log_sel_spl_fsh[2]:
 0.00000000000 0.00000000000 0.00000000000 0.00000000000
 0.00000000000 0.00000000000 0.00000000000 0.00000000000
 0.00000000000 0.00000000000 0.00000000000 0.00000000000
 0.00000000000 0.00000000000 0.00000000000 0.00000000000
 0.00000000000 0.00000000000 0.00000000000 0.00000000000
 0.00000000000 0.00000000000 0.00000000000 0.00000000000
 0.00000000000 0.00000000000 0.00000000000 0.00000000000
 0.00000000000 0.00000000000 0.00000000000 0.00000000000
 0.00000000000 0.00000000000 0.00000000000 0.00000000000
 0.00000000000 0.00000000000 0.00000000000 0.00000000000
 0.00000000000 0.00000000000 0.00000000000 0.00000000000
 0.00000000000 0.00000000000 0.00000000000 0.00000000000
 0.00000000000 0.00000000000 0.00000000000 0.00000000000
 0.00000000000 0.00000000000 0.00000000000 0.00000000000
 0.00000000000 0.00000000000 0.00000000000 0.00000000000
 0.00000000000 0.00000000000 0.00000000000 0.00000000000
 0.00000000000 0.00000000000 0.00000000000 0.00000000000
 0.00000000000 0.00000000000 0.00000000000 0.00000000000
 0.00000000000 0.00000000000 0.00000000000 0.00000000000
 0.00000000000 0.00000000000 0.00000000000 0.00000000000
 0.00000000000 0.00000000000 0.00000000000 0.00000000000
 0.00000000000 0.00000000000 0.00000000000 0.00000000000
 0.00000000000 0.00000000000 0.00000000000 0.00000000000
 0.00000000000 0.00000000000 0.00000000000 0.00000000000
 0.00000000000 0.00000000000 0.00000000000 0.00000000000
 0.00000000000 0.00000000000 0.00000000000 0.00000000000
 0.00000000000 0.00000000000 0.00000000000 0.00000000000
 0.00000000000 0.00000000000 0.00000000000 0.00000000000
 0.00000000000 0.00000000000 0.00000000000 0.00000000000
 0.00000000000 0.00000000000 0.00000000000 0.00000000000
 0.00000000000 0.00000000000 0.00000000000 0.00000000000
 0.00000000000 0.00000000000 0.00000000000 0.00000000000
 0.00000000000 0.00000000000 0.00000000000 0.00000000000
 0.00000000000 0.00000000000 0.00000000000 0.00000000000
 0.00000000000 0.00000000000 0.00000000000 0.00000000000
# log_sel_spl_fsh[3]:
 0.00000000000 0.00000000000 0.00000000000 0.00000000000
 0.00000000000 0.00000000000 0.00000000000 0.00000000000
# log_sel_spl_fsh[4]:
 0.00000000000 0.00000000000 0.00000000000 0.00000000000
 0.00000000000 0.00000000000 0.00000000000 0.00000000000
 0.00000000000 0.00000000000 0.00000000000 0.00000000000
 0.00000000000 0.00000000000 0.00000000000 0.00000000000
 0.00000000000 0.00000000000 0.00000000000 0.00000000000
 0.00000000000 0.00000000000 0.00000000000 0.00000000000
 0.00000000000 0.00000000000 0.00000000000 0.00000000000
 0.00000000000 0.00000000000 0.00000000000 0.00000000000
 0.00000000000 0.00000000000 0.00000000000 0.00000000000
 0.00000000000 0.00000000000 0.00000000000 0.00000000000
 0.00000000000 0.00000000000 0.00000000000 0.00000000000
 0.00000000000 0.00000000000 0.00000000000 0.00000000000
 0.00000000000 0.00000000000 0.00000000000 0.00000000000
 0.00000000000 0.00000000000 0.00000000000 0.00000000000
 0.00000000000 0.00000000000 0.00000000000 0.00000000000
 0.00000000000 0.00000000000 0.00000000000 0.00000000000
 0.00000000000 0.00000000000 0.00000000000 0.00000000000
 0.00000000000 0.00000000000 0.00000000000 0.00000000000
 0.00000000000 0.00000000000 0.00000000000 0.00000000000
 0.00000000000 0.00000000000 0.00000000000 0.00000000000
 0.00000000000 0.00000000000 0.00000000000 0.00000000000
 0.00000000000 0.00000000000 0.00000000000 0.00000000000
 0.00000000000 0.00000000000 0.00000000000 0.00000000000
 0.00000000000 0.00000000000 0.00000000000 0.00000000000
 0.00000000000 0.00000000000 0.00000000000 0.00000000000
 0.00000000000 0.00000000000 0.00000000000 0.00000000000
 0.00000000000 0.00000000000 0.00000000000 0.00000000000
 0.00000000000 0.00000000000 0.00000000000 0.00000000000
 0.00000000000 0.00000000000 0.00000000000 0.00000000000
# logsel_slope_fsh[1]:
 0.00000000000 0.00000000000 0.00000000000 0.00000000000 0.00000000000 0.00000000000 0.00000000000 0.00000000000 0.00000000000 0.00000000000 0.00000000000 0.00000000000 0.00000000000 0.00000000000 0.00000000000 0.00000000000 0.00000000000 0.00000000000 0.00000000000 0.00000000000 0.00000000000 0.00000000000 0.00000000000 0.00000000000 0.00000000000 0.00000000000 0.00000000000 0.00000000000 0.00000000000 0.00000000000 0.00000000000 0.00000000000 0.00000000000 0.00000000000
# logsel_slope_fsh[2]:
 0.00000000000 0.00000000000 0.00000000000 0.00000000000 0.00000000000 0.00000000000 0.00000000000 0.00000000000 0.00000000000 0.00000000000 0.00000000000 0.00000000000 0.00000000000 0.00000000000 0.00000000000 0.00000000000 0.00000000000 0.00000000000 0.00000000000 0.00000000000 0.00000000000 0.00000000000 0.00000000000 0.00000000000 0.00000000000 0.00000000000 0.00000000000 0.00000000000 0.00000000000 0.00000000000 0.00000000000 0.00000000000 0.00000000000 0.00000000000 0.00000000000
# logsel_slope_fsh[3]:
 0.00000000000 0.00000000000
# logsel_slope_fsh[4]:
 0.00000000000 0.00000000000 0.00000000000 0.00000000000 0.00000000000 0.00000000000 0.00000000000 0.00000000000 0.00000000000 0.00000000000 0.00000000000 0.00000000000 0.00000000000 0.00000000000 0.00000000000 0.00000000000 0.00000000000 0.00000000000 0.00000000000 0.00000000000 0.00000000000 0.00000000000 0.00000000000 0.00000000000 0.00000000000 0.00000000000 0.00000000000 0.00000000000 0.00000000000
# sel50_fsh[1]:
 0.00000000000 0.00000000000 0.00000000000 0.00000000000 0.00000000000 0.00000000000 0.00000000000 0.00000000000 0.00000000000 0.00000000000 0.00000000000 0.00000000000 0.00000000000 0.00000000000 0.00000000000 0.00000000000 0.00000000000 0.00000000000 0.00000000000 0.00000000000 0.00000000000 0.00000000000 0.00000000000 0.00000000000 0.00000000000 0.00000000000 0.00000000000 0.00000000000 0.00000000000 0.00000000000 0.00000000000 0.00000000000 0.00000000000 0.00000000000
# sel50_fsh[2]:
 0.00000000000 0.00000000000 0.00000000000 0.00000000000 0.00000000000 0.00000000000 0.00000000000 0.00000000000 0.00000000000 0.00000000000 0.00000000000 0.00000000000 0.00000000000 0.00000000000 0.00000000000 0.00000000000 0.00000000000 0.00000000000 0.00000000000 0.00000000000 0.00000000000 0.00000000000 0.00000000000 0.00000000000 0.00000000000 0.00000000000 0.00000000000 0.00000000000 0.00000000000 0.00000000000 0.00000000000 0.00000000000 0.00000000000 0.00000000000 0.00000000000
# sel50_fsh[3]:
 0.00000000000 0.00000000000
# sel50_fsh[4]:
 0.00000000000 0.00000000000 0.00000000000 0.00000000000 0.00000000000 0.00000000000 0.00000000000 0.00000000000 0.00000000000 0.00000000000 0.00000000000 0.00000000000 0.00000000000 0.00000000000 0.00000000000 0.00000000000 0.00000000000 0.00000000000 0.00000000000 0.00000000000 0.00000000000 0.00000000000 0.00000000000 0.00000000000 0.00000000000 0.00000000000 0.00000000000 0.00000000000 0.00000000000
# logsel_p1_fsh[1]:
 0.00000000000 0.00000000000 0.00000000000 0.00000000000 0.00000000000 0.00000000000 0.00000000000 0.00000000000 0.00000000000 0.00000000000 0.00000000000 0.00000000000 0.00000000000 0.00000000000 0.00000000000 0.00000000000 0.00000000000 0.00000000000 0.00000000000 0.00000000000 0.00000000000 0.00000000000 0.00000000000 0.00000000000 0.00000000000 0.00000000000 0.00000000000 0.00000000000 0.00000000000 0.00000000000 0.00000000000 0.00000000000 0.00000000000 0.00000000000
# logsel_p1_fsh[2]:
 0.00000000000 0.00000000000 0.00000000000 0.00000000000 0.00000000000 0.00000000000 0.00000000000 0.00000000000 0.00000000000 0.00000000000 0.00000000000 0.00000000000 0.00000000000 0.00000000000 0.00000000000 0.00000000000 0.00000000000 0.00000000000 0.00000000000 0.00000000000 0.00000000000 0.00000000000 0.00000000000 0.00000000000 0.00000000000 0.00000000000 0.00000000000 0.00000000000 0.00000000000 0.00000000000 0.00000000000 0.00000000000 0.00000000000 0.00000000000 0.00000000000
# logsel_p1_fsh[3]:
 0.00000000000 0.00000000000
# logsel_p1_fsh[4]:
 0.00000000000 0.00000000000 0.00000000000 0.00000000000 0.00000000000 0.00000000000 0.00000000000 0.00000000000 0.00000000000 0.00000000000 0.00000000000 0.00000000000 0.00000000000 0.00000000000 0.00000000000 0.00000000000 0.00000000000 0.00000000000 0.00000000000 0.00000000000 0.00000000000 0.00000000000 0.00000000000 0.00000000000 0.00000000000 0.00000000000 0.00000000000 0.00000000000 0.00000000000
# sel_p2_fsh[1]:
 0.00000000000 0.00000000000 0.00000000000 0.00000000000 0.00000000000 0.00000000000 0.00000000000 0.00000000000 0.00000000000 0.00000000000 0.00000000000 0.00000000000 0.00000000000 0.00000000000 0.00000000000 0.00000000000 0.00000000000 0.00000000000 0.00000000000 0.00000000000 0.00000000000 0.00000000000 0.00000000000 0.00000000000 0.00000000000 0.00000000000 0.00000000000 0.00000000000 0.00000000000 0.00000000000 0.00000000000 0.00000000000 0.00000000000 0.00000000000
# sel_p2_fsh[2]:
 0.00000000000 0.00000000000 0.00000000000 0.00000000000 0.00000000000 0.00000000000 0.00000000000 0.00000000000 0.00000000000 0.00000000000 0.00000000000 0.00000000000 0.00000000000 0.00000000000 0.00000000000 0.00000000000 0.00000000000 0.00000000000 0.00000000000 0.00000000000 0.00000000000 0.00000000000 0.00000000000 0.00000000000 0.00000000000 0.00000000000 0.00000000000 0.00000000000 0.00000000000 0.00000000000 0.00000000000 0.00000000000 0.00000000000 0.00000000000 0.00000000000
# sel_p2_fsh[3]:
 0.00000000000 0.00000000000
# sel_p2_fsh[4]:
 0.00000000000 0.00000000000 0.00000000000 0.00000000000 0.00000000000 0.00000000000 0.00000000000 0.00000000000 0.00000000000 0.00000000000 0.00000000000 0.00000000000 0.00000000000 0.00000000000 0.00000000000 0.00000000000 0.00000000000 0.00000000000 0.00000000000 0.00000000000 0.00000000000 0.00000000000 0.00000000000 0.00000000000 0.00000000000 0.00000000000 0.00000000000 0.00000000000 0.00000000000
# logsel_p3_fsh[1]:
 0.00000000000 0.00000000000 0.00000000000 0.00000000000 0.00000000000 0.00000000000 0.00000000000 0.00000000000 0.00000000000 0.00000000000 0.00000000000 0.00000000000 0.00000000000 0.00000000000 0.00000000000 0.00000000000 0.00000000000 0.00000000000 0.00000000000 0.00000000000 0.00000000000 0.00000000000 0.00000000000 0.00000000000 0.00000000000 0.00000000000 0.00000000000 0.00000000000 0.00000000000 0.00000000000 0.00000000000 0.00000000000 0.00000000000 0.00000000000
# logsel_p3_fsh[2]:
 0.00000000000 0.00000000000 0.00000000000 0.00000000000 0.00000000000 0.00000000000 0.00000000000 0.00000000000 0.00000000000 0.00000000000 0.00000000000 0.00000000000 0.00000000000 0.00000000000 0.00000000000 0.00000000000 0.00000000000 0.00000000000 0.00000000000 0.00000000000 0.00000000000 0.00000000000 0.00000000000 0.00000000000 0.00000000000 0.00000000000 0.00000000000 0.00000000000 0.00000000000 0.00000000000 0.00000000000 0.00000000000 0.00000000000 0.00000000000 0.00000000000
# logsel_p3_fsh[3]:
 0.00000000000 0.00000000000
# logsel_p3_fsh[4]:
 0.00000000000 0.00000000000 0.00000000000 0.00000000000 0.00000000000 0.00000000000 0.00000000000 0.00000000000 0.00000000000 0.00000000000 0.00000000000 0.00000000000 0.00000000000 0.00000000000 0.00000000000 0.00000000000 0.00000000000 0.00000000000 0.00000000000 0.00000000000 0.00000000000 0.00000000000 0.00000000000 0.00000000000 0.00000000000 0.00000000000 0.00000000000 0.00000000000 0.00000000000
# rec_dev_future:
 0.00000000000 0.00000000000 0.00000000000 0.00000000000 0.00000000000 0.00000000000 0.00000000000 0.00000000000 0.00000000000 0.00000000000 0.00000000000 0.00000000000 0.00000000000 0.00000000000 0.00000000000 0.00000000000 0.00000000000 0.00000000000 0.00000000000 0.00000000000
 0.00000000000 0.00000000000 0.00000000000 0.00000000000 0.00000000000 0.00000000000 0.00000000000 0.00000000000 0.00000000000 0.00000000000 0.00000000000 0.00000000000 0.00000000000 0.00000000000 0.00000000000 0.00000000000 0.00000000000 0.00000000000 0.00000000000 0.00000000000
# log_q_ind[1]:
-0.0727460367200
# log_q_ind[2]:
-3.19703185529
# log_q_ind[3]:
-9.54075193893
# log_q_ind[4]:
-0.746883364704
# log_q_ind[5]:
-4.03310622715
# log_q_ind[6]:
-6.39154020152
# log_q_ind[7]:
-0.714330916474
# log_q_power_ind[1]:
0.00000000000
# log_q_power_ind[2]:
0.00000000000
# log_q_power_ind[3]:
0.00000000000
# log_q_power_ind[4]:
0.00000000000
# log_q_power_ind[5]:
0.00000000000
# log_q_power_ind[6]:
0.00000000000
# log_q_power_ind[7]:
0.00000000000
# log_rw_q_ind[1]:
 -1.07229947288
# log_rw_q_ind[3]:
 -0.316783822428
# log_selcoffs_ind[1]:
 -3.21162931574 -2.06426565716 -0.969367877882 -0.129073229009 0.326876911744 0.489680217773 0.458897086960 0.353002363724 0.261914999527 0.223992575010
 -3.23984687144 -2.32509127450 -1.43067887224 -0.604243255290 0.0582310310219 0.454471638544 0.587507513999 0.529880576835 0.422773945151 0.349038863238
# log_selcoffs_ind[2]:
 -1.14394294577 -0.452640011880 0.0366299253130 0.248453941882 0.185576157339 0.0697977938710 0.0280338217263 0.0754123513639 0.141987946457 0.174471291479
 -0.964892039174 -0.380490575330 -0.0317402380622 0.204984227732 0.279811205022 0.219535383822 0.111550157916 0.0332509524774 0.00641847138947 0.0124708508549
 -0.788094588413 -0.309458765819 0.0294236301096 0.223953595259 0.263037020002 0.195813706314 0.0955225146307 0.00783048720965 -0.0420697278241 -0.0549854010354
# log_selcoffs_ind[3]:
 -0.202940821038 0.0202027052767 0.0202027052767 0.0202027052767 0.0202027052767 0.0202027052767 0.0202027052767 0.0202027052767 0.0202027052767 0.0202027052767
# log_selcoffs_ind[4]:
 -2.46943794396 -1.46594953242 -0.612040510265 -0.0862854898455 0.105788624223 0.197791803139 0.278970020294 0.361051678876 0.428859915628 0.471581448530
 -3.11455936457 -2.23556650899 -1.37984091994 -0.652046640192 -0.130226690732 0.224514606843 0.456382296431 0.578471082649 0.594736059516 0.572247797836
# log_selcoffs_ind[5]:
 -3.04452005677 -0.669616569639 0.101782682789 0.174353368097 0.174353368097 0.174353368097 0.174353368097 0.174353368097 0.174353368097 0.174353368097
# log_selcoffs_ind[6]:
 -3.04452005677 -0.669616569639 0.101782682789 0.174353368097 0.174353368097 0.174353368097 0.174353368097 0.174353368097 0.174353368097 0.174353368097
# log_selcoffs_ind[7]:
 -3.04452005677 -0.669616569639 0.101782682789 0.174353368097 0.174353368097 0.174353368097 0.174353368097 0.174353368097 0.174353368097 0.174353368097
# logsel_slope_ind[1]:
 0.00000000000 0.00000000000
# logsel_slope_ind[2]:
 0.00000000000 0.00000000000 0.00000000000
# logsel_slope_ind[3]:
 0.00000000000
# logsel_slope_ind[4]:
 0.00000000000 0.00000000000
# logsel_slope_ind[5]:
 0.00000000000
# logsel_slope_ind[6]:
 0.00000000000
# logsel_slope_ind[7]:
 0.00000000000
# sel50_ind[1]:
 0.00000000000 0.00000000000
# sel50_ind[2]:
 0.00000000000 0.00000000000 0.00000000000
# sel50_ind[3]:
 0.00000000000
# sel50_ind[4]:
 0.00000000000 0.00000000000
# sel50_ind[5]:
 0.00000000000
# sel50_ind[6]:
 0.00000000000
# sel50_ind[7]:
 0.00000000000
# logsel_p1_ind[1]:
 0.00000000000 0.00000000000
# logsel_p1_ind[2]:
 0.00000000000 0.00000000000 0.00000000000
# logsel_p1_ind[3]:
 0.00000000000
# logsel_p1_ind[4]:
 0.00000000000 0.00000000000
# logsel_p1_ind[5]:
 0.00000000000
# logsel_p1_ind[6]:
 0.00000000000
# logsel_p1_ind[7]:
 0.00000000000
# sel_p2_ind[1]:
 0.00000000000 0.00000000000
# sel_p2_ind[2]:
 0.00000000000 0.00000000000 0.00000000000
# sel_p2_ind[3]:
 0.00000000000
# sel_p2_ind[4]:
 0.00000000000 0.00000000000
# sel_p2_ind[5]:
 0.00000000000
# sel_p2_ind[6]:
 0.00000000000
# sel_p2_ind[7]:
 0.00000000000
# logsel_p3_ind[1]:
 0.00000000000 0.00000000000
# logsel_p3_ind[2]:
 0.00000000000 0.00000000000 0.00000000000
# logsel_p3_ind[3]:
 0.00000000000
# logsel_p3_ind[4]:
 0.00000000000 0.00000000000
# logsel_p3_ind[5]:
 0.00000000000
# logsel_p3_ind[6]:
 0.00000000000
# logsel_p3_ind[7]:
 0.00000000000
