# Number of parameters = 1502 Objective function value = 1293.24207608462  Maximum gradient component = 0.00228592391117441
# Mest[1]:
0.280000000000
# Mest[2]:
0.330000000000
# log_Linf[1]:
4.38701417618
# log_Linf[2]:
4.38701417618
# log_k[1]:
-1.83258146375
# log_k[2]:
-1.83258146375
# log_Lo[1]:
2.75684036527
# log_Lo[2]:
2.75684036527
# log_sdage[1]:
-2.40794560865
# log_sdage[2]:
-2.40794560865
# mean_log_rec[1]:
9.28122956624
# mean_log_rec[2]:
8.09421915351
# mean_log_rec[3]:
7.53495400544
# steepness[1]:
0.650000000000
# steepness[2]:
0.650000000000
# steepness[3]:
0.650000000000
# log_Rzero[1]:
9.59061959441
# log_Rzero[2]:
8.15958788804
# log_Rzero[3]:
7.12798224593
# rec_dev:
 -0.116466594448 -0.147390250851 -0.183960990531 -0.226024685415 -0.274247228986 -0.328860051102 -0.387862872657 -0.450371226944 -0.520616226394 -0.599114568883 -0.674371269696 -0.449275711017 -0.514298702928 -0.586603333955 -0.694587336423 -0.717321837294 -0.511013849656 -0.329137058226 -0.0694608084621 0.154651457273 0.185539021330 0.211434910043 0.307456054611 0.409032969101 0.949975070915 0.800096588965 0.846631049596 1.62239409943 1.50718626422 0.733316531876 0.212453562881 0.488357777680 0.711296395796 0.790448010975 0.294327205961 0.301526717725 0.0733877833514 0.212031915236 0.276581398884 0.318969227449 0.447461347147 0.585468022430 0.610521117244 0.534367500071 0.107662613896 -0.391831557403 -0.247668753707 -0.721164644927 -1.55030184365 -0.637238573791 -0.790675702938 -1.08473298375 -1.01816823377 -0.950889819795 -0.777761778244 -0.262043288422 -0.195307771499 0.119998441774 0.458636826954 0.964698265694 0.410026935980 -0.438162604898 0.193453340281
 -0.000537041673464 -0.000712782049632 -0.000926121880775 -0.00117534244678 -0.00144918958567 -0.00171595916474 -0.00191372980815 -0.00192407140842 -0.00182502145414 -0.00132247242452 -8.61910398573e-05 0.0346038563509 0.0350096645498 0.0350597183331 0.0341173796066 0.0252226718939 0.0116190476381 -0.0122049458971 -0.0598803890914 0.258642724139 0.00122084379588 -0.363739303976 0.107347411551 0.547087601809 0.0146450838988 -0.603510350410 -0.347968923664 -0.0762072591689 0.478412397579 0.886791521620 -0.0174632228237 -0.0953647825770 -0.439171348480 0.0651265578829 -0.263140540241 -0.387605548628 0.301290660324 -0.113721673256 0.148760764251 -0.178076191185 0.860104099447 1.01278723507 -0.480941872065 0.609939372650 -1.35236003847 0.0196462832996 0.439122666244 0.0686697884694 -1.90339947741 -1.84887730697 0.114042610906 0.567853789829 -1.16100256323 -0.477019642149 -1.71331242984 -0.631068245294 -0.948055735060 -0.122004582252 1.11106609083 1.14451777149 0.0572270583889 -0.426795644804 0.0178506384831
# log_sigmar[1]:
-0.510825623766
# log_sigmar[2]:
-0.510825623766
# log_sigmar[3]:
-0.510825623766
# fmort:
 0.00993099107528 0.0152555906161 0.00737183396153 0.00997975980725 0.0202364723217 0.0261423296745 0.0349188531105 0.0333057387512 0.0630748745073 0.0553465439052 0.0412396119327 0.0601328911665 0.125613405840 0.0489018683923 0.117586096628 0.0661067358833 0.00620616953853 0.0200260917458 0.0132389916805 0.0121757572745 0.0119188543412 0.0168936958282 0.0182693093303 0.0216279331222 0.0139965613023 0.0187231085129 0.0301375162261 0.0106411311449 0.00336383255505 0.00641769279702 0.00955156113515 0.0176931662829 0.00734269902032 0.0113641494835 0.0129511607337 0.0226527342985 0.0250332322008 0.0394018442306 0.0649152672882 0.0460560301414 0.0750002535172 0.0142136563749 0.00474400668035 0.00772453757140 0.00720174614166 0.00931579698028 0.00707195741530 0.00914534998366 0.00266506915801 0.00188984469557 0.00549075390761 0.00670173447118
 0.000913414917546 0.00141128540929 0.00218568157736 0.00376875985750 0.00293309534399 0.00586416128727 0.00973367711840 0.0131836288471 0.0204072068468 0.0248273823406 0.0278989222140 0.0587892440975 0.0748446286822 0.0569565702010 0.0841532264165 0.125632992109 0.157113450452 0.210851476650 0.261822422041 0.301275021244 0.313273469031 0.385537124418 0.521490118420 0.542574645909 0.651515866268 0.849836685044 0.804565145379 0.794295025445 0.470194717498 0.304722811138 0.214005057741 0.248818219788 0.271854793219 0.249028128850 0.249206343956 0.254639328903 0.274322421123 0.337605386436 0.292422311948 0.393861037496 0.234015945705 0.171497065150 0.120380661957 0.0996001944209 0.102091915596 0.122438538692 0.116055941302 0.118171561324 0.121369676423 0.108587917256 0.100347202261 0.109060168314
 0.000701421611124 0.00136888177891 0.00334489783893 0.00719668367800 0.0231399514729 0.00720156643863 0.00927589226614 0.128869382349 0.144414636254 0.129503843486 0.138098797098 0.182370724330 0.0642823161046 0.0297679195361 0.0291976233375 0.0196994263227 0.0134949754733 0.0140990359234 0.0592459446421 0.0489982682225 0.0426290700425 0.0359913556275 0.0252316837626 0.0361483135325 0.0553727992931 0.217062367800 0.378072973127 0.864178489370 1.11924033562 0.309165729966 0.208814890408 0.698058630763 0.0823073992967 0.115063606751 0.0801673111223 0.0533724136410 0.153425000434 0.129248812643 0.113070019317 0.140774448593 0.0320347883085 0.177706901544 0.0881605457171 0.0625914194712 0.0667906368455 0.0269275446654 0.0125177743507 0.00584489247728 0.0185234956784 0.0192887399548 0.0168403026075 0.0261303711485
 6.46570938354e-05 6.95617154098e-05 0.000412302194611 8.07363672781e-05 8.71628803040e-05 9.43751943022e-05 0.000106445430415 0.000251316002291 0.00620464639838 0.0521674661878 0.0571099563912 0.0878751434888 0.193425431638 0.335890374072 0.561566460810 0.492468077162 0.428490146425 0.308375727039 0.207973862690 0.140507308313 0.0982523035241 0.0510463402847 0.00398628893770 0.000121908433799 0.000147845858820 0.000198155773593 0.000279597720796 0.000384402060337 0.000442712958229 0.000415289537737 0.000730392615530 0.00486253233074 0.0146294946278 0.0244647250656 0.0433381717913 0.0366781957760 0.0576158468512 0.0860836976707 0.107115417919 0.146619590318 0.134426980941 0.0391827933198 0.0251824625285 0.0244715857405 0.0349108386690 0.0393921668901 0.0222193668143 0.0191655979171 0.0168603798714 0.0131124889544 0.00101069165314 0.0100171349051
# log_selcoffs_fsh[1]:
 -3.85123547580 -1.95412093618 -0.962475519868 0.000294634471843 0.851936835061 1.01797949348 0.336377004383 -0.508010291747 -1.07447068941
 -3.39144822326 -1.46293772282 -0.880645762040 -0.143741233903 0.699703279346 0.983251508590 0.460033017162 -0.295718687360 -0.821558295297
 -3.08067804931 -1.46412344449 -0.669634863779 0.147050014080 0.702438568409 0.798514281773 0.392319125674 -0.208420574997 -0.655269176635
 -2.63660601864 -1.32223381369 -0.790676951388 -0.134357654152 0.778211194297 0.852029774627 0.360276042260 -0.205140330676 -0.573038261199
 -1.79492556403 -0.123342414172 -0.0782005834300 0.0428128620643 0.334958948149 0.508675261707 0.290986935645 -0.0938475968749 -0.397140482425
 -1.80104481821 -0.487041738330 0.545315825102 0.690236297614 0.185536308462 0.0290663302391 -0.0941580982138 -0.300180492496 -0.483028189769
 -1.54553569013 -0.385583547897 0.609017357322 0.805978018399 0.244081165734 -0.151813362596 -0.344033257288 -0.475645291839 -0.574024603803
 -1.08745434402 -0.248305057234 0.630428303545 0.882278464220 0.175384374029 -0.282376761657 -0.522043750260 -0.625246431281 -0.665802941426
 -0.822595853185 0.300997120742 0.438185078556 0.634964667443 0.379336740179 -0.226820921932 -0.595429613344 -0.723418987420 -0.738432363311
 -0.616241678878 0.396633323596 0.570386182331 0.662299493694 0.207058733511 -0.372590296694 -0.734073729833 -0.839819390133 -0.834061219555
 0.0115148658920 1.08448785157 0.392761711340 0.107794921313 -0.295839430060 -0.671599518021 -0.900951423723 -0.960893720541 -0.936294775843
 0.252846302552 0.955012160579 0.646406146729 0.120867191573 -0.527254131822 -0.870002201100 -1.02768675959 -1.05654770150 -1.01664530621
 -0.126659565917 1.29077736411 0.659871064929 -0.186679366946 -0.816379426752 -1.09418762696 -1.18045247018 -1.17123372465 -1.12350714932
 0.245148124473 1.31808235782 0.552578171229 -0.334225513946 -0.990785866412 -1.23221200217 -1.28235007862 -1.24548397691 -1.19006298208
 0.298718284319 1.37140231173 0.493764315636 -0.432228795172 -1.07418506524 -1.31390129030 -1.35834567292 -1.31096045528 -1.25011580316
 -0.303460708224 1.45737121137 0.652652516305 -0.361445199376 -1.10468556122 -1.37065951309 -1.42241823704 -1.37311512907 -1.30900979299
 -0.216751076407 1.49699120741 0.564669420963 -0.406035334209 -1.13181921323 -1.40506196641 -1.46224180126 -1.41579162749 -1.34998493309
 0.474339090804 1.24324613238 0.681687944376 -0.400399409702 -1.15257350248 -1.42271323742 -1.48001145952 -1.43226665563 -1.36394536573
 0.853309828943 1.23109966865 0.341246628599 -0.529643234661 -1.19786571243 -1.46113033030 -1.51781796407 -1.46582708240 -1.39352457924
 0.454137285633 1.33979717041 0.584109202900 -0.475190701602 -1.23322844626 -1.50906574870 -1.55754247390 -1.49229225616 -1.41148549476
 0.563561507698 1.43440325596 0.330078011634 -0.646161943619 -1.32414034673 -1.57343085753 -1.60683184377 -1.52380624434 -1.43110527761
 0.533265303966 1.40970377148 0.500355830316 -0.733991552066 -1.44015765191 -1.65013662600 -1.65272857149 -1.54512338216 -1.43655451316
 0.789508078175 1.34734164129 0.349482623139 -0.738649912096 -1.46252295639 -1.68594491562 -1.68063753815 -1.55364926131 -1.42811641378
 0.356599976463 1.54190569448 0.315582453437 -0.764168514966 -1.44577356643 -1.68037880062 -1.68647583684 -1.55434276427 -1.41509564199
 0.571256766867 1.43422742625 0.326494783386 -0.658608057647 -1.33968712137 -1.61426812018 -1.64466970408 -1.51430441588 -1.36479258346
 0.699720620520 1.26793355512 0.421483392700 -0.404352383261 -1.21158544416 -1.52599563465 -1.55927976874 -1.43234966319 -1.28188397117
 0.202645556421 1.34494036173 0.546199644536 -0.220452961064 -1.07302120636 -1.39090581935 -1.42480765545 -1.31035783382 -1.17938373448
 0.188663321378 1.37431318215 0.449756528739 -0.385115418562 -1.01189702559 -1.24975041482 -1.26043668771 -1.16281652665 -1.06287222972
 1.20752330608 0.814830883463 0.0266857060817 -0.618685430488 -0.996107263807 -1.10421119489 -1.07131836966 -0.973650530317 -0.893367703326
 0.660273738988 1.19512234033 0.0999492389274 -0.696164619785 -0.951378986577 -0.945171612153 -0.861316431545 -0.766521777612 -0.703086707408
 0.432878897431 1.20315628800 -0.0496328198608 -0.664688536256 -0.784143648726 -0.734707457374 -0.624179117842 -0.540762658112 -0.498363797896
 0.449666112347 0.842317636947 -0.0482432519212 -0.478466460172 -0.508895394733 -0.424247386145 -0.317952292387 -0.258923850475 -0.244757875216
 -0.625863040413 0.509228399464 0.112257780157 -0.127124637185 -0.0762864249894 -0.0672240503324 -0.00111161178336 -0.0160892165058 -0.0436348353858
 -1.16324752690 -0.351301419162 -0.323323956978 0.0208885881977 0.295381590557 0.238493606960 0.344999947119 0.153670897050 0.0467305621750
 -0.449290609660 0.227576046960 -0.482241642164 -0.482620077735 -0.119311407635 0.120687754284 0.274177587461 0.261122424031 0.216856135065
 0.462392174894 -0.732668268198 -0.922855673529 -0.588397579704 -0.173228614465 0.115020670436 0.282528806254 0.309128647108 0.283183721530
 -0.751576356621 -1.01553622899 -0.892272996672 -0.295909262461 0.145426163088 0.279462170396 0.432957704503 0.429072634757 0.375690680731
 -1.26473639628 -0.688592121621 -0.641922192033 -0.101892826110 0.236094103401 0.322149591711 0.282979815364 0.324118478497 0.357480872805
# log_selcoffs_fsh[2]:
 -2.11581783853 -0.112380109239 0.626640844774 0.903664951506 0.603869000094 -0.0307633817831 -0.514938160026 -0.791072302443 -0.894792890884 -0.948458884610
 -2.14413160737 -0.128628373087 -0.297983650083 0.328313976311 0.811358498134 0.641706437045 0.0379012750667 -0.458676905627 -0.634293343603 -0.652294432242
 -2.82518138568 -0.869291646426 -0.430418217946 0.153720052636 0.729717839533 0.777433795090 0.263278375152 -0.231979483000 -0.392920863751 -0.377691193514
 -3.26744235270 -1.62688324637 -0.710534980616 -0.146002112414 0.589822140296 0.866234492992 0.364796374885 -0.0399137854578 -0.122747788015 -0.0590807183987
 -2.66579138175 -1.04163566726 -1.20347347234 -0.681251971723 0.247825239406 0.744911848824 0.427965451983 0.183612773776 0.216621398941 0.341030863962
 -2.06769718581 -1.00984219784 -0.919625486056 -0.973521954677 -0.451308047093 0.0539440306139 0.271223783257 0.409975562345 0.636835919803 0.846627177238
 -2.97005168085 -1.57388755127 -0.672365387600 -0.617900267674 -0.650611660939 -0.376636902668 -0.00108396858533 0.391175973501 0.770617546384 1.04565419381
 -3.68723006914 -2.61205009048 -1.75353315539 -0.957715534540 -0.395822531310 -0.0591961992643 0.203088073170 0.377699394150 0.758352594697 1.06819966062
 -4.00185229962 -2.88908186566 -2.29264359162 -1.50571636199 -0.576982848617 -0.0240950410935 0.368229861614 0.619544200473 0.801523551050 0.929507407964
 -4.08863382873 -2.72832215089 -2.04676238309 -1.56939369078 -1.08030476085 -0.350197501973 0.249952603900 0.828071157955 1.01311024010 0.792778285635
 -3.87614700684 -2.15753995418 -1.47811803300 -1.07559195281 -0.739607901881 -0.517819056952 0.0193136109144 0.694900982484 1.01660910453 0.889765748072
 -3.80569294427 -2.14244971645 -1.32070136847 -0.915216094676 -0.557891410890 -0.230751212427 0.335546394576 0.698170266383 0.814979436656 0.769531399367
 -3.37228940281 -1.30596575517 -0.800146131599 -0.468029750004 -0.221056574774 -0.202494396465 0.203451295250 0.507338961811 0.685262628970 0.756184651630
 -2.83952635760 -0.906237005028 -0.411812197553 -0.253888898773 -0.184050655436 -0.0842232418155 0.158060590099 0.390709321357 0.567243385764 0.660362254133
 -2.38555816369 -0.261698418865 -0.0989862062028 -0.282013748486 -0.424386368739 -0.289004841531 0.0589229822494 0.325734208219 0.539222133693 0.649512794367
 -2.02820451510 0.0920424638037 -0.162401604685 -0.364898681753 -0.564474209913 -0.420097508647 -0.0684422215637 0.242903364671 0.531849712456 0.737708461177
 -1.50736151571 0.0589528161538 -0.113594707250 -0.309775709284 -0.568818041185 -0.563536183587 -0.244084172593 0.132877377751 0.527458508169 0.848444964913
 -1.88340623783 0.0317660521985 0.138830725440 -0.107571809915 -0.474095984446 -0.523561463226 -0.267984967930 0.103767714026 0.452882241245 0.745149167434
 -2.22307653611 -0.248392872408 0.110159881779 -0.0469170550278 -0.366868174702 -0.393284293528 -0.133741528871 0.194683401116 0.482097297290 0.675034294530
 -2.33500888290 -0.609311000675 -0.286815654875 -0.114488608838 -0.277678640456 -0.284357147635 -0.0162189443102 0.320893140343 0.573636235901 0.727537114253
 -2.40740260967 -0.701159636978 -0.265492314839 -0.0632149677903 -0.256333052023 -0.344620447488 -0.0909350179249 0.289297881753 0.592468647772 0.774258926431
 -2.60434753526 -0.776213618316 -0.261813153085 0.0164051559336 -0.149848900267 -0.242019342781 -0.0372966376332 0.250339176004 0.527807239167 0.737531002416
 -2.87492706355 -1.31463464622 -0.401518733327 0.141999505799 0.0960897749153 -0.0706940947398 0.0496089069077 0.256957188978 0.459654899179 0.638240289273
 -3.02753089010 -1.67404819261 -0.787314072463 -0.118962546267 0.232110944281 0.142231749557 0.290071163917 0.423239246275 0.464072672992 0.440258066675
 -3.11658604367 -1.38573422669 -0.717128496605 -0.434768060915 -0.0103828354345 0.222006395396 0.376916626822 0.557807291656 0.501618513241 0.389147333638
 -3.23836762354 -1.90061588882 -1.04918831066 -0.150840751945 0.247838508757 0.316910503834 0.337308824754 0.461986616312 0.454580398121 0.324290218523
 -3.39543745954 -1.60419262447 -1.01206654979 0.0420360558269 0.419598724926 0.509635116554 0.443337063384 0.362387530353 0.165487776832 -0.00163422350262
 -3.60340584351 -1.11864132100 -0.723561435316 -0.0403827379820 0.301937874887 0.343230647086 0.787415745526 0.486516428436 -0.0776584165413 -0.372511946680
 -3.75724972203 -1.93966109013 -1.01497319615 0.0760667702445 0.488463479638 0.519118045699 0.845250437833 0.305343381661 -0.217732423265 -0.525760376212
 -3.90860372596 -1.83370826367 -0.384587753909 0.348464132372 0.868335352670 0.545632372897 0.282722291115 -0.0626772691920 -0.328692091446 -0.465210751394
 -3.72196475964 -1.28953371137 -0.0395096158434 0.565267502023 0.506290678953 0.189232932837 0.129799007144 0.0498618946892 -0.0157020356419 -0.0643877554991
 -3.69169180916 -1.59057627836 -0.553223432786 0.0191742530584 0.388541947721 0.346207617221 0.146360010115 0.265841048189 0.344605660020 0.346925458423
 -3.02814155471 -0.936546962041 -0.857678267167 -0.566449151222 -0.0932400914020 0.134587611098 0.159301341743 0.351807786765 0.629126626003 0.714221151000
 -3.74709459901 -1.40156640612 -0.737736189075 -0.221428171628 0.0448517466851 0.191953023424 0.245329232364 0.387475623340 0.506876444436 0.577596760813
 -4.00184983752 -1.79588111401 -1.14403265875 -0.637844017394 -0.00179214250729 0.261829929840 0.403197638256 0.528672722677 0.584226875828 0.521394426144
 -4.37938527172 -2.17401678747 -1.12541213820 -0.597032919604 -0.162007860618 0.120949081709 0.360233046604 0.562266147670 0.642102045079 0.658040364365
 -4.53589347199 -2.89169207415 -1.67434984469 -0.787727223693 -0.0713071922873 0.128712561666 0.451741559505 0.630101728288 0.626506926813 0.643454099746
 -4.38709864439 -2.89168256742 -2.33696796777 -1.34556719955 -0.378339528787 0.205187812610 0.465165865498 0.736456748724 0.697410521832 0.679539729536
 -4.24934039045 -3.05030850678 -2.24091509738 -1.42423429578 -0.594895159220 0.0219635325282 0.416580985043 0.684753166062 0.797962780665 0.831360479665
# log_selcoffs_fsh[3]:
 -3.20065546604 -0.371154478484 1.39020398031 0.689247694810 -1.51197282953 -3.47635890225 -4.60043631430
 -3.31120856097 0.300324429814 1.32652000241 0.487529807370 -1.72781591682 -3.53030654822 -4.59860207018
# log_selcoffs_fsh[4]:
 -3.61826886253 -3.10618730224 -2.55465464097 -1.91937298873 -1.18485436143 -0.388216589125 0.370921899401 0.965897118918 1.29300292148
 -3.60466773782 -3.10009385840 -2.55621544177 -1.92723347596 -1.19566513388 -0.397990848062 0.366644118732 0.967309776649 1.29656045925
 -3.57819509552 -3.08809284871 -2.56019383699 -1.94228382710 -1.21431427243 -0.412201293948 0.362486496779 0.969327737390 1.30118443626
 -3.53925816485 -3.06534450383 -2.56292780521 -1.97188588097 -1.24669442378 -0.429137549463 0.360069989856 0.975186068304 1.30411864809
 -3.48317409775 -3.02332593260 -2.54639562543 -1.98884532402 -1.29597207189 -0.464876061413 0.360831158450 0.985260885068 1.30577752584
 -3.40724073998 -2.94438964931 -2.50072813808 -1.98669062780 -1.29879197050 -0.472770672425 0.365376820917 0.994595260112 1.29588771692
 -3.32149092060 -2.85054949438 -2.37119727242 -1.90260984122 -1.26591189976 -0.422706105936 0.420478605800 1.00528897470 1.24441407071
 -3.21021246617 -2.74195662403 -2.25303452803 -1.72188150559 -1.12987293274 -0.361896656311 0.437071617507 0.993083130216 1.20724491590
 -3.05606290735 -2.58412098905 -2.11559969934 -1.58890717393 -0.956281316993 -0.245022525699 0.468686290487 0.956901569515 1.15821320328
 -2.87394547689 -2.35593328380 -1.85022916613 -1.38937562445 -0.839469403663 -0.170431824533 0.465374939172 0.920548799876 1.11964551246
 -2.69049732007 -2.11848635293 -1.55007245344 -1.03629801438 -0.637697518313 -0.156187926798 0.411861005178 0.860842298633 1.09402113142
 -2.52620604066 -1.93021809967 -1.32451320391 -0.752786516275 -0.318119060088 -0.0559714199973 0.327124236338 0.761271770712 1.04270612580
 -2.39195859498 -1.78336276856 -1.18842586702 -0.624544638954 -0.164511414685 0.121296296855 0.346905253168 0.668205556214 0.939064569426
 -2.26563617449 -1.64822494676 -1.05569990628 -0.527673695725 -0.114089794007 0.170938101554 0.400228297273 0.642522357171 0.830248703950
 -2.14149378440 -1.51312099457 -0.922766366794 -0.420067280396 -0.0411580417017 0.219545385571 0.418206444707 0.597824184070 0.725274318130
 -2.02481288090 -1.37989955479 -0.786107348330 -0.305579759527 0.0397014436935 0.261136968290 0.414723938588 0.538436098590 0.619437653503
 -1.91628525997 -1.24605058669 -0.640384136803 -0.179391467840 0.119907937994 0.286964099556 0.390961458787 0.468957270023 0.510331120047
 -1.82316297128 -1.10639066571 -0.483488188536 -0.0372855688444 0.218750845428 0.308054535250 0.341752887742 0.362925507831 0.390329783067
 -1.75619547658 -0.984414382676 -0.297195608932 0.0714025077638 0.275702745196 0.332372926561 0.283266147095 0.264451549165 0.258375971101
 -1.72416014540 -0.920782697904 -0.175055413823 0.283369623992 0.310572581553 0.287466959043 0.222173476673 0.151935469992 0.136572518887
 -1.70648714546 -0.900200769410 -0.223307963731 0.313306034045 0.466123268812 0.292516545793 0.165713497122 0.0810227770514 0.0449468579623
 -1.70248868458 -0.885668061470 -0.215664483958 0.173953632022 0.458369736209 0.380450890528 0.231103242921 0.0952600160188 0.00494175428181
 -1.71597016140 -0.972485411563 -0.306324028319 0.128335266097 0.335974621645 0.384876701397 0.306116201342 0.197641058187 0.116524504263
 -1.77335357234 -1.09587667257 -0.498072580772 -0.0273242765718 0.267999022137 0.382036463045 0.378836193628 0.320386546968 0.265734783337
 -1.84677369925 -1.22375303882 -0.660040136008 -0.190376470983 0.177809131303 0.385864021116 0.431384325797 0.417347490468 0.393293412391
 -1.93470050306 -1.35456048119 -0.856967813753 -0.366300161761 0.0659726050309 0.358989016737 0.487407829233 0.513140755426 0.519407540842
 -2.03395036755 -1.42666364948 -1.08936667641 -0.592542744590 -0.0244426887552 0.329370232262 0.509844771695 0.601963344588 0.632890712910
 -2.14608121366 -1.65975222271 -1.17538692973 -0.446680728525 0.0264827159226 0.156367953373 0.365385268255 0.615223565493 0.814121861646
 -1.17234470225 -1.53136607855 -1.29958565960 -0.894420635302 -0.372073607273 0.0353826528558 0.369070139916 0.693132003342 0.963537794352
 -1.95555673145 -1.56555432925 -1.48637844648 -1.02017970271 -0.385908085038 0.135194295953 0.458013760649 0.728384806734 0.949944789034
 -1.51319819539 -1.29321671899 -1.44411458356 -1.24062094118 -0.766500158162 -0.204983412642 0.376640830152 0.818931202073 1.09041097090
 -0.946406890630 -0.511871159062 -1.09524284286 -1.34774589954 -1.05467121406 -0.485654367847 0.147092421706 0.742512801215 1.16156799227
 -0.844417437488 -0.741318714392 -1.04551780441 -1.24526801730 -1.02878337960 -0.495635575521 0.152174709742 0.758196005581 1.15968319729
# log_sel_spl_fsh[1]:
 0.00000000000 0.00000000000 0.00000000000 0.00000000000
 0.00000000000 0.00000000000 0.00000000000 0.00000000000
 0.00000000000 0.00000000000 0.00000000000 0.00000000000
 0.00000000000 0.00000000000 0.00000000000 0.00000000000
 0.00000000000 0.00000000000 0.00000000000 0.00000000000
 0.00000000000 0.00000000000 0.00000000000 0.00000000000
 0.00000000000 0.00000000000 0.00000000000 0.00000000000
 0.00000000000 0.00000000000 0.00000000000 0.00000000000
 0.00000000000 0.00000000000 0.00000000000 0.00000000000
 0.00000000000 0.00000000000 0.00000000000 0.00000000000
 0.00000000000 0.00000000000 0.00000000000 0.00000000000
 0.00000000000 0.00000000000 0.00000000000 0.00000000000
 0.00000000000 0.00000000000 0.00000000000 0.00000000000
 0.00000000000 0.00000000000 0.00000000000 0.00000000000
 0.00000000000 0.00000000000 0.00000000000 0.00000000000
 0.00000000000 0.00000000000 0.00000000000 0.00000000000
 0.00000000000 0.00000000000 0.00000000000 0.00000000000
 0.00000000000 0.00000000000 0.00000000000 0.00000000000
 0.00000000000 0.00000000000 0.00000000000 0.00000000000
 0.00000000000 0.00000000000 0.00000000000 0.00000000000
 0.00000000000 0.00000000000 0.00000000000 0.00000000000
 0.00000000000 0.00000000000 0.00000000000 0.00000000000
 0.00000000000 0.00000000000 0.00000000000 0.00000000000
 0.00000000000 0.00000000000 0.00000000000 0.00000000000
 0.00000000000 0.00000000000 0.00000000000 0.00000000000
 0.00000000000 0.00000000000 0.00000000000 0.00000000000
 0.00000000000 0.00000000000 0.00000000000 0.00000000000
 0.00000000000 0.00000000000 0.00000000000 0.00000000000
 0.00000000000 0.00000000000 0.00000000000 0.00000000000
 0.00000000000 0.00000000000 0.00000000000 0.00000000000
 0.00000000000 0.00000000000 0.00000000000 0.00000000000
 0.00000000000 0.00000000000 0.00000000000 0.00000000000
 0.00000000000 0.00000000000 0.00000000000 0.00000000000
 0.00000000000 0.00000000000 0.00000000000 0.00000000000
 0.00000000000 0.00000000000 0.00000000000 0.00000000000
 0.00000000000 0.00000000000 0.00000000000 0.00000000000
 0.00000000000 0.00000000000 0.00000000000 0.00000000000
 0.00000000000 0.00000000000 0.00000000000 0.00000000000
# log_sel_spl_fsh[2]:
 0.00000000000 0.00000000000 0.00000000000 0.00000000000
 0.00000000000 0.00000000000 0.00000000000 0.00000000000
 0.00000000000 0.00000000000 0.00000000000 0.00000000000
 0.00000000000 0.00000000000 0.00000000000 0.00000000000
 0.00000000000 0.00000000000 0.00000000000 0.00000000000
 0.00000000000 0.00000000000 0.00000000000 0.00000000000
 0.00000000000 0.00000000000 0.00000000000 0.00000000000
 0.00000000000 0.00000000000 0.00000000000 0.00000000000
 0.00000000000 0.00000000000 0.00000000000 0.00000000000
 0.00000000000 0.00000000000 0.00000000000 0.00000000000
 0.00000000000 0.00000000000 0.00000000000 0.00000000000
 0.00000000000 0.00000000000 0.00000000000 0.00000000000
 0.00000000000 0.00000000000 0.00000000000 0.00000000000
 0.00000000000 0.00000000000 0.00000000000 0.00000000000
 0.00000000000 0.00000000000 0.00000000000 0.00000000000
 0.00000000000 0.00000000000 0.00000000000 0.00000000000
 0.00000000000 0.00000000000 0.00000000000 0.00000000000
 0.00000000000 0.00000000000 0.00000000000 0.00000000000
 0.00000000000 0.00000000000 0.00000000000 0.00000000000
 0.00000000000 0.00000000000 0.00000000000 0.00000000000
 0.00000000000 0.00000000000 0.00000000000 0.00000000000
 0.00000000000 0.00000000000 0.00000000000 0.00000000000
 0.00000000000 0.00000000000 0.00000000000 0.00000000000
 0.00000000000 0.00000000000 0.00000000000 0.00000000000
 0.00000000000 0.00000000000 0.00000000000 0.00000000000
 0.00000000000 0.00000000000 0.00000000000 0.00000000000
 0.00000000000 0.00000000000 0.00000000000 0.00000000000
 0.00000000000 0.00000000000 0.00000000000 0.00000000000
 0.00000000000 0.00000000000 0.00000000000 0.00000000000
 0.00000000000 0.00000000000 0.00000000000 0.00000000000
 0.00000000000 0.00000000000 0.00000000000 0.00000000000
 0.00000000000 0.00000000000 0.00000000000 0.00000000000
 0.00000000000 0.00000000000 0.00000000000 0.00000000000
 0.00000000000 0.00000000000 0.00000000000 0.00000000000
 0.00000000000 0.00000000000 0.00000000000 0.00000000000
 0.00000000000 0.00000000000 0.00000000000 0.00000000000
 0.00000000000 0.00000000000 0.00000000000 0.00000000000
 0.00000000000 0.00000000000 0.00000000000 0.00000000000
 0.00000000000 0.00000000000 0.00000000000 0.00000000000
# log_sel_spl_fsh[3]:
 0.00000000000 0.00000000000 0.00000000000 0.00000000000
 0.00000000000 0.00000000000 0.00000000000 0.00000000000
# log_sel_spl_fsh[4]:
 0.00000000000 0.00000000000 0.00000000000 0.00000000000
 0.00000000000 0.00000000000 0.00000000000 0.00000000000
 0.00000000000 0.00000000000 0.00000000000 0.00000000000
 0.00000000000 0.00000000000 0.00000000000 0.00000000000
 0.00000000000 0.00000000000 0.00000000000 0.00000000000
 0.00000000000 0.00000000000 0.00000000000 0.00000000000
 0.00000000000 0.00000000000 0.00000000000 0.00000000000
 0.00000000000 0.00000000000 0.00000000000 0.00000000000
 0.00000000000 0.00000000000 0.00000000000 0.00000000000
 0.00000000000 0.00000000000 0.00000000000 0.00000000000
 0.00000000000 0.00000000000 0.00000000000 0.00000000000
 0.00000000000 0.00000000000 0.00000000000 0.00000000000
 0.00000000000 0.00000000000 0.00000000000 0.00000000000
 0.00000000000 0.00000000000 0.00000000000 0.00000000000
 0.00000000000 0.00000000000 0.00000000000 0.00000000000
 0.00000000000 0.00000000000 0.00000000000 0.00000000000
 0.00000000000 0.00000000000 0.00000000000 0.00000000000
 0.00000000000 0.00000000000 0.00000000000 0.00000000000
 0.00000000000 0.00000000000 0.00000000000 0.00000000000
 0.00000000000 0.00000000000 0.00000000000 0.00000000000
 0.00000000000 0.00000000000 0.00000000000 0.00000000000
 0.00000000000 0.00000000000 0.00000000000 0.00000000000
 0.00000000000 0.00000000000 0.00000000000 0.00000000000
 0.00000000000 0.00000000000 0.00000000000 0.00000000000
 0.00000000000 0.00000000000 0.00000000000 0.00000000000
 0.00000000000 0.00000000000 0.00000000000 0.00000000000
 0.00000000000 0.00000000000 0.00000000000 0.00000000000
 0.00000000000 0.00000000000 0.00000000000 0.00000000000
 0.00000000000 0.00000000000 0.00000000000 0.00000000000
 0.00000000000 0.00000000000 0.00000000000 0.00000000000
 0.00000000000 0.00000000000 0.00000000000 0.00000000000
 0.00000000000 0.00000000000 0.00000000000 0.00000000000
 0.00000000000 0.00000000000 0.00000000000 0.00000000000
# logsel_slope_fsh[1]:
 0.00000000000 0.00000000000 0.00000000000 0.00000000000 0.00000000000 0.00000000000 0.00000000000 0.00000000000 0.00000000000 0.00000000000 0.00000000000 0.00000000000 0.00000000000 0.00000000000 0.00000000000 0.00000000000 0.00000000000 0.00000000000 0.00000000000 0.00000000000 0.00000000000 0.00000000000 0.00000000000 0.00000000000 0.00000000000 0.00000000000 0.00000000000 0.00000000000 0.00000000000 0.00000000000 0.00000000000 0.00000000000 0.00000000000 0.00000000000 0.00000000000 0.00000000000 0.00000000000 0.00000000000
# logsel_slope_fsh[2]:
 0.00000000000 0.00000000000 0.00000000000 0.00000000000 0.00000000000 0.00000000000 0.00000000000 0.00000000000 0.00000000000 0.00000000000 0.00000000000 0.00000000000 0.00000000000 0.00000000000 0.00000000000 0.00000000000 0.00000000000 0.00000000000 0.00000000000 0.00000000000 0.00000000000 0.00000000000 0.00000000000 0.00000000000 0.00000000000 0.00000000000 0.00000000000 0.00000000000 0.00000000000 0.00000000000 0.00000000000 0.00000000000 0.00000000000 0.00000000000 0.00000000000 0.00000000000 0.00000000000 0.00000000000 0.00000000000
# logsel_slope_fsh[3]:
 0.00000000000 0.00000000000
# logsel_slope_fsh[4]:
 0.00000000000 0.00000000000 0.00000000000 0.00000000000 0.00000000000 0.00000000000 0.00000000000 0.00000000000 0.00000000000 0.00000000000 0.00000000000 0.00000000000 0.00000000000 0.00000000000 0.00000000000 0.00000000000 0.00000000000 0.00000000000 0.00000000000 0.00000000000 0.00000000000 0.00000000000 0.00000000000 0.00000000000 0.00000000000 0.00000000000 0.00000000000 0.00000000000 0.00000000000 0.00000000000 0.00000000000 0.00000000000 0.00000000000
# sel50_fsh[1]:
 0.00000000000 0.00000000000 0.00000000000 0.00000000000 0.00000000000 0.00000000000 0.00000000000 0.00000000000 0.00000000000 0.00000000000 0.00000000000 0.00000000000 0.00000000000 0.00000000000 0.00000000000 0.00000000000 0.00000000000 0.00000000000 0.00000000000 0.00000000000 0.00000000000 0.00000000000 0.00000000000 0.00000000000 0.00000000000 0.00000000000 0.00000000000 0.00000000000 0.00000000000 0.00000000000 0.00000000000 0.00000000000 0.00000000000 0.00000000000 0.00000000000 0.00000000000 0.00000000000 0.00000000000
# sel50_fsh[2]:
 0.00000000000 0.00000000000 0.00000000000 0.00000000000 0.00000000000 0.00000000000 0.00000000000 0.00000000000 0.00000000000 0.00000000000 0.00000000000 0.00000000000 0.00000000000 0.00000000000 0.00000000000 0.00000000000 0.00000000000 0.00000000000 0.00000000000 0.00000000000 0.00000000000 0.00000000000 0.00000000000 0.00000000000 0.00000000000 0.00000000000 0.00000000000 0.00000000000 0.00000000000 0.00000000000 0.00000000000 0.00000000000 0.00000000000 0.00000000000 0.00000000000 0.00000000000 0.00000000000 0.00000000000 0.00000000000
# sel50_fsh[3]:
 0.00000000000 0.00000000000
# sel50_fsh[4]:
 0.00000000000 0.00000000000 0.00000000000 0.00000000000 0.00000000000 0.00000000000 0.00000000000 0.00000000000 0.00000000000 0.00000000000 0.00000000000 0.00000000000 0.00000000000 0.00000000000 0.00000000000 0.00000000000 0.00000000000 0.00000000000 0.00000000000 0.00000000000 0.00000000000 0.00000000000 0.00000000000 0.00000000000 0.00000000000 0.00000000000 0.00000000000 0.00000000000 0.00000000000 0.00000000000 0.00000000000 0.00000000000 0.00000000000
# logsel_p1_fsh[1]:
 0.00000000000 0.00000000000 0.00000000000 0.00000000000 0.00000000000 0.00000000000 0.00000000000 0.00000000000 0.00000000000 0.00000000000 0.00000000000 0.00000000000 0.00000000000 0.00000000000 0.00000000000 0.00000000000 0.00000000000 0.00000000000 0.00000000000 0.00000000000 0.00000000000 0.00000000000 0.00000000000 0.00000000000 0.00000000000 0.00000000000 0.00000000000 0.00000000000 0.00000000000 0.00000000000 0.00000000000 0.00000000000 0.00000000000 0.00000000000 0.00000000000 0.00000000000 0.00000000000 0.00000000000
# logsel_p1_fsh[2]:
 0.00000000000 0.00000000000 0.00000000000 0.00000000000 0.00000000000 0.00000000000 0.00000000000 0.00000000000 0.00000000000 0.00000000000 0.00000000000 0.00000000000 0.00000000000 0.00000000000 0.00000000000 0.00000000000 0.00000000000 0.00000000000 0.00000000000 0.00000000000 0.00000000000 0.00000000000 0.00000000000 0.00000000000 0.00000000000 0.00000000000 0.00000000000 0.00000000000 0.00000000000 0.00000000000 0.00000000000 0.00000000000 0.00000000000 0.00000000000 0.00000000000 0.00000000000 0.00000000000 0.00000000000 0.00000000000
# logsel_p1_fsh[3]:
 0.00000000000 0.00000000000
# logsel_p1_fsh[4]:
 0.00000000000 0.00000000000 0.00000000000 0.00000000000 0.00000000000 0.00000000000 0.00000000000 0.00000000000 0.00000000000 0.00000000000 0.00000000000 0.00000000000 0.00000000000 0.00000000000 0.00000000000 0.00000000000 0.00000000000 0.00000000000 0.00000000000 0.00000000000 0.00000000000 0.00000000000 0.00000000000 0.00000000000 0.00000000000 0.00000000000 0.00000000000 0.00000000000 0.00000000000 0.00000000000 0.00000000000 0.00000000000 0.00000000000
# sel_p2_fsh[1]:
 0.00000000000 0.00000000000 0.00000000000 0.00000000000 0.00000000000 0.00000000000 0.00000000000 0.00000000000 0.00000000000 0.00000000000 0.00000000000 0.00000000000 0.00000000000 0.00000000000 0.00000000000 0.00000000000 0.00000000000 0.00000000000 0.00000000000 0.00000000000 0.00000000000 0.00000000000 0.00000000000 0.00000000000 0.00000000000 0.00000000000 0.00000000000 0.00000000000 0.00000000000 0.00000000000 0.00000000000 0.00000000000 0.00000000000 0.00000000000 0.00000000000 0.00000000000 0.00000000000 0.00000000000
# sel_p2_fsh[2]:
 0.00000000000 0.00000000000 0.00000000000 0.00000000000 0.00000000000 0.00000000000 0.00000000000 0.00000000000 0.00000000000 0.00000000000 0.00000000000 0.00000000000 0.00000000000 0.00000000000 0.00000000000 0.00000000000 0.00000000000 0.00000000000 0.00000000000 0.00000000000 0.00000000000 0.00000000000 0.00000000000 0.00000000000 0.00000000000 0.00000000000 0.00000000000 0.00000000000 0.00000000000 0.00000000000 0.00000000000 0.00000000000 0.00000000000 0.00000000000 0.00000000000 0.00000000000 0.00000000000 0.00000000000 0.00000000000
# sel_p2_fsh[3]:
 0.00000000000 0.00000000000
# sel_p2_fsh[4]:
 0.00000000000 0.00000000000 0.00000000000 0.00000000000 0.00000000000 0.00000000000 0.00000000000 0.00000000000 0.00000000000 0.00000000000 0.00000000000 0.00000000000 0.00000000000 0.00000000000 0.00000000000 0.00000000000 0.00000000000 0.00000000000 0.00000000000 0.00000000000 0.00000000000 0.00000000000 0.00000000000 0.00000000000 0.00000000000 0.00000000000 0.00000000000 0.00000000000 0.00000000000 0.00000000000 0.00000000000 0.00000000000 0.00000000000
# logsel_p3_fsh[1]:
 0.00000000000 0.00000000000 0.00000000000 0.00000000000 0.00000000000 0.00000000000 0.00000000000 0.00000000000 0.00000000000 0.00000000000 0.00000000000 0.00000000000 0.00000000000 0.00000000000 0.00000000000 0.00000000000 0.00000000000 0.00000000000 0.00000000000 0.00000000000 0.00000000000 0.00000000000 0.00000000000 0.00000000000 0.00000000000 0.00000000000 0.00000000000 0.00000000000 0.00000000000 0.00000000000 0.00000000000 0.00000000000 0.00000000000 0.00000000000 0.00000000000 0.00000000000 0.00000000000 0.00000000000
# logsel_p3_fsh[2]:
 0.00000000000 0.00000000000 0.00000000000 0.00000000000 0.00000000000 0.00000000000 0.00000000000 0.00000000000 0.00000000000 0.00000000000 0.00000000000 0.00000000000 0.00000000000 0.00000000000 0.00000000000 0.00000000000 0.00000000000 0.00000000000 0.00000000000 0.00000000000 0.00000000000 0.00000000000 0.00000000000 0.00000000000 0.00000000000 0.00000000000 0.00000000000 0.00000000000 0.00000000000 0.00000000000 0.00000000000 0.00000000000 0.00000000000 0.00000000000 0.00000000000 0.00000000000 0.00000000000 0.00000000000 0.00000000000
# logsel_p3_fsh[3]:
 0.00000000000 0.00000000000
# logsel_p3_fsh[4]:
 0.00000000000 0.00000000000 0.00000000000 0.00000000000 0.00000000000 0.00000000000 0.00000000000 0.00000000000 0.00000000000 0.00000000000 0.00000000000 0.00000000000 0.00000000000 0.00000000000 0.00000000000 0.00000000000 0.00000000000 0.00000000000 0.00000000000 0.00000000000 0.00000000000 0.00000000000 0.00000000000 0.00000000000 0.00000000000 0.00000000000 0.00000000000 0.00000000000 0.00000000000 0.00000000000 0.00000000000 0.00000000000 0.00000000000
# rec_dev_future:
 0.00000000000 0.00000000000 0.00000000000 0.00000000000 0.00000000000 0.00000000000 0.00000000000 0.00000000000 0.00000000000 0.00000000000 0.00000000000 0.00000000000 0.00000000000 0.00000000000 0.00000000000 0.00000000000 0.00000000000 0.00000000000 0.00000000000 0.00000000000
 0.00000000000 0.00000000000 0.00000000000 0.00000000000 0.00000000000 0.00000000000 0.00000000000 0.00000000000 0.00000000000 0.00000000000 0.00000000000 0.00000000000 0.00000000000 0.00000000000 0.00000000000 0.00000000000 0.00000000000 0.00000000000 0.00000000000 0.00000000000
# log_q_ind[1]:
0.293943610464
# log_q_ind[2]:
-2.34192303185
# log_q_ind[3]:
-9.37365093121
# log_q_ind[4]:
-0.251430490487
# log_q_ind[5]:
-3.80119053871
# log_q_ind[6]:
-6.18923398127
# log_q_ind[7]:
-0.930201500481
# log_q_power_ind[1]:
0.00000000000
# log_q_power_ind[2]:
0.00000000000
# log_q_power_ind[3]:
0.00000000000
# log_q_power_ind[4]:
0.00000000000
# log_q_power_ind[5]:
0.00000000000
# log_q_power_ind[6]:
0.00000000000
# log_q_power_ind[7]:
0.00000000000
# log_rw_q_ind[1]:
 -0.915304190098
# log_rw_q_ind[3]:
 -0.456764449173
# log_selcoffs_ind[1]:
 -2.02615175777 -1.19022117707 -0.604637144445 -0.215412220720 0.0229813446475 0.186253239220 0.304073996224 0.388039595251 0.441786477663 0.469132452926
 -2.64990612814 -1.84455289173 -1.07849772650 -0.431343436512 0.0213044322014 0.293920657351 0.425037570857 0.481573180877 0.496751356028 0.486524779273
# log_selcoffs_ind[2]:
 -0.695737755485 -0.917012109825 -1.33012015737 -1.61664973265 -1.63501609539 -1.33302431008 -0.740564353698 0.0530198819279 0.878240649014 1.44503214235
 0.314793108392 -0.202838696291 -0.560288517304 -0.790497148914 -0.878553774124 -0.760964627100 -0.418790164452 0.0724778088395 0.564044797672 0.881936434645
 0.697734223175 0.274117835562 -0.0431050144938 -0.296415251738 -0.521455490807 -0.611830968917 -0.509210035180 -0.249046414176 0.0728854697797 0.323540200233
# log_selcoffs_ind[3]:
 -0.202940821038 0.0202027052767 0.0202027052767 0.0202027052767 0.0202027052767 0.0202027052767 0.0202027052767 0.0202027052767 0.0202027052767 0.0202027052767
# log_selcoffs_ind[4]:
 -0.892666230547 -0.648222975511 -0.420330188719 -0.229972115585 -0.0731243936402 0.0665493274766 0.193248459724 0.304717992715 0.392870575123 0.449243098038
 -1.51682692787 -1.21433976634 -0.907694763163 -0.589531702107 -0.274508563469 0.0206906608040 0.280300631061 0.484618824457 0.614807789367 0.667013908608
# log_selcoffs_ind[5]:
 -3.04452005677 -0.669616569639 0.101782682789 0.174353368097 0.174353368097 0.174353368097 0.174353368097 0.174353368097 0.174353368097 0.174353368097
# log_selcoffs_ind[6]:
 -3.04452005677 -0.669616569639 0.101782682789 0.174353368097 0.174353368097 0.174353368097 0.174353368097 0.174353368097 0.174353368097 0.174353368097
# log_selcoffs_ind[7]:
 -3.04452005677 -0.669616569639 0.101782682789 0.174353368097 0.174353368097 0.174353368097 0.174353368097 0.174353368097 0.174353368097 0.174353368097
# logsel_slope_ind[1]:
 0.00000000000 0.00000000000
# logsel_slope_ind[2]:
 0.00000000000 0.00000000000 0.00000000000
# logsel_slope_ind[3]:
 0.00000000000
# logsel_slope_ind[4]:
 0.00000000000 0.00000000000
# logsel_slope_ind[5]:
 0.00000000000
# logsel_slope_ind[6]:
 0.00000000000
# logsel_slope_ind[7]:
 0.00000000000
# sel50_ind[1]:
 0.00000000000 0.00000000000
# sel50_ind[2]:
 0.00000000000 0.00000000000 0.00000000000
# sel50_ind[3]:
 0.00000000000
# sel50_ind[4]:
 0.00000000000 0.00000000000
# sel50_ind[5]:
 0.00000000000
# sel50_ind[6]:
 0.00000000000
# sel50_ind[7]:
 0.00000000000
# logsel_p1_ind[1]:
 0.00000000000 0.00000000000
# logsel_p1_ind[2]:
 0.00000000000 0.00000000000 0.00000000000
# logsel_p1_ind[3]:
 0.00000000000
# logsel_p1_ind[4]:
 0.00000000000 0.00000000000
# logsel_p1_ind[5]:
 0.00000000000
# logsel_p1_ind[6]:
 0.00000000000
# logsel_p1_ind[7]:
 0.00000000000
# sel_p2_ind[1]:
 0.00000000000 0.00000000000
# sel_p2_ind[2]:
 0.00000000000 0.00000000000 0.00000000000
# sel_p2_ind[3]:
 0.00000000000
# sel_p2_ind[4]:
 0.00000000000 0.00000000000
# sel_p2_ind[5]:
 0.00000000000
# sel_p2_ind[6]:
 0.00000000000
# sel_p2_ind[7]:
 0.00000000000
# logsel_p3_ind[1]:
 0.00000000000 0.00000000000
# logsel_p3_ind[2]:
 0.00000000000 0.00000000000 0.00000000000
# logsel_p3_ind[3]:
 0.00000000000
# logsel_p3_ind[4]:
 0.00000000000 0.00000000000
# logsel_p3_ind[5]:
 0.00000000000
# logsel_p3_ind[6]:
 0.00000000000
# logsel_p3_ind[7]:
 0.00000000000
