# Number of parameters = 1468 Objective function value = 1250.42532632588  Maximum gradient component = 0.0277233419153678
# Mest[1]:
0.230000000000
# Mest[2]:
0.330000000000
# log_Linf[1]:
4.30945594184
# log_Linf[2]:
4.38701417618
# log_k[1]:
-1.83258146375
# log_k[2]:
-1.83258146375
# log_Lo[1]:
2.89037175790
# log_Lo[2]:
2.89037175790
# log_sdage[1]:
-2.40794560865
# log_sdage[2]:
-2.40794560865
# mean_log_rec[1]:
9.51909676761
# mean_log_rec[2]:
8.35127970322
# mean_log_rec[3]:
7.75710447448
# steepness[1]:
0.800000000000
# steepness[2]:
0.800000000000
# steepness[3]:
0.800000000000
# log_Rzero[1]:
8.97062125745
# log_Rzero[2]:
8.37624158901
# log_Rzero[3]:
7.39050922545
# rec_dev:
 -0.449902224385 -0.523820231830 -0.603866465536 -0.691027094775 -0.782735958222 -0.874885199510 -0.843302422333 -0.848639586669 -0.698035803435 -0.633702502321 -0.541588231506 -0.372280913324 -0.408320956773 -0.362105711563 -0.301620378335 -0.115628452250 0.182765980392 0.380366416917 0.372416322559 0.329552170578 0.384110973029 0.505288168161 0.721990849917 0.718371828910 0.665706200370 1.31677820464 1.51696959945 0.697214114925 0.118159063856 0.319608223920 0.634764232187 0.770347523079 0.535684460863 0.306832256189 0.218817475021 0.289795725496 0.324798569610 0.477091318154 0.658617091586 0.560834786549 0.701687882590 0.683953105343 0.488799538838 -0.146495423933 -0.480339616393 -0.773445086262 -1.50475298041 -1.04474163505 -0.873725425196 -1.04247808522 -1.07462686004 -1.11827237208 -1.02653507618 -0.525102364364 -0.306022209530 -0.265264369308 -0.0792048109588 0.330604350188 0.483992628285 0.314974284387 0.0505719334017 0.0314188231536
 -4.14463360521e-05 -5.16040384682e-05 -6.00910064019e-05 -6.33492425646e-05 -5.47942113940e-05 -2.23441480767e-05 5.39926658121e-05 0.000215001684776 0.000378010938574 0.000638756916823 0.00101506727917 0.0146804473030 0.0147372851781 0.0146021370527 0.0140149306245 0.0114643623856 0.00550673914275 -0.00323406816163 -0.0492605694253 0.360457205289 -0.0143904575530 -0.112286537375 0.00347361843518 0.423039689516 -0.0296617255992 -0.234754384520 -0.523757875505 -0.0383716315078 0.375321720092 0.903571440905 0.285857988753 0.250164509599 -0.452430963920 0.00497537343514 -0.443711580446 -0.667411341468 -0.00222491966968 0.0747280533972 0.0343493170576 -0.118224429750 0.532505703846 1.12895024855 -0.355629555926 0.581370415565 -0.651235543208 -0.215864444467 0.680882023987 -0.0502606787671 -1.21540179115 -2.03708388170 -0.521397787909 0.767204810943 -0.560379182798 -0.226881013495 -1.56644150436 -0.490957867412 -0.749567986897 -0.257712581708 1.15928064028 0.793070390746 -0.584081092950 -0.0774520281294
# log_sigmar[1]:
-0.510825623766
# log_sigmar[2]:
-0.510825623766
# log_sigmar[3]:
-0.510825623766
# fmort:
 0.0119719622620 0.0175228382138 0.00791710348872 0.00997934569643 0.0191711060462 0.0235165000392 0.0284413560523 0.0244749955586 0.0477541393533 0.0396455856998 0.0268523271699 0.0390862420493 0.0750229545233 0.0291100983152 0.0687324956386 0.0459380328877 0.00447850821248 0.0204810767350 0.0167735476754 0.0148364438208 0.0140347427346 0.0186163434969 0.0202221389802 0.0224778945648 0.0148913931323 0.0199925988238 0.0339062239761 0.0132711302630 0.00377194245282 0.00618978254031 0.00992009798129 0.0203696613209 0.00866198591079 0.0120416695279 0.0132882151538 0.0219317241201 0.0279099126456 0.0421969488856 0.0579602512483 0.0550320110831 0.0750311489513 0.0139636649461 0.00567779275623 0.00656124271137 0.00688683084930 0.00851665407062 0.00632405469524 0.00891713979884 0.00287507765685 0.00189514494317 0.00565911757287
 0.00149491218229 0.00228953089886 0.00348966298594 0.00576567476170 0.00413050625611 0.00742952328102 0.00958722229072 0.0139544968614 0.0224673738692 0.0277346685362 0.0250537461797 0.0496726259066 0.0683255305416 0.0557618574174 0.0754106866426 0.107117628271 0.120161175136 0.161328447612 0.223418874320 0.232716239374 0.233361431038 0.292475458121 0.383066929185 0.365163823338 0.487667413345 0.648596276830 0.629342313067 0.632880772230 0.374232262648 0.243467572097 0.183403426998 0.215279920231 0.212408332774 0.195566966858 0.190459212835 0.189718071386 0.198888078433 0.238042709099 0.205965198272 0.279910260547 0.166590115694 0.121285948666 0.104660973122 0.0840895566283 0.0814009178309 0.0817879112115 0.0908414869161 0.0850950648440 0.0908234967992 0.0797469057875 0.0633465242298
 0.000583318244513 0.00113908388075 0.00284834858983 0.00611156201168 0.0195364693840 0.00607048554262 0.00774062010276 0.105139044570 0.106971209131 0.0849757693956 0.0845434858983 0.113730535382 0.0364235068249 0.0215693243559 0.0250189027557 0.0184504355062 0.0100971796760 0.0114785649643 0.0438759032476 0.0363499712934 0.0319918714670 0.0262599776028 0.0155314799390 0.0269151998316 0.0448037103698 0.213814297334 0.364806165123 0.687270348385 0.603354161260 0.162717042582 0.118157062822 0.374589124602 0.0525322863872 0.0767223541692 0.0624987042834 0.0412080072409 0.0984065234858 0.0810509441148 0.0958545514798 0.116714817613 0.0292716058155 0.144740072055 0.0673369105120 0.0415546396778 0.0426926567710 0.0186495772955 0.00854571636406 0.00438968881463 0.0124339707855 0.0156072299965 0.0213310554505
 2.20656826144e-13 2.31481500634e-13 0.000591884015997 2.45636844198e-13 2.48134846004e-13 2.50355292053e-13 3.65892499465e-06 0.000246803445854 0.00513835897459 0.0317487386010 0.0281084282791 0.0354336714193 0.0793318903145 0.0938551760771 0.124872057192 0.100672673191 0.0951355826014 0.0981390085052 0.100052007746 0.0820286756423 0.0668096531828 0.0419943132548 0.00360554164622 2.26207941267e-13 2.67841304691e-13 3.70259378712e-13 4.69069227904e-13 7.01105840051e-13 8.02136135292e-13 3.56096747589e-06 0.000644401010669 0.00447886927749 0.0134756823398 0.0257656170941 0.0450189445164 0.0380599269773 0.0570614101948 0.0862233665516 0.108724248766 0.147749842820 0.140882690046 0.0381688570328 0.0257746751212 0.0262123145926 0.0277098831802 0.0355399369543 0.0211733778726 0.0166471408274 0.0123387700290 0.0109916018406 0.000458505592208
# log_selcoffs_fsh[1]:
 -4.83773098717 -3.68625041071 -2.44652829133 -1.22788706957 -0.287742141729 0.505527134292 1.08364762015 0.895682858304 -0.254579107587
 -4.52642730069 -3.28530253734 -1.97021352663 -0.823646332345 -0.176903098833 0.450501023338 0.947029841421 0.807665719634 0.136128152254
 -4.19126013865 -2.93972919552 -1.71601545067 -0.692747309211 -0.0109782923833 0.527605280502 0.823234458956 0.672568785675 0.285886893852
 -3.79073907279 -2.44982639732 -1.32600924171 -0.527406537176 -0.0500360774939 0.388462982966 0.761479281002 0.688880577422 0.389748951893
 -3.56849392411 -2.13424867138 -0.769300703070 -0.0157719544744 0.204717672891 0.335974940388 0.488587147100 0.499391149965 0.406509630523
 -3.40122845083 -2.04396384772 -0.787267948355 0.0865205721623 0.479570878543 0.465166029284 0.361156523748 0.299889562312 0.261853189857
 -3.23998008496 -1.95505515544 -0.879335523356 -0.0666919520035 0.554061310418 0.677227574545 0.391756022638 0.170053910410 0.0908199141344
 -3.07459039924 -1.76401446312 -0.779089654326 -0.00955986224907 0.594383315166 0.711040643518 0.358688521977 0.0832285520687 -0.0336980635672
 -2.94448055298 -1.62811050633 -0.451003309141 0.199724760030 0.522139225102 0.587954565465 0.382248177135 0.0551861700706 -0.122427498309
 -2.78309878617 -1.36110469534 -0.181661586316 0.222307489125 0.526820831816 0.583045543586 0.298467421672 -0.0433094979990 -0.212568772580
 -2.62003431644 -0.989446364587 0.455552784873 0.447356857488 0.328659773306 0.286323355500 0.0805207039835 -0.156606235620 -0.281461712798
 -2.44779280663 -0.729297323629 0.440373529687 0.479548453879 0.439740527480 0.235435132285 -0.0430932393133 -0.247731925063 -0.347459077526
 -2.33258791205 -0.662875743446 0.473871485673 0.696446117886 0.402308936906 0.0867786381771 -0.187443328285 -0.352101768236 -0.420731780328
 -2.24275345230 -0.698248713499 0.483090008346 0.833448356378 0.395788041057 -0.0163114156271 -0.291458728435 -0.437318201740 -0.491434782976
 -2.36940497413 -0.833968987691 0.626717790903 0.869877635878 0.345529083392 -0.0717191834801 -0.351059857522 -0.508108985969 -0.570997561058
 -2.32034589161 -0.819787888995 0.669412898843 0.795747916708 0.396838192937 -0.0250060067009 -0.350217575323 -0.535772523822 -0.616415817800
 -2.11339496717 -0.593060766649 0.780526846537 0.718784803167 0.308230663199 -0.0627399082569 -0.364233089875 -0.555289604661 -0.647902744080
 -1.76430794311 -0.291548307429 0.570049993625 0.771141846012 0.378213631454 -0.0667387611501 -0.384394879372 -0.574645907201 -0.669198996524
 -1.63789265519 -0.268407812362 0.843558188100 0.726824681162 0.183990334971 -0.198834703306 -0.472089755390 -0.647157805326 -0.736116596285
 -1.38452740899 -0.151492640538 0.823057270477 0.712709562398 0.217401277131 -0.229068077919 -0.531752521761 -0.707826621363 -0.787971455886
 -1.30236040379 -0.0157095677783 0.883039382896 0.710250692856 0.140902136937 -0.316123623276 -0.625504731743 -0.793661440241 -0.859203959411
 -1.24146771462 -0.0869130256349 0.710533188715 0.932010807485 0.246819945452 -0.407137392830 -0.749372995597 -0.894653318386 -0.934752226100
 -1.16141508469 0.179593240937 0.924443558403 0.755516632565 0.0639529300591 -0.511502057130 -0.845094853144 -0.975809537214 -0.996931525896
 -1.30194532780 -0.0207142490698 0.905211954483 0.969394986320 0.00276343530929 -0.609602441437 -0.927221395152 -1.04849762937 -1.05772598853
 -1.44374659809 -0.0814129457035 0.934405997494 0.946078210463 0.0646699065126 -0.567508318487 -0.919170614137 -1.05958894940 -1.07392621778
 -1.39995088489 0.154308803002 0.754214730691 0.853779229665 0.218630528184 -0.363533522032 -0.812925180112 -0.999768663325 -1.01892550446
 -1.40290583899 -0.147387889217 0.605035093062 0.959037234073 0.302186926307 -0.231198663832 -0.685861162046 -0.897471254166 -0.933924228275
 -1.26220463190 0.225542431336 0.467384354391 0.765432588274 0.310545412679 -0.164725598499 -0.548378881603 -0.746546389538 -0.789553170020
 -1.15889396179 0.404264906832 0.624893632242 0.496735284298 0.120800060031 -0.193394687629 -0.444622856795 -0.590604595492 -0.636847583444
 -1.29125535152 -0.00939371133232 0.491371525894 0.792371572592 0.147025470084 -0.219662704297 -0.379586708513 -0.456602609159 -0.490221861137
 -1.23866998025 0.379260758877 0.508444905875 0.295238937679 0.0373711509536 -0.125563339986 -0.217553279207 -0.265062809274 -0.286143068757
 -1.22979524834 0.353394133989 0.111442529348 0.157344887940 0.126283307909 0.0429830617330 -0.0286103376419 -0.0712449138125 -0.0900188060999
 -1.49965645765 -0.726864897522 -0.222519122959 0.414989939658 0.385619180574 0.236972022844 0.130493106899 0.0675669307649 0.0308139365378
 -1.76514284906 -1.05601883578 -0.417167315128 0.117709654750 0.262943930704 0.393380143797 0.356430073108 0.257703284467 0.175850477382
 -1.52269678847 -0.802328813488 -0.398505764585 0.177196525503 0.177980326632 0.206120276632 0.272968560764 0.306932697824 0.315973580093
 -0.774761017247 -0.229283117775 -0.628433871032 -0.400708897781 -0.129158640276 0.125210471010 0.316537700563 0.428495934777 0.483212574845
 -0.494144482532 -0.744939532958 -0.904673948171 -0.555494304107 -0.218775137571 0.215352274257 0.425240159714 0.493697034296 0.544972488392
# log_selcoffs_fsh[2]:
 -6.49239493528 -5.04198132597 -3.58581411432 -1.97153715788 -0.586023257003 0.321285800311 0.984366054970 1.13603890014 0.524463389148 -0.892678036201
 -6.40562005271 -4.96297892259 -3.46976899643 -2.05448208686 -0.884226642567 0.180319014328 0.973219594866 1.17006409136 0.540725573728 -0.453285526123
 -6.28199525785 -4.89893266042 -3.50002811139 -2.14271920569 -1.02650922286 0.0341985981259 0.915762344765 1.15279078733 0.628664738519 -0.0950858629209
 -6.11515371807 -4.76335398455 -3.47388779211 -2.23343347610 -1.15433622245 -0.189911255068 0.757031800304 1.14151520563 0.777430306787 0.238604466194
 -5.94872635063 -4.52900456406 -3.25192567840 -2.21383442035 -1.32192030900 -0.401139557821 0.583560248879 1.07775121483 0.895512876361 0.544284414241
 -5.79206122861 -4.44984484772 -3.15247975153 -1.96653693537 -1.14431728153 -0.526972320814 0.269632610482 0.891224976633 1.01109070429 0.874449568537
 -5.65091282141 -4.38155405470 -3.17130538990 -2.08366657631 -1.15237844316 -0.407172644297 0.164283393125 0.667461048549 0.982818056245 1.11065238693
 -5.53845684923 -4.31299202150 -3.16349391498 -2.15527796491 -1.28184205309 -0.571026233562 0.102253178626 0.584032985594 0.955595461882 1.24729543776
 -5.46450266984 -4.23153335080 -3.07317144158 -2.11681158714 -1.36054746429 -0.680252957401 0.0158997952490 0.606775151829 0.956844132022 1.28024950828
 -5.37899005697 -4.11164910831 -2.92741800698 -1.92932947456 -1.15926919270 -0.589605599813 -0.115521059353 0.474931858082 0.949152026101 1.34277091647
 -5.32399806461 -3.95321287231 -2.64392839880 -1.56259842276 -0.853741500169 -0.338354388237 0.0514729602639 0.367662215388 0.798493163685 1.34472613832
 -5.33962989530 -3.83716704551 -2.42251432364 -1.23577671041 -0.627955732811 -0.204487949042 0.111281554650 0.433050054811 0.854898988251 1.17396539211
 -5.36570212057 -3.69025515955 -2.08041843095 -0.805551681115 -0.265323560730 0.0856994913242 0.259902504616 0.440822099906 0.727574218238 0.963694552587
 -5.38768099318 -3.50661974161 -1.71140956404 -0.528182726829 0.0984433054536 0.284882539638 0.332826831387 0.416976060103 0.580109060034 0.724442252404
 -5.36668520235 -3.29574506629 -1.33527992249 -0.0738943189442 0.355297465518 0.337831688469 0.225561977987 0.269394166963 0.450132073003 0.591783705640
 -5.30625476486 -3.09474981004 -1.03236740655 0.0830914271218 0.332249490287 0.294314055495 0.196111629219 0.230257958157 0.408436285139 0.582546573513
 -5.26520474783 -3.03045082496 -0.925095786512 0.0503680396939 0.311529389717 0.298473685933 0.192602975354 0.210346481739 0.397776072899 0.615216280316
 -5.23747674167 -3.20214103133 -1.28324119281 -0.00183368330015 0.396489369466 0.369924410272 0.206537908411 0.193892363350 0.384439892374 0.605578804484
 -5.19964820863 -3.33525801960 -1.57470257876 -0.257662680735 0.448357094688 0.444325683497 0.228500173949 0.197853708905 0.396120600718 0.637755415565
 -5.12506941932 -3.37547903231 -1.70039966349 -0.422051548051 0.236892259722 0.372480248758 0.233609110975 0.235387745099 0.494263881351 0.804270849389
 -5.08705855887 -3.44764168825 -1.90335405480 -0.632185392985 0.127610427941 0.379465121629 0.281157927232 0.241832693649 0.514207385382 0.881010423315
 -5.08840705194 -3.52802632917 -2.06489508102 -0.898804285272 -0.0575145540644 0.410997577792 0.387885643498 0.311655025790 0.539846021643 0.884950514434
 -5.11040261502 -3.59604365627 -2.22658724492 -1.10386580195 -0.270430940372 0.404341633454 0.444843887382 0.392194968285 0.589079659361 0.884958318293
 -5.18368692203 -3.65820984074 -2.26146204746 -1.12997623528 -0.414083200170 0.181702254222 0.500785762094 0.497887669476 0.675129787165 0.884438623557
 -5.26388064807 -3.70416534999 -2.20416776253 -0.912759431930 -0.267223161643 -0.000569489931042 0.311204546194 0.531123945992 0.716196074771 0.948165067526
 -5.37779661533 -3.76685999853 -2.28860601597 -1.02344634275 -0.252592153832 0.237096366423 0.339753898999 0.452108164967 0.671566687464 0.929649997605
 -5.59035991430 -3.93907458750 -2.31520346638 -0.943147720253 -0.162646380137 0.389854714208 0.501652432797 0.464655703819 0.577601539001 0.759553653746
 -5.79202731300 -4.10115411161 -2.36207126441 -0.696177369136 0.0563230863066 0.512490679006 0.513736694934 0.392363180311 0.531455860609 0.591607558918
 -5.98901643222 -4.27975628487 -2.57751954397 -1.00199349418 -0.0820813380572 0.763515802385 0.725738089461 0.400805405028 0.435664303528 0.313541712882
 -6.16224465489 -4.41330943028 -2.68164447393 -1.03256706975 0.250885480945 0.867763087452 0.788367638968 0.389750217358 0.164201715635 0.0388632707980
 -6.26834046543 -4.45244066577 -2.58752672157 -0.795352570474 0.353915422292 0.837747342265 0.722084197545 0.367586167139 0.147747514291 0.0600156853771
 -6.31313819574 -4.43259750929 -2.49978223550 -0.733629121224 0.345058813283 0.631354222441 0.651866397040 0.439037520663 0.306388284326 0.264644286263
 -6.32281878480 -4.38955998868 -2.35253600228 -0.621810992234 -0.00365860966512 0.333559410871 0.588192777145 0.621240683627 0.520401737013 0.480420213713
 -6.34686505340 -4.46214693168 -2.57034256360 -0.947933169892 -0.100727801508 0.383215165530 0.619955809498 0.665492723149 0.563627929142 0.463832651538
 -6.32100273022 -4.50302563675 -2.64181383121 -1.12286394416 -0.365947221796 0.199838967061 0.615921525722 0.742890630278 0.671105109225 0.568739367197
 -6.27054217027 -4.57788837727 -2.92744670650 -1.33310884146 -0.382301172042 0.114244995584 0.536986134311 0.751846510263 0.754394411216 0.646708994796
 -6.24048256097 -4.63700189586 -3.10140110227 -1.64488664337 -0.558455028907 0.118686982487 0.558024218784 0.758872020877 0.801043797362 0.663350838249
 -6.21475041015 -4.62013529994 -3.08359941187 -1.69673093518 -0.644473303325 0.0806040360060 0.550163373645 0.772087391474 0.801429104390 0.704904407703
# log_selcoffs_fsh[3]:
 -2.35114185987 0.288615043585 1.47714236185 0.0410706964965 -2.12510960259 -3.88508364026 -4.84598316031
 -2.32835529944 0.871148685143 1.29626957725 -0.307554216269 -2.35788653883 -3.93554622774 -4.84626128515
# log_selcoffs_fsh[4]:
 -5.93304351229 -4.80211754633 -3.64681568174 -2.42863848893 -1.15457603257 0.0482127298550 0.923597383402 1.13080250555 0.638609734687
 -5.91975159853 -4.78147291060 -3.61180526183 -2.34284159810 -1.02106013515 0.142959114690 0.931262887684 1.06869031700 0.643274901967
 -5.88414629703 -4.74286960339 -3.57726757051 -2.34013720063 -1.04240403660 0.124375871504 0.915479693201 1.07331538518 0.670980813491
 -5.81701180017 -4.66486874281 -3.50896923137 -2.31972557425 -1.07960159356 0.0582978033418 0.872110392542 1.08620734664 0.744146674451
 -5.74428189060 -4.56532752146 -3.39693340494 -2.24127057819 -1.04763986756 0.0643165495045 0.834725861618 1.05934715497 0.806801410151
 -5.66951770245 -4.50549422805 -3.32544396901 -2.14509210210 -1.03426478438 -0.00464966503481 0.787835264657 1.07260244740 0.858674933433
 -5.57262785865 -4.42985844716 -3.25973221922 -2.05448943922 -0.952882755119 0.0141311135296 0.758888484653 1.03453489594 0.903476639325
 -5.44302547275 -4.30105249353 -3.18074196011 -2.01987377745 -0.911352175850 -0.00143148046394 0.714052597145 1.02882472967 0.942860916016
 -5.30866069610 -4.12093539048 -3.04071302902 -2.02630678967 -0.995814651572 -0.0299422498858 0.706713997564 1.01856013335 0.979360472274
 -5.18025621714 -3.98600465374 -2.85098000971 -1.82566234438 -0.925373723606 -0.0717884889023 0.626426478158 0.996646636355 1.04721214978
 -5.07891652979 -3.86783019670 -2.71955618381 -1.68478847198 -0.772455189297 -0.00861792298662 0.584172957287 0.934661790395 1.07443093532
 -5.00540807986 -3.74839658695 -2.57557876570 -1.55656508195 -0.669476687686 0.0708864992147 0.579920326201 0.888934432857 1.05741031535
 -4.94373136476 -3.59857575520 -2.35457057634 -1.35886575497 -0.596178485146 0.0705835570552 0.580472772537 0.867597258141 1.03727229774
 -4.87940227775 -3.40905141645 -1.98717331119 -0.978451934869 -0.395916486741 0.0564787385730 0.457773975540 0.815414647830 1.05588554175
 -4.81254770587 -3.26351664343 -1.74564972483 -0.640487407374 -0.139468894215 0.0893826908217 0.350643602353 0.719125381021 1.03535819068
 -4.73035065351 -3.14238151960 -1.53966644862 -0.391141469058 -0.0482743113019 0.0726303854790 0.290823986829 0.657874619282 1.01553522239
 -4.67300690702 -3.11765206421 -1.56464612122 -0.402459157815 -0.0362104030271 0.134024825273 0.334072149992 0.641546025519 0.980069567023
 -4.62863954442 -3.21010117267 -1.91263813426 -0.923962942732 -0.236745417420 0.320004458987 0.572107496473 0.689817949219 0.905662450389
 -4.54819454470 -3.24874480629 -2.08090911112 -1.17898115779 -0.462294777828 0.172799794044 0.586413907844 0.821267952449 0.966529798034
 -4.49311607020 -3.26564558897 -2.17219041402 -1.32291739268 -0.672645847618 -0.0283571540258 0.568839889536 0.932459695992 1.02280758968
 -4.43757815903 -3.21420814305 -2.12179414964 -1.35871820718 -0.782549921410 -0.212319878014 0.436800565639 0.987544941159 1.12260692324
 -4.37612530092 -3.11370048455 -1.85444934627 -1.20713675030 -0.787363634901 -0.233900251262 0.332335814068 0.853084703638 1.25271116217
 -4.34987010804 -3.19207001467 -2.12459450901 -1.32679900995 -0.766203530252 -0.154898195113 0.358903442520 0.822063549680 1.26213974941
 -4.28378816711 -3.17972534188 -2.16030749442 -1.34873847856 -0.757545419356 -0.222920242775 0.291478159673 0.809831739559 1.31233204503
 -4.29717511267 -3.20058356789 -2.09240280173 -1.11783463873 -0.480774126900 0.0419138035297 0.435087655564 0.801389649383 1.11855668266
 -4.13639219547 -3.03016487882 -1.80561277912 -0.976456223277 -0.470129211397 -0.000711310900692 0.418772378393 0.792360610468 1.11244485182
 -3.87675588732 -2.89175311529 -1.85382699207 -1.02975838695 -0.496574980702 -0.0289264806783 0.430110054623 0.838404414085 1.09188076451
 -3.41463732562 -2.58872438825 -1.75768374186 -1.09185214824 -0.597742863671 -0.178566113123 0.268375506423 0.783249537607 1.25305619791
 -2.74022117314 -2.11509359802 -1.61484357806 -1.16308549540 -0.857837409565 -0.515439990078 0.0297142471598 0.744573410677 1.42223098286
 -2.76568830796 -2.16795500530 -1.53222710520 -1.07963453234 -0.874101873255 -0.685570392222 -0.178163366541 0.668124600598 1.51698515833
 -2.55011307161 -1.93784429254 -1.67131690279 -1.38542584334 -1.04954519890 -0.759751926646 -0.242048858047 0.628488477774 1.58145495164
 -2.53542277235 -2.03037990062 -1.68812290195 -1.40392841644 -1.10704341041 -0.752303805281 -0.161979672547 0.718107189770 1.53819295272
# log_sel_spl_fsh[1]:
 0.00000000000 0.00000000000 0.00000000000 0.00000000000
 0.00000000000 0.00000000000 0.00000000000 0.00000000000
 0.00000000000 0.00000000000 0.00000000000 0.00000000000
 0.00000000000 0.00000000000 0.00000000000 0.00000000000
 0.00000000000 0.00000000000 0.00000000000 0.00000000000
 0.00000000000 0.00000000000 0.00000000000 0.00000000000
 0.00000000000 0.00000000000 0.00000000000 0.00000000000
 0.00000000000 0.00000000000 0.00000000000 0.00000000000
 0.00000000000 0.00000000000 0.00000000000 0.00000000000
 0.00000000000 0.00000000000 0.00000000000 0.00000000000
 0.00000000000 0.00000000000 0.00000000000 0.00000000000
 0.00000000000 0.00000000000 0.00000000000 0.00000000000
 0.00000000000 0.00000000000 0.00000000000 0.00000000000
 0.00000000000 0.00000000000 0.00000000000 0.00000000000
 0.00000000000 0.00000000000 0.00000000000 0.00000000000
 0.00000000000 0.00000000000 0.00000000000 0.00000000000
 0.00000000000 0.00000000000 0.00000000000 0.00000000000
 0.00000000000 0.00000000000 0.00000000000 0.00000000000
 0.00000000000 0.00000000000 0.00000000000 0.00000000000
 0.00000000000 0.00000000000 0.00000000000 0.00000000000
 0.00000000000 0.00000000000 0.00000000000 0.00000000000
 0.00000000000 0.00000000000 0.00000000000 0.00000000000
 0.00000000000 0.00000000000 0.00000000000 0.00000000000
 0.00000000000 0.00000000000 0.00000000000 0.00000000000
 0.00000000000 0.00000000000 0.00000000000 0.00000000000
 0.00000000000 0.00000000000 0.00000000000 0.00000000000
 0.00000000000 0.00000000000 0.00000000000 0.00000000000
 0.00000000000 0.00000000000 0.00000000000 0.00000000000
 0.00000000000 0.00000000000 0.00000000000 0.00000000000
 0.00000000000 0.00000000000 0.00000000000 0.00000000000
 0.00000000000 0.00000000000 0.00000000000 0.00000000000
 0.00000000000 0.00000000000 0.00000000000 0.00000000000
 0.00000000000 0.00000000000 0.00000000000 0.00000000000
 0.00000000000 0.00000000000 0.00000000000 0.00000000000
 0.00000000000 0.00000000000 0.00000000000 0.00000000000
 0.00000000000 0.00000000000 0.00000000000 0.00000000000
 0.00000000000 0.00000000000 0.00000000000 0.00000000000
# log_sel_spl_fsh[2]:
 0.00000000000 0.00000000000 0.00000000000 0.00000000000
 0.00000000000 0.00000000000 0.00000000000 0.00000000000
 0.00000000000 0.00000000000 0.00000000000 0.00000000000
 0.00000000000 0.00000000000 0.00000000000 0.00000000000
 0.00000000000 0.00000000000 0.00000000000 0.00000000000
 0.00000000000 0.00000000000 0.00000000000 0.00000000000
 0.00000000000 0.00000000000 0.00000000000 0.00000000000
 0.00000000000 0.00000000000 0.00000000000 0.00000000000
 0.00000000000 0.00000000000 0.00000000000 0.00000000000
 0.00000000000 0.00000000000 0.00000000000 0.00000000000
 0.00000000000 0.00000000000 0.00000000000 0.00000000000
 0.00000000000 0.00000000000 0.00000000000 0.00000000000
 0.00000000000 0.00000000000 0.00000000000 0.00000000000
 0.00000000000 0.00000000000 0.00000000000 0.00000000000
 0.00000000000 0.00000000000 0.00000000000 0.00000000000
 0.00000000000 0.00000000000 0.00000000000 0.00000000000
 0.00000000000 0.00000000000 0.00000000000 0.00000000000
 0.00000000000 0.00000000000 0.00000000000 0.00000000000
 0.00000000000 0.00000000000 0.00000000000 0.00000000000
 0.00000000000 0.00000000000 0.00000000000 0.00000000000
 0.00000000000 0.00000000000 0.00000000000 0.00000000000
 0.00000000000 0.00000000000 0.00000000000 0.00000000000
 0.00000000000 0.00000000000 0.00000000000 0.00000000000
 0.00000000000 0.00000000000 0.00000000000 0.00000000000
 0.00000000000 0.00000000000 0.00000000000 0.00000000000
 0.00000000000 0.00000000000 0.00000000000 0.00000000000
 0.00000000000 0.00000000000 0.00000000000 0.00000000000
 0.00000000000 0.00000000000 0.00000000000 0.00000000000
 0.00000000000 0.00000000000 0.00000000000 0.00000000000
 0.00000000000 0.00000000000 0.00000000000 0.00000000000
 0.00000000000 0.00000000000 0.00000000000 0.00000000000
 0.00000000000 0.00000000000 0.00000000000 0.00000000000
 0.00000000000 0.00000000000 0.00000000000 0.00000000000
 0.00000000000 0.00000000000 0.00000000000 0.00000000000
 0.00000000000 0.00000000000 0.00000000000 0.00000000000
 0.00000000000 0.00000000000 0.00000000000 0.00000000000
 0.00000000000 0.00000000000 0.00000000000 0.00000000000
 0.00000000000 0.00000000000 0.00000000000 0.00000000000
# log_sel_spl_fsh[3]:
 0.00000000000 0.00000000000 0.00000000000 0.00000000000
 0.00000000000 0.00000000000 0.00000000000 0.00000000000
# log_sel_spl_fsh[4]:
 0.00000000000 0.00000000000 0.00000000000 0.00000000000
 0.00000000000 0.00000000000 0.00000000000 0.00000000000
 0.00000000000 0.00000000000 0.00000000000 0.00000000000
 0.00000000000 0.00000000000 0.00000000000 0.00000000000
 0.00000000000 0.00000000000 0.00000000000 0.00000000000
 0.00000000000 0.00000000000 0.00000000000 0.00000000000
 0.00000000000 0.00000000000 0.00000000000 0.00000000000
 0.00000000000 0.00000000000 0.00000000000 0.00000000000
 0.00000000000 0.00000000000 0.00000000000 0.00000000000
 0.00000000000 0.00000000000 0.00000000000 0.00000000000
 0.00000000000 0.00000000000 0.00000000000 0.00000000000
 0.00000000000 0.00000000000 0.00000000000 0.00000000000
 0.00000000000 0.00000000000 0.00000000000 0.00000000000
 0.00000000000 0.00000000000 0.00000000000 0.00000000000
 0.00000000000 0.00000000000 0.00000000000 0.00000000000
 0.00000000000 0.00000000000 0.00000000000 0.00000000000
 0.00000000000 0.00000000000 0.00000000000 0.00000000000
 0.00000000000 0.00000000000 0.00000000000 0.00000000000
 0.00000000000 0.00000000000 0.00000000000 0.00000000000
 0.00000000000 0.00000000000 0.00000000000 0.00000000000
 0.00000000000 0.00000000000 0.00000000000 0.00000000000
 0.00000000000 0.00000000000 0.00000000000 0.00000000000
 0.00000000000 0.00000000000 0.00000000000 0.00000000000
 0.00000000000 0.00000000000 0.00000000000 0.00000000000
 0.00000000000 0.00000000000 0.00000000000 0.00000000000
 0.00000000000 0.00000000000 0.00000000000 0.00000000000
 0.00000000000 0.00000000000 0.00000000000 0.00000000000
 0.00000000000 0.00000000000 0.00000000000 0.00000000000
 0.00000000000 0.00000000000 0.00000000000 0.00000000000
 0.00000000000 0.00000000000 0.00000000000 0.00000000000
 0.00000000000 0.00000000000 0.00000000000 0.00000000000
 0.00000000000 0.00000000000 0.00000000000 0.00000000000
# logsel_slope_fsh[1]:
 0.00000000000 0.00000000000 0.00000000000 0.00000000000 0.00000000000 0.00000000000 0.00000000000 0.00000000000 0.00000000000 0.00000000000 0.00000000000 0.00000000000 0.00000000000 0.00000000000 0.00000000000 0.00000000000 0.00000000000 0.00000000000 0.00000000000 0.00000000000 0.00000000000 0.00000000000 0.00000000000 0.00000000000 0.00000000000 0.00000000000 0.00000000000 0.00000000000 0.00000000000 0.00000000000 0.00000000000 0.00000000000 0.00000000000 0.00000000000 0.00000000000 0.00000000000 0.00000000000
# logsel_slope_fsh[2]:
 0.00000000000 0.00000000000 0.00000000000 0.00000000000 0.00000000000 0.00000000000 0.00000000000 0.00000000000 0.00000000000 0.00000000000 0.00000000000 0.00000000000 0.00000000000 0.00000000000 0.00000000000 0.00000000000 0.00000000000 0.00000000000 0.00000000000 0.00000000000 0.00000000000 0.00000000000 0.00000000000 0.00000000000 0.00000000000 0.00000000000 0.00000000000 0.00000000000 0.00000000000 0.00000000000 0.00000000000 0.00000000000 0.00000000000 0.00000000000 0.00000000000 0.00000000000 0.00000000000 0.00000000000
# logsel_slope_fsh[3]:
 0.00000000000 0.00000000000
# logsel_slope_fsh[4]:
 0.00000000000 0.00000000000 0.00000000000 0.00000000000 0.00000000000 0.00000000000 0.00000000000 0.00000000000 0.00000000000 0.00000000000 0.00000000000 0.00000000000 0.00000000000 0.00000000000 0.00000000000 0.00000000000 0.00000000000 0.00000000000 0.00000000000 0.00000000000 0.00000000000 0.00000000000 0.00000000000 0.00000000000 0.00000000000 0.00000000000 0.00000000000 0.00000000000 0.00000000000 0.00000000000 0.00000000000 0.00000000000
# sel50_fsh[1]:
 0.00000000000 0.00000000000 0.00000000000 0.00000000000 0.00000000000 0.00000000000 0.00000000000 0.00000000000 0.00000000000 0.00000000000 0.00000000000 0.00000000000 0.00000000000 0.00000000000 0.00000000000 0.00000000000 0.00000000000 0.00000000000 0.00000000000 0.00000000000 0.00000000000 0.00000000000 0.00000000000 0.00000000000 0.00000000000 0.00000000000 0.00000000000 0.00000000000 0.00000000000 0.00000000000 0.00000000000 0.00000000000 0.00000000000 0.00000000000 0.00000000000 0.00000000000 0.00000000000
# sel50_fsh[2]:
 0.00000000000 0.00000000000 0.00000000000 0.00000000000 0.00000000000 0.00000000000 0.00000000000 0.00000000000 0.00000000000 0.00000000000 0.00000000000 0.00000000000 0.00000000000 0.00000000000 0.00000000000 0.00000000000 0.00000000000 0.00000000000 0.00000000000 0.00000000000 0.00000000000 0.00000000000 0.00000000000 0.00000000000 0.00000000000 0.00000000000 0.00000000000 0.00000000000 0.00000000000 0.00000000000 0.00000000000 0.00000000000 0.00000000000 0.00000000000 0.00000000000 0.00000000000 0.00000000000 0.00000000000
# sel50_fsh[3]:
 0.00000000000 0.00000000000
# sel50_fsh[4]:
 0.00000000000 0.00000000000 0.00000000000 0.00000000000 0.00000000000 0.00000000000 0.00000000000 0.00000000000 0.00000000000 0.00000000000 0.00000000000 0.00000000000 0.00000000000 0.00000000000 0.00000000000 0.00000000000 0.00000000000 0.00000000000 0.00000000000 0.00000000000 0.00000000000 0.00000000000 0.00000000000 0.00000000000 0.00000000000 0.00000000000 0.00000000000 0.00000000000 0.00000000000 0.00000000000 0.00000000000 0.00000000000
# logsel_p1_fsh[1]:
 0.00000000000 0.00000000000 0.00000000000 0.00000000000 0.00000000000 0.00000000000 0.00000000000 0.00000000000 0.00000000000 0.00000000000 0.00000000000 0.00000000000 0.00000000000 0.00000000000 0.00000000000 0.00000000000 0.00000000000 0.00000000000 0.00000000000 0.00000000000 0.00000000000 0.00000000000 0.00000000000 0.00000000000 0.00000000000 0.00000000000 0.00000000000 0.00000000000 0.00000000000 0.00000000000 0.00000000000 0.00000000000 0.00000000000 0.00000000000 0.00000000000 0.00000000000 0.00000000000
# logsel_p1_fsh[2]:
 0.00000000000 0.00000000000 0.00000000000 0.00000000000 0.00000000000 0.00000000000 0.00000000000 0.00000000000 0.00000000000 0.00000000000 0.00000000000 0.00000000000 0.00000000000 0.00000000000 0.00000000000 0.00000000000 0.00000000000 0.00000000000 0.00000000000 0.00000000000 0.00000000000 0.00000000000 0.00000000000 0.00000000000 0.00000000000 0.00000000000 0.00000000000 0.00000000000 0.00000000000 0.00000000000 0.00000000000 0.00000000000 0.00000000000 0.00000000000 0.00000000000 0.00000000000 0.00000000000 0.00000000000
# logsel_p1_fsh[3]:
 0.00000000000 0.00000000000
# logsel_p1_fsh[4]:
 0.00000000000 0.00000000000 0.00000000000 0.00000000000 0.00000000000 0.00000000000 0.00000000000 0.00000000000 0.00000000000 0.00000000000 0.00000000000 0.00000000000 0.00000000000 0.00000000000 0.00000000000 0.00000000000 0.00000000000 0.00000000000 0.00000000000 0.00000000000 0.00000000000 0.00000000000 0.00000000000 0.00000000000 0.00000000000 0.00000000000 0.00000000000 0.00000000000 0.00000000000 0.00000000000 0.00000000000 0.00000000000
# sel_p2_fsh[1]:
 0.00000000000 0.00000000000 0.00000000000 0.00000000000 0.00000000000 0.00000000000 0.00000000000 0.00000000000 0.00000000000 0.00000000000 0.00000000000 0.00000000000 0.00000000000 0.00000000000 0.00000000000 0.00000000000 0.00000000000 0.00000000000 0.00000000000 0.00000000000 0.00000000000 0.00000000000 0.00000000000 0.00000000000 0.00000000000 0.00000000000 0.00000000000 0.00000000000 0.00000000000 0.00000000000 0.00000000000 0.00000000000 0.00000000000 0.00000000000 0.00000000000 0.00000000000 0.00000000000
# sel_p2_fsh[2]:
 0.00000000000 0.00000000000 0.00000000000 0.00000000000 0.00000000000 0.00000000000 0.00000000000 0.00000000000 0.00000000000 0.00000000000 0.00000000000 0.00000000000 0.00000000000 0.00000000000 0.00000000000 0.00000000000 0.00000000000 0.00000000000 0.00000000000 0.00000000000 0.00000000000 0.00000000000 0.00000000000 0.00000000000 0.00000000000 0.00000000000 0.00000000000 0.00000000000 0.00000000000 0.00000000000 0.00000000000 0.00000000000 0.00000000000 0.00000000000 0.00000000000 0.00000000000 0.00000000000 0.00000000000
# sel_p2_fsh[3]:
 0.00000000000 0.00000000000
# sel_p2_fsh[4]:
 0.00000000000 0.00000000000 0.00000000000 0.00000000000 0.00000000000 0.00000000000 0.00000000000 0.00000000000 0.00000000000 0.00000000000 0.00000000000 0.00000000000 0.00000000000 0.00000000000 0.00000000000 0.00000000000 0.00000000000 0.00000000000 0.00000000000 0.00000000000 0.00000000000 0.00000000000 0.00000000000 0.00000000000 0.00000000000 0.00000000000 0.00000000000 0.00000000000 0.00000000000 0.00000000000 0.00000000000 0.00000000000
# logsel_p3_fsh[1]:
 0.00000000000 0.00000000000 0.00000000000 0.00000000000 0.00000000000 0.00000000000 0.00000000000 0.00000000000 0.00000000000 0.00000000000 0.00000000000 0.00000000000 0.00000000000 0.00000000000 0.00000000000 0.00000000000 0.00000000000 0.00000000000 0.00000000000 0.00000000000 0.00000000000 0.00000000000 0.00000000000 0.00000000000 0.00000000000 0.00000000000 0.00000000000 0.00000000000 0.00000000000 0.00000000000 0.00000000000 0.00000000000 0.00000000000 0.00000000000 0.00000000000 0.00000000000 0.00000000000
# logsel_p3_fsh[2]:
 0.00000000000 0.00000000000 0.00000000000 0.00000000000 0.00000000000 0.00000000000 0.00000000000 0.00000000000 0.00000000000 0.00000000000 0.00000000000 0.00000000000 0.00000000000 0.00000000000 0.00000000000 0.00000000000 0.00000000000 0.00000000000 0.00000000000 0.00000000000 0.00000000000 0.00000000000 0.00000000000 0.00000000000 0.00000000000 0.00000000000 0.00000000000 0.00000000000 0.00000000000 0.00000000000 0.00000000000 0.00000000000 0.00000000000 0.00000000000 0.00000000000 0.00000000000 0.00000000000 0.00000000000
# logsel_p3_fsh[3]:
 0.00000000000 0.00000000000
# logsel_p3_fsh[4]:
 0.00000000000 0.00000000000 0.00000000000 0.00000000000 0.00000000000 0.00000000000 0.00000000000 0.00000000000 0.00000000000 0.00000000000 0.00000000000 0.00000000000 0.00000000000 0.00000000000 0.00000000000 0.00000000000 0.00000000000 0.00000000000 0.00000000000 0.00000000000 0.00000000000 0.00000000000 0.00000000000 0.00000000000 0.00000000000 0.00000000000 0.00000000000 0.00000000000 0.00000000000 0.00000000000 0.00000000000 0.00000000000
# rec_dev_future:
 0.00000000000 0.00000000000 0.00000000000 0.00000000000 0.00000000000 0.00000000000 0.00000000000 0.00000000000 0.00000000000 0.00000000000 0.00000000000 0.00000000000 0.00000000000 0.00000000000 0.00000000000 0.00000000000 0.00000000000 0.00000000000 0.00000000000 0.00000000000
 0.00000000000 0.00000000000 0.00000000000 0.00000000000 0.00000000000 0.00000000000 0.00000000000 0.00000000000 0.00000000000 0.00000000000 0.00000000000 0.00000000000 0.00000000000 0.00000000000 0.00000000000 0.00000000000 0.00000000000 0.00000000000 0.00000000000 0.00000000000
# log_q_ind[1]:
-0.0640028890271
# log_q_ind[2]:
-3.00280194457
# log_q_ind[3]:
-9.53745772381
# log_q_ind[4]:
-0.791961076975
# log_q_ind[5]:
-4.04884521071
# log_q_ind[6]:
-6.38422364280
# log_q_ind[7]:
-0.991226907846
# log_q_power_ind[1]:
0.00000000000
# log_q_power_ind[2]:
0.00000000000
# log_q_power_ind[3]:
0.00000000000
# log_q_power_ind[4]:
0.00000000000
# log_q_power_ind[5]:
0.00000000000
# log_q_power_ind[6]:
0.00000000000
# log_q_power_ind[7]:
0.00000000000
# log_rw_q_ind[1]:
 -1.22166775625
# log_rw_q_ind[3]:
 -0.294292001512
# log_selcoffs_ind[1]:
 -3.22031704271 -2.10214961633 -1.03255867871 -0.201189052256 0.262668271334 0.455601005765 0.455176146431 0.385342403820 0.326875324843 0.302544701160
 -3.18307552293 -2.24481175455 -1.33138943158 -0.497130777658 0.149506724287 0.497185579936 0.565015243404 0.472243979535 0.365366820255 0.315362788848
# log_selcoffs_ind[2]:
 -0.674584008388 -0.159386007924 0.160589775634 0.265438524944 0.144117479851 2.06241643976e-05 -0.0548279156325 -0.0186414908344 0.0310454734738 0.0440232656701
 -0.226967694991 -0.0134740343401 0.109037808549 0.209746015335 0.211298103253 0.111477286764 -0.0250078608849 -0.130728141503 -0.180848804874 -0.189540852152
 0.135055118104 0.0737871977692 0.116990314868 0.212987181170 0.213271802702 0.0888944017339 -0.0932804065087 -0.253960218021 -0.345333903354 -0.368148713408
# log_selcoffs_ind[3]:
 -0.202940821038 0.0202027052767 0.0202027052767 0.0202027052767 0.0202027052767 0.0202027052767 0.0202027052767 0.0202027052767 0.0202027052767 0.0202027052767
# log_selcoffs_ind[4]:
 -2.40485726112 -1.41321330068 -0.569003428384 -0.0567361089545 0.121212045214 0.203732761656 0.275653692102 0.348052475601 0.408081565266 0.446585431789
 -3.02179933083 -2.16796752287 -1.33483065299 -0.626206992784 -0.114987474232 0.233502068258 0.457488452024 0.572221591797 0.581389901482 0.556091005591
# log_selcoffs_ind[5]:
 -3.04452005677 -0.669616569639 0.101782682789 0.174353368097 0.174353368097 0.174353368097 0.174353368097 0.174353368097 0.174353368097 0.174353368097
# log_selcoffs_ind[6]:
 -3.04452005677 -0.669616569639 0.101782682789 0.174353368097 0.174353368097 0.174353368097 0.174353368097 0.174353368097 0.174353368097 0.174353368097
# log_selcoffs_ind[7]:
 -3.04452005677 -0.669616569639 0.101782682789 0.174353368097 0.174353368097 0.174353368097 0.174353368097 0.174353368097 0.174353368097 0.174353368097
# logsel_slope_ind[1]:
 0.00000000000 0.00000000000
# logsel_slope_ind[2]:
 0.00000000000 0.00000000000 0.00000000000
# logsel_slope_ind[3]:
 0.00000000000
# logsel_slope_ind[4]:
 0.00000000000 0.00000000000
# logsel_slope_ind[5]:
 0.00000000000
# logsel_slope_ind[6]:
 0.00000000000
# logsel_slope_ind[7]:
 0.00000000000
# sel50_ind[1]:
 0.00000000000 0.00000000000
# sel50_ind[2]:
 0.00000000000 0.00000000000 0.00000000000
# sel50_ind[3]:
 0.00000000000
# sel50_ind[4]:
 0.00000000000 0.00000000000
# sel50_ind[5]:
 0.00000000000
# sel50_ind[6]:
 0.00000000000
# sel50_ind[7]:
 0.00000000000
# logsel_p1_ind[1]:
 0.00000000000 0.00000000000
# logsel_p1_ind[2]:
 0.00000000000 0.00000000000 0.00000000000
# logsel_p1_ind[3]:
 0.00000000000
# logsel_p1_ind[4]:
 0.00000000000 0.00000000000
# logsel_p1_ind[5]:
 0.00000000000
# logsel_p1_ind[6]:
 0.00000000000
# logsel_p1_ind[7]:
 0.00000000000
# sel_p2_ind[1]:
 0.00000000000 0.00000000000
# sel_p2_ind[2]:
 0.00000000000 0.00000000000 0.00000000000
# sel_p2_ind[3]:
 0.00000000000
# sel_p2_ind[4]:
 0.00000000000 0.00000000000
# sel_p2_ind[5]:
 0.00000000000
# sel_p2_ind[6]:
 0.00000000000
# sel_p2_ind[7]:
 0.00000000000
# logsel_p3_ind[1]:
 0.00000000000 0.00000000000
# logsel_p3_ind[2]:
 0.00000000000 0.00000000000 0.00000000000
# logsel_p3_ind[3]:
 0.00000000000
# logsel_p3_ind[4]:
 0.00000000000 0.00000000000
# logsel_p3_ind[5]:
 0.00000000000
# logsel_p3_ind[6]:
 0.00000000000
# logsel_p3_ind[7]:
 0.00000000000
