# Number of parameters = 1322 Objective function value = 944.371648378772  Maximum gradient component = 0.000654388489155680
# Mest[1]:
0.280000000000
# Mest[2]:
0.330000000000
# log_Linf[1]:
4.38701417618
# log_Linf[2]:
4.38701417618
# log_k[1]:
-1.83258146375
# log_k[2]:
-1.83258146375
# log_Lo[1]:
2.75684036527
# log_Lo[2]:
2.75684036527
# log_sdage[1]:
-2.40794560865
# log_sdage[2]:
-2.40794560865
# mean_log_rec[1]:
9.41795644303
# mean_log_rec[2]:
8.10010675504
# mean_log_rec[3]:
7.25330783692
# steepness[1]:
0.650000000000
# steepness[2]:
0.650000000000
# steepness[3]:
0.650000000000
# log_Rzero[1]:
9.26282347860
# log_Rzero[2]:
8.16398617530
# log_Rzero[3]:
7.21806024571
# rec_dev:
 -0.0600316266479 -0.0778798612969 -0.100322538985 -0.128334355995 -0.162980678945 -0.205239235239 -0.254861976681 -0.310937324629 -0.375602445315 -0.449115499385 -0.525742580619 -0.594246678141 -0.668018274712 -0.746641839208 -0.858924775466 -0.873463302742 -0.630648208995 -0.427750720066 -0.164582728130 0.0584612466874 0.0940304930261 0.121443206838 0.216435671236 0.303012597600 0.831115739467 0.647579312378 0.668240259598 1.47562204089 1.36550151416 0.572643604707 0.0419105497066 0.340492749251 0.573001083893 0.668909481839 0.168929037925 0.197195829741 -0.0317169542905 0.136341708645 0.250153798421 0.319122729784 0.439783628653 0.524868564531 0.506806183168 0.387789908703 -0.0676501394789 -0.603248822842 -0.518281727994 -0.987690886834 -1.70020741793 -0.648628955379 -0.563128637890 -0.535025429446 -0.312401382521 -0.470518459980 -0.481399373525 0.625080508909 0.457694554082 0.167480304054
 -0.000528818060218 -0.000702184888903 -0.000913073040167 -0.00116046788080 -0.00143247712937 -0.00169894698490 -0.00189854089611 -0.00191161632209 -0.00181859208280 -0.00132363787064 -9.03861985826e-05 0.0338366376644 0.0342590931144 0.0343241272749 0.0333556710446 0.0241894355976 0.0101267139724 -0.0145757682705 -0.0640405677292 0.254327999802 -0.00159672827728 -0.363775650707 0.109628560218 0.550718994848 0.0200382408643 -0.598315489723 -0.342814695603 -0.0724171825202 0.480825494913 0.888301038443 -0.0157586958278 -0.0932869795863 -0.438259124931 0.0635874416727 -0.267187078628 -0.392942604876 0.293575164671 -0.122239894193 0.141371556331 -0.165275241126 1.13147950771 1.28100516910 -0.185991830756 0.902329248482 -1.08239991935 0.322191772872 0.721069618099 0.350015852369 -1.63033521306 -1.55007032076 0.429881486363 0.840657466756 -0.887209365275 -0.162835373048 -1.38458060712 -0.103177813908 0.0386340331475 -0.0522753546817
# log_sigmar[1]:
-0.510825623766
# log_sigmar[2]:
-0.510825623766
# log_sigmar[3]:
-0.510825623766
# fmort:
 0.00796295647520 0.0119975878268 0.00576283383313 0.00794314213376 0.0170057908670 0.0234404663009 0.0322195696392 0.0309389127491 0.0581609514156 0.0506485567484 0.0377210586444 0.0551534819090 0.113128515977 0.0437256771736 0.102146393869 0.0577532201020 0.00528124471196 0.0193796448564 0.0135593250518 0.0126784180581 0.0123462974170 0.0173486241293 0.0185637397774 0.0220632327818 0.0140905576507 0.0186718214550 0.0295089894106 0.0100124835833 0.00289240164509 0.00533503524657 0.00827656424028 0.0159978409797 0.00679169805973 0.0108579164310 0.0128886126966 0.0226065656876 0.0261812293663 0.0401577804487 0.0595075668353 0.0360655854339 0.0439302908284 0.00597497049951 0.00182486905619 0.00291218664053 0.00236710579599 0.00211144868197 0.00117808858547
 0.000735113279377 0.00113938876954 0.00182716922148 0.00332053863405 0.00268203652223 0.00545209422260 0.00910680110126 0.0123609550845 0.0191541110025 0.0234192892819 0.0264872916021 0.0558758225586 0.0707976894999 0.0539025404734 0.0756464522127 0.111069918126 0.138388378295 0.185396975276 0.230862703515 0.271038023089 0.286583097800 0.353561771647 0.460291172767 0.473047693412 0.586471436524 0.767515966979 0.727615875763 0.710700610004 0.414379431848 0.262001601935 0.170952069321 0.191336478997 0.201439258574 0.186616176516 0.187732389733 0.192838984819 0.205938677920 0.251929592994 0.223989490144 0.318060623577 0.181134734397 0.122918442212 0.0798923459680 0.0719438142877 0.0782842023848 0.0934735616582 0.0838473027323
 0.000697369047074 0.00136100944796 0.00332680078130 0.00715917368020 0.0230129144366 0.00716146565578 0.00922828495255 0.128043922664 0.143183940468 0.128548692553 0.137236079835 0.180729949654 0.0635681316353 0.0294538575481 0.0288779952623 0.0194662926383 0.0133302484061 0.0139305844975 0.0585393778242 0.0484505490022 0.0422006418585 0.0356335045793 0.0249862070232 0.0358292723014 0.0549933010058 0.215549129114 0.375188763292 0.856312611730 1.10568527761 0.299494253861 0.201137048782 0.679383470515 0.0811017933979 0.113857363201 0.0772679810673 0.0518527618823 0.150547220965 0.125734968792 0.108280093394 0.133512130788 0.0315159931986 0.173056084825 0.0848132665399 0.0604013573842 0.0632309105510 0.0240593885582 0.00921189248724
 6.17918088425e-05 6.35239107871e-05 0.000362538875757 6.88518794190e-05 7.26639733195e-05 7.76634230484e-05 8.75488299726e-05 0.000209519675077 0.00529080055209 0.0451000130728 0.0498986416242 0.0774371170738 0.168768345184 0.286328998382 0.476822923928 0.451708133174 0.461387666240 0.382768740301 0.285169723638 0.207637924480 0.150668319483 0.0770244845924 0.00555414036435 0.000163795636521 0.000203061583296 0.000291511324787 0.000421539384402 0.000566132403663 0.000632786876264 0.000576269093762 0.00105896292205 0.00735119139143 0.0229720147025 0.0397691093268 0.0655390465301 0.0504817136007 0.0759279616178 0.108608671700 0.135856405027 0.186761852492 0.182907961284 0.0560189943880 0.0352326758618 0.0320389590112 0.0410541753369 0.0383101120283 0.0185550018119
# log_selcoffs_fsh[1]:
 -3.49290556203 -1.86281467299 -0.887428800525 0.0405092705783 0.839669014194 0.949583380353 0.321023288751 -0.402258388837 -0.882565958232
 -3.07848592235 -1.43761553618 -0.747234568619 -0.0126433533325 0.715973573579 0.882641846209 0.400934340499 -0.236144229909 -0.675256950565
 -2.75877544786 -1.33909999802 -0.546266647504 0.201478712064 0.696900802878 0.716622474671 0.333901279795 -0.174220124288 -0.543544026622
 -2.36415394859 -1.12381628375 -0.538882945278 0.0437033984835 0.733589087829 0.722274479895 0.295887098818 -0.169312454581 -0.473777396873
 -1.73441270086 -0.241611202374 0.00345833718602 0.182383316282 0.386631847547 0.431156478436 0.207726739582 -0.113204901236 -0.357102113356
 -1.64544853284 -0.455234372026 0.467017152343 0.627275801487 0.250888738221 0.0749191293145 -0.0769431373610 -0.269854463292 -0.426720160964
 -1.39552679955 -0.336513083688 0.543042244925 0.723964810625 0.262227511820 -0.0801126790720 -0.272629521487 -0.407890129182 -0.502610288352
 -1.02636716229 -0.179541630508 0.587601886098 0.778721712942 0.188548539138 -0.200771453986 -0.420628890028 -0.531720407714 -0.583637093688
 -0.762997210997 0.243886554471 0.485564863548 0.599506918799 0.290903167147 -0.205747276273 -0.503481669258 -0.623844042135 -0.655382537112
 -0.527229471434 0.390767138329 0.581193666401 0.579677904512 0.142620606687 -0.335297723377 -0.627967348393 -0.730152444549 -0.746369688823
 -0.00837066224014 0.933424365976 0.465306410905 0.169628379710 -0.230058060455 -0.563733859389 -0.769193171244 -0.840947542172 -0.845110336875
 0.211016654596 0.885837397183 0.631011410445 0.130568717462 -0.434207801237 -0.735695350650 -0.888172278270 -0.939975893226 -0.936309912964
 -0.00846028160355 1.16196453509 0.659231644503 -0.0958353382214 -0.666316599897 -0.923185852990 -1.02503670530 -1.05249657268 -1.04525658331
 0.243892771385 1.20307718751 0.593362489797 -0.201143019066 -0.806900803220 -1.04708738813 -1.12612415601 -1.13872546501 -1.12740888964
 0.277796417303 1.25610762571 0.572659296182 -0.267944138533 -0.882398072279 -1.13065736751 -1.20957810332 -1.21875248857 -1.20531253077
 -0.114924121394 1.34459218385 0.676197627460 -0.241909921008 -0.931538634680 -1.20098260756 -1.28782680404 -1.29846193765 -1.28458765280
 -0.00434254500498 1.38582826042 0.604713766658 -0.296523856385 -0.980656028440 -1.25829054028 -1.35109287444 -1.36544734100 -1.35230579179
 0.557222921285 1.18754022383 0.637563341715 -0.326734098446 -1.02877506893 -1.30678962388 -1.40184239239 -1.41755050850 -1.40464651545
 0.867956375435 1.16902106646 0.395397859070 -0.445688340849 -1.09952819421 -1.37367208848 -1.46849953337 -1.48295318240 -1.46827263563
 0.609378304523 1.27933868200 0.548982172805 -0.443958639104 -1.16394045424 -1.44688279953 -1.53656302642 -1.54496483045 -1.52567531534
 0.685663543517 1.35593365432 0.383345103706 -0.576731085148 -1.25850978158 -1.52848364961 -1.61024141393 -1.61056754491 -1.58446048942
 0.690745753922 1.34360661608 0.485153755224 -0.649999652566 -1.36100604735 -1.61286116336 -1.67974486285 -1.66912289060 -1.63510871197
 0.866459886780 1.29658292129 0.385577024355 -0.664125152132 -1.39547037342 -1.66433061148 -1.73419751533 -1.71887766693 -1.67817005815
 0.534042859877 1.46673737540 0.395234318338 -0.663396230130 -1.38764646570 -1.67814926450 -1.76678295787 -1.75902887133 -1.71585182260
 0.619514468480 1.39015160218 0.447778670503 -0.549434844810 -1.30123361187 -1.64078292507 -1.76300031767 -1.77165540959 -1.73272204547
 0.615939581830 1.26817286617 0.593367519676 -0.304053394256 -1.17533999929 -1.57292674343 -1.72165171066 -1.75052692721 -1.72735949150
 0.215748080441 1.30570511743 0.719285669912 -0.125031269344 -1.04725731307 -1.47613679029 -1.65192768894 -1.70674744776 -1.70963598825
 0.268638465832 1.32181325129 0.658495888990 -0.206971779697 -0.997231808728 -1.39535945640 -1.58190545766 -1.66218503796 -1.68888421386
 1.14770080535 0.944228338771 0.319756311656 -0.391404974100 -1.01653211247 -1.34765423339 -1.52780838955 -1.62238273284 -1.66496481743
 0.915290909244 1.18838378542 0.313867162271 -0.493504630036 -1.04185128088 -1.31978780713 -1.48961298566 -1.59307837061 -1.64619003740
 0.776113231979 1.29892877215 0.242476694693 -0.497270460946 -1.00420373658 -1.28534493231 -1.45949994313 -1.57059864516 -1.63031784189
 0.634805414906 1.23842362018 0.463578401087 -0.319548514693 -0.910772229363 -1.23107231305 -1.42676577538 -1.54691937287 -1.61061227049
 0.209170819594 1.10130842211 0.834195251839 0.00292304598551 -0.740879962447 -1.16638569295 -1.40149179737 -1.53129133963 -1.59609125957
# log_selcoffs_fsh[2]:
 -2.05621043902 -0.123226765902 0.610865807038 0.865726461387 0.558141453984 -0.0270220228147 -0.456236531945 -0.685458045476 -0.765237212236 -0.808035689016
 -2.02479335943 -0.124445723251 -0.111457780018 0.403908787137 0.745428104043 0.507049568671 -0.0211002574039 -0.404091594362 -0.526314593217 -0.531733350504
 -2.53704111023 -0.773683239244 -0.310916112879 0.220486842262 0.700105009296 0.654117151545 0.189307646435 -0.191045434003 -0.295608931928 -0.269009317217
 -2.91923989858 -1.39645628466 -0.580403462402 -0.0707436943481 0.565147058253 0.735151606034 0.309574407751 0.00482602510825 -0.0364397378799 0.0293415603823
 -2.47425255915 -0.963463859251 -0.952812088525 -0.498473096546 0.265556897168 0.616861028084 0.366579155798 0.203571081050 0.251504524167 0.357193237147
 -2.06840942961 -0.988986446800 -0.827076676025 -0.782615629596 -0.328412604270 0.0819072813804 0.271867012089 0.411906056213 0.604695321094 0.764958414014
 -2.75974863108 -1.51083116886 -0.682063424068 -0.585339321857 -0.526071561435 -0.243748330081 0.0937885076123 0.434483241940 0.737667390859 0.934258392222
 -3.35057903869 -2.35153878016 -1.57702789308 -0.912759728366 -0.386125713790 -0.0219627237823 0.252313955995 0.453784137813 0.757687481033 0.959025772490
 -3.65483706231 -2.63912618859 -2.00724258027 -1.32047983633 -0.527428613723 0.00990123179311 0.401871269622 0.649402539642 0.786572904499 0.831342738459
 -3.74386969007 -2.53859642393 -1.84121761448 -1.35208396517 -0.876160158402 -0.236553366889 0.324673520382 0.818430516239 0.935185424076 0.730495755768
 -3.57434943759 -2.09787433285 -1.38692505861 -0.963824906429 -0.617830426495 -0.358891222273 0.127192272008 0.707844052698 0.941096706004 0.811985704032
 -3.47843942050 -2.00385745520 -1.20725007489 -0.793440174745 -0.449920388008 -0.133576876020 0.364554754142 0.682628825644 0.760467320470 0.699210945961
 -3.12228225799 -1.31659216347 -0.731248832675 -0.403124441403 -0.171538861978 -0.0989123161415 0.260647614986 0.523090597652 0.635793467428 0.650576597987
 -2.69710213886 -0.902424274243 -0.360778315702 -0.199361267804 -0.126981947564 -0.0208879911187 0.205500458301 0.403298749077 0.519443592317 0.556504192389
 -2.31084665944 -0.322850682320 -0.0887611351250 -0.233351054850 -0.326012820325 -0.189387435152 0.110247479613 0.339815411469 0.496414732343 0.563309487004
 -1.97869047718 -0.0261746844455 -0.163585962781 -0.333341679941 -0.465197909317 -0.317825739612 -0.00610397248163 0.281293457046 0.523035136414 0.673111937784
 -1.52871816356 -0.0446206516701 -0.156037844972 -0.316898278434 -0.484164465448 -0.436179917880 -0.138670257508 0.200731669310 0.536541177845 0.778080128815
 -1.69982263418 0.0492442665407 0.139847266978 -0.126626928885 -0.422117565290 -0.431987954692 -0.186295540041 0.147590075871 0.437989815562 0.637696379502
 -1.90416065061 -0.120334989509 0.188235176506 -0.0314183939449 -0.338744929054 -0.363847418373 -0.129693058239 0.176373952237 0.430646768268 0.571589156493
 -1.97079515481 -0.398536625809 -0.0889133110875 -0.0348026963833 -0.252135813573 -0.292326193711 -0.0634514914385 0.253586230052 0.503975352460 0.643179545269
 -2.03012207828 -0.493275332142 -0.0733905457312 0.0339248972946 -0.207124727385 -0.328015948843 -0.130695750535 0.210875903167 0.508440892316 0.686174014440
 -2.18747347202 -0.578167438054 -0.0502075601140 0.151494795047 -0.0697980697773 -0.221277163023 -0.0955522565006 0.156386804982 0.425815809224 0.625513621660
 -2.43132368464 -1.00954435334 -0.158499492651 0.292414215030 0.182344177760 -0.0409799082542 -0.00497093125142 0.146209388711 0.331736761099 0.500091436910
 -2.62974199436 -1.29626817166 -0.434415880297 0.126794897259 0.356796866944 0.199273430563 0.221322695409 0.270889563972 0.285059505457 0.287856953852
 -2.82854141630 -1.16550300330 -0.378337887758 -0.0880004335770 0.206889010801 0.304667122638 0.337539333264 0.379234076875 0.294841767969 0.212513295302
 -3.11510124187 -1.67073783422 -0.694129834372 0.126646467639 0.413908205744 0.382825589870 0.311632182843 0.323506769209 0.238553515151 0.128237726717
 -3.43667584660 -1.65786903075 -0.814571203120 0.202028464446 0.531038056293 0.504579922777 0.373989975330 0.260076329873 0.0734463657835 -0.0759926694388
 -3.74376454785 -1.47468415914 -0.800480124143 0.00293411619607 0.400439828440 0.417252224887 0.639905256990 0.402925985274 0.0316400289641 -0.150215073809
 -3.95736380317 -2.25719872676 -1.24049942250 -0.100990655966 0.459603232335 0.501261335040 0.690112081426 0.340141824571 0.0755489740473 -0.0291687951549
 -3.99482947066 -2.15749359934 -0.741978479952 0.0784920988283 0.644156803824 0.448594480282 0.282922193357 0.133317989689 0.127091350154 0.209063487052
 -3.76731374424 -1.63129900744 -0.543300417834 0.0638853078621 0.0942126929772 -0.0679196903384 0.0228991502220 0.206511351880 0.505490989947 0.784330316771
 -3.76423952136 -1.74695926203 -0.835704309241 -0.541834653125 -0.272190398976 -0.268494171971 -0.242037828710 0.194093118138 0.732714647438 1.15721643542
 -3.11930066143 -1.49822685374 -1.00388688029 -0.907714404500 -0.777320196544 -0.619072713084 -0.447858213178 0.0597534510914 0.838346244013 1.37401907710
 -2.96722313687 -1.67618708003 -1.01492121630 -0.836231664730 -0.752626270732 -0.626113739893 -0.380438623181 0.135192406141 0.833329503869 1.34302610835
# log_selcoffs_fsh[3]:
 -3.20342868785 -0.370214760494 1.39045893577 0.687982944076 -1.51133203733 -3.46035583616 -4.56925836070
 -3.34875057430 0.252421622536 1.33538651644 0.505815282274 -1.72749128225 -3.51288742128 -4.56683740820
# log_selcoffs_fsh[4]:
 -4.33594124400 -3.60857641543 -2.85930692849 -2.06578699859 -1.22748940556 -0.382452838025 0.386757480085 0.977227141867 1.30054636322
 -4.32868285877 -3.60616496764 -2.86187326475 -2.07234414436 -1.23553598799 -0.389057310011 0.384226290698 0.978291930496 1.30287098194
 -4.31491839653 -3.60166304352 -2.86755515520 -2.08548559798 -1.25032751236 -0.399188396216 0.381968103104 0.980211511045 1.30584568356
 -4.29529668507 -3.59321857527 -2.87470941269 -2.10866119131 -1.27524565374 -0.412311577928 0.380940894442 0.984851460272 1.30791904909
 -4.26885614334 -3.57678644183 -2.87417274963 -2.12828983005 -1.31181491625 -0.437448464260 0.381515876240 0.992644490575 1.30959067345
 -4.23675123368 -3.54762656946 -2.86210962542 -2.13963046186 -1.32606038817 -0.449173517900 0.383619001118 1.00063558440 1.30579807223
 -4.20847549632 -3.51453912336 -2.81737720168 -2.11687140046 -1.32527421037 -0.427962380763 0.416816082499 1.01041568137 1.27920099598
 -4.16804131475 -3.46945251285 -2.76472186127 -2.03845469807 -1.27228081181 -0.410501853757 0.423663919956 1.01010266468 1.26503585914
 -4.11315316104 -3.40355944117 -2.69866951234 -1.96943493337 -1.18176160702 -0.350992607927 0.439709596915 0.993835358952 1.24674465527
 -4.04821689302 -3.30492233297 -2.56910799113 -1.86015284315 -1.11419867878 -0.308686307110 0.438028662033 0.979233785163 1.23516259615
 -3.97724815062 -3.19691827709 -2.41183258733 -1.65391391452 -0.981689534562 -0.296820291059 0.406023053604 0.950939990136 1.23912489232
 -3.90890231983 -3.10923572015 -2.29481311327 -1.48280160970 -0.761155384341 -0.215693361663 0.352710585027 0.899436193021 1.23932350638
 -3.85906252874 -3.05148899494 -2.23857709448 -1.42897347352 -0.678839643966 -0.0831189518234 0.385746558289 0.857117999455 1.20325465133
 -3.81298728322 -3.00444323903 -2.19660221543 -1.40763043296 -0.683324129278 -0.0713240663712 0.438048610399 0.873987103572 1.16009170584
 -3.76128928058 -2.95603516094 -2.15597537085 -1.38141982216 -0.668412752734 -0.0498774114022 0.467993272968 0.879207656670 1.12754480247
 -3.70755978315 -2.90830389660 -2.11666124446 -1.35300390486 -0.646243688195 -0.0271421804063 0.488022645147 0.878805480014 1.10115980867
 -3.65309091285 -2.86112035879 -2.07770285880 -1.32312976808 -0.623501189809 -0.00909755730152 0.501185976799 0.878720406533 1.07836325630
 -3.59752696922 -2.81079712084 -2.03410491062 -1.28391905558 -0.584528473970 0.0198101073542 0.510386243407 0.863537924126 1.06120714067
 -3.54762154833 -2.76803562597 -1.99491061099 -1.26233607272 -0.568597476331 0.0467821263500 0.518087915590 0.862694484596 1.03915933690
 -3.48863576446 -2.72389716495 -1.95790473648 -1.22199950284 -0.566115554264 0.0297936694978 0.519358374671 0.851446558104 1.04594750196
 -3.43339460139 -2.69626009275 -1.95684941171 -1.21900229769 -0.536794253639 0.0259533135883 0.503505236959 0.855804569620 1.04547436799
 -3.38826436009 -2.68680048300 -1.98403312490 -1.28749618155 -0.578937868679 0.0408228895974 0.542614205491 0.877121431619 1.01451681887
 -3.30211296574 -2.65022575096 -1.99560508655 -1.34490476854 -0.695547552918 -0.0538304085271 0.499783216007 0.893648771648 1.08426807571
 -3.21385006872 -2.61766950391 -2.02848033127 -1.43547594677 -0.821642502148 -0.187526181298 0.415895273376 0.904646033044 1.18227548651
 -3.12291437343 -2.57186901282 -2.04114148291 -1.51336501434 -0.946277599636 -0.321992122709 0.321459395566 0.902436935629 1.27309767341
 -3.03258501575 -2.50864188688 -2.03132653146 -1.57295795582 -1.05774826593 -0.455486714547 0.214109739106 0.884785284351 1.35821360415
 -2.91944056303 -2.41396549164 -1.97910556486 -1.58030087259 -1.09616834851 -0.505878644284 0.142486542192 0.835600771714 1.41488404932
 -2.92224016017 -2.44323254484 -2.00503386695 -1.58219959752 -1.09491179368 -0.506059566194 0.167842400617 0.866654075179 1.39128330370
# log_sel_spl_fsh[1]:
 0.00000000000 0.00000000000 0.00000000000 0.00000000000
 0.00000000000 0.00000000000 0.00000000000 0.00000000000
 0.00000000000 0.00000000000 0.00000000000 0.00000000000
 0.00000000000 0.00000000000 0.00000000000 0.00000000000
 0.00000000000 0.00000000000 0.00000000000 0.00000000000
 0.00000000000 0.00000000000 0.00000000000 0.00000000000
 0.00000000000 0.00000000000 0.00000000000 0.00000000000
 0.00000000000 0.00000000000 0.00000000000 0.00000000000
 0.00000000000 0.00000000000 0.00000000000 0.00000000000
 0.00000000000 0.00000000000 0.00000000000 0.00000000000
 0.00000000000 0.00000000000 0.00000000000 0.00000000000
 0.00000000000 0.00000000000 0.00000000000 0.00000000000
 0.00000000000 0.00000000000 0.00000000000 0.00000000000
 0.00000000000 0.00000000000 0.00000000000 0.00000000000
 0.00000000000 0.00000000000 0.00000000000 0.00000000000
 0.00000000000 0.00000000000 0.00000000000 0.00000000000
 0.00000000000 0.00000000000 0.00000000000 0.00000000000
 0.00000000000 0.00000000000 0.00000000000 0.00000000000
 0.00000000000 0.00000000000 0.00000000000 0.00000000000
 0.00000000000 0.00000000000 0.00000000000 0.00000000000
 0.00000000000 0.00000000000 0.00000000000 0.00000000000
 0.00000000000 0.00000000000 0.00000000000 0.00000000000
 0.00000000000 0.00000000000 0.00000000000 0.00000000000
 0.00000000000 0.00000000000 0.00000000000 0.00000000000
 0.00000000000 0.00000000000 0.00000000000 0.00000000000
 0.00000000000 0.00000000000 0.00000000000 0.00000000000
 0.00000000000 0.00000000000 0.00000000000 0.00000000000
 0.00000000000 0.00000000000 0.00000000000 0.00000000000
 0.00000000000 0.00000000000 0.00000000000 0.00000000000
 0.00000000000 0.00000000000 0.00000000000 0.00000000000
 0.00000000000 0.00000000000 0.00000000000 0.00000000000
 0.00000000000 0.00000000000 0.00000000000 0.00000000000
 0.00000000000 0.00000000000 0.00000000000 0.00000000000
# log_sel_spl_fsh[2]:
 0.00000000000 0.00000000000 0.00000000000 0.00000000000
 0.00000000000 0.00000000000 0.00000000000 0.00000000000
 0.00000000000 0.00000000000 0.00000000000 0.00000000000
 0.00000000000 0.00000000000 0.00000000000 0.00000000000
 0.00000000000 0.00000000000 0.00000000000 0.00000000000
 0.00000000000 0.00000000000 0.00000000000 0.00000000000
 0.00000000000 0.00000000000 0.00000000000 0.00000000000
 0.00000000000 0.00000000000 0.00000000000 0.00000000000
 0.00000000000 0.00000000000 0.00000000000 0.00000000000
 0.00000000000 0.00000000000 0.00000000000 0.00000000000
 0.00000000000 0.00000000000 0.00000000000 0.00000000000
 0.00000000000 0.00000000000 0.00000000000 0.00000000000
 0.00000000000 0.00000000000 0.00000000000 0.00000000000
 0.00000000000 0.00000000000 0.00000000000 0.00000000000
 0.00000000000 0.00000000000 0.00000000000 0.00000000000
 0.00000000000 0.00000000000 0.00000000000 0.00000000000
 0.00000000000 0.00000000000 0.00000000000 0.00000000000
 0.00000000000 0.00000000000 0.00000000000 0.00000000000
 0.00000000000 0.00000000000 0.00000000000 0.00000000000
 0.00000000000 0.00000000000 0.00000000000 0.00000000000
 0.00000000000 0.00000000000 0.00000000000 0.00000000000
 0.00000000000 0.00000000000 0.00000000000 0.00000000000
 0.00000000000 0.00000000000 0.00000000000 0.00000000000
 0.00000000000 0.00000000000 0.00000000000 0.00000000000
 0.00000000000 0.00000000000 0.00000000000 0.00000000000
 0.00000000000 0.00000000000 0.00000000000 0.00000000000
 0.00000000000 0.00000000000 0.00000000000 0.00000000000
 0.00000000000 0.00000000000 0.00000000000 0.00000000000
 0.00000000000 0.00000000000 0.00000000000 0.00000000000
 0.00000000000 0.00000000000 0.00000000000 0.00000000000
 0.00000000000 0.00000000000 0.00000000000 0.00000000000
 0.00000000000 0.00000000000 0.00000000000 0.00000000000
 0.00000000000 0.00000000000 0.00000000000 0.00000000000
 0.00000000000 0.00000000000 0.00000000000 0.00000000000
# log_sel_spl_fsh[3]:
 0.00000000000 0.00000000000 0.00000000000 0.00000000000
 0.00000000000 0.00000000000 0.00000000000 0.00000000000
# log_sel_spl_fsh[4]:
 0.00000000000 0.00000000000 0.00000000000 0.00000000000
 0.00000000000 0.00000000000 0.00000000000 0.00000000000
 0.00000000000 0.00000000000 0.00000000000 0.00000000000
 0.00000000000 0.00000000000 0.00000000000 0.00000000000
 0.00000000000 0.00000000000 0.00000000000 0.00000000000
 0.00000000000 0.00000000000 0.00000000000 0.00000000000
 0.00000000000 0.00000000000 0.00000000000 0.00000000000
 0.00000000000 0.00000000000 0.00000000000 0.00000000000
 0.00000000000 0.00000000000 0.00000000000 0.00000000000
 0.00000000000 0.00000000000 0.00000000000 0.00000000000
 0.00000000000 0.00000000000 0.00000000000 0.00000000000
 0.00000000000 0.00000000000 0.00000000000 0.00000000000
 0.00000000000 0.00000000000 0.00000000000 0.00000000000
 0.00000000000 0.00000000000 0.00000000000 0.00000000000
 0.00000000000 0.00000000000 0.00000000000 0.00000000000
 0.00000000000 0.00000000000 0.00000000000 0.00000000000
 0.00000000000 0.00000000000 0.00000000000 0.00000000000
 0.00000000000 0.00000000000 0.00000000000 0.00000000000
 0.00000000000 0.00000000000 0.00000000000 0.00000000000
 0.00000000000 0.00000000000 0.00000000000 0.00000000000
 0.00000000000 0.00000000000 0.00000000000 0.00000000000
 0.00000000000 0.00000000000 0.00000000000 0.00000000000
 0.00000000000 0.00000000000 0.00000000000 0.00000000000
 0.00000000000 0.00000000000 0.00000000000 0.00000000000
 0.00000000000 0.00000000000 0.00000000000 0.00000000000
 0.00000000000 0.00000000000 0.00000000000 0.00000000000
 0.00000000000 0.00000000000 0.00000000000 0.00000000000
 0.00000000000 0.00000000000 0.00000000000 0.00000000000
# logsel_slope_fsh[1]:
 0.00000000000 0.00000000000 0.00000000000 0.00000000000 0.00000000000 0.00000000000 0.00000000000 0.00000000000 0.00000000000 0.00000000000 0.00000000000 0.00000000000 0.00000000000 0.00000000000 0.00000000000 0.00000000000 0.00000000000 0.00000000000 0.00000000000 0.00000000000 0.00000000000 0.00000000000 0.00000000000 0.00000000000 0.00000000000 0.00000000000 0.00000000000 0.00000000000 0.00000000000 0.00000000000 0.00000000000 0.00000000000 0.00000000000
# logsel_slope_fsh[2]:
 0.00000000000 0.00000000000 0.00000000000 0.00000000000 0.00000000000 0.00000000000 0.00000000000 0.00000000000 0.00000000000 0.00000000000 0.00000000000 0.00000000000 0.00000000000 0.00000000000 0.00000000000 0.00000000000 0.00000000000 0.00000000000 0.00000000000 0.00000000000 0.00000000000 0.00000000000 0.00000000000 0.00000000000 0.00000000000 0.00000000000 0.00000000000 0.00000000000 0.00000000000 0.00000000000 0.00000000000 0.00000000000 0.00000000000 0.00000000000
# logsel_slope_fsh[3]:
 0.00000000000 0.00000000000
# logsel_slope_fsh[4]:
 0.00000000000 0.00000000000 0.00000000000 0.00000000000 0.00000000000 0.00000000000 0.00000000000 0.00000000000 0.00000000000 0.00000000000 0.00000000000 0.00000000000 0.00000000000 0.00000000000 0.00000000000 0.00000000000 0.00000000000 0.00000000000 0.00000000000 0.00000000000 0.00000000000 0.00000000000 0.00000000000 0.00000000000 0.00000000000 0.00000000000 0.00000000000 0.00000000000
# sel50_fsh[1]:
 0.00000000000 0.00000000000 0.00000000000 0.00000000000 0.00000000000 0.00000000000 0.00000000000 0.00000000000 0.00000000000 0.00000000000 0.00000000000 0.00000000000 0.00000000000 0.00000000000 0.00000000000 0.00000000000 0.00000000000 0.00000000000 0.00000000000 0.00000000000 0.00000000000 0.00000000000 0.00000000000 0.00000000000 0.00000000000 0.00000000000 0.00000000000 0.00000000000 0.00000000000 0.00000000000 0.00000000000 0.00000000000 0.00000000000
# sel50_fsh[2]:
 0.00000000000 0.00000000000 0.00000000000 0.00000000000 0.00000000000 0.00000000000 0.00000000000 0.00000000000 0.00000000000 0.00000000000 0.00000000000 0.00000000000 0.00000000000 0.00000000000 0.00000000000 0.00000000000 0.00000000000 0.00000000000 0.00000000000 0.00000000000 0.00000000000 0.00000000000 0.00000000000 0.00000000000 0.00000000000 0.00000000000 0.00000000000 0.00000000000 0.00000000000 0.00000000000 0.00000000000 0.00000000000 0.00000000000 0.00000000000
# sel50_fsh[3]:
 0.00000000000 0.00000000000
# sel50_fsh[4]:
 0.00000000000 0.00000000000 0.00000000000 0.00000000000 0.00000000000 0.00000000000 0.00000000000 0.00000000000 0.00000000000 0.00000000000 0.00000000000 0.00000000000 0.00000000000 0.00000000000 0.00000000000 0.00000000000 0.00000000000 0.00000000000 0.00000000000 0.00000000000 0.00000000000 0.00000000000 0.00000000000 0.00000000000 0.00000000000 0.00000000000 0.00000000000 0.00000000000
# logsel_p1_fsh[1]:
 0.00000000000 0.00000000000 0.00000000000 0.00000000000 0.00000000000 0.00000000000 0.00000000000 0.00000000000 0.00000000000 0.00000000000 0.00000000000 0.00000000000 0.00000000000 0.00000000000 0.00000000000 0.00000000000 0.00000000000 0.00000000000 0.00000000000 0.00000000000 0.00000000000 0.00000000000 0.00000000000 0.00000000000 0.00000000000 0.00000000000 0.00000000000 0.00000000000 0.00000000000 0.00000000000 0.00000000000 0.00000000000 0.00000000000
# logsel_p1_fsh[2]:
 0.00000000000 0.00000000000 0.00000000000 0.00000000000 0.00000000000 0.00000000000 0.00000000000 0.00000000000 0.00000000000 0.00000000000 0.00000000000 0.00000000000 0.00000000000 0.00000000000 0.00000000000 0.00000000000 0.00000000000 0.00000000000 0.00000000000 0.00000000000 0.00000000000 0.00000000000 0.00000000000 0.00000000000 0.00000000000 0.00000000000 0.00000000000 0.00000000000 0.00000000000 0.00000000000 0.00000000000 0.00000000000 0.00000000000 0.00000000000
# logsel_p1_fsh[3]:
 0.00000000000 0.00000000000
# logsel_p1_fsh[4]:
 0.00000000000 0.00000000000 0.00000000000 0.00000000000 0.00000000000 0.00000000000 0.00000000000 0.00000000000 0.00000000000 0.00000000000 0.00000000000 0.00000000000 0.00000000000 0.00000000000 0.00000000000 0.00000000000 0.00000000000 0.00000000000 0.00000000000 0.00000000000 0.00000000000 0.00000000000 0.00000000000 0.00000000000 0.00000000000 0.00000000000 0.00000000000 0.00000000000
# sel_p2_fsh[1]:
 0.00000000000 0.00000000000 0.00000000000 0.00000000000 0.00000000000 0.00000000000 0.00000000000 0.00000000000 0.00000000000 0.00000000000 0.00000000000 0.00000000000 0.00000000000 0.00000000000 0.00000000000 0.00000000000 0.00000000000 0.00000000000 0.00000000000 0.00000000000 0.00000000000 0.00000000000 0.00000000000 0.00000000000 0.00000000000 0.00000000000 0.00000000000 0.00000000000 0.00000000000 0.00000000000 0.00000000000 0.00000000000 0.00000000000
# sel_p2_fsh[2]:
 0.00000000000 0.00000000000 0.00000000000 0.00000000000 0.00000000000 0.00000000000 0.00000000000 0.00000000000 0.00000000000 0.00000000000 0.00000000000 0.00000000000 0.00000000000 0.00000000000 0.00000000000 0.00000000000 0.00000000000 0.00000000000 0.00000000000 0.00000000000 0.00000000000 0.00000000000 0.00000000000 0.00000000000 0.00000000000 0.00000000000 0.00000000000 0.00000000000 0.00000000000 0.00000000000 0.00000000000 0.00000000000 0.00000000000 0.00000000000
# sel_p2_fsh[3]:
 0.00000000000 0.00000000000
# sel_p2_fsh[4]:
 0.00000000000 0.00000000000 0.00000000000 0.00000000000 0.00000000000 0.00000000000 0.00000000000 0.00000000000 0.00000000000 0.00000000000 0.00000000000 0.00000000000 0.00000000000 0.00000000000 0.00000000000 0.00000000000 0.00000000000 0.00000000000 0.00000000000 0.00000000000 0.00000000000 0.00000000000 0.00000000000 0.00000000000 0.00000000000 0.00000000000 0.00000000000 0.00000000000
# logsel_p3_fsh[1]:
 0.00000000000 0.00000000000 0.00000000000 0.00000000000 0.00000000000 0.00000000000 0.00000000000 0.00000000000 0.00000000000 0.00000000000 0.00000000000 0.00000000000 0.00000000000 0.00000000000 0.00000000000 0.00000000000 0.00000000000 0.00000000000 0.00000000000 0.00000000000 0.00000000000 0.00000000000 0.00000000000 0.00000000000 0.00000000000 0.00000000000 0.00000000000 0.00000000000 0.00000000000 0.00000000000 0.00000000000 0.00000000000 0.00000000000
# logsel_p3_fsh[2]:
 0.00000000000 0.00000000000 0.00000000000 0.00000000000 0.00000000000 0.00000000000 0.00000000000 0.00000000000 0.00000000000 0.00000000000 0.00000000000 0.00000000000 0.00000000000 0.00000000000 0.00000000000 0.00000000000 0.00000000000 0.00000000000 0.00000000000 0.00000000000 0.00000000000 0.00000000000 0.00000000000 0.00000000000 0.00000000000 0.00000000000 0.00000000000 0.00000000000 0.00000000000 0.00000000000 0.00000000000 0.00000000000 0.00000000000 0.00000000000
# logsel_p3_fsh[3]:
 0.00000000000 0.00000000000
# logsel_p3_fsh[4]:
 0.00000000000 0.00000000000 0.00000000000 0.00000000000 0.00000000000 0.00000000000 0.00000000000 0.00000000000 0.00000000000 0.00000000000 0.00000000000 0.00000000000 0.00000000000 0.00000000000 0.00000000000 0.00000000000 0.00000000000 0.00000000000 0.00000000000 0.00000000000 0.00000000000 0.00000000000 0.00000000000 0.00000000000 0.00000000000 0.00000000000 0.00000000000 0.00000000000
# rec_dev_future:
 0.00000000000 0.00000000000 0.00000000000 0.00000000000 0.00000000000 0.00000000000 0.00000000000 0.00000000000 0.00000000000 0.00000000000 0.00000000000 0.00000000000 0.00000000000 0.00000000000 0.00000000000 0.00000000000 0.00000000000 0.00000000000 0.00000000000 0.00000000000
 0.00000000000 0.00000000000 0.00000000000 0.00000000000 0.00000000000 0.00000000000 0.00000000000 0.00000000000 0.00000000000 0.00000000000 0.00000000000 0.00000000000 0.00000000000 0.00000000000 0.00000000000 0.00000000000 0.00000000000 0.00000000000 0.00000000000 0.00000000000
# log_q_ind[1]:
0.0422169992938
# log_q_ind[2]:
-2.93073979462
# log_q_ind[3]:
-9.48883156174
# log_q_ind[4]:
-0.633065586258
# log_q_ind[5]:
-3.81678987763
# log_q_ind[6]:
-6.23538359209
# log_q_ind[7]:
-0.578678656982
# log_q_power_ind[1]:
0.00000000000
# log_q_power_ind[2]:
0.00000000000
# log_q_power_ind[3]:
0.00000000000
# log_q_power_ind[4]:
0.00000000000
# log_q_power_ind[5]:
0.00000000000
# log_q_power_ind[6]:
0.00000000000
# log_q_power_ind[7]:
0.00000000000
# log_rw_q_ind[1]:
 -0.944002156432
# log_rw_q_ind[3]:
 -0.615878217345
# log_selcoffs_ind[1]:
 -1.69749913839 -0.953541793227 -0.421275278332 -0.0711454024922 0.129351510489 0.242356251735 0.297251131521 0.314149504683 0.309993440744 0.302285408864
 -2.30093826328 -1.52641738685 -0.797191612054 -0.202033748788 0.185462071313 0.378553262037 0.422899436646 0.394381048749 0.339503604784 0.290294076101
# log_selcoffs_ind[2]:
 -0.280150752678 -0.500378635003 -0.890325155024 -1.20387128987 -1.26887495477 -1.02193700681 -0.513587866433 0.142531342198 0.785684360164 1.20626702944
 0.244873159674 -0.234945813818 -0.636448938070 -0.915377199191 -0.976825722869 -0.787697626609 -0.384446893601 0.128192703541 0.609523292974 0.921813276946
# log_selcoffs_ind[3]:
 -0.202940821038 0.0202027052767 0.0202027052767 0.0202027052767 0.0202027052767 0.0202027052767 0.0202027052767 0.0202027052767 0.0202027052767 0.0202027052767
# log_selcoffs_ind[4]:
 -0.303635401041 -0.212712208914 -0.130502413553 -0.0726135552295 -0.0307311614934 0.0139158978955 0.0672651777761 0.127180255513 0.184502254624 0.226575160325
 -0.953897166471 -0.742238727180 -0.530730580671 -0.313887778513 -0.104715948418 0.0848400852584 0.245186933715 0.364346032482 0.432398396319 0.452625732565
# log_selcoffs_ind[5]:
 -3.04452005677 -0.669616569639 0.101782682789 0.174353368097 0.174353368097 0.174353368097 0.174353368097 0.174353368097 0.174353368097 0.174353368097
# log_selcoffs_ind[6]:
 -3.04452005677 -0.669616569639 0.101782682789 0.174353368097 0.174353368097 0.174353368097 0.174353368097 0.174353368097 0.174353368097 0.174353368097
# log_selcoffs_ind[7]:
 -3.04452005677 -0.669616569639 0.101782682789 0.174353368097 0.174353368097 0.174353368097 0.174353368097 0.174353368097 0.174353368097 0.174353368097
# logsel_slope_ind[1]:
 0.00000000000 0.00000000000
# logsel_slope_ind[2]:
 0.00000000000 0.00000000000
# logsel_slope_ind[3]:
 0.00000000000
# logsel_slope_ind[4]:
 0.00000000000 0.00000000000
# logsel_slope_ind[5]:
 0.00000000000
# logsel_slope_ind[6]:
 0.00000000000
# logsel_slope_ind[7]:
 0.00000000000
# sel50_ind[1]:
 0.00000000000 0.00000000000
# sel50_ind[2]:
 0.00000000000 0.00000000000
# sel50_ind[3]:
 0.00000000000
# sel50_ind[4]:
 0.00000000000 0.00000000000
# sel50_ind[5]:
 0.00000000000
# sel50_ind[6]:
 0.00000000000
# sel50_ind[7]:
 0.00000000000
# logsel_p1_ind[1]:
 0.00000000000 0.00000000000
# logsel_p1_ind[2]:
 0.00000000000 0.00000000000
# logsel_p1_ind[3]:
 0.00000000000
# logsel_p1_ind[4]:
 0.00000000000 0.00000000000
# logsel_p1_ind[5]:
 0.00000000000
# logsel_p1_ind[6]:
 0.00000000000
# logsel_p1_ind[7]:
 0.00000000000
# sel_p2_ind[1]:
 0.00000000000 0.00000000000
# sel_p2_ind[2]:
 0.00000000000 0.00000000000
# sel_p2_ind[3]:
 0.00000000000
# sel_p2_ind[4]:
 0.00000000000 0.00000000000
# sel_p2_ind[5]:
 0.00000000000
# sel_p2_ind[6]:
 0.00000000000
# sel_p2_ind[7]:
 0.00000000000
# logsel_p3_ind[1]:
 0.00000000000 0.00000000000
# logsel_p3_ind[2]:
 0.00000000000 0.00000000000
# logsel_p3_ind[3]:
 0.00000000000
# logsel_p3_ind[4]:
 0.00000000000 0.00000000000
# logsel_p3_ind[5]:
 0.00000000000
# logsel_p3_ind[6]:
 0.00000000000
# logsel_p3_ind[7]:
 0.00000000000
