# Number of parameters = 1400 Objective function value = 1216.42267256465  Maximum gradient component = 0.166141671929287
# Mest[1]:
0.230000000000
# Mest[2]:
0.330000000000
# log_Linf[1]:
4.30945594184
# log_Linf[2]:
4.38701417618
# log_k[1]:
-1.83258146375
# log_k[2]:
-1.83258146375
# log_Lo[1]:
2.89037175790
# log_Lo[2]:
2.89037175790
# log_sdage[1]:
-2.40794560865
# log_sdage[2]:
-2.40794560865
# mean_log_rec[1]:
9.51415591316
# mean_log_rec[2]:
8.35472217776
# mean_log_rec[3]:
7.67375051557
# steepness[1]:
0.650000000000
# steepness[2]:
0.650000000000
# steepness[3]:
0.650000000000
# log_Rzero[1]:
9.06937671221
# log_Rzero[2]:
8.40169618984
# log_Rzero[3]:
7.43095777837
# rec_dev:
 -0.420857169908 -0.491677088562 -0.568845518771 -0.653264678754 -0.742650157750 -0.832881767593 -0.799789927572 -0.803891547125 -0.567509113700 -0.429849992903 -0.351980659114 -0.246035425942 -0.371505015191 -0.417393052679 -0.446691298087 -0.365929643194 -0.0804441195042 0.237090028301 0.327946342890 0.347544325360 0.445748274158 0.460781732243 0.830098395643 0.842349407500 0.677237068366 1.46708067728 1.60260285298 0.682969754171 0.138831305729 0.370776040484 0.715889910007 0.735475409775 0.519107948919 0.291108379778 0.176516916646 0.229217195911 0.314464105839 0.440958691835 0.579466235467 0.551919340563 0.707502198523 0.633380067211 0.480987208903 -0.181097465596 -0.462998580183 -0.755253856537 -1.50859590545 -0.974470851526 -0.801153197297 -0.830967255740 -1.09957607126 -0.976170034704 -0.743293711495 -0.322583633780 -0.366597638840 -0.387828029162 -0.659169830782 -0.156078671793 0.686169475401 0.345789574953
 -0.000156866319797 -0.000198487735325 -0.000235647174696 -0.000260684791973 -0.000253252303752 -0.000180601801137 1.39171195208e-05 0.000449741682147 0.000981390598829 0.00185981391479 0.00313632707296 0.0270874587296 0.0277424142026 0.0282216434565 0.0283067141725 0.0262387075106 0.0187143057683 0.00552112759561 -0.0503761654703 0.356510020433 -0.0172403686673 -0.113435780317 -0.00141409706159 0.415188706830 -0.0345122116829 -0.242665416611 -0.532570886377 -0.0434662728220 0.371703869632 0.897890307266 0.274802048589 0.242100026244 -0.460822029375 -0.00192443191833 -0.449562055672 -0.673079094443 -0.00767084318430 0.0679916562265 0.0330289214036 -0.112533736939 0.608455111121 1.22704323483 -0.301164999423 0.697682862101 -0.679371563964 -0.154832348218 0.758349685622 0.0582162694968 -1.20469444007 -1.95994373778 -0.446994462766 0.890344142272 -0.586092157973 -0.155377202028 -1.53225482013 -0.387635017867 -0.638907705828 -0.130149602178 1.26861245445 0.0357328794618
# log_sigmar[1]:
-0.510825623766
# log_sigmar[2]:
-0.510825623766
# log_sigmar[3]:
-0.510825623766
# fmort:
 0.0114901099710 0.0167460984025 0.00745107237402 0.00911916220079 0.0170471412671 0.0208745806102 0.0259430608686 0.0234966434965 0.0494763690871 0.0440170605194 0.0306608022456 0.0450360430358 0.0910089668831 0.0354165224176 0.0856721793276 0.0528141622278 0.00503382683710 0.0226838208682 0.0169923562052 0.0154375035990 0.0139419378138 0.0195652884342 0.0213636727317 0.0259954446931 0.0156058207370 0.0209497651880 0.0342591456281 0.0126876231019 0.00403785291553 0.00663654659857 0.0103155249507 0.0208830471812 0.00831589948293 0.0122369106754 0.0136368534031 0.0216165910496 0.0275267120941 0.0420237463590 0.0564301855953 0.0502681729650 0.0781291879157 0.0125850095523 0.00470472757923 0.00557186917156 0.00533187625284 0.00692907481830 0.00516627900753 0.00757709578267 0.00213354827982
 0.00141334066788 0.00209332452165 0.00306386404499 0.00488969821839 0.00342965009864 0.00622211635658 0.00838083069153 0.0127551823255 0.0220934312173 0.0274919075487 0.0309354088126 0.0627843516152 0.0851719621461 0.0618246248830 0.0780902928231 0.104910118442 0.120195356375 0.171298127718 0.202934448434 0.228339193103 0.229048088162 0.288135655313 0.366583282376 0.364619669645 0.472222518781 0.634420301897 0.617362023218 0.626803574936 0.378765923398 0.238936201766 0.176363091306 0.204309178401 0.206857380212 0.189480058491 0.187575292100 0.189870044350 0.202120656253 0.242733274224 0.206204056573 0.289124597279 0.171571836249 0.119377633273 0.0965032826265 0.0813431348385 0.0728496021090 0.0770574975390 0.0782383511842 0.0754737211241 0.0788190938682
 0.000579825523744 0.00112994663459 0.00280526834563 0.00600303228127 0.0191503399497 0.00594844207432 0.00758918033867 0.102371437024 0.104053627859 0.0838053436687 0.0842003018904 0.112897449592 0.0362809259603 0.0216190065957 0.0251567799767 0.0184400883206 0.0101093777071 0.0114930473863 0.0439748615429 0.0364384045360 0.0321601011888 0.0263184910132 0.0155888350749 0.0268890330013 0.0449600433897 0.212701479587 0.362572723898 0.685984918430 0.601676379415 0.161484170612 0.117324582680 0.367861423549 0.0535945516383 0.0728956319950 0.0627679695580 0.0405952636198 0.100101468639 0.0838197632114 0.0936983247281 0.111386440422 0.0287603909886 0.140680949000 0.0677545287085 0.0411666219425 0.0444414467868 0.0179615062372 0.00861050423437 0.00420136719275 0.0120397746489
 2.17881268583e-13 2.24820162487e-13 0.000578802452108 2.35922392733e-13 2.32314167903e-13 2.25652829755e-13 3.36925183503e-06 0.000229510542672 0.00498837188058 0.0317090832870 0.0296719628716 0.0386518246892 0.0916926987851 0.109377631359 0.149346800882 0.123028225771 0.113525985071 0.111320055840 0.104498448887 0.0805453679870 0.0645409633760 0.0408474079988 0.00348876804758 2.17326157070e-13 2.41473507856e-13 3.60822483003e-13 4.48530101949e-13 6.77236045021e-13 7.90478793533e-13 3.58350501994e-06 0.000657073256151 0.00459145075436 0.0138365060538 0.0266800080028 0.0467424751159 0.0396412493493 0.0597957486040 0.0913440053670 0.116846065658 0.160315341914 0.155267790950 0.0419175857320 0.0277200425851 0.0266411709788 0.0270804346591 0.0330738326346 0.0188453585775 0.0146640843309 0.00999901390500
# log_selcoffs_fsh[1]:
 -5.19613379454 -3.98014298070 -2.67079993358 -1.38264702300 -0.373217669757 0.501500056082 1.11807497562 0.924329663086 -0.305412876975
 -4.92615811144 -3.63752470005 -2.27156498765 -1.07471855706 -0.283448405378 0.440336501407 1.00374088458 0.858442478826 0.120020747032
 -4.64056863317 -3.36635001774 -2.08402655800 -0.962614612506 -0.142429525765 0.538588734216 0.902703702387 0.734130266794 0.276680751779
 -4.31082509325 -2.99565356155 -1.82664874850 -0.827274311881 -0.180136484965 0.412492691688 0.895926388479 0.756393402948 0.345336622211
 -4.01974949083 -2.65176827253 -1.27515997655 -0.292092699645 0.177204639381 0.443394183258 0.617509042061 0.576120994564 0.405559647954
 -3.79430802146 -2.51751194366 -1.35840527805 -0.378442343766 0.515072568738 0.709550149518 0.475507172775 0.321928798138 0.230628053128
 -3.56424319669 -2.31024302100 -1.20795347856 -0.282544633057 0.542007412979 0.770488530034 0.476136511537 0.207418123229 0.0945433273127
 -3.33230903750 -2.00314163145 -0.978653496291 -0.123631416134 0.600990658582 0.761038272909 0.403996866699 0.116085735074 -0.0155778649753
 -3.13638700670 -1.76760869590 -0.573811778485 0.140712400771 0.529979247583 0.630465751399 0.411606194286 0.0755003531458 -0.0983777827023
 -2.93302205519 -1.45106584645 -0.228358254046 0.211238138924 0.548231891073 0.582938217217 0.310875030632 -0.0307303414069 -0.191696904350
 -2.74434140084 -1.07707518623 0.403907117763 0.465121151320 0.366759716846 0.292852401840 0.0878327249926 -0.146038905925 -0.266544965635
 -2.56042935800 -0.821165753812 0.388287341519 0.514546769954 0.477427758032 0.241752966470 -0.0449968302644 -0.244936305984 -0.340634163874
 -2.44868767057 -0.868033413782 0.411667601156 0.765171317784 0.464614432855 0.0828712739537 -0.204759261484 -0.367638091658 -0.430617312297
 -2.29791931163 -0.773686207545 0.436956579738 0.835780324875 0.439652967179 0.0164804173686 -0.281651355010 -0.436010991681 -0.488268791631
 -2.40198727904 -0.826119006887 0.592107456587 0.855380160562 0.370522826999 -0.0397012683790 -0.328756353206 -0.493581915042 -0.558910034454
 -2.36757487225 -0.854779068750 0.608317439747 0.815211412220 0.426068094256 -0.00523054243806 -0.330410985102 -0.521343906477 -0.605931789933
 -2.18620145115 -0.659132325432 0.740393986613 0.711934701141 0.354703116867 -0.0199352003916 -0.335203735326 -0.536810444492 -0.635172976563
 -1.87011329627 -0.382063176395 0.505661029124 0.786415279759 0.433848224013 -0.0272597050305 -0.354583134611 -0.555520388985 -0.657170127071
 -1.78578321102 -0.364980726520 0.791297173961 0.743018212312 0.253096885726 -0.138151995813 -0.432640600146 -0.623943287266 -0.721544046337
 -1.60465645180 -0.291352830859 0.721919530951 0.765265376057 0.339034405387 -0.147106448125 -0.489672958220 -0.685995339494 -0.775148238497
 -1.48737909200 -0.136213220933 0.857817266980 0.746618138430 0.195321607393 -0.262772543959 -0.586941337153 -0.769738987492 -0.844574568928
 -1.37398723114 -0.135080840733 0.695045764021 0.935303336523 0.274291671376 -0.364410618629 -0.710741037021 -0.867188529196 -0.916648839951
 -1.27936852320 0.146036731512 0.903750671936 0.772007466599 0.0893664775315 -0.466282115294 -0.804913370331 -0.947782324294 -0.978010286077
 -1.41566539705 -0.0478552466262 0.883098964887 0.972320020402 0.0464175239716 -0.561464388651 -0.888256085806 -1.02331896686 -1.04170608409
 -1.50612372372 -0.164665838711 0.885432228933 0.976318725890 0.129749015607 -0.512980334803 -0.880634761350 -1.03828261139 -1.06269209919
 -1.41053856793 0.0727363791139 0.738681194709 0.872298288347 0.249783635407 -0.332147313746 -0.782111354724 -0.982454336412 -1.01609501660
 -1.50726796671 -0.224210309766 0.662660802900 0.954671665434 0.300903622011 -0.227499915905 -0.682716450114 -0.904562670030 -0.957084029905
 -1.50146694065 -0.157400059286 0.761286571997 0.821384140928 0.254164627160 -0.223028888361 -0.599605117382 -0.805169795580 -0.861224347455
 -1.35348662954 0.406101659820 0.718287696934 0.528183664067 0.104521884277 -0.245548258274 -0.503272383671 -0.664541607976 -0.728928779422
 -1.46542881340 0.0934279100469 0.652412835403 0.747135670379 0.117405981416 -0.261870738728 -0.450157603609 -0.560966077705 -0.620630039947
 -1.52788944993 0.0208115433419 0.874376873720 0.453928493618 0.0213934880500 -0.210894868019 -0.343214043465 -0.442122533953 -0.500098272880
 -1.45173759507 0.0125045682577 0.627897903036 0.410709895841 0.124340342361 -0.0574119755467 -0.179585921748 -0.281905995713 -0.349372011685
 -1.41255719067 -0.486578293619 0.124763612648 0.585036351389 0.325483212333 0.136412360531 0.0191295678401 -0.134748827231 -0.236083998707
 -1.45708323926 -0.507979253558 0.0166372701087 0.349143157488 0.252982816630 0.257061939694 0.216793811772 0.0198154818264 -0.119167771235
 -1.25685547306 0.0660203176781 0.136868854881 0.498977379155 0.107707478155 -0.0362451000650 -0.0391959173345 -0.0758804001934 -0.120051154667
# log_selcoffs_fsh[2]:
 -5.92449114012 -4.00289289092 -2.32035254150 -0.948162538279 0.0915370615259 0.559724721085 0.910021546953 0.909872650920 0.248893933299 -0.925491656914
 -5.84543828464 -3.86468950476 -1.85598065567 -0.635017644481 -0.173210413883 0.378460915777 0.871752869002 0.915760302993 0.357698824708 -0.401809691342
 -5.72670760068 -3.94367951368 -2.21767876432 -0.832919988223 -0.147306211810 0.312253975973 0.775279112459 0.878731390633 0.490618689285 -0.00820600101856
 -5.57048812376 -3.89362685679 -2.40120961032 -1.21177097049 -0.367992510557 0.162305962877 0.673471614744 0.887348673688 0.648776925673 0.348037069586
 -5.44993218911 -3.70130839198 -2.08228004292 -1.07754533611 -0.604941993717 -0.144310474431 0.470368254835 0.812917787271 0.792211465977 0.708467923529
 -5.33501900704 -3.71981971609 -2.16409555478 -0.984587015438 -0.414579276074 -0.301298573756 0.0952279946838 0.551155249566 0.867571312023 1.05282404347
 -5.26685594996 -3.81997113604 -2.45427528903 -1.30139248161 -0.423627178202 -0.213482318775 -0.0286466115624 0.356690589101 0.839045422657 1.23485752492
 -5.24806084890 -3.93134853237 -2.71646497583 -1.72579811995 -0.988060232653 -0.473213253577 0.0575415435095 0.476052317708 0.890331851909 1.28945760083
 -5.24637124227 -3.98382830982 -2.80745488655 -1.89233114593 -1.21749182679 -0.649189925755 -0.0279110097587 0.524103405778 0.958792617411 1.30199832073
 -5.21791760168 -3.94805379136 -2.76542669349 -1.78004108915 -1.04894362744 -0.587292451632 -0.155614430586 0.386096964868 0.935899513220 1.37648356128
 -5.22810133303 -3.87467191819 -2.57497274674 -1.50016550416 -0.764635024460 -0.321323278402 0.00634785727355 0.304769911621 0.782954505839 1.36948515882
 -5.30806288323 -3.84409131798 -2.47753586283 -1.32236519455 -0.581590747426 -0.192022555418 0.116134798783 0.404067545917 0.848034911086 1.18869220065
 -5.39545866587 -3.75492816767 -2.17387844509 -0.842863920746 -0.212932444339 0.0979008790749 0.272277196766 0.392444265953 0.715968968714 0.984723075882
 -5.47639866615 -3.61708089243 -1.81630183442 -0.522766614452 0.133459619030 0.284534105029 0.307491157171 0.381190854021 0.580933166794 0.756023659812
 -5.51631990547 -3.47015381885 -1.49375289618 -0.0710449614805 0.371126745387 0.332674243850 0.211430760440 0.260302684964 0.462901380325 0.611619639204
 -5.50995522825 -3.30379476607 -1.15842032638 0.113698609865 0.360453517626 0.290968596995 0.173134661694 0.217824884133 0.418765598954 0.588137997625
 -5.48472585099 -3.25367449684 -1.06037213940 0.107614536338 0.371321055739 0.302805589881 0.164317960332 0.189571500537 0.389952958962 0.604174846715
 -5.45468573080 -3.36573624022 -1.31863958898 0.0973507499366 0.434273041520 0.339411913887 0.166052830034 0.177145787988 0.378083250835 0.593080757420
 -5.39888984401 -3.44815286745 -1.55722091199 -0.0879441576091 0.447943417918 0.361304815951 0.183485741710 0.201860514078 0.415379318219 0.640184222889
 -5.31280666786 -3.48509977638 -1.71059037923 -0.328356290141 0.233234845557 0.353016396209 0.222606893005 0.252736814131 0.507034408433 0.779457564736
 -5.25061504227 -3.52407029891 -1.88301560242 -0.565316274610 0.166334598122 0.377259508799 0.263965314094 0.248717767345 0.516795352345 0.852117230803
 -5.22448081596 -3.58060410464 -2.03395282140 -0.764547708629 0.0245304285546 0.371396522099 0.339219306968 0.328461014338 0.555256548628 0.858973341379
 -5.22130525271 -3.62202379552 -2.18742698139 -0.996079793717 -0.186592487893 0.342503412158 0.425580391802 0.421593789935 0.608057868661 0.857119282091
 -5.26209888699 -3.66905167782 -2.22640684695 -1.07783831795 -0.366787895594 0.167257895048 0.483186140520 0.520039358761 0.687185331680 0.856377875292
 -5.31661801621 -3.72300326667 -2.21090204303 -0.932075402190 -0.251928714087 0.00710486343858 0.333574658999 0.555967769114 0.715585050980 0.915571201214
 -5.40847450576 -3.78291152007 -2.31824026196 -1.06781843901 -0.286350174427 0.239486110544 0.385003696365 0.490597380570 0.673413154920 0.894100325894
 -5.58419279667 -3.94095069844 -2.33893394943 -0.997591537665 -0.219372339368 0.372404370377 0.517184457867 0.506546626853 0.598091803596 0.742832259994
 -5.75431417117 -4.11785869192 -2.44847351288 -0.811685965380 -0.0514444838646 0.462807299611 0.541352518506 0.456018434814 0.593075393528 0.591103230371
 -5.92047361217 -4.29478855679 -2.69529521122 -1.23059567445 -0.220275863810 0.651507698328 0.776534080395 0.513374618404 0.509173661261 0.332569746710
 -6.05482082275 -4.42248415246 -2.79740290027 -1.22097361333 -0.00309894515278 0.703402553837 0.934932743142 0.509037987491 0.245309701604 0.116419264292
 -6.10500132091 -4.42804574188 -2.71995708180 -1.02103705250 0.180567490136 0.712157677542 0.734810349452 0.485418768193 0.306589950035 0.226916488189
 -6.09533250536 -4.33332933665 -2.60849309952 -1.06768499276 -0.0810069934322 0.449069926386 0.639640977346 0.618726449036 0.527166192724 0.489589359773
 -6.06946465027 -4.18082491162 -2.22008903966 -0.685145553675 -0.225535978377 0.123636727553 0.462281359812 0.589132244060 0.658998208201 0.750057505200
 -6.11220415393 -4.20336032866 -2.33141421555 -0.794899654434 -0.145065672444 0.228714828318 0.475703670941 0.604159918650 0.638861297583 0.682551939278
 -6.13059035131 -4.22560339950 -2.34375569576 -0.766845956224 -0.177331376632 0.123673078196 0.458941323047 0.630432360189 0.688086597534 0.694592495444
 -6.12635704549 -4.25911141802 -2.40164160379 -0.712411730676 -0.0284278353207 0.185089907519 0.377347675154 0.560159664524 0.676557168722 0.718276594543
# log_selcoffs_fsh[3]:
 -2.34712730631 0.287506110392 1.46922015229 0.0681969580676 -2.07174529187 -3.85977251600 -4.85387135615
 -2.30009963835 0.887080415989 1.23071835799 -0.0889766889678 -2.25104823537 -3.90771761147 -4.85487618585
# log_selcoffs_fsh[4]:
 -6.21592536252 -5.03544252009 -3.81674917857 -2.50823218485 -1.12597789900 0.149322688240 1.00623452279 1.11161665556 0.487447515287
 -6.20159364003 -5.01859060389 -3.79429941865 -2.45052131943 -1.03373565101 0.218764650103 1.01961721647 1.05817031112 0.488071217364
 -6.15481743047 -4.97511054566 -3.76611444698 -2.47260204285 -1.10053336330 0.153002426128 0.997453268616 1.08553783092 0.538270559316
 -6.06751318882 -4.88539567901 -3.69457557430 -2.46360259042 -1.16564058960 0.0486026211727 0.926893098139 1.12049759834 0.655231749337
 -5.96961830119 -4.76945095122 -3.57598906790 -2.38284090463 -1.14260772999 0.0371335693026 0.869775668715 1.09163281359 0.763771764969
 -5.87223929575 -4.69253850632 -3.49549692784 -2.28639857883 -1.12603731168 -0.0476803335753 0.802586563476 1.10134724650 0.849628926684
 -5.75314366461 -4.60141464582 -3.41608629234 -2.18738687619 -1.04255512978 -0.0192311358405 0.754029031997 1.05757103410 0.917617511194
 -5.61046963870 -4.46230721838 -3.33404053004 -2.14760420706 -0.998839448000 -0.0321814415278 0.728527677539 1.04072090958 0.952611243915
 -5.46684004224 -4.26900878654 -3.18054189046 -2.15229597685 -1.07927801045 -0.0635053563999 0.718943507155 1.04200554590 0.977772864707
 -5.32416148581 -4.11411849079 -2.96219261752 -1.91932187554 -0.991086595584 -0.0887747243935 0.638372277255 1.01231777496 1.04689134687
 -5.21128178388 -3.98004995815 -2.80852820198 -1.74476258840 -0.803106275317 -0.0130581595722 0.602250366189 0.941404458448 1.07025224332
 -5.12634226002 -3.84666047515 -2.64822592256 -1.59814355381 -0.678258570066 0.0833937524139 0.590588217028 0.894078988312 1.04909295674
 -5.05024260367 -3.67996273989 -2.41084581720 -1.38611672188 -0.598904577621 0.0846618393917 0.592105604943 0.863479527142 1.03376589602
 -4.97248799932 -3.47759478177 -2.02908782522 -0.989028836807 -0.397193625184 0.0569518253455 0.460848840163 0.815951845924 1.05822241569
 -4.89534376461 -3.32208498722 -1.78385247910 -0.657675331700 -0.137663333719 0.0863468613149 0.345200262520 0.720345403200 1.04429882104
 -4.80425531529 -3.19609174765 -1.57338837523 -0.415796104135 -0.0600248260091 0.0681817104794 0.284001484805 0.659054168725 1.03319451106
 -4.73810772874 -3.17131381279 -1.60623511762 -0.431093225960 -0.0618724826646 0.118333418275 0.328049963455 0.645253865207 1.00741207710
 -4.68607404384 -3.26668881365 -1.96535279566 -0.968115653870 -0.267866152979 0.300522739784 0.561249991521 0.693983085854 0.941034369963
 -4.59636261979 -3.30843902695 -2.14526374844 -1.23709569904 -0.507515901447 0.144381331177 0.569225548070 0.824342294473 1.00849909923
 -4.52650223657 -3.32392947769 -2.24675148657 -1.39672374111 -0.732812550512 -0.0701475599266 0.545581324862 0.926506085799 1.07702409370
 -4.45295882127 -3.27080679622 -2.20663639111 -1.45122583045 -0.860588926890 -0.274052758430 0.396531218005 0.983723627097 1.18226915246
 -4.37463831998 -3.16211850958 -1.94506431880 -1.31329409861 -0.890869972375 -0.311733362760 0.288646035781 0.854633174176 1.30983268487
 -4.32069732592 -3.22689805935 -2.20528371793 -1.43595684769 -0.876755629825 -0.252721242839 0.303883836252 0.828841114492 1.32450756650
 -4.20310866056 -3.19078769998 -2.23478260414 -1.45283997920 -0.882121741699 -0.336925815813 0.215470557348 0.810015373063 1.38297321850
 -4.12266966049 -3.14997893780 -2.14507460132 -1.22398635433 -0.605382878565 -0.0914124601793 0.341490344865 0.807405928121 1.23028270739
 -3.86998268631 -2.89292080816 -1.81046925203 -1.07851612944 -0.600128870784 -0.125643293270 0.307890386069 0.781478793485 1.23667055017
 -3.52845037944 -2.66411457913 -1.77517855087 -1.10023459579 -0.639580033755 -0.172979152819 0.327976276613 0.825109825214 1.21187726305
 -3.04753149199 -2.27648345395 -1.59433300784 -1.08243135988 -0.702015000233 -0.298361158639 0.190705864036 0.769267882254 1.30891536531
 -2.43829210522 -1.77043409868 -1.39714384658 -1.12514694136 -0.877484022165 -0.518487782058 0.0553411034814 0.748175973404 1.38359899903
 -2.41259461766 -1.83816829052 -1.42931227263 -1.14599570456 -0.878292309183 -0.493267941425 0.0874583099408 0.787391162184 1.35551462870
# log_sel_spl_fsh[1]:
 0.00000000000 0.00000000000 0.00000000000 0.00000000000
 0.00000000000 0.00000000000 0.00000000000 0.00000000000
 0.00000000000 0.00000000000 0.00000000000 0.00000000000
 0.00000000000 0.00000000000 0.00000000000 0.00000000000
 0.00000000000 0.00000000000 0.00000000000 0.00000000000
 0.00000000000 0.00000000000 0.00000000000 0.00000000000
 0.00000000000 0.00000000000 0.00000000000 0.00000000000
 0.00000000000 0.00000000000 0.00000000000 0.00000000000
 0.00000000000 0.00000000000 0.00000000000 0.00000000000
 0.00000000000 0.00000000000 0.00000000000 0.00000000000
 0.00000000000 0.00000000000 0.00000000000 0.00000000000
 0.00000000000 0.00000000000 0.00000000000 0.00000000000
 0.00000000000 0.00000000000 0.00000000000 0.00000000000
 0.00000000000 0.00000000000 0.00000000000 0.00000000000
 0.00000000000 0.00000000000 0.00000000000 0.00000000000
 0.00000000000 0.00000000000 0.00000000000 0.00000000000
 0.00000000000 0.00000000000 0.00000000000 0.00000000000
 0.00000000000 0.00000000000 0.00000000000 0.00000000000
 0.00000000000 0.00000000000 0.00000000000 0.00000000000
 0.00000000000 0.00000000000 0.00000000000 0.00000000000
 0.00000000000 0.00000000000 0.00000000000 0.00000000000
 0.00000000000 0.00000000000 0.00000000000 0.00000000000
 0.00000000000 0.00000000000 0.00000000000 0.00000000000
 0.00000000000 0.00000000000 0.00000000000 0.00000000000
 0.00000000000 0.00000000000 0.00000000000 0.00000000000
 0.00000000000 0.00000000000 0.00000000000 0.00000000000
 0.00000000000 0.00000000000 0.00000000000 0.00000000000
 0.00000000000 0.00000000000 0.00000000000 0.00000000000
 0.00000000000 0.00000000000 0.00000000000 0.00000000000
 0.00000000000 0.00000000000 0.00000000000 0.00000000000
 0.00000000000 0.00000000000 0.00000000000 0.00000000000
 0.00000000000 0.00000000000 0.00000000000 0.00000000000
 0.00000000000 0.00000000000 0.00000000000 0.00000000000
 0.00000000000 0.00000000000 0.00000000000 0.00000000000
 0.00000000000 0.00000000000 0.00000000000 0.00000000000
# log_sel_spl_fsh[2]:
 0.00000000000 0.00000000000 0.00000000000 0.00000000000
 0.00000000000 0.00000000000 0.00000000000 0.00000000000
 0.00000000000 0.00000000000 0.00000000000 0.00000000000
 0.00000000000 0.00000000000 0.00000000000 0.00000000000
 0.00000000000 0.00000000000 0.00000000000 0.00000000000
 0.00000000000 0.00000000000 0.00000000000 0.00000000000
 0.00000000000 0.00000000000 0.00000000000 0.00000000000
 0.00000000000 0.00000000000 0.00000000000 0.00000000000
 0.00000000000 0.00000000000 0.00000000000 0.00000000000
 0.00000000000 0.00000000000 0.00000000000 0.00000000000
 0.00000000000 0.00000000000 0.00000000000 0.00000000000
 0.00000000000 0.00000000000 0.00000000000 0.00000000000
 0.00000000000 0.00000000000 0.00000000000 0.00000000000
 0.00000000000 0.00000000000 0.00000000000 0.00000000000
 0.00000000000 0.00000000000 0.00000000000 0.00000000000
 0.00000000000 0.00000000000 0.00000000000 0.00000000000
 0.00000000000 0.00000000000 0.00000000000 0.00000000000
 0.00000000000 0.00000000000 0.00000000000 0.00000000000
 0.00000000000 0.00000000000 0.00000000000 0.00000000000
 0.00000000000 0.00000000000 0.00000000000 0.00000000000
 0.00000000000 0.00000000000 0.00000000000 0.00000000000
 0.00000000000 0.00000000000 0.00000000000 0.00000000000
 0.00000000000 0.00000000000 0.00000000000 0.00000000000
 0.00000000000 0.00000000000 0.00000000000 0.00000000000
 0.00000000000 0.00000000000 0.00000000000 0.00000000000
 0.00000000000 0.00000000000 0.00000000000 0.00000000000
 0.00000000000 0.00000000000 0.00000000000 0.00000000000
 0.00000000000 0.00000000000 0.00000000000 0.00000000000
 0.00000000000 0.00000000000 0.00000000000 0.00000000000
 0.00000000000 0.00000000000 0.00000000000 0.00000000000
 0.00000000000 0.00000000000 0.00000000000 0.00000000000
 0.00000000000 0.00000000000 0.00000000000 0.00000000000
 0.00000000000 0.00000000000 0.00000000000 0.00000000000
 0.00000000000 0.00000000000 0.00000000000 0.00000000000
 0.00000000000 0.00000000000 0.00000000000 0.00000000000
 0.00000000000 0.00000000000 0.00000000000 0.00000000000
# log_sel_spl_fsh[3]:
 0.00000000000 0.00000000000 0.00000000000 0.00000000000
 0.00000000000 0.00000000000 0.00000000000 0.00000000000
# log_sel_spl_fsh[4]:
 0.00000000000 0.00000000000 0.00000000000 0.00000000000
 0.00000000000 0.00000000000 0.00000000000 0.00000000000
 0.00000000000 0.00000000000 0.00000000000 0.00000000000
 0.00000000000 0.00000000000 0.00000000000 0.00000000000
 0.00000000000 0.00000000000 0.00000000000 0.00000000000
 0.00000000000 0.00000000000 0.00000000000 0.00000000000
 0.00000000000 0.00000000000 0.00000000000 0.00000000000
 0.00000000000 0.00000000000 0.00000000000 0.00000000000
 0.00000000000 0.00000000000 0.00000000000 0.00000000000
 0.00000000000 0.00000000000 0.00000000000 0.00000000000
 0.00000000000 0.00000000000 0.00000000000 0.00000000000
 0.00000000000 0.00000000000 0.00000000000 0.00000000000
 0.00000000000 0.00000000000 0.00000000000 0.00000000000
 0.00000000000 0.00000000000 0.00000000000 0.00000000000
 0.00000000000 0.00000000000 0.00000000000 0.00000000000
 0.00000000000 0.00000000000 0.00000000000 0.00000000000
 0.00000000000 0.00000000000 0.00000000000 0.00000000000
 0.00000000000 0.00000000000 0.00000000000 0.00000000000
 0.00000000000 0.00000000000 0.00000000000 0.00000000000
 0.00000000000 0.00000000000 0.00000000000 0.00000000000
 0.00000000000 0.00000000000 0.00000000000 0.00000000000
 0.00000000000 0.00000000000 0.00000000000 0.00000000000
 0.00000000000 0.00000000000 0.00000000000 0.00000000000
 0.00000000000 0.00000000000 0.00000000000 0.00000000000
 0.00000000000 0.00000000000 0.00000000000 0.00000000000
 0.00000000000 0.00000000000 0.00000000000 0.00000000000
 0.00000000000 0.00000000000 0.00000000000 0.00000000000
 0.00000000000 0.00000000000 0.00000000000 0.00000000000
 0.00000000000 0.00000000000 0.00000000000 0.00000000000
 0.00000000000 0.00000000000 0.00000000000 0.00000000000
# logsel_slope_fsh[1]:
 0.00000000000 0.00000000000 0.00000000000 0.00000000000 0.00000000000 0.00000000000 0.00000000000 0.00000000000 0.00000000000 0.00000000000 0.00000000000 0.00000000000 0.00000000000 0.00000000000 0.00000000000 0.00000000000 0.00000000000 0.00000000000 0.00000000000 0.00000000000 0.00000000000 0.00000000000 0.00000000000 0.00000000000 0.00000000000 0.00000000000 0.00000000000 0.00000000000 0.00000000000 0.00000000000 0.00000000000 0.00000000000 0.00000000000 0.00000000000 0.00000000000
# logsel_slope_fsh[2]:
 0.00000000000 0.00000000000 0.00000000000 0.00000000000 0.00000000000 0.00000000000 0.00000000000 0.00000000000 0.00000000000 0.00000000000 0.00000000000 0.00000000000 0.00000000000 0.00000000000 0.00000000000 0.00000000000 0.00000000000 0.00000000000 0.00000000000 0.00000000000 0.00000000000 0.00000000000 0.00000000000 0.00000000000 0.00000000000 0.00000000000 0.00000000000 0.00000000000 0.00000000000 0.00000000000 0.00000000000 0.00000000000 0.00000000000 0.00000000000 0.00000000000 0.00000000000
# logsel_slope_fsh[3]:
 0.00000000000 0.00000000000
# logsel_slope_fsh[4]:
 0.00000000000 0.00000000000 0.00000000000 0.00000000000 0.00000000000 0.00000000000 0.00000000000 0.00000000000 0.00000000000 0.00000000000 0.00000000000 0.00000000000 0.00000000000 0.00000000000 0.00000000000 0.00000000000 0.00000000000 0.00000000000 0.00000000000 0.00000000000 0.00000000000 0.00000000000 0.00000000000 0.00000000000 0.00000000000 0.00000000000 0.00000000000 0.00000000000 0.00000000000 0.00000000000
# sel50_fsh[1]:
 0.00000000000 0.00000000000 0.00000000000 0.00000000000 0.00000000000 0.00000000000 0.00000000000 0.00000000000 0.00000000000 0.00000000000 0.00000000000 0.00000000000 0.00000000000 0.00000000000 0.00000000000 0.00000000000 0.00000000000 0.00000000000 0.00000000000 0.00000000000 0.00000000000 0.00000000000 0.00000000000 0.00000000000 0.00000000000 0.00000000000 0.00000000000 0.00000000000 0.00000000000 0.00000000000 0.00000000000 0.00000000000 0.00000000000 0.00000000000 0.00000000000
# sel50_fsh[2]:
 0.00000000000 0.00000000000 0.00000000000 0.00000000000 0.00000000000 0.00000000000 0.00000000000 0.00000000000 0.00000000000 0.00000000000 0.00000000000 0.00000000000 0.00000000000 0.00000000000 0.00000000000 0.00000000000 0.00000000000 0.00000000000 0.00000000000 0.00000000000 0.00000000000 0.00000000000 0.00000000000 0.00000000000 0.00000000000 0.00000000000 0.00000000000 0.00000000000 0.00000000000 0.00000000000 0.00000000000 0.00000000000 0.00000000000 0.00000000000 0.00000000000 0.00000000000
# sel50_fsh[3]:
 0.00000000000 0.00000000000
# sel50_fsh[4]:
 0.00000000000 0.00000000000 0.00000000000 0.00000000000 0.00000000000 0.00000000000 0.00000000000 0.00000000000 0.00000000000 0.00000000000 0.00000000000 0.00000000000 0.00000000000 0.00000000000 0.00000000000 0.00000000000 0.00000000000 0.00000000000 0.00000000000 0.00000000000 0.00000000000 0.00000000000 0.00000000000 0.00000000000 0.00000000000 0.00000000000 0.00000000000 0.00000000000 0.00000000000 0.00000000000
# logsel_p1_fsh[1]:
 0.00000000000 0.00000000000 0.00000000000 0.00000000000 0.00000000000 0.00000000000 0.00000000000 0.00000000000 0.00000000000 0.00000000000 0.00000000000 0.00000000000 0.00000000000 0.00000000000 0.00000000000 0.00000000000 0.00000000000 0.00000000000 0.00000000000 0.00000000000 0.00000000000 0.00000000000 0.00000000000 0.00000000000 0.00000000000 0.00000000000 0.00000000000 0.00000000000 0.00000000000 0.00000000000 0.00000000000 0.00000000000 0.00000000000 0.00000000000 0.00000000000
# logsel_p1_fsh[2]:
 0.00000000000 0.00000000000 0.00000000000 0.00000000000 0.00000000000 0.00000000000 0.00000000000 0.00000000000 0.00000000000 0.00000000000 0.00000000000 0.00000000000 0.00000000000 0.00000000000 0.00000000000 0.00000000000 0.00000000000 0.00000000000 0.00000000000 0.00000000000 0.00000000000 0.00000000000 0.00000000000 0.00000000000 0.00000000000 0.00000000000 0.00000000000 0.00000000000 0.00000000000 0.00000000000 0.00000000000 0.00000000000 0.00000000000 0.00000000000 0.00000000000 0.00000000000
# logsel_p1_fsh[3]:
 0.00000000000 0.00000000000
# logsel_p1_fsh[4]:
 0.00000000000 0.00000000000 0.00000000000 0.00000000000 0.00000000000 0.00000000000 0.00000000000 0.00000000000 0.00000000000 0.00000000000 0.00000000000 0.00000000000 0.00000000000 0.00000000000 0.00000000000 0.00000000000 0.00000000000 0.00000000000 0.00000000000 0.00000000000 0.00000000000 0.00000000000 0.00000000000 0.00000000000 0.00000000000 0.00000000000 0.00000000000 0.00000000000 0.00000000000 0.00000000000
# sel_p2_fsh[1]:
 0.00000000000 0.00000000000 0.00000000000 0.00000000000 0.00000000000 0.00000000000 0.00000000000 0.00000000000 0.00000000000 0.00000000000 0.00000000000 0.00000000000 0.00000000000 0.00000000000 0.00000000000 0.00000000000 0.00000000000 0.00000000000 0.00000000000 0.00000000000 0.00000000000 0.00000000000 0.00000000000 0.00000000000 0.00000000000 0.00000000000 0.00000000000 0.00000000000 0.00000000000 0.00000000000 0.00000000000 0.00000000000 0.00000000000 0.00000000000 0.00000000000
# sel_p2_fsh[2]:
 0.00000000000 0.00000000000 0.00000000000 0.00000000000 0.00000000000 0.00000000000 0.00000000000 0.00000000000 0.00000000000 0.00000000000 0.00000000000 0.00000000000 0.00000000000 0.00000000000 0.00000000000 0.00000000000 0.00000000000 0.00000000000 0.00000000000 0.00000000000 0.00000000000 0.00000000000 0.00000000000 0.00000000000 0.00000000000 0.00000000000 0.00000000000 0.00000000000 0.00000000000 0.00000000000 0.00000000000 0.00000000000 0.00000000000 0.00000000000 0.00000000000 0.00000000000
# sel_p2_fsh[3]:
 0.00000000000 0.00000000000
# sel_p2_fsh[4]:
 0.00000000000 0.00000000000 0.00000000000 0.00000000000 0.00000000000 0.00000000000 0.00000000000 0.00000000000 0.00000000000 0.00000000000 0.00000000000 0.00000000000 0.00000000000 0.00000000000 0.00000000000 0.00000000000 0.00000000000 0.00000000000 0.00000000000 0.00000000000 0.00000000000 0.00000000000 0.00000000000 0.00000000000 0.00000000000 0.00000000000 0.00000000000 0.00000000000 0.00000000000 0.00000000000
# logsel_p3_fsh[1]:
 0.00000000000 0.00000000000 0.00000000000 0.00000000000 0.00000000000 0.00000000000 0.00000000000 0.00000000000 0.00000000000 0.00000000000 0.00000000000 0.00000000000 0.00000000000 0.00000000000 0.00000000000 0.00000000000 0.00000000000 0.00000000000 0.00000000000 0.00000000000 0.00000000000 0.00000000000 0.00000000000 0.00000000000 0.00000000000 0.00000000000 0.00000000000 0.00000000000 0.00000000000 0.00000000000 0.00000000000 0.00000000000 0.00000000000 0.00000000000 0.00000000000
# logsel_p3_fsh[2]:
 0.00000000000 0.00000000000 0.00000000000 0.00000000000 0.00000000000 0.00000000000 0.00000000000 0.00000000000 0.00000000000 0.00000000000 0.00000000000 0.00000000000 0.00000000000 0.00000000000 0.00000000000 0.00000000000 0.00000000000 0.00000000000 0.00000000000 0.00000000000 0.00000000000 0.00000000000 0.00000000000 0.00000000000 0.00000000000 0.00000000000 0.00000000000 0.00000000000 0.00000000000 0.00000000000 0.00000000000 0.00000000000 0.00000000000 0.00000000000 0.00000000000 0.00000000000
# logsel_p3_fsh[3]:
 0.00000000000 0.00000000000
# logsel_p3_fsh[4]:
 0.00000000000 0.00000000000 0.00000000000 0.00000000000 0.00000000000 0.00000000000 0.00000000000 0.00000000000 0.00000000000 0.00000000000 0.00000000000 0.00000000000 0.00000000000 0.00000000000 0.00000000000 0.00000000000 0.00000000000 0.00000000000 0.00000000000 0.00000000000 0.00000000000 0.00000000000 0.00000000000 0.00000000000 0.00000000000 0.00000000000 0.00000000000 0.00000000000 0.00000000000 0.00000000000
# rec_dev_future:
 0.00000000000 0.00000000000 0.00000000000 0.00000000000 0.00000000000 0.00000000000 0.00000000000 0.00000000000 0.00000000000 0.00000000000 0.00000000000 0.00000000000 0.00000000000 0.00000000000 0.00000000000 0.00000000000 0.00000000000 0.00000000000 0.00000000000 0.00000000000
 0.00000000000 0.00000000000 0.00000000000 0.00000000000 0.00000000000 0.00000000000 0.00000000000 0.00000000000 0.00000000000 0.00000000000 0.00000000000 0.00000000000 0.00000000000 0.00000000000 0.00000000000 0.00000000000 0.00000000000 0.00000000000 0.00000000000 0.00000000000
# log_q_ind[1]:
-0.0828484953931
# log_q_ind[2]:
-3.10531443577
# log_q_ind[3]:
-9.53750593015
# log_q_ind[4]:
-0.756908551925
# log_q_ind[5]:
-4.04708960339
# log_q_ind[6]:
-6.39962596197
# log_q_ind[7]:
-0.770822974398
# log_q_power_ind[1]:
0.00000000000
# log_q_power_ind[2]:
0.00000000000
# log_q_power_ind[3]:
0.00000000000
# log_q_power_ind[4]:
0.00000000000
# log_q_power_ind[5]:
0.00000000000
# log_q_power_ind[6]:
0.00000000000
# log_q_power_ind[7]:
0.00000000000
# log_rw_q_ind[1]:
 -1.07270160503
# log_rw_q_ind[3]:
 -0.326841029893
# log_selcoffs_ind[1]:
 -3.18570111380 -2.04266665590 -0.951807015724 -0.115144038461 0.336980337998 0.495195569448 0.458842471992 0.346663773903 0.249428855191 0.207244635802
 -3.20652673046 -2.29464533837 -1.40317802965 -0.579833771990 0.0784048001576 0.467714251996 0.591180794104 0.522431651034 0.404916065167 0.324673244952
# log_selcoffs_ind[2]:
 -1.14707851270 -0.472519201872 0.000584622694213 0.203539114334 0.143766172945 0.0431091749775 0.0260875471016 0.104637175223 0.198898440013 0.244690589871
 -0.954553406758 -0.372009236531 -0.0299355362816 0.196030936100 0.262113558129 0.200111929776 0.0995446687137 0.0365798440968 0.0276128959902 0.0463676504227
 -0.838834167288 -0.270146326587 0.0819267362256 0.258722725306 0.262806761300 0.167487475291 0.0574060359494 -0.0220728243232 -0.0523131479483 -0.0463840721962
# log_selcoffs_ind[3]:
 -0.202940821038 0.0202027052767 0.0202027052767 0.0202027052767 0.0202027052767 0.0202027052767 0.0202027052767 0.0202027052767 0.0202027052767 0.0202027052767
# log_selcoffs_ind[4]:
 -2.45531686429 -1.45358131598 -0.601415492439 -0.0775256603962 0.112259300586 0.201353004702 0.279061387587 0.357469887707 0.422040281892 0.462770339215
 -3.09742369761 -2.22173117863 -1.36878128451 -0.642799733096 -0.122372039631 0.230563221650 0.459532918957 0.577345243156 0.588772531885 0.562831665559
# log_selcoffs_ind[5]:
 -3.04452005677 -0.669616569639 0.101782682789 0.174353368097 0.174353368097 0.174353368097 0.174353368097 0.174353368097 0.174353368097 0.174353368097
# log_selcoffs_ind[6]:
 -3.04452005677 -0.669616569639 0.101782682789 0.174353368097 0.174353368097 0.174353368097 0.174353368097 0.174353368097 0.174353368097 0.174353368097
# log_selcoffs_ind[7]:
 -3.04452005677 -0.669616569639 0.101782682789 0.174353368097 0.174353368097 0.174353368097 0.174353368097 0.174353368097 0.174353368097 0.174353368097
# logsel_slope_ind[1]:
 0.00000000000 0.00000000000
# logsel_slope_ind[2]:
 0.00000000000 0.00000000000 0.00000000000
# logsel_slope_ind[3]:
 0.00000000000
# logsel_slope_ind[4]:
 0.00000000000 0.00000000000
# logsel_slope_ind[5]:
 0.00000000000
# logsel_slope_ind[6]:
 0.00000000000
# logsel_slope_ind[7]:
 0.00000000000
# sel50_ind[1]:
 0.00000000000 0.00000000000
# sel50_ind[2]:
 0.00000000000 0.00000000000 0.00000000000
# sel50_ind[3]:
 0.00000000000
# sel50_ind[4]:
 0.00000000000 0.00000000000
# sel50_ind[5]:
 0.00000000000
# sel50_ind[6]:
 0.00000000000
# sel50_ind[7]:
 0.00000000000
# logsel_p1_ind[1]:
 0.00000000000 0.00000000000
# logsel_p1_ind[2]:
 0.00000000000 0.00000000000 0.00000000000
# logsel_p1_ind[3]:
 0.00000000000
# logsel_p1_ind[4]:
 0.00000000000 0.00000000000
# logsel_p1_ind[5]:
 0.00000000000
# logsel_p1_ind[6]:
 0.00000000000
# logsel_p1_ind[7]:
 0.00000000000
# sel_p2_ind[1]:
 0.00000000000 0.00000000000
# sel_p2_ind[2]:
 0.00000000000 0.00000000000 0.00000000000
# sel_p2_ind[3]:
 0.00000000000
# sel_p2_ind[4]:
 0.00000000000 0.00000000000
# sel_p2_ind[5]:
 0.00000000000
# sel_p2_ind[6]:
 0.00000000000
# sel_p2_ind[7]:
 0.00000000000
# logsel_p3_ind[1]:
 0.00000000000 0.00000000000
# logsel_p3_ind[2]:
 0.00000000000 0.00000000000 0.00000000000
# logsel_p3_ind[3]:
 0.00000000000
# logsel_p3_ind[4]:
 0.00000000000 0.00000000000
# logsel_p3_ind[5]:
 0.00000000000
# logsel_p3_ind[6]:
 0.00000000000
# logsel_p3_ind[7]:
 0.00000000000
