# Number of parameters = 1468 Objective function value = 1266.27448158969  Maximum gradient component = 0.0128680654097807
# Mest[1]:
0.230000000000
# Mest[2]:
0.330000000000
# log_Linf[1]:
4.30945594184
# log_Linf[2]:
4.38701417618
# log_k[1]:
-1.83258146375
# log_k[2]:
-1.83258146375
# log_Lo[1]:
2.89037175790
# log_Lo[2]:
2.89037175790
# log_sdage[1]:
-2.40794560865
# log_sdage[2]:
-2.40794560865
# mean_log_rec[1]:
9.48357542918
# mean_log_rec[2]:
8.35127966166
# mean_log_rec[3]:
7.75710448651
# steepness[1]:
0.800000000000
# steepness[2]:
0.800000000000
# steepness[3]:
0.800000000000
# log_Rzero[1]:
9.69461076218
# log_Rzero[2]:
8.37624166811
# log_Rzero[3]:
7.39050924418
# rec_dev:
 -0.388730837788 -0.455107478076 -0.527788216091 -0.607499597818 -0.692161223766 -0.778845219787 -0.736224417310 -0.732046967839 -0.554724364303 -0.480405566003 -0.395397181952 -0.213796099683 -0.263078032450 -0.234866874414 -0.191718612612 -0.0287402018869 0.243193063484 0.421641966020 0.402929272014 0.351489420822 0.396288538835 0.509828296102 0.724089978162 0.729562500525 0.686574619823 1.33953649766 1.54610470429 0.732108437255 0.185426115891 0.369428430504 0.664310872512 0.793870756125 0.565235059623 0.344703176365 0.258552478915 0.323787535872 0.353886582577 0.496579537989 0.671533658894 0.573721773989 0.717274903875 0.730741428795 0.536611784040 -0.0912731612898 -0.422907137907 -0.715459675119 -1.43116646360 -0.989561871598 -0.826045034053 -0.990466395184 -1.02008060671 -1.05888575625 -0.957922946168 -0.442767783344 -0.205039387576 -0.147439332940 0.0465697101954 0.390999733872 0.523962224846 0.340324311441 0.0624959588509 0.0335055611817
 -4.14763069028e-05 -5.16341697825e-05 -6.01155968543e-05 -6.34396347809e-05 -5.47663126582e-05 -2.24707606904e-05 5.36900969692e-05 0.000214888319489 0.000377954616656 0.000638436276988 0.00101472446915 0.0146804123595 0.0147370659717 0.0146020445533 0.0140149617697 0.0114642356819 0.00550686233066 -0.00323399154043 -0.0492604160655 0.360457369560 -0.0143903279508 -0.112286403235 0.00347381616814 0.423039961257 -0.0296616277470 -0.234754309488 -0.523757726089 -0.0383715220677 0.375321788482 0.903571511700 0.285858022320 0.250164647233 -0.452430877938 0.00497543933055 -0.443711507418 -0.667411259830 -0.00222486481615 0.0747280217118 0.0343493654371 -0.118224338790 0.532505587969 1.12895028273 -0.355629514692 0.581370392290 -0.651235522028 -0.215864421557 0.680881986981 -0.0502606958499 -1.21540168697 -2.03708386847 -0.521397818930 0.767204783955 -0.560379177819 -0.226880970875 -1.56644155369 -0.490957859003 -0.749568002173 -0.257712593694 1.15928060686 0.793070409045 -0.584081042785 -0.0774520263381
# log_sigmar[1]:
-0.510825623766
# log_sigmar[2]:
-0.510825623766
# log_sigmar[3]:
-0.510825623766
# fmort:
 0.00955485902797 0.0142796999669 0.00656080580789 0.00836878016155 0.0162082242746 0.0200255446042 0.0243780549934 0.0211907977800 0.0417380939278 0.0350788191455 0.0241926322200 0.0358839634417 0.0696156402422 0.0273229241875 0.0641853804707 0.0432573011005 0.00424940409585 0.0196560381271 0.0163260624177 0.0145718045325 0.0138399921244 0.0183769563538 0.0199869142857 0.0223205570336 0.0148058934384 0.0198130910792 0.0334948358545 0.0131273197045 0.00375524763363 0.00621621739108 0.0100278602081 0.0205749289937 0.00870848159483 0.0120049976612 0.0131641563936 0.0217293015202 0.0277311960552 0.0418545752604 0.0576469195726 0.0544818738662 0.0741381524554 0.0137152494881 0.00555387021284 0.00637202339070 0.00663463733571 0.00814387879437 0.00599812497309 0.00840410891324 0.00272230859365 0.00179039996657 0.00536880188647
 0.00126655267530 0.00195489947622 0.00299481297742 0.00496491340674 0.00355829345344 0.00640447232401 0.00826905341811 0.0121180039107 0.0196780733848 0.0245716560481 0.0225867638057 0.0456713551371 0.0637972938455 0.0524508571941 0.0704830573704 0.0997311905064 0.110712080157 0.148837382398 0.208411535963 0.218993429081 0.221168037260 0.279910102745 0.367310723586 0.350221095013 0.467324718863 0.618905439231 0.600970205686 0.602987037980 0.356890375435 0.234172917606 0.179735100150 0.213074996688 0.210735947291 0.194295271163 0.189539956673 0.189086897649 0.198826235217 0.238878833550 0.206800989100 0.280713410719 0.166278568039 0.120267756410 0.103460394342 0.0829256888906 0.0800866365368 0.0803321701113 0.0888321596040 0.0827397907368 0.0879006254793 0.0770213611982 0.0610036566349
 0.000583318426136 0.00113908426575 0.00284834907625 0.00611156335383 0.0195364724734 0.00607048597456 0.00774062097765 0.105139044089 0.106971203148 0.0849757573338 0.0845434700185 0.113730513861 0.0364235002261 0.0215693199854 0.0250188969536 0.0184504332507 0.0100971790406 0.0114785640009 0.0438759001063 0.0363499696771 0.0319918701898 0.0262599771389 0.0155314788128 0.0269151984548 0.0448037086368 0.213814288343 0.364806141787 0.687270337662 0.603354164609 0.162717036685 0.118157059345 0.374589141748 0.0525322846997 0.0767223535362 0.0624987031128 0.0412080063880 0.0984065233273 0.0810509445073 0.0958545512247 0.116714811659 0.0292716059036 0.144740075881 0.0673369107624 0.0415546391712 0.0426926544086 0.0186495772240 0.00854571616537 0.00438968880939 0.0124339709969 0.0156072299333 0.0213310549668
 1.60704782814e-13 1.76247905159e-13 0.000462789719101 1.96231919602e-13 2.02338146238e-13 2.06501482580e-13 3.03220753395e-06 0.000207086047892 0.00433179730828 0.0268969325698 0.0240356579771 0.0305650560285 0.0689345324094 0.0807445882241 0.107120089458 0.0872783093524 0.0833396859253 0.0883769499783 0.0933596764434 0.0782449691898 0.0646571013610 0.0410332891527 0.00353305304885 2.22044604925e-13 2.56461518688e-13 3.55826479392e-13 4.45476988631e-13 6.53921361504e-13 7.54396545233e-13 3.35908115573e-06 0.000616946354693 0.00435327872260 0.0132780169721 0.0256160258562 0.0448774214954 0.0380569070430 0.0573591205049 0.0868837726422 0.109423808567 0.148662619606 0.141431187347 0.0380732261701 0.0256058136611 0.0258971998956 0.0273131419370 0.0348769770511 0.0206758309639 0.0161834808110 0.0119703878408 0.0106023109571 0.000437310106636
# log_selcoffs_fsh[1]:
 -4.77965755640 -3.62034454053 -2.37643734813 -1.16147646106 -0.233250750611 0.541520540572 1.09274486903 0.861580284606 -0.358100697857
 -4.48268515912 -3.23702625342 -1.91843771305 -0.769951953699 -0.124892201366 0.492854385290 0.960712246315 0.771465488619 0.0425610535656
 -4.15627012372 -2.90292857856 -1.67689285357 -0.650258273929 0.0344261747409 0.566631205881 0.834353495361 0.638085673866 0.204639645097
 -3.76192308345 -2.42133658768 -1.29583268808 -0.493236858400 -0.0108031759099 0.425350175265 0.774461698605 0.661045579583 0.320647817510
 -3.54447883022 -2.11242844512 -0.747796324651 0.00931534714460 0.234263612485 0.364167198350 0.497884493163 0.473317937640 0.346113898128
 -3.37819182671 -2.02552932835 -0.771325316253 0.103093915329 0.498580894436 0.482100053834 0.364864683944 0.277364688270 0.212810270879
 -3.21714613683 -1.93823750557 -0.867718871682 -0.0559797109145 0.565946401206 0.687804807194 0.392718586932 0.152120907032 0.0533006086742
 -3.05297369154 -1.74775768660 -0.769020980891 -0.00398989065895 0.601282253107 0.718241689840 0.359556002403 0.0694426114408 -0.0626751198173
 -2.92515110209 -1.61199251271 -0.438991011088 0.205626575758 0.524633627685 0.591990857946 0.382671392756 0.0445567914187 -0.145385318541
 -2.76678822923 -1.34725287290 -0.168995376462 0.231572728006 0.530006055482 0.582250918290 0.295150766487 -0.0541322113555 -0.232628792098
 -2.60653926411 -0.979659020778 0.463991327852 0.455873972813 0.333054826506 0.284547822202 0.0728851594921 -0.170453893834 -0.301730866145
 -2.43535168369 -0.721658392469 0.445552646385 0.486319695791 0.445543981311 0.235460945952 -0.0508823770481 -0.262607934187 -0.367375394016
 -2.31976370195 -0.654386721997 0.478960053138 0.700788235030 0.406048187860 0.0867276606030 -0.194466172771 -0.366309017462 -0.439792410332
 -2.22908557245 -0.687877720148 0.490399494892 0.837100190971 0.396410053626 -0.0189549027639 -0.299169777830 -0.450861776718 -0.509345673029
 -2.35583098139 -0.821606853178 0.635329144909 0.873051582991 0.343852601440 -0.0766963865520 -0.359899288201 -0.521362151890 -0.587685095375
 -2.30964120323 -0.807824142873 0.679177251410 0.799050338755 0.394385977468 -0.0310806372205 -0.359890057202 -0.549210490951 -0.632683929811
 -2.10780694918 -0.585178264898 0.788555516290 0.722762554644 0.306598255988 -0.0685722393359 -0.374066397695 -0.568975094497 -0.664366850438
 -1.76464624152 -0.288387373949 0.575780548474 0.776704261310 0.379240995383 -0.0707479869972 -0.393444097497 -0.588285536134 -0.685994058223
 -1.63951770303 -0.269371020394 0.845997429373 0.731800190874 0.187719075170 -0.199809898001 -0.479076240628 -0.659725044526 -0.752437805451
 -1.38523711482 -0.153428730985 0.822370991640 0.719002445845 0.222991224976 -0.228369635237 -0.537735962050 -0.720116142600 -0.804537383995
 -1.30022638781 -0.0148015997079 0.884299649832 0.713432845556 0.145080414039 -0.315879115946 -0.631583586926 -0.806148457599 -0.876241372163
 -1.23596613966 -0.0828588269522 0.713069713493 0.934176358203 0.247914148430 -0.408979137297 -0.756929600691 -0.908312826937 -0.952909229916
 -1.15279533242 0.187016170178 0.929278840614 0.756504786305 0.0609548492981 -0.518470225623 -0.856601448814 -0.992470492085 -1.01733119316
 -1.29100762066 -0.0110596350152 0.911837063788 0.971087085736 -0.00283113556038 -0.621620100624 -0.943833591822 -1.06868120261 -1.08039913654
 -1.43168619652 -0.0686931840851 0.943514813851 0.947459763147 0.0566200516047 -0.582206203039 -0.939460528137 -1.08351140110 -1.09908896203
 -1.38744784235 0.170954838393 0.768093155897 0.854856409756 0.207605342637 -0.380704375171 -0.835271588881 -1.02672191705 -1.04662907656
 -1.39229812573 -0.133254613509 0.616809783035 0.963634767817 0.295539209396 -0.244749530424 -0.704728585657 -0.921068954974 -0.959842654895
 -1.25646184049 0.236898840914 0.477577874566 0.768751258231 0.307192540930 -0.173612715608 -0.562899321510 -0.765684848121 -0.811939545677
 -1.16255855604 0.406917799879 0.631302203489 0.502143875048 0.121954019375 -0.197115069852 -0.453676877169 -0.604152300109 -0.653554371114
 -1.30341768868 -0.0133121773266 0.494201074631 0.797768529167 0.151300419862 -0.218817045075 -0.383590190377 -0.465104279744 -0.501603871655
 -1.25572799192 0.371007226398 0.510126846345 0.302319975825 0.0447960074020 -0.120831853379 -0.216967806913 -0.268772807623 -0.292800061234
 -1.24560578516 0.341704573570 0.109560230544 0.162946823422 0.134462746398 0.0496878691369 -0.0252073360939 -0.0714759684142 -0.0930628759874
 -1.50534627303 -0.737625951207 -0.230513129657 0.414489405000 0.389612558562 0.241247821106 0.133112161507 0.0681158645208 0.0295348862150
 -1.74431881417 -1.05658947277 -0.426214105043 0.110859236567 0.261321649850 0.394784624982 0.358809728288 0.260436511925 0.178607914503
 -1.47940269596 -0.780393695550 -0.401086841591 0.166058935359 0.168042485800 0.200482804269 0.272249260082 0.310877766605 0.322988916839
 -0.720249862764 -0.193615105759 -0.617393607409 -0.412934254753 -0.150404378240 0.105770589536 0.304720413142 0.426113463743 0.487888431771
 -0.432625933841 -0.701817649438 -0.883411499618 -0.557926951940 -0.241656639997 0.190470979116 0.409117437218 0.490220849440 0.551836071639
# log_selcoffs_fsh[2]:
 -6.42815989656 -4.96946187773 -3.50746322786 -1.89525492853 -0.522223908691 0.365638454615 1.00395660914 1.12317571064 0.474690189943 -1.00683437066
 -6.34915138491 -4.90274162553 -3.40727000302 -1.99279155484 -0.827427958929 0.227714880092 1.00300169132 1.16648787357 0.484818151089 -0.566601713295
 -6.23402786355 -4.85097545643 -3.45235600358 -2.09509937239 -0.977676296426 0.0820426424623 0.953734596628 1.15940261167 0.576123522254 -0.209164734411
 -6.07557993208 -4.72668135840 -3.43960442865 -2.19937308239 -1.11656276869 -0.146002110102 0.801449813878 1.16330053882 0.737046172730 0.126926976883
 -5.90979018247 -4.49497389353 -3.22277510585 -2.18660526093 -1.29286920567 -0.368768368657 0.618542063856 1.10321942043 0.876174426914 0.467591700258
 -5.75302848302 -4.41648891434 -3.12461073186 -1.94264544213 -1.11973281251 -0.498475737563 0.300475728147 0.916643969871 1.00545700503 0.823784414220
 -5.61285160604 -4.34902752680 -3.14410324661 -2.05985388086 -1.12945267800 -0.381742763661 0.193892084901 0.692920946487 0.983441976654 1.07152033659
 -5.50226751607 -4.28129203069 -3.13648189031 -2.13169172231 -1.25778839769 -0.544732061716 0.130849964991 0.610138226115 0.960814180002 1.21236956566
 -5.42925302363 -4.19927023943 -3.04407418154 -2.09103597611 -1.33648843042 -0.654163224773 0.0433938141372 0.629933899066 0.961799384487 1.24947994336
 -5.34472270729 -4.07922759425 -2.89630523220 -1.89977072285 -1.13309088912 -0.566290069432 -0.0903288387797 0.498200058471 0.953795164963 1.31610901187
 -5.29283340475 -3.92322438160 -2.61413241663 -1.53190170715 -0.824850347593 -0.314877317408 0.0719561711268 0.389394734066 0.806775034593 1.31541448538
 -5.30917078938 -3.80768639806 -2.39360643616 -1.20620866902 -0.599043880324 -0.178974044783 0.131964631374 0.448088037757 0.855455751518 1.14356326604
 -5.33592778899 -3.66097642025 -2.05194915517 -0.778703512428 -0.240694611138 0.107625470005 0.278734235185 0.451485065730 0.719882747223 0.930583526760
 -5.35818085290 -3.47689677640 -1.68253797962 -0.501978975347 0.120155798189 0.301561922368 0.346031628086 0.422287210004 0.567003042927 0.688960149918
 -5.33821577478 -3.26570162452 -1.30564261999 -0.0476109249565 0.376278299742 0.351480018550 0.233565323075 0.268613892183 0.432564395467 0.555062908201
 -5.28076225563 -3.06570687355 -1.00130531792 0.111123367817 0.353715159841 0.308033287980 0.202718502913 0.227621165084 0.389103111217 0.543642396686
 -5.24308207241 -3.00552017569 -0.896541172246 0.0788328420423 0.334574640752 0.313142323913 0.199181111870 0.206774840261 0.378095782652 0.576909850832
 -5.21640558594 -3.18242001313 -1.26548615308 0.0139793606200 0.411387807692 0.383098499009 0.215688830102 0.193963058935 0.369582877177 0.576207056930
 -5.18104059287 -3.32031597214 -1.56416491162 -0.248980430026 0.459675224314 0.458170095418 0.240765838601 0.201023295149 0.383656369749 0.610919068190
 -5.11022204767 -3.36384560938 -1.69167563101 -0.413854054751 0.248122319572 0.388579896916 0.249983113787 0.243250244623 0.484701576569 0.776785830723
 -5.07556133476 -3.43734087785 -1.89410753013 -0.622588173782 0.139060846190 0.394616452208 0.298868029914 0.252919285747 0.507301819126 0.852145432659
 -5.07912658656 -3.51762189392 -2.05329913382 -0.886246796086 -0.0441257906871 0.424450998328 0.402663733976 0.322214474108 0.534327343774 0.856848493333
 -5.10293222897 -3.58540911395 -2.21313252473 -1.08881934825 -0.255049801905 0.419184559279 0.457184311920 0.399650809152 0.583611036341 0.859170897804
 -5.17833328272 -3.64781849774 -2.24663250097 -1.11314422211 -0.398021109690 0.197958216226 0.514410155898 0.502598184460 0.667749224264 0.862033208842
 -5.26141875351 -3.69549874231 -2.18952131334 -0.895048221691 -0.251699433910 0.0113189493110 0.322648856401 0.538111368230 0.710982114142 0.928621565014
 -5.37799310016 -3.76063180554 -2.27642547359 -1.00761133422 -0.238522521940 0.246307557042 0.345806357700 0.457262295066 0.668853990289 0.913253414663
 -5.59364509555 -3.93627775671 -2.30610428217 -0.929648020603 -0.149308561111 0.398882671560 0.506042115806 0.465710210834 0.573060049136 0.744510097580
 -5.79757926260 -4.10202232012 -2.35784676750 -0.687887046785 0.0641660113725 0.516308488276 0.515438380470 0.392769519243 0.528448632212 0.581834435356
 -5.99668120838 -4.28479889280 -2.57878649712 -0.999338503943 -0.0776186844884 0.765299247744 0.723629997071 0.400942923537 0.435327639844 0.310558877265
 -6.17312656978 -4.42446590029 -2.69045285730 -1.03634308457 0.251627756985 0.868711978997 0.787944657860 0.390142645655 0.164682524659 0.0375815001112
 -6.28056400603 -4.46939626494 -2.60482653130 -0.806939263353 0.348704230772 0.836581880071 0.722634029652 0.369970066682 0.152545113354 0.0662603860680
 -6.32373931986 -4.45362414171 -2.52553545954 -0.754019672895 0.332837176967 0.624684164515 0.650595447396 0.443205207027 0.317104651264 0.282157270503
 -6.32897065313 -4.41204219047 -2.38685468913 -0.654953044128 -0.0268704860528 0.319208435559 0.581416640723 0.624144264031 0.535634124966 0.507676213026
 -6.34751390128 -4.48259053336 -2.60824325125 -0.992752029582 -0.138004874559 0.360843593346 0.610561915981 0.669913388086 0.584592099050 0.499137024941
 -6.31413044567 -4.51483097693 -2.67520715675 -1.17066743049 -0.414665371769 0.161156911194 0.595537872989 0.744127908063 0.696396173378 0.613909594359
 -6.25586046682 -4.57807520456 -2.94578154072 -1.37536199879 -0.436120520808 0.0627894829241 0.499640335254 0.744698981123 0.784065313379 0.706487852809
 -6.21990527404 -4.62902062680 -3.10732543583 -1.67000294548 -0.610872884183 0.0591879583883 0.508691078237 0.740488887368 0.833460471791 0.737205272155
 -6.19032268089 -4.60875961593 -3.08818018699 -1.72346018280 -0.696644956388 0.0138691021641 0.491920852665 0.748980973541 0.835125288468 0.786789128723
# log_selcoffs_fsh[3]:
 -2.35114182426 0.288615040258 1.47714237996 0.0410706608443 -2.12510972144 -3.88508373773 -4.84598310356
 -2.32835527988 0.871148665946 1.29626960617 -0.307554260575 -2.35788664425 -3.93554633134 -4.84626128474
# log_selcoffs_fsh[4]:
 -5.86831196953 -4.71933040473 -3.54843473102 -2.32196007366 -1.05264499574 0.128345328074 0.962527000305 1.10734019776 0.548606018120
 -5.85948642710 -4.70351987941 -3.51837818904 -2.24040461232 -0.921040814224 0.224560242033 0.972430146400 1.04169278110 0.544514488567
 -5.82840445383 -4.66998483885 -3.48914193113 -2.24236153867 -0.945054305862 0.206694726502 0.960738959505 1.04893198835 0.567842925389
 -5.76702740069 -4.59854466246 -3.42758366106 -2.22752178560 -0.984909474319 0.142223812673 0.922963104038 1.06761052825 0.639259990213
 -5.70104093975 -4.50725843200 -3.32428037842 -2.15645198036 -0.956762959137 0.149469169122 0.890812143127 1.04350454256 0.699271265996
 -5.62994578253 -4.45339595008 -3.26046565715 -2.06764287091 -0.948062218626 0.0795741925608 0.845426997523 1.06110219802 0.756626508353
 -5.53574476314 -4.38315146078 -3.20313477892 -1.98736927811 -0.876182095182 0.0924514303136 0.814850413390 1.02451074466 0.810077095421
 -5.40650889896 -4.25781902066 -3.13106485561 -1.96358236552 -0.848188409997 0.0647923613498 0.764360525240 1.02297895663 0.864204405212
 -5.27052684490 -4.07909876811 -2.99627798792 -1.97951502409 -0.946017407109 0.0206384058365 0.746303376352 1.01667180497 0.919294690869
 -5.14098929453 -3.94513444929 -2.80999497559 -1.78647510239 -0.886988318743 -0.0336893718389 0.656077939689 0.997052226007 1.00458680853
 -5.04057428899 -3.82887586699 -2.68160318955 -1.65011721036 -0.742326960479 0.0185827360559 0.604975872150 0.934643825367 1.04346573780
 -4.97024110279 -3.71242470805 -2.54054921656 -1.52504745476 -0.642940263754 0.0919049211457 0.594168656368 0.887444898383 1.03309967034
 -4.91400297156 -3.56677746784 -2.32209649231 -1.32877915427 -0.571236731732 0.0900494693956 0.591784557874 0.864694816794 1.01559120173
 -4.85666090503 -3.38245175281 -1.95646278796 -0.945593024782 -0.366578223689 0.0776418884573 0.467096270756 0.808976777505 1.03448302057
 -4.79669465857 -3.24508313179 -1.72221754445 -0.612334864532 -0.111118147817 0.110708215760 0.358842158532 0.710741938287 1.01267336253
 -4.71920138855 -3.12993036580 -1.52496398732 -0.369409792384 -0.0233437243743 0.0926245997953 0.298546832079 0.649775765829 0.993843972827
 -4.66472334537 -3.10721826198 -1.55183956616 -0.385637166496 -0.0137955828788 0.149750981477 0.338541209347 0.634040991798 0.962418644331
 -4.62276509214 -3.20113868957 -1.90089694580 -0.910343111311 -0.223471272041 0.329177369357 0.576015772364 0.686503000960 0.892974349330
 -4.54623117334 -3.24271693825 -2.07116022819 -1.16720164722 -0.451443948731 0.180013909196 0.590502592867 0.820322803021 0.956660328041
 -4.49717882000 -3.26486683211 -2.16690177032 -1.31441683108 -0.663327238118 -0.0205000387706 0.574783442971 0.934720811294 1.01138397088
 -4.44613769217 -3.21743932625 -2.11956825895 -1.35236152825 -0.774244610317 -0.203825185406 0.443689774466 0.989564321936 1.11328428870
 -4.38796455415 -3.12047684269 -1.85570565122 -1.20344089807 -0.781281409521 -0.227910575508 0.337017282826 0.854283462012 1.24774117758
 -4.36482575275 -3.20303269338 -2.13079102814 -1.32791904857 -0.763686713803 -0.152096129039 0.359894337065 0.822326633308 1.26103015899
 -4.30175343082 -3.19547819910 -2.17226421184 -1.35551127986 -0.759858535501 -0.222920981993 0.291103828743 0.809240958344 1.31419585143
 -4.31656126321 -3.22115395557 -2.11110483196 -1.13147548931 -0.489112158163 0.0374954677420 0.433492567973 0.803020799827 1.12388896623
 -4.15324380613 -3.05399906559 -1.83121694128 -0.997729863348 -0.485454239312 -0.0107913317398 0.414286787083 0.795704948834 1.12304624704
 -3.88567802678 -2.91531881519 -1.88565316478 -1.06024799871 -0.520848160257 -0.0461125993433 0.421754722231 0.842933449271 1.10870194154
 -3.40811666314 -2.60684017748 -1.79267506285 -1.13120620684 -0.632831973268 -0.206007443459 0.252165306110 0.784885392648 1.27538911511
 -2.71822975336 -2.11849111247 -1.64733027538 -1.20887554890 -0.905223052252 -0.557063714453 0.00136083240568 0.739936865593 1.44649399211
 -2.73241235260 -2.15591678159 -1.54594445223 -1.12216502463 -0.928820951227 -0.738884658799 -0.218354813163 0.656187821972 1.54255421678
 -2.51107954230 -1.91749244141 -1.67327247563 -1.41486823221 -1.10545971706 -0.821053035731 -0.291530000431 0.608649314022 1.60646572771
 -2.49627815684 -2.01146453624 -1.69267297786 -1.43540290730 -1.16149653821 -0.813113177625 -0.208688313638 0.704764700901 1.56240051276
# log_sel_spl_fsh[1]:
 0.00000000000 0.00000000000 0.00000000000 0.00000000000
 0.00000000000 0.00000000000 0.00000000000 0.00000000000
 0.00000000000 0.00000000000 0.00000000000 0.00000000000
 0.00000000000 0.00000000000 0.00000000000 0.00000000000
 0.00000000000 0.00000000000 0.00000000000 0.00000000000
 0.00000000000 0.00000000000 0.00000000000 0.00000000000
 0.00000000000 0.00000000000 0.00000000000 0.00000000000
 0.00000000000 0.00000000000 0.00000000000 0.00000000000
 0.00000000000 0.00000000000 0.00000000000 0.00000000000
 0.00000000000 0.00000000000 0.00000000000 0.00000000000
 0.00000000000 0.00000000000 0.00000000000 0.00000000000
 0.00000000000 0.00000000000 0.00000000000 0.00000000000
 0.00000000000 0.00000000000 0.00000000000 0.00000000000
 0.00000000000 0.00000000000 0.00000000000 0.00000000000
 0.00000000000 0.00000000000 0.00000000000 0.00000000000
 0.00000000000 0.00000000000 0.00000000000 0.00000000000
 0.00000000000 0.00000000000 0.00000000000 0.00000000000
 0.00000000000 0.00000000000 0.00000000000 0.00000000000
 0.00000000000 0.00000000000 0.00000000000 0.00000000000
 0.00000000000 0.00000000000 0.00000000000 0.00000000000
 0.00000000000 0.00000000000 0.00000000000 0.00000000000
 0.00000000000 0.00000000000 0.00000000000 0.00000000000
 0.00000000000 0.00000000000 0.00000000000 0.00000000000
 0.00000000000 0.00000000000 0.00000000000 0.00000000000
 0.00000000000 0.00000000000 0.00000000000 0.00000000000
 0.00000000000 0.00000000000 0.00000000000 0.00000000000
 0.00000000000 0.00000000000 0.00000000000 0.00000000000
 0.00000000000 0.00000000000 0.00000000000 0.00000000000
 0.00000000000 0.00000000000 0.00000000000 0.00000000000
 0.00000000000 0.00000000000 0.00000000000 0.00000000000
 0.00000000000 0.00000000000 0.00000000000 0.00000000000
 0.00000000000 0.00000000000 0.00000000000 0.00000000000
 0.00000000000 0.00000000000 0.00000000000 0.00000000000
 0.00000000000 0.00000000000 0.00000000000 0.00000000000
 0.00000000000 0.00000000000 0.00000000000 0.00000000000
 0.00000000000 0.00000000000 0.00000000000 0.00000000000
 0.00000000000 0.00000000000 0.00000000000 0.00000000000
# log_sel_spl_fsh[2]:
 0.00000000000 0.00000000000 0.00000000000 0.00000000000
 0.00000000000 0.00000000000 0.00000000000 0.00000000000
 0.00000000000 0.00000000000 0.00000000000 0.00000000000
 0.00000000000 0.00000000000 0.00000000000 0.00000000000
 0.00000000000 0.00000000000 0.00000000000 0.00000000000
 0.00000000000 0.00000000000 0.00000000000 0.00000000000
 0.00000000000 0.00000000000 0.00000000000 0.00000000000
 0.00000000000 0.00000000000 0.00000000000 0.00000000000
 0.00000000000 0.00000000000 0.00000000000 0.00000000000
 0.00000000000 0.00000000000 0.00000000000 0.00000000000
 0.00000000000 0.00000000000 0.00000000000 0.00000000000
 0.00000000000 0.00000000000 0.00000000000 0.00000000000
 0.00000000000 0.00000000000 0.00000000000 0.00000000000
 0.00000000000 0.00000000000 0.00000000000 0.00000000000
 0.00000000000 0.00000000000 0.00000000000 0.00000000000
 0.00000000000 0.00000000000 0.00000000000 0.00000000000
 0.00000000000 0.00000000000 0.00000000000 0.00000000000
 0.00000000000 0.00000000000 0.00000000000 0.00000000000
 0.00000000000 0.00000000000 0.00000000000 0.00000000000
 0.00000000000 0.00000000000 0.00000000000 0.00000000000
 0.00000000000 0.00000000000 0.00000000000 0.00000000000
 0.00000000000 0.00000000000 0.00000000000 0.00000000000
 0.00000000000 0.00000000000 0.00000000000 0.00000000000
 0.00000000000 0.00000000000 0.00000000000 0.00000000000
 0.00000000000 0.00000000000 0.00000000000 0.00000000000
 0.00000000000 0.00000000000 0.00000000000 0.00000000000
 0.00000000000 0.00000000000 0.00000000000 0.00000000000
 0.00000000000 0.00000000000 0.00000000000 0.00000000000
 0.00000000000 0.00000000000 0.00000000000 0.00000000000
 0.00000000000 0.00000000000 0.00000000000 0.00000000000
 0.00000000000 0.00000000000 0.00000000000 0.00000000000
 0.00000000000 0.00000000000 0.00000000000 0.00000000000
 0.00000000000 0.00000000000 0.00000000000 0.00000000000
 0.00000000000 0.00000000000 0.00000000000 0.00000000000
 0.00000000000 0.00000000000 0.00000000000 0.00000000000
 0.00000000000 0.00000000000 0.00000000000 0.00000000000
 0.00000000000 0.00000000000 0.00000000000 0.00000000000
 0.00000000000 0.00000000000 0.00000000000 0.00000000000
# log_sel_spl_fsh[3]:
 0.00000000000 0.00000000000 0.00000000000 0.00000000000
 0.00000000000 0.00000000000 0.00000000000 0.00000000000
# log_sel_spl_fsh[4]:
 0.00000000000 0.00000000000 0.00000000000 0.00000000000
 0.00000000000 0.00000000000 0.00000000000 0.00000000000
 0.00000000000 0.00000000000 0.00000000000 0.00000000000
 0.00000000000 0.00000000000 0.00000000000 0.00000000000
 0.00000000000 0.00000000000 0.00000000000 0.00000000000
 0.00000000000 0.00000000000 0.00000000000 0.00000000000
 0.00000000000 0.00000000000 0.00000000000 0.00000000000
 0.00000000000 0.00000000000 0.00000000000 0.00000000000
 0.00000000000 0.00000000000 0.00000000000 0.00000000000
 0.00000000000 0.00000000000 0.00000000000 0.00000000000
 0.00000000000 0.00000000000 0.00000000000 0.00000000000
 0.00000000000 0.00000000000 0.00000000000 0.00000000000
 0.00000000000 0.00000000000 0.00000000000 0.00000000000
 0.00000000000 0.00000000000 0.00000000000 0.00000000000
 0.00000000000 0.00000000000 0.00000000000 0.00000000000
 0.00000000000 0.00000000000 0.00000000000 0.00000000000
 0.00000000000 0.00000000000 0.00000000000 0.00000000000
 0.00000000000 0.00000000000 0.00000000000 0.00000000000
 0.00000000000 0.00000000000 0.00000000000 0.00000000000
 0.00000000000 0.00000000000 0.00000000000 0.00000000000
 0.00000000000 0.00000000000 0.00000000000 0.00000000000
 0.00000000000 0.00000000000 0.00000000000 0.00000000000
 0.00000000000 0.00000000000 0.00000000000 0.00000000000
 0.00000000000 0.00000000000 0.00000000000 0.00000000000
 0.00000000000 0.00000000000 0.00000000000 0.00000000000
 0.00000000000 0.00000000000 0.00000000000 0.00000000000
 0.00000000000 0.00000000000 0.00000000000 0.00000000000
 0.00000000000 0.00000000000 0.00000000000 0.00000000000
 0.00000000000 0.00000000000 0.00000000000 0.00000000000
 0.00000000000 0.00000000000 0.00000000000 0.00000000000
 0.00000000000 0.00000000000 0.00000000000 0.00000000000
 0.00000000000 0.00000000000 0.00000000000 0.00000000000
# logsel_slope_fsh[1]:
 0.00000000000 0.00000000000 0.00000000000 0.00000000000 0.00000000000 0.00000000000 0.00000000000 0.00000000000 0.00000000000 0.00000000000 0.00000000000 0.00000000000 0.00000000000 0.00000000000 0.00000000000 0.00000000000 0.00000000000 0.00000000000 0.00000000000 0.00000000000 0.00000000000 0.00000000000 0.00000000000 0.00000000000 0.00000000000 0.00000000000 0.00000000000 0.00000000000 0.00000000000 0.00000000000 0.00000000000 0.00000000000 0.00000000000 0.00000000000 0.00000000000 0.00000000000 0.00000000000
# logsel_slope_fsh[2]:
 0.00000000000 0.00000000000 0.00000000000 0.00000000000 0.00000000000 0.00000000000 0.00000000000 0.00000000000 0.00000000000 0.00000000000 0.00000000000 0.00000000000 0.00000000000 0.00000000000 0.00000000000 0.00000000000 0.00000000000 0.00000000000 0.00000000000 0.00000000000 0.00000000000 0.00000000000 0.00000000000 0.00000000000 0.00000000000 0.00000000000 0.00000000000 0.00000000000 0.00000000000 0.00000000000 0.00000000000 0.00000000000 0.00000000000 0.00000000000 0.00000000000 0.00000000000 0.00000000000 0.00000000000
# logsel_slope_fsh[3]:
 0.00000000000 0.00000000000
# logsel_slope_fsh[4]:
 0.00000000000 0.00000000000 0.00000000000 0.00000000000 0.00000000000 0.00000000000 0.00000000000 0.00000000000 0.00000000000 0.00000000000 0.00000000000 0.00000000000 0.00000000000 0.00000000000 0.00000000000 0.00000000000 0.00000000000 0.00000000000 0.00000000000 0.00000000000 0.00000000000 0.00000000000 0.00000000000 0.00000000000 0.00000000000 0.00000000000 0.00000000000 0.00000000000 0.00000000000 0.00000000000 0.00000000000 0.00000000000
# sel50_fsh[1]:
 0.00000000000 0.00000000000 0.00000000000 0.00000000000 0.00000000000 0.00000000000 0.00000000000 0.00000000000 0.00000000000 0.00000000000 0.00000000000 0.00000000000 0.00000000000 0.00000000000 0.00000000000 0.00000000000 0.00000000000 0.00000000000 0.00000000000 0.00000000000 0.00000000000 0.00000000000 0.00000000000 0.00000000000 0.00000000000 0.00000000000 0.00000000000 0.00000000000 0.00000000000 0.00000000000 0.00000000000 0.00000000000 0.00000000000 0.00000000000 0.00000000000 0.00000000000 0.00000000000
# sel50_fsh[2]:
 0.00000000000 0.00000000000 0.00000000000 0.00000000000 0.00000000000 0.00000000000 0.00000000000 0.00000000000 0.00000000000 0.00000000000 0.00000000000 0.00000000000 0.00000000000 0.00000000000 0.00000000000 0.00000000000 0.00000000000 0.00000000000 0.00000000000 0.00000000000 0.00000000000 0.00000000000 0.00000000000 0.00000000000 0.00000000000 0.00000000000 0.00000000000 0.00000000000 0.00000000000 0.00000000000 0.00000000000 0.00000000000 0.00000000000 0.00000000000 0.00000000000 0.00000000000 0.00000000000 0.00000000000
# sel50_fsh[3]:
 0.00000000000 0.00000000000
# sel50_fsh[4]:
 0.00000000000 0.00000000000 0.00000000000 0.00000000000 0.00000000000 0.00000000000 0.00000000000 0.00000000000 0.00000000000 0.00000000000 0.00000000000 0.00000000000 0.00000000000 0.00000000000 0.00000000000 0.00000000000 0.00000000000 0.00000000000 0.00000000000 0.00000000000 0.00000000000 0.00000000000 0.00000000000 0.00000000000 0.00000000000 0.00000000000 0.00000000000 0.00000000000 0.00000000000 0.00000000000 0.00000000000 0.00000000000
# logsel_p1_fsh[1]:
 0.00000000000 0.00000000000 0.00000000000 0.00000000000 0.00000000000 0.00000000000 0.00000000000 0.00000000000 0.00000000000 0.00000000000 0.00000000000 0.00000000000 0.00000000000 0.00000000000 0.00000000000 0.00000000000 0.00000000000 0.00000000000 0.00000000000 0.00000000000 0.00000000000 0.00000000000 0.00000000000 0.00000000000 0.00000000000 0.00000000000 0.00000000000 0.00000000000 0.00000000000 0.00000000000 0.00000000000 0.00000000000 0.00000000000 0.00000000000 0.00000000000 0.00000000000 0.00000000000
# logsel_p1_fsh[2]:
 0.00000000000 0.00000000000 0.00000000000 0.00000000000 0.00000000000 0.00000000000 0.00000000000 0.00000000000 0.00000000000 0.00000000000 0.00000000000 0.00000000000 0.00000000000 0.00000000000 0.00000000000 0.00000000000 0.00000000000 0.00000000000 0.00000000000 0.00000000000 0.00000000000 0.00000000000 0.00000000000 0.00000000000 0.00000000000 0.00000000000 0.00000000000 0.00000000000 0.00000000000 0.00000000000 0.00000000000 0.00000000000 0.00000000000 0.00000000000 0.00000000000 0.00000000000 0.00000000000 0.00000000000
# logsel_p1_fsh[3]:
 0.00000000000 0.00000000000
# logsel_p1_fsh[4]:
 0.00000000000 0.00000000000 0.00000000000 0.00000000000 0.00000000000 0.00000000000 0.00000000000 0.00000000000 0.00000000000 0.00000000000 0.00000000000 0.00000000000 0.00000000000 0.00000000000 0.00000000000 0.00000000000 0.00000000000 0.00000000000 0.00000000000 0.00000000000 0.00000000000 0.00000000000 0.00000000000 0.00000000000 0.00000000000 0.00000000000 0.00000000000 0.00000000000 0.00000000000 0.00000000000 0.00000000000 0.00000000000
# sel_p2_fsh[1]:
 0.00000000000 0.00000000000 0.00000000000 0.00000000000 0.00000000000 0.00000000000 0.00000000000 0.00000000000 0.00000000000 0.00000000000 0.00000000000 0.00000000000 0.00000000000 0.00000000000 0.00000000000 0.00000000000 0.00000000000 0.00000000000 0.00000000000 0.00000000000 0.00000000000 0.00000000000 0.00000000000 0.00000000000 0.00000000000 0.00000000000 0.00000000000 0.00000000000 0.00000000000 0.00000000000 0.00000000000 0.00000000000 0.00000000000 0.00000000000 0.00000000000 0.00000000000 0.00000000000
# sel_p2_fsh[2]:
 0.00000000000 0.00000000000 0.00000000000 0.00000000000 0.00000000000 0.00000000000 0.00000000000 0.00000000000 0.00000000000 0.00000000000 0.00000000000 0.00000000000 0.00000000000 0.00000000000 0.00000000000 0.00000000000 0.00000000000 0.00000000000 0.00000000000 0.00000000000 0.00000000000 0.00000000000 0.00000000000 0.00000000000 0.00000000000 0.00000000000 0.00000000000 0.00000000000 0.00000000000 0.00000000000 0.00000000000 0.00000000000 0.00000000000 0.00000000000 0.00000000000 0.00000000000 0.00000000000 0.00000000000
# sel_p2_fsh[3]:
 0.00000000000 0.00000000000
# sel_p2_fsh[4]:
 0.00000000000 0.00000000000 0.00000000000 0.00000000000 0.00000000000 0.00000000000 0.00000000000 0.00000000000 0.00000000000 0.00000000000 0.00000000000 0.00000000000 0.00000000000 0.00000000000 0.00000000000 0.00000000000 0.00000000000 0.00000000000 0.00000000000 0.00000000000 0.00000000000 0.00000000000 0.00000000000 0.00000000000 0.00000000000 0.00000000000 0.00000000000 0.00000000000 0.00000000000 0.00000000000 0.00000000000 0.00000000000
# logsel_p3_fsh[1]:
 0.00000000000 0.00000000000 0.00000000000 0.00000000000 0.00000000000 0.00000000000 0.00000000000 0.00000000000 0.00000000000 0.00000000000 0.00000000000 0.00000000000 0.00000000000 0.00000000000 0.00000000000 0.00000000000 0.00000000000 0.00000000000 0.00000000000 0.00000000000 0.00000000000 0.00000000000 0.00000000000 0.00000000000 0.00000000000 0.00000000000 0.00000000000 0.00000000000 0.00000000000 0.00000000000 0.00000000000 0.00000000000 0.00000000000 0.00000000000 0.00000000000 0.00000000000 0.00000000000
# logsel_p3_fsh[2]:
 0.00000000000 0.00000000000 0.00000000000 0.00000000000 0.00000000000 0.00000000000 0.00000000000 0.00000000000 0.00000000000 0.00000000000 0.00000000000 0.00000000000 0.00000000000 0.00000000000 0.00000000000 0.00000000000 0.00000000000 0.00000000000 0.00000000000 0.00000000000 0.00000000000 0.00000000000 0.00000000000 0.00000000000 0.00000000000 0.00000000000 0.00000000000 0.00000000000 0.00000000000 0.00000000000 0.00000000000 0.00000000000 0.00000000000 0.00000000000 0.00000000000 0.00000000000 0.00000000000 0.00000000000
# logsel_p3_fsh[3]:
 0.00000000000 0.00000000000
# logsel_p3_fsh[4]:
 0.00000000000 0.00000000000 0.00000000000 0.00000000000 0.00000000000 0.00000000000 0.00000000000 0.00000000000 0.00000000000 0.00000000000 0.00000000000 0.00000000000 0.00000000000 0.00000000000 0.00000000000 0.00000000000 0.00000000000 0.00000000000 0.00000000000 0.00000000000 0.00000000000 0.00000000000 0.00000000000 0.00000000000 0.00000000000 0.00000000000 0.00000000000 0.00000000000 0.00000000000 0.00000000000 0.00000000000 0.00000000000
# rec_dev_future:
 0.00000000000 0.00000000000 0.00000000000 0.00000000000 0.00000000000 0.00000000000 0.00000000000 0.00000000000 0.00000000000 0.00000000000 0.00000000000 0.00000000000 0.00000000000 0.00000000000 0.00000000000 0.00000000000 0.00000000000 0.00000000000 0.00000000000 0.00000000000
 0.00000000000 0.00000000000 0.00000000000 0.00000000000 0.00000000000 0.00000000000 0.00000000000 0.00000000000 0.00000000000 0.00000000000 0.00000000000 0.00000000000 0.00000000000 0.00000000000 0.00000000000 0.00000000000 0.00000000000 0.00000000000 0.00000000000 0.00000000000
# log_q_ind[1]:
-0.0780056233152
# log_q_ind[2]:
-3.03993926373
# log_q_ind[3]:
-9.59169358419
# log_q_ind[4]:
-0.779965308336
# log_q_ind[5]:
-4.04884523724
# log_q_ind[6]:
-6.38422365120
# log_q_ind[7]:
-1.00454212071
# log_q_power_ind[1]:
0.00000000000
# log_q_power_ind[2]:
0.00000000000
# log_q_power_ind[3]:
0.00000000000
# log_q_power_ind[4]:
0.00000000000
# log_q_power_ind[5]:
0.00000000000
# log_q_power_ind[6]:
0.00000000000
# log_q_power_ind[7]:
0.00000000000
# log_rw_q_ind[1]:
 -1.20248167146
# log_rw_q_ind[3]:
 -0.253346469573
# log_selcoffs_ind[1]:
 -3.20854755543 -2.09117472599 -1.02282289796 -0.193209806073 0.268483039958 0.458178957009 0.453681656315 0.380661485841 0.321201860169 0.297769816021
 -3.17490555517 -2.23858765384 -1.32715616176 -0.495130831058 0.148660702710 0.493095751385 0.559424183441 0.470104828368 0.369157308368 0.324163258747
# log_selcoffs_ind[2]:
 -0.641533212099 -0.116050226508 0.213268189276 0.323172825449 0.197840754554 0.0346822431457 -0.0571295146619 -0.0726855323904 -0.0755909341504 -0.0962412612473
 -0.202948835187 0.0175751576851 0.145322541981 0.246920779323 0.241816605690 0.125585351614 -0.0372539629709 -0.176131285862 -0.259093600068 -0.289822244366
 0.170224623963 0.100161321634 0.136390905483 0.228729347217 0.226064122346 0.0936313219993 -0.105229125423 -0.289572720150 -0.406243601180 -0.447400662284
# log_selcoffs_ind[3]:
 -0.202940821038 0.0202027052767 0.0202027052767 0.0202027052767 0.0202027052767 0.0202027052767 0.0202027052767 0.0202027052767 0.0202027052767 0.0202027052767
# log_selcoffs_ind[4]:
 -2.45855134786 -1.45659659304 -0.601589579345 -0.0796757842785 0.107165864250 0.198291046111 0.278711349456 0.358930031878 0.424982605362 0.466770386542
 -3.06823601466 -2.20958532189 -1.37140123523 -0.656174733966 -0.134615965121 0.225564633038 0.460239157245 0.581818371251 0.592624252214 0.566231100301
# log_selcoffs_ind[5]:
 -3.04452005677 -0.669616569639 0.101782682789 0.174353368097 0.174353368097 0.174353368097 0.174353368097 0.174353368097 0.174353368097 0.174353368097
# log_selcoffs_ind[6]:
 -3.04452005677 -0.669616569639 0.101782682789 0.174353368097 0.174353368097 0.174353368097 0.174353368097 0.174353368097 0.174353368097 0.174353368097
# log_selcoffs_ind[7]:
 -3.04452005677 -0.669616569639 0.101782682789 0.174353368097 0.174353368097 0.174353368097 0.174353368097 0.174353368097 0.174353368097 0.174353368097
# logsel_slope_ind[1]:
 0.00000000000 0.00000000000
# logsel_slope_ind[2]:
 0.00000000000 0.00000000000 0.00000000000
# logsel_slope_ind[3]:
 0.00000000000
# logsel_slope_ind[4]:
 0.00000000000 0.00000000000
# logsel_slope_ind[5]:
 0.00000000000
# logsel_slope_ind[6]:
 0.00000000000
# logsel_slope_ind[7]:
 0.00000000000
# sel50_ind[1]:
 0.00000000000 0.00000000000
# sel50_ind[2]:
 0.00000000000 0.00000000000 0.00000000000
# sel50_ind[3]:
 0.00000000000
# sel50_ind[4]:
 0.00000000000 0.00000000000
# sel50_ind[5]:
 0.00000000000
# sel50_ind[6]:
 0.00000000000
# sel50_ind[7]:
 0.00000000000
# logsel_p1_ind[1]:
 0.00000000000 0.00000000000
# logsel_p1_ind[2]:
 0.00000000000 0.00000000000 0.00000000000
# logsel_p1_ind[3]:
 0.00000000000
# logsel_p1_ind[4]:
 0.00000000000 0.00000000000
# logsel_p1_ind[5]:
 0.00000000000
# logsel_p1_ind[6]:
 0.00000000000
# logsel_p1_ind[7]:
 0.00000000000
# sel_p2_ind[1]:
 0.00000000000 0.00000000000
# sel_p2_ind[2]:
 0.00000000000 0.00000000000 0.00000000000
# sel_p2_ind[3]:
 0.00000000000
# sel_p2_ind[4]:
 0.00000000000 0.00000000000
# sel_p2_ind[5]:
 0.00000000000
# sel_p2_ind[6]:
 0.00000000000
# sel_p2_ind[7]:
 0.00000000000
# logsel_p3_ind[1]:
 0.00000000000 0.00000000000
# logsel_p3_ind[2]:
 0.00000000000 0.00000000000 0.00000000000
# logsel_p3_ind[3]:
 0.00000000000
# logsel_p3_ind[4]:
 0.00000000000 0.00000000000
# logsel_p3_ind[5]:
 0.00000000000
# logsel_p3_ind[6]:
 0.00000000000
# logsel_p3_ind[7]:
 0.00000000000
