# Number of parameters = 1536 Objective function value = 1135.96365679549  Maximum gradient component = 0.000214276540190285
# Mest[1]:
0.280000000000
# Mest[2]:
0.330000000000
# log_Linf[1]:
4.29810139974
# log_Linf[2]:
4.29810139974
# log_k[1]:
-1.83258146375
# log_k[2]:
-1.83258146375
# log_Lo[1]:
2.60712428251
# log_Lo[2]:
2.60712428251
# log_sdage[1]:
-2.40794560865
# log_sdage[2]:
-2.40794560865
# mean_log_rec[1]:
9.32591299859
# mean_log_rec[2]:
7.70379070672
# mean_log_rec[3]:
7.08066026539
# steepness[1]:
0.650000000000
# steepness[2]:
0.650000000000
# steepness[3]:
0.650000000000
# log_Rzero[1]:
9.21275048910
# log_Rzero[2]:
7.80835760875
# log_Rzero[3]:
6.72987596981
# rec_dev:
 -0.0654447638794 -0.0847578813694 -0.108932347694 -0.138967701715 -0.175928373728 -0.220698862409 -0.272678077230 -0.330830721590 -0.397623444675 -0.472668781454 -0.549506264896 -0.617536656931 -0.690633963814 -0.770503300275 -0.887315220911 -0.910062150732 -0.674044308210 -0.448818773377 -0.156863666750 0.0873820409585 0.136020125244 0.173474209435 0.277021768851 0.365254929694 0.889862825925 0.718148439530 0.762631441102 1.58906646041 1.48947257623 0.693877569312 0.149870528668 0.438678635208 0.664702289740 0.757063335653 0.249965994284 0.271198129017 0.0317869375103 0.183965051758 0.270389360527 0.318600817976 0.441605390571 0.549183776094 0.577819873454 0.499594435814 0.0710919659543 -0.428508976578 -0.301697820660 -0.768159362365 -1.55294271278 -0.671404910198 -0.821232434107 -1.08624386790 -1.02234058160 -0.988137656574 -0.828424221798 -0.302432850293 -0.254076233159 0.0611283947543 0.354522702637 0.791110479800 0.447038507363 -0.402375318191 0.169178749527 -0.0655965593070
 -0.00240947257150 -0.00325470116722 -0.00433415668875 -0.00568380743799 -0.00733621473428 -0.00930741870899 -0.0115871031614 -0.0144116890948 -0.0177311351066 -0.0213316633893 -0.0258352728999 0.0332100789712 0.0268282017389 0.0182565694900 0.00743047688164 0.00531318612656 0.00535367984635 -0.0123944702902 0.359012471802 0.0669146185766 -0.0821747346168 -0.317911011529 0.129041295542 0.280272678946 -0.280612749419 -0.998043842633 -0.133405159398 0.304918403654 0.672500677366 0.333172371736 -0.0936201230179 -0.696234914087 -0.151886267031 -0.0355133199844 -0.323545003865 -0.0485958886161 0.660477337505 0.0644125000964 0.197711720256 -0.0613796010809 1.42077079747 0.616566700435 0.303656670649 0.0357759274618 -1.29132242785 0.565751337088 0.385915233363 -0.294117381317 -2.01742613274 -1.53091860562 0.847778356583 -0.112381466070 -0.806058996383 -1.09441770343 -1.22674951120 -0.752724140574 -0.852282486372 0.493593704484 1.21547616715 1.12075600776 -0.106540575064 -0.707300936201 -0.395032478248 -0.0162364132157
# log_sigmar[1]:
-0.510825623766
# log_sigmar[2]:
-0.510825623766
# log_sigmar[3]:
-0.510825623766
# fmort:
 -4.73388400891 -4.32103369961 -5.05214745644 -4.72986404721 -3.96650697911 -3.64222006690 -3.31821505788 -3.34894268824 -2.69976219762 -2.81565999696 -3.09912629140 -2.71955748342 -1.98784455780 -2.92796592202 -2.05793426447 -2.62968637828 -5.04029247160 -3.77435462538 -4.18623621856 -4.29357548622 -4.34326600939 -4.01005475357 -3.94430220362 -3.77245793015 -4.21662302680 -3.92739699792 -3.44998550427 -4.49593840472 -5.69979482055 -5.06803956502 -4.62921143743 -3.99982287479 -4.88684939861 -4.46023146511 -4.32131719834 -3.79645661787 -3.67898847958 -3.24240739266 -2.78543987764 -3.09964404047 -2.61783108711 -4.30693431445 -5.36273601546 -4.93780347717 -4.96658674285 -4.69834192985 -5.05078862169 -4.67466453138 -5.88004457423 -6.22361437888 -5.06705502762 -5.05048943456 -5.15067110511
 -7.11571909875 -6.67543024212 -6.20145624083 -5.60283986717 -5.81447927275 -5.10071488359 -4.57810931503 -4.25963679099 -3.81148398553 -3.60756009859 -3.48980480341 -2.74961683436 -2.50984269528 -2.78024676969 -2.40530699365 -2.01830582162 -1.82259173039 -1.51485699259 -1.33052226643 -1.19692591036 -1.18321032293 -0.950680003243 -0.659753052903 -0.629696490926 -0.412381348603 -0.119119546406 -0.155336971688 -0.179256716579 -0.742491636163 -1.22454457148 -1.61868521495 -1.48377795965 -1.43991834185 -1.53452955679 -1.52333966414 -1.48412155887 -1.38768195436 -1.19790857841 -1.35435202501 -1.06139264586 -1.62783019037 -1.98175105577 -2.26097460480 -2.43215335299 -2.49028685186 -2.34876482793 -2.32088831397 -2.29439749245 -2.26513878720 -2.37006463607 -2.46467619273 -2.54906776210 -2.50744344337
 -6.96908887205 -6.29445528681 -5.42208370452 -4.64396400836 -3.46872637884 -4.63544214315 -4.34962774650 -1.72746671793 -1.58532052752 -1.77386657505 -1.56171813910 -1.09411199642 -2.13773486922 -2.75048160877 -2.75134138296 -3.40840121338 -3.94187368500 -3.77760447667 -2.49313207956 -2.59329450450 -2.50738789817 -2.79919653264 -3.18937658442 -2.81147827607 -2.41351575400 -1.03931782124 -0.467343426666 0.00265243110893 0.355554120423 -0.940012634155 -1.14061631094 -0.0338160578167 -1.82888972058 -1.76099411595 -1.74302616272 -2.32139486184 -1.38599627272 -1.35312925620 -1.36555272098 -1.33589756438 -2.80184992747 -1.25895157287 -1.64963172995 -2.22615999838 -1.98961311577 -3.05946411716 -3.76558864800 -4.67480033144 -3.51685000311 -3.35852642373 -3.67549825185 -3.68034959820 -2.73169926394
 -9.60259886292 -9.56736180494 -7.81887238680 -9.47436318452 -9.41470343603 -9.34193279990 -9.21544541330 -8.33690846502 -5.10164986482 -2.94942409836 -2.84372600583 -2.40371297992 -1.61288420893 -1.10211919823 -0.687969705424 -0.902166000869 -1.08359576484 -1.40527109569 -1.75582217186 -2.08734429777 -2.38952701437 -3.01256609390 -5.57480677104 -9.06550153394 -8.86967672522 -8.56894047934 -8.22251641922 -7.90974825947 -7.78427118847 -7.86809727355 -7.31299804816 -5.42238012737 -4.31513657938 -3.77545573288 -3.18810262800 -3.34832720550 -2.88738559473 -2.49140986828 -2.29143342914 -2.01907042088 -2.15639331482 -3.39947757265 -3.82185836584 -3.83923020392 -3.47567548974 -3.34457516995 -3.86588947478 -3.99916302721 -4.08091643111 -4.34211054595 -6.96712471745 -4.35963983514 -4.46920661286
# log_selcoffs_fsh[1]:
 -3.65575336543 -2.00805690356 -1.01477812794 -0.0572007639705 0.795002492908 0.977929549707 0.395346300870 -0.317328315893 -0.806003165017
 -3.24767758157 -1.58718626364 -0.882154742907 -0.124358810579 0.661262992213 0.910365919978 0.479225025367 -0.143840330552 -0.586331395536
 -2.93496284776 -1.49065819475 -0.669956005315 0.101939512895 0.648157111348 0.749432533287 0.413401978420 -0.0792513788645 -0.447816456704
 -2.54284962623 -1.27881388845 -0.660561799130 -0.0384095124801 0.698967957962 0.747157462141 0.361249879600 -0.0821487440153 -0.378062770301
 -1.89328832874 -0.389444718887 -0.114006412127 0.110666734153 0.372440518319 0.473482493488 0.287289882652 -0.0108728359210 -0.243509822895
 -1.76866688595 -0.565370884567 0.380787854654 0.580040517048 0.255209534084 0.123993892625 0.00540987909038 -0.164326473489 -0.307732464454
 -1.48475428295 -0.415404137654 0.479191375386 0.687391101191 0.266397405574 -0.0376771488228 -0.195794426260 -0.304552131023 -0.382480450984
 -1.08535876538 -0.232697396759 0.542129040916 0.748381605236 0.188624991834 -0.167248676636 -0.351767570366 -0.431397162417 -0.462093118248
 -0.801955729489 0.206760599554 0.449615175916 0.570912161574 0.284085485823 -0.181459426424 -0.441987407889 -0.526105541260 -0.531005628778
 -0.555121403781 0.362372162804 0.552022062125 0.555113579971 0.136200984922 -0.314451801960 -0.570574601188 -0.634234095254 -0.618558406164
 -0.0292240988528 0.909301974461 0.439496866742 0.148913027255 -0.231925589842 -0.539600543687 -0.710418942801 -0.743464128871 -0.711666849031
 0.193706981360 0.862686569638 0.604819656417 0.111142682453 -0.431598777787 -0.705393622714 -0.823080956936 -0.835559046259 -0.793692399894
 -0.0245918744190 1.14072350288 0.634729376739 -0.112420838505 -0.658639954384 -0.886662771365 -0.953198645200 -0.938958043907 -0.894146422420
 0.226120277168 1.17845453366 0.569330563141 -0.212186401608 -0.790035338405 -1.00005384322 -1.04287399442 -1.00972009149 -0.960823957852
 0.253220394212 1.22785171922 0.549916404876 -0.270419100114 -0.852093360439 -1.06916023428 -1.11118054368 -1.07208744766 -1.02027405802
 -0.155636780810 1.31180162104 0.657552679562 -0.233334612173 -0.885764190420 -1.12239377656 -1.17192376866 -1.13323786548 -1.07979991845
 -0.0649800535437 1.34723512619 0.593826504865 -0.273323828655 -0.916138337237 -1.15934089521 -1.21347256783 -1.17738797986 -1.12273643666
 0.476977034854 1.14427411051 0.636838355289 -0.284400430971 -0.941920163057 -1.18384518171 -1.23826011917 -1.20045763160 -1.14331577580
 0.779210808669 1.13127632858 0.406685288055 -0.386286869499 -0.992632758452 -1.22908632727 -1.28100176865 -1.23798484462 -1.17653528686
 0.513659999650 1.22935065208 0.558108170042 -0.377329660288 -1.04244150289 -1.28342270431 -1.32629978428 -1.27072621950 -1.20139405440
 0.600507916079 1.30879808346 0.388601482200 -0.508922531089 -1.12773451896 -1.34946434421 -1.37864352630 -1.30661805360 -1.22630470522
 0.607535316024 1.29758239272 0.483107716731 -0.588572115718 -1.22699104336 -1.42173834491 -1.42722952056 -1.33389763170 -1.23942811036
 0.789904976216 1.25203983300 0.380089998913 -0.611462793507 -1.26364080525 -1.46429489164 -1.46100202003 -1.34988239858 -1.24052789985
 0.489734106099 1.41249448869 0.367068782393 -0.632210632850 -1.26610825270 -1.47509079828 -1.47651787151 -1.35771319079 -1.23561965135
 0.629653724822 1.32502808912 0.371923195055 -0.559654430019 -1.19730244096 -1.43513897776 -1.45265393685 -1.33239461815 -1.20085404683
 0.700778612319 1.18950657689 0.451049377233 -0.376613746375 -1.09519292017 -1.36190076427 -1.38490191207 -1.26926469788 -1.13617660672
 0.328170072278 1.25212681088 0.544910966991 -0.241137208210 -0.979005599589 -1.24538794733 -1.27102060867 -1.16919875747 -1.05286213331
 0.338225912865 1.25946261177 0.454300850770 -0.339281284153 -0.912414927675 -1.12127572127 -1.13065531454 -1.04442145039 -0.955740355050
 1.08612098801 0.809984901499 0.128545250826 -0.490651662038 -0.870226019989 -0.984007674290 -0.962217975976 -0.875484449767 -0.801634464668
 0.682073250571 1.05868865690 0.163035481812 -0.535243410900 -0.810156677838 -0.835686234816 -0.773703364621 -0.688113619215 -0.626157705789
 0.462572077047 1.05539875165 0.0617031730621 -0.501777704573 -0.665226862312 -0.650591845153 -0.562397946541 -0.482594683728 -0.435855709162
 0.391149135042 0.742462240636 0.0536828053002 -0.353241118517 -0.436442065089 -0.389997253931 -0.301755636231 -0.236866458209 -0.209913264750
 -0.442800114398 0.455609386936 0.139805609159 -0.101812917176 -0.109565230128 -0.0983474830064 -0.0347107964092 -0.0196377099244 -0.0218516479281
 -0.859851550361 -0.195079275790 -0.189607891559 0.00164047290031 0.179185140212 0.161416003784 0.249681351933 0.153804796413 0.0987450814737
 -0.388858556879 0.0784985906005 -0.416730390692 -0.400871677900 -0.104130575876 0.115509275096 0.257357519560 0.271123890781 0.249260179302
 0.244832351116 -0.681031596745 -0.828864099016 -0.542202889074 -0.158533589292 0.140695222469 0.317118771649 0.353890598867 0.333793231473
 -0.770056875392 -0.967935535924 -0.884228912123 -0.402384321110 0.0437853087018 0.282281192372 0.465853739632 0.470470237437 0.412348336669
 -1.21770046893 -0.982028389575 -0.868512087865 -0.388648538951 0.0750979965090 0.367505299535 0.467253127889 0.470158514723 0.414769317749
 -1.21519784278 -1.30751073666 -1.24582550883 -0.733546976486 0.0251014701477 0.485318900919 0.632607235913 0.526858328149 0.363755518920
# log_selcoffs_fsh[2]:
 -2.16189864188 -0.214600821214 0.536145065654 0.821661365975 0.566813744178 0.0535339094135 -0.326130317968 -0.556164672172 -0.672841425192 -0.752166849954
 -2.15942166650 -0.241543523702 -0.214226079484 0.325388169838 0.726424350148 0.569102484663 0.0920314873677 -0.296390001474 -0.461122825036 -0.506446918151
 -2.69325176789 -0.899043548198 -0.402481993029 0.148443377161 0.669576713414 0.698890480073 0.278228370954 -0.114248514495 -0.266618547940 -0.283721824251
 -3.09034850251 -1.53408663234 -0.669242786486 -0.111073459855 0.551831061912 0.765511356998 0.371336429800 0.0522906658095 -0.0388403916957 -0.0200884485396
 -2.66631858112 -1.14679524605 -1.09668879161 -0.596339909569 0.225530025033 0.646226170816 0.442153909398 0.269331429803 0.269985552149 0.330481626050
 -2.23939308788 -1.15257708259 -0.969034731755 -0.888629584019 -0.378491030246 0.107755491489 0.344452462060 0.478645979055 0.625111540783 0.739438276551
 -2.89976961441 -1.64613617079 -0.807840350025 -0.684911581414 -0.584820876643 -0.249702716054 0.143121774394 0.494648290145 0.765041773287 0.925489252964
 -3.46622287147 -2.45712941023 -1.66619595484 -0.975465573261 -0.419283664677 -0.0348150745641 0.269715165734 0.489129298347 0.772693222351 0.950778720547
 -3.74853128461 -2.72707504846 -2.08763039379 -1.39094287305 -0.586105657225 -0.0315401589369 0.376571707170 0.650605463849 0.812147679102 0.869640134843
 -3.82796175793 -2.62234463860 -1.92230483752 -1.42971391193 -0.953347080870 -0.309934355980 0.269221903418 0.799871403284 0.966729222465 0.805355709465
 -3.65362370774 -2.17836371376 -1.46645479836 -1.04188420363 -0.696275815887 -0.431954968493 0.0741128383960 0.688470065979 0.968578598385 0.887016273957
 -3.55217638677 -2.08103165710 -1.28556831474 -0.872085955208 -0.527192001027 -0.207653824012 0.307439015936 0.667049835886 0.804469660419 0.790857744488
 -3.18888675159 -1.39319003787 -0.813844359530 -0.488693055084 -0.258614666701 -0.180460471565 0.197386696546 0.508977294343 0.696485346524 0.769378291278
 -2.75592711467 -0.976521743308 -0.437702076969 -0.282600408367 -0.215902019893 -0.105993568572 0.145188773772 0.399739771859 0.593352570665 0.691899650740
 -2.35284940702 -0.374277317752 -0.141728489101 -0.289082558695 -0.393771290539 -0.262404286028 0.0561065715219 0.334720553450 0.556451717801 0.671345594899
 -1.99739101974 -0.0270444243667 -0.158956798326 -0.344325336038 -0.494131261863 -0.359890493401 -0.0428560840686 0.267564581111 0.540381553719 0.712910239332
 -1.54549975021 -0.0235397361849 -0.107557759090 -0.286361773722 -0.480339157042 -0.446379558304 -0.154839830763 0.189951448769 0.526095291813 0.762894810061
 -1.78084994037 0.00810523248391 0.145315275945 -0.0963506785561 -0.394209996378 -0.413530497624 -0.177484051684 0.149299787337 0.434407166739 0.631724236689
 -2.04747982805 -0.220333925893 0.146054483371 -0.0132659006165 -0.288944161794 -0.309907603111 -0.0865113843143 0.200320448129 0.434653843562 0.564570394214
 -2.15456181437 -0.539378982903 -0.161678226397 -0.0341553144710 -0.189627828751 -0.203223498040 0.0178194994442 0.300210995719 0.501278593012 0.599651112292
 -2.23654250505 -0.658934926403 -0.180902121756 0.0102413864565 -0.153564757152 -0.217066223268 -0.00303763937798 0.299887380050 0.514759434978 0.614389717658
 -2.41101934939 -0.779199723489 -0.210406657068 0.0626193964901 -0.0607663211475 -0.130122020681 0.0494394834556 0.290409897703 0.472562429650 0.568625909945
 -2.65217718821 -1.23927827486 -0.357434658110 0.151373517546 0.128107097193 0.00877922933042 0.123141464914 0.303311688918 0.425382100101 0.479930003669
 -2.79382882814 -1.53823724440 -0.677714328788 -0.0707830500520 0.228536103430 0.172404959927 0.306658311629 0.422804850154 0.426770118430 0.352263160828
 -2.88470458203 -1.36375527164 -0.635540680527 -0.298306290793 0.0699335553565 0.251390353232 0.380979790901 0.521459889459 0.443592805281 0.301554740323
 -3.01703307641 -1.72073962244 -0.861324880250 -0.0599953192309 0.301289097797 0.350277614754 0.341855504326 0.415562418548 0.373127084606 0.232411753860
 -3.15249563690 -1.51534716975 -0.808139064997 0.112448007772 0.454355984926 0.509511894892 0.418143031589 0.290660802633 0.104333310926 -0.0337991673670
 -3.30257024559 -1.11870248256 -0.587731088764 0.0861637063767 0.404047532145 0.418172681764 0.662664145698 0.357322070449 -0.112302195446 -0.341568709999
 -3.44450842243 -1.74095628145 -0.787790428644 0.211429263440 0.579883818328 0.552834416895 0.677135207373 0.193409753846 -0.244231347397 -0.488550944727
 -3.55966272818 -1.69763148856 -0.328724217459 0.393439208805 0.818671104915 0.528465191729 0.266887145912 -0.0547317301424 -0.310826908612 -0.450609219224
 -3.42952242415 -1.28016977219 -0.0472112299034 0.556319575367 0.529852071685 0.266781993344 0.170112601566 0.0434424106152 -0.0833271204627 -0.177745657361
 -3.37561250457 -1.42656573282 -0.412302416637 0.119105146132 0.442157726622 0.388561585362 0.218992158755 0.247616616708 0.214726373209 0.131752927895
 -2.91258982595 -0.904697949367 -0.658831300505 -0.355408560317 0.0493355692306 0.254057599337 0.277104052208 0.382772732707 0.489150806764 0.448690859522
 -3.44175784212 -1.33802959651 -0.640976611491 -0.150274502326 0.122912861756 0.262259405888 0.318916996557 0.400445710475 0.424663352604 0.399130531741
 -3.69014542150 -1.70943560353 -0.986277116582 -0.483529622917 0.0829733346214 0.329078464000 0.439010832270 0.508993635298 0.491618660784 0.391061609881
 -4.02121331627 -2.06338737836 -1.03546705441 -0.485154109849 -0.0454719859936 0.240332456384 0.446757591016 0.562707048803 0.546711486497 0.476823345604
 -4.20919007977 -2.63629627368 -1.48984211999 -0.662121067074 0.0169653347655 0.255036696076 0.521574988824 0.624737745011 0.542060161478 0.465462919127
 -4.16914369836 -2.70690803854 -1.95312044101 -1.08823320805 -0.213019762369 0.325505326283 0.554118501248 0.698492052551 0.603723283567 0.510569063915
 -4.14404391368 -2.68530266440 -1.68700254070 -1.14862128869 -0.309108091080 0.200068646924 0.496698953235 0.622261914504 0.686842621130 0.675161258409
 -4.07806917693 -2.76079207486 -1.70067824911 -0.934060399426 -0.283634024027 0.164370354980 0.427666211121 0.593828095209 0.686999646308 0.732505472223
# log_selcoffs_fsh[3]:
 -4.25251133189 -1.73440106813 0.494993093941 1.29871347092 0.199042516983 -1.49011552072 -2.83669120501
 -4.37266898930 -0.885126998915 0.806769332184 0.931615085871 0.398119892732 -1.39517985599 -2.83622760694
# log_selcoffs_fsh[4]:
 -3.22125775090 -2.73679304815 -2.21768455074 -1.62722730775 -0.957061629257 -0.245557107682 0.418954018162 0.932344365069 1.21279368220
 -3.20920331097 -2.73169170126 -2.21943215459 -1.63404406992 -0.965499026512 -0.252139121476 0.416958936361 0.933862653683 1.21524046380
 -3.18558520379 -2.72151967281 -2.22348578660 -1.64697432129 -0.979753437665 -0.260921650292 0.416348584423 0.936275137469 1.21769379347
 -3.14995520238 -2.70098030557 -2.22583679552 -1.67158227039 -1.00427550827 -0.270402420912 0.418506820144 0.941716862967 1.21806101801
 -3.09703530774 -2.66052577983 -2.20823980985 -1.68265987464 -1.03989602758 -0.291824513086 0.424401213379 0.949884192163 1.21629356636
 -3.02329672821 -2.58474926874 -2.16186106931 -1.67338780256 -1.03523692706 -0.291292327555 0.432287844598 0.955220557303 1.20320097228
 -2.93555088174 -2.49113391830 -2.03980512455 -1.59218706814 -0.998610807394 -0.250572816427 0.465773693295 0.954636699667 1.16090755704
 -2.82983745923 -2.38771384823 -1.93068430714 -1.43974225166 -0.889592596343 -0.207317780003 0.470352268574 0.937263407881 1.12816218970
 -2.68145653623 -2.24122464647 -1.80187327725 -1.31714623029 -0.750716227739 -0.126660226879 0.479457916161 0.900692084526 1.08611929347
 -2.51118714512 -2.03924597513 -1.57709010500 -1.14984824973 -0.654842461360 -0.0772449133776 0.465919911076 0.862450766858 1.05005745915
 -2.34404898431 -1.83625159309 -1.33161521878 -0.874849057696 -0.503625274459 -0.0707052535644 0.416549508286 0.807563564297 1.01828512923
 -2.19325353449 -1.67627558773 -1.15183667637 -0.656280156108 -0.269670278810 -0.00255278840738 0.349307202164 0.724006988205 0.964965070953
 -2.06482051254 -1.54732118342 -1.03990820097 -0.556949412702 -0.152542939784 0.124557633384 0.359463922014 0.648114504122 0.874733982500
 -1.94304602379 -1.42774527150 -0.929910977908 -0.478380868414 -0.109770378956 0.165075850113 0.394986693405 0.619362850909 0.781560057860
 -1.82281698494 -1.30858719578 -0.820100424972 -0.392325835406 -0.0516887031582 0.202998642982 0.405325533047 0.577575557150 0.691224158773
 -1.70742200723 -1.19100103860 -0.708770573730 -0.302429771173 0.0108028969073 0.235381936865 0.400868305726 0.525988018061 0.599922262218
 -1.59572272376 -1.07141086785 -0.591545351300 -0.208218930668 0.0698914638149 0.256276639592 0.384040602936 0.468769859622 0.505900602789
 -1.49033635113 -0.935722215813 -0.448285647227 -0.0857041987958 0.147139393554 0.267898809916 0.338863396368 0.379819055338 0.401932900256
 -1.40799338961 -0.813241900885 -0.283850152867 0.0224370610295 0.205041935476 0.285862527120 0.285162668308 0.285008663163 0.276221696013
 -1.36680218692 -0.737404044830 -0.157879076854 0.200164253991 0.256123193407 0.264576627143 0.229617520713 0.171442951637 0.140841673769
 -1.34395140387 -0.692932108212 -0.158456042027 0.240417659847 0.362506520519 0.263143910170 0.177912848261 0.106555932532 0.0664775081691
 -1.35249026395 -0.684826657874 -0.146951707374 0.156350704903 0.350100707086 0.313544901555 0.218115085167 0.119444651214 0.0455245101380
 -1.39769545854 -0.788101318899 -0.248974583631 0.0952430841243 0.259709057507 0.317849746355 0.283872810473 0.217165283426 0.163023756707
 -1.49335075467 -0.936869563140 -0.444877679795 -0.0613114531729 0.188705481003 0.321154215668 0.356036299535 0.343022440013 0.321237192952
 -1.59326288502 -1.07137517720 -0.592606604877 -0.193809899926 0.117474401307 0.312832508685 0.395613342047 0.431563104751 0.445070472685
 -1.70463346362 -1.21299749081 -0.764573643972 -0.336260368293 0.0268103705020 0.283181907385 0.433500604637 0.517889691373 0.568284950403
 -1.81662629247 -1.32405906691 -0.956362540901 -0.504432372309 -0.0509696337000 0.247480415169 0.445052264795 0.594286314388 0.683009001186
 -1.91251922462 -1.52644588226 -1.11434089960 -0.556442427903 -0.135289316228 0.0937753763532 0.358474511872 0.650363464486 0.881472127866
 -1.36134881434 -1.45407209722 -1.21017386583 -0.839733716812 -0.409815256347 -0.0333476905696 0.330848189563 0.707174187851 1.00383343634
 -1.70474581385 -1.41854298440 -1.28300333674 -0.955339001224 -0.517230866650 -0.0815342969399 0.325812525650 0.740266699723 1.06977012848
 -1.49909630899 -1.18547283458 -1.17775543856 -1.06560233192 -0.768797048161 -0.333427960908 0.222836700974 0.766844858411 1.17432682625
 -1.19242122936 -0.641558628308 -0.781779572832 -0.983252381774 -0.868973381373 -0.480291719560 0.0839873921133 0.699279912006 1.16329347088
 -1.21835108309 -0.523914473927 -0.375937424019 -0.810413202946 -0.854987961267 -0.557330518922 -0.00631565896626 0.633056765083 1.13323198204
 -1.08982076495 -0.527421794586 -0.480069816992 -0.756578875369 -0.833767460810 -0.555233150596 -0.00317166239525 0.642354861464 1.12475297438
# log_sel_spl_fsh[1]:
 0.00000000000 0.00000000000 0.00000000000 0.00000000000
 0.00000000000 0.00000000000 0.00000000000 0.00000000000
 0.00000000000 0.00000000000 0.00000000000 0.00000000000
 0.00000000000 0.00000000000 0.00000000000 0.00000000000
 0.00000000000 0.00000000000 0.00000000000 0.00000000000
 0.00000000000 0.00000000000 0.00000000000 0.00000000000
 0.00000000000 0.00000000000 0.00000000000 0.00000000000
 0.00000000000 0.00000000000 0.00000000000 0.00000000000
 0.00000000000 0.00000000000 0.00000000000 0.00000000000
 0.00000000000 0.00000000000 0.00000000000 0.00000000000
 0.00000000000 0.00000000000 0.00000000000 0.00000000000
 0.00000000000 0.00000000000 0.00000000000 0.00000000000
 0.00000000000 0.00000000000 0.00000000000 0.00000000000
 0.00000000000 0.00000000000 0.00000000000 0.00000000000
 0.00000000000 0.00000000000 0.00000000000 0.00000000000
 0.00000000000 0.00000000000 0.00000000000 0.00000000000
 0.00000000000 0.00000000000 0.00000000000 0.00000000000
 0.00000000000 0.00000000000 0.00000000000 0.00000000000
 0.00000000000 0.00000000000 0.00000000000 0.00000000000
 0.00000000000 0.00000000000 0.00000000000 0.00000000000
 0.00000000000 0.00000000000 0.00000000000 0.00000000000
 0.00000000000 0.00000000000 0.00000000000 0.00000000000
 0.00000000000 0.00000000000 0.00000000000 0.00000000000
 0.00000000000 0.00000000000 0.00000000000 0.00000000000
 0.00000000000 0.00000000000 0.00000000000 0.00000000000
 0.00000000000 0.00000000000 0.00000000000 0.00000000000
 0.00000000000 0.00000000000 0.00000000000 0.00000000000
 0.00000000000 0.00000000000 0.00000000000 0.00000000000
 0.00000000000 0.00000000000 0.00000000000 0.00000000000
 0.00000000000 0.00000000000 0.00000000000 0.00000000000
 0.00000000000 0.00000000000 0.00000000000 0.00000000000
 0.00000000000 0.00000000000 0.00000000000 0.00000000000
 0.00000000000 0.00000000000 0.00000000000 0.00000000000
 0.00000000000 0.00000000000 0.00000000000 0.00000000000
 0.00000000000 0.00000000000 0.00000000000 0.00000000000
 0.00000000000 0.00000000000 0.00000000000 0.00000000000
 0.00000000000 0.00000000000 0.00000000000 0.00000000000
 0.00000000000 0.00000000000 0.00000000000 0.00000000000
 0.00000000000 0.00000000000 0.00000000000 0.00000000000
# log_sel_spl_fsh[2]:
 0.00000000000 0.00000000000 0.00000000000 0.00000000000
 0.00000000000 0.00000000000 0.00000000000 0.00000000000
 0.00000000000 0.00000000000 0.00000000000 0.00000000000
 0.00000000000 0.00000000000 0.00000000000 0.00000000000
 0.00000000000 0.00000000000 0.00000000000 0.00000000000
 0.00000000000 0.00000000000 0.00000000000 0.00000000000
 0.00000000000 0.00000000000 0.00000000000 0.00000000000
 0.00000000000 0.00000000000 0.00000000000 0.00000000000
 0.00000000000 0.00000000000 0.00000000000 0.00000000000
 0.00000000000 0.00000000000 0.00000000000 0.00000000000
 0.00000000000 0.00000000000 0.00000000000 0.00000000000
 0.00000000000 0.00000000000 0.00000000000 0.00000000000
 0.00000000000 0.00000000000 0.00000000000 0.00000000000
 0.00000000000 0.00000000000 0.00000000000 0.00000000000
 0.00000000000 0.00000000000 0.00000000000 0.00000000000
 0.00000000000 0.00000000000 0.00000000000 0.00000000000
 0.00000000000 0.00000000000 0.00000000000 0.00000000000
 0.00000000000 0.00000000000 0.00000000000 0.00000000000
 0.00000000000 0.00000000000 0.00000000000 0.00000000000
 0.00000000000 0.00000000000 0.00000000000 0.00000000000
 0.00000000000 0.00000000000 0.00000000000 0.00000000000
 0.00000000000 0.00000000000 0.00000000000 0.00000000000
 0.00000000000 0.00000000000 0.00000000000 0.00000000000
 0.00000000000 0.00000000000 0.00000000000 0.00000000000
 0.00000000000 0.00000000000 0.00000000000 0.00000000000
 0.00000000000 0.00000000000 0.00000000000 0.00000000000
 0.00000000000 0.00000000000 0.00000000000 0.00000000000
 0.00000000000 0.00000000000 0.00000000000 0.00000000000
 0.00000000000 0.00000000000 0.00000000000 0.00000000000
 0.00000000000 0.00000000000 0.00000000000 0.00000000000
 0.00000000000 0.00000000000 0.00000000000 0.00000000000
 0.00000000000 0.00000000000 0.00000000000 0.00000000000
 0.00000000000 0.00000000000 0.00000000000 0.00000000000
 0.00000000000 0.00000000000 0.00000000000 0.00000000000
 0.00000000000 0.00000000000 0.00000000000 0.00000000000
 0.00000000000 0.00000000000 0.00000000000 0.00000000000
 0.00000000000 0.00000000000 0.00000000000 0.00000000000
 0.00000000000 0.00000000000 0.00000000000 0.00000000000
 0.00000000000 0.00000000000 0.00000000000 0.00000000000
 0.00000000000 0.00000000000 0.00000000000 0.00000000000
# log_sel_spl_fsh[3]:
 0.00000000000 0.00000000000 0.00000000000 0.00000000000
 0.00000000000 0.00000000000 0.00000000000 0.00000000000
# log_sel_spl_fsh[4]:
 0.00000000000 0.00000000000 0.00000000000 0.00000000000
 0.00000000000 0.00000000000 0.00000000000 0.00000000000
 0.00000000000 0.00000000000 0.00000000000 0.00000000000
 0.00000000000 0.00000000000 0.00000000000 0.00000000000
 0.00000000000 0.00000000000 0.00000000000 0.00000000000
 0.00000000000 0.00000000000 0.00000000000 0.00000000000
 0.00000000000 0.00000000000 0.00000000000 0.00000000000
 0.00000000000 0.00000000000 0.00000000000 0.00000000000
 0.00000000000 0.00000000000 0.00000000000 0.00000000000
 0.00000000000 0.00000000000 0.00000000000 0.00000000000
 0.00000000000 0.00000000000 0.00000000000 0.00000000000
 0.00000000000 0.00000000000 0.00000000000 0.00000000000
 0.00000000000 0.00000000000 0.00000000000 0.00000000000
 0.00000000000 0.00000000000 0.00000000000 0.00000000000
 0.00000000000 0.00000000000 0.00000000000 0.00000000000
 0.00000000000 0.00000000000 0.00000000000 0.00000000000
 0.00000000000 0.00000000000 0.00000000000 0.00000000000
 0.00000000000 0.00000000000 0.00000000000 0.00000000000
 0.00000000000 0.00000000000 0.00000000000 0.00000000000
 0.00000000000 0.00000000000 0.00000000000 0.00000000000
 0.00000000000 0.00000000000 0.00000000000 0.00000000000
 0.00000000000 0.00000000000 0.00000000000 0.00000000000
 0.00000000000 0.00000000000 0.00000000000 0.00000000000
 0.00000000000 0.00000000000 0.00000000000 0.00000000000
 0.00000000000 0.00000000000 0.00000000000 0.00000000000
 0.00000000000 0.00000000000 0.00000000000 0.00000000000
 0.00000000000 0.00000000000 0.00000000000 0.00000000000
 0.00000000000 0.00000000000 0.00000000000 0.00000000000
 0.00000000000 0.00000000000 0.00000000000 0.00000000000
 0.00000000000 0.00000000000 0.00000000000 0.00000000000
 0.00000000000 0.00000000000 0.00000000000 0.00000000000
 0.00000000000 0.00000000000 0.00000000000 0.00000000000
 0.00000000000 0.00000000000 0.00000000000 0.00000000000
 0.00000000000 0.00000000000 0.00000000000 0.00000000000
# logsel_slope_fsh[1]:
 0.00000000000 0.00000000000 0.00000000000 0.00000000000 0.00000000000 0.00000000000 0.00000000000 0.00000000000 0.00000000000 0.00000000000 0.00000000000 0.00000000000 0.00000000000 0.00000000000 0.00000000000 0.00000000000 0.00000000000 0.00000000000 0.00000000000 0.00000000000 0.00000000000 0.00000000000 0.00000000000 0.00000000000 0.00000000000 0.00000000000 0.00000000000 0.00000000000 0.00000000000 0.00000000000 0.00000000000 0.00000000000 0.00000000000 0.00000000000 0.00000000000 0.00000000000 0.00000000000 0.00000000000 0.00000000000
# logsel_slope_fsh[2]:
 0.00000000000 0.00000000000 0.00000000000 0.00000000000 0.00000000000 0.00000000000 0.00000000000 0.00000000000 0.00000000000 0.00000000000 0.00000000000 0.00000000000 0.00000000000 0.00000000000 0.00000000000 0.00000000000 0.00000000000 0.00000000000 0.00000000000 0.00000000000 0.00000000000 0.00000000000 0.00000000000 0.00000000000 0.00000000000 0.00000000000 0.00000000000 0.00000000000 0.00000000000 0.00000000000 0.00000000000 0.00000000000 0.00000000000 0.00000000000 0.00000000000 0.00000000000 0.00000000000 0.00000000000 0.00000000000 0.00000000000
# logsel_slope_fsh[3]:
 0.00000000000 0.00000000000
# logsel_slope_fsh[4]:
 0.00000000000 0.00000000000 0.00000000000 0.00000000000 0.00000000000 0.00000000000 0.00000000000 0.00000000000 0.00000000000 0.00000000000 0.00000000000 0.00000000000 0.00000000000 0.00000000000 0.00000000000 0.00000000000 0.00000000000 0.00000000000 0.00000000000 0.00000000000 0.00000000000 0.00000000000 0.00000000000 0.00000000000 0.00000000000 0.00000000000 0.00000000000 0.00000000000 0.00000000000 0.00000000000 0.00000000000 0.00000000000 0.00000000000 0.00000000000
# sel50_fsh[1]:
 0.00000000000 0.00000000000 0.00000000000 0.00000000000 0.00000000000 0.00000000000 0.00000000000 0.00000000000 0.00000000000 0.00000000000 0.00000000000 0.00000000000 0.00000000000 0.00000000000 0.00000000000 0.00000000000 0.00000000000 0.00000000000 0.00000000000 0.00000000000 0.00000000000 0.00000000000 0.00000000000 0.00000000000 0.00000000000 0.00000000000 0.00000000000 0.00000000000 0.00000000000 0.00000000000 0.00000000000 0.00000000000 0.00000000000 0.00000000000 0.00000000000 0.00000000000 0.00000000000 0.00000000000 0.00000000000
# sel50_fsh[2]:
 0.00000000000 0.00000000000 0.00000000000 0.00000000000 0.00000000000 0.00000000000 0.00000000000 0.00000000000 0.00000000000 0.00000000000 0.00000000000 0.00000000000 0.00000000000 0.00000000000 0.00000000000 0.00000000000 0.00000000000 0.00000000000 0.00000000000 0.00000000000 0.00000000000 0.00000000000 0.00000000000 0.00000000000 0.00000000000 0.00000000000 0.00000000000 0.00000000000 0.00000000000 0.00000000000 0.00000000000 0.00000000000 0.00000000000 0.00000000000 0.00000000000 0.00000000000 0.00000000000 0.00000000000 0.00000000000 0.00000000000
# sel50_fsh[3]:
 0.00000000000 0.00000000000
# sel50_fsh[4]:
 0.00000000000 0.00000000000 0.00000000000 0.00000000000 0.00000000000 0.00000000000 0.00000000000 0.00000000000 0.00000000000 0.00000000000 0.00000000000 0.00000000000 0.00000000000 0.00000000000 0.00000000000 0.00000000000 0.00000000000 0.00000000000 0.00000000000 0.00000000000 0.00000000000 0.00000000000 0.00000000000 0.00000000000 0.00000000000 0.00000000000 0.00000000000 0.00000000000 0.00000000000 0.00000000000 0.00000000000 0.00000000000 0.00000000000 0.00000000000
# logsel_p1_fsh[1]:
 0.00000000000 0.00000000000 0.00000000000 0.00000000000 0.00000000000 0.00000000000 0.00000000000 0.00000000000 0.00000000000 0.00000000000 0.00000000000 0.00000000000 0.00000000000 0.00000000000 0.00000000000 0.00000000000 0.00000000000 0.00000000000 0.00000000000 0.00000000000 0.00000000000 0.00000000000 0.00000000000 0.00000000000 0.00000000000 0.00000000000 0.00000000000 0.00000000000 0.00000000000 0.00000000000 0.00000000000 0.00000000000 0.00000000000 0.00000000000 0.00000000000 0.00000000000 0.00000000000 0.00000000000 0.00000000000
# logsel_p1_fsh[2]:
 0.00000000000 0.00000000000 0.00000000000 0.00000000000 0.00000000000 0.00000000000 0.00000000000 0.00000000000 0.00000000000 0.00000000000 0.00000000000 0.00000000000 0.00000000000 0.00000000000 0.00000000000 0.00000000000 0.00000000000 0.00000000000 0.00000000000 0.00000000000 0.00000000000 0.00000000000 0.00000000000 0.00000000000 0.00000000000 0.00000000000 0.00000000000 0.00000000000 0.00000000000 0.00000000000 0.00000000000 0.00000000000 0.00000000000 0.00000000000 0.00000000000 0.00000000000 0.00000000000 0.00000000000 0.00000000000 0.00000000000
# logsel_p1_fsh[3]:
 0.00000000000 0.00000000000
# logsel_p1_fsh[4]:
 0.00000000000 0.00000000000 0.00000000000 0.00000000000 0.00000000000 0.00000000000 0.00000000000 0.00000000000 0.00000000000 0.00000000000 0.00000000000 0.00000000000 0.00000000000 0.00000000000 0.00000000000 0.00000000000 0.00000000000 0.00000000000 0.00000000000 0.00000000000 0.00000000000 0.00000000000 0.00000000000 0.00000000000 0.00000000000 0.00000000000 0.00000000000 0.00000000000 0.00000000000 0.00000000000 0.00000000000 0.00000000000 0.00000000000 0.00000000000
# logsel_p2_fsh[1]:
 0.00000000000 0.00000000000 0.00000000000 0.00000000000 0.00000000000 0.00000000000 0.00000000000 0.00000000000 0.00000000000 0.00000000000 0.00000000000 0.00000000000 0.00000000000 0.00000000000 0.00000000000 0.00000000000 0.00000000000 0.00000000000 0.00000000000 0.00000000000 0.00000000000 0.00000000000 0.00000000000 0.00000000000 0.00000000000 0.00000000000 0.00000000000 0.00000000000 0.00000000000 0.00000000000 0.00000000000 0.00000000000 0.00000000000 0.00000000000 0.00000000000 0.00000000000 0.00000000000 0.00000000000 0.00000000000
# logsel_p2_fsh[2]:
 0.00000000000 0.00000000000 0.00000000000 0.00000000000 0.00000000000 0.00000000000 0.00000000000 0.00000000000 0.00000000000 0.00000000000 0.00000000000 0.00000000000 0.00000000000 0.00000000000 0.00000000000 0.00000000000 0.00000000000 0.00000000000 0.00000000000 0.00000000000 0.00000000000 0.00000000000 0.00000000000 0.00000000000 0.00000000000 0.00000000000 0.00000000000 0.00000000000 0.00000000000 0.00000000000 0.00000000000 0.00000000000 0.00000000000 0.00000000000 0.00000000000 0.00000000000 0.00000000000 0.00000000000 0.00000000000 0.00000000000
# logsel_p2_fsh[3]:
 0.00000000000 0.00000000000
# logsel_p2_fsh[4]:
 0.00000000000 0.00000000000 0.00000000000 0.00000000000 0.00000000000 0.00000000000 0.00000000000 0.00000000000 0.00000000000 0.00000000000 0.00000000000 0.00000000000 0.00000000000 0.00000000000 0.00000000000 0.00000000000 0.00000000000 0.00000000000 0.00000000000 0.00000000000 0.00000000000 0.00000000000 0.00000000000 0.00000000000 0.00000000000 0.00000000000 0.00000000000 0.00000000000 0.00000000000 0.00000000000 0.00000000000 0.00000000000 0.00000000000 0.00000000000
# logsel_p3_fsh[1]:
 0.00000000000 0.00000000000 0.00000000000 0.00000000000 0.00000000000 0.00000000000 0.00000000000 0.00000000000 0.00000000000 0.00000000000 0.00000000000 0.00000000000 0.00000000000 0.00000000000 0.00000000000 0.00000000000 0.00000000000 0.00000000000 0.00000000000 0.00000000000 0.00000000000 0.00000000000 0.00000000000 0.00000000000 0.00000000000 0.00000000000 0.00000000000 0.00000000000 0.00000000000 0.00000000000 0.00000000000 0.00000000000 0.00000000000 0.00000000000 0.00000000000 0.00000000000 0.00000000000 0.00000000000 0.00000000000
# logsel_p3_fsh[2]:
 0.00000000000 0.00000000000 0.00000000000 0.00000000000 0.00000000000 0.00000000000 0.00000000000 0.00000000000 0.00000000000 0.00000000000 0.00000000000 0.00000000000 0.00000000000 0.00000000000 0.00000000000 0.00000000000 0.00000000000 0.00000000000 0.00000000000 0.00000000000 0.00000000000 0.00000000000 0.00000000000 0.00000000000 0.00000000000 0.00000000000 0.00000000000 0.00000000000 0.00000000000 0.00000000000 0.00000000000 0.00000000000 0.00000000000 0.00000000000 0.00000000000 0.00000000000 0.00000000000 0.00000000000 0.00000000000 0.00000000000
# logsel_p3_fsh[3]:
 0.00000000000 0.00000000000
# logsel_p3_fsh[4]:
 0.00000000000 0.00000000000 0.00000000000 0.00000000000 0.00000000000 0.00000000000 0.00000000000 0.00000000000 0.00000000000 0.00000000000 0.00000000000 0.00000000000 0.00000000000 0.00000000000 0.00000000000 0.00000000000 0.00000000000 0.00000000000 0.00000000000 0.00000000000 0.00000000000 0.00000000000 0.00000000000 0.00000000000 0.00000000000 0.00000000000 0.00000000000 0.00000000000 0.00000000000 0.00000000000 0.00000000000 0.00000000000 0.00000000000 0.00000000000
# rec_dev_future:
 0.00000000000 0.00000000000 0.00000000000 0.00000000000 0.00000000000 0.00000000000 0.00000000000 0.00000000000 0.00000000000 0.00000000000 0.00000000000 0.00000000000 0.00000000000 0.00000000000 0.00000000000 0.00000000000 0.00000000000 0.00000000000 0.00000000000 0.00000000000
 0.00000000000 0.00000000000 0.00000000000 0.00000000000 0.00000000000 0.00000000000 0.00000000000 0.00000000000 0.00000000000 0.00000000000 0.00000000000 0.00000000000 0.00000000000 0.00000000000 0.00000000000 0.00000000000 0.00000000000 0.00000000000 0.00000000000 0.00000000000
# log_q_ind[1]:
0.222573539371
# log_q_ind[2]:
-2.43167099328
# log_q_ind[3]:
-9.37481172934
# log_q_ind[4]:
-0.408301428245
# log_q_ind[5]:
-3.31519746218
# log_q_ind[6]:
-5.66462194635
# log_q_ind[7]:
-1.06440490936
# log_q_power_ind[1]:
0.00000000000
# log_q_power_ind[2]:
0.00000000000
# log_q_power_ind[3]:
0.00000000000
# log_q_power_ind[4]:
0.00000000000
# log_q_power_ind[5]:
0.00000000000
# log_q_power_ind[6]:
0.00000000000
# log_q_power_ind[7]:
0.00000000000
# log_rw_q_ind[1]:
 -0.957666924180
# log_rw_q_ind[3]:
 -0.622720345297
# log_selcoffs_ind[1]:
 -1.84165359491 -1.07332676220 -0.513429035301 -0.133501556237 0.0955134568440 0.233413173863 0.310947319235 0.348910081891 0.362854603264 0.366943871536
 -2.38986245232 -1.63646434849 -0.920389909430 -0.317922612603 0.101762414906 0.340814133097 0.430753278158 0.441342787611 0.416131340031 0.381965000949
# log_selcoffs_ind[2]:
 -0.732512532446 -0.987267604437 -1.33279421314 -1.54441814954 -1.51202177764 -1.18995543690 -0.610546748050 0.134632068765 0.888715348407 1.39268887597
 0.283517853349 -0.198621190394 -0.562339387203 -0.796388077750 -0.865776071502 -0.725435141117 -0.375729008060 0.102083135236 0.566804582587 0.862801085535
 0.772169920377 0.324395846485 -0.0493259788182 -0.365323401050 -0.597386130029 -0.666423844804 -0.542074142159 -0.271358503098 0.0511149076493 0.297424606254
# log_selcoffs_ind[3]:
 -0.202940821038 0.0202027052767 0.0202027052767 0.0202027052767 0.0202027052767 0.0202027052767 0.0202027052767 0.0202027052767 0.0202027052767 0.0202027052767
# log_selcoffs_ind[4]:
 -0.554688583873 -0.397570445891 -0.253074720058 -0.138553329838 -0.0464970534914 0.0411010828782 0.128947716194 0.214140971404 0.287349711040 0.337135369577
 -1.23895924511 -0.983605824899 -0.724275059528 -0.453055199011 -0.185224791656 0.0625835885379 0.275354339404 0.436000599622 0.530915659165 0.563322490269
# log_selcoffs_ind[5]:
 -3.04452005677 -0.669616569639 0.101782682789 0.174353368097 0.174353368097 0.174353368097 0.174353368097 0.174353368097 0.174353368097 0.174353368097
# log_selcoffs_ind[6]:
 -3.04452005677 -0.669616569639 0.101782682789 0.174353368097 0.174353368097 0.174353368097 0.174353368097 0.174353368097 0.174353368097 0.174353368097
# log_selcoffs_ind[7]:
 -3.04452005677 -0.669616569639 0.101782682789 0.174353368097 0.174353368097 0.174353368097 0.174353368097 0.174353368097 0.174353368097 0.174353368097
# logsel_slope_ind[1]:
 0.00000000000 0.00000000000
# logsel_slope_ind[2]:
 0.00000000000 0.00000000000 0.00000000000
# logsel_slope_ind[3]:
 0.00000000000
# logsel_slope_ind[4]:
 0.00000000000 0.00000000000
# logsel_slope_ind[5]:
 0.00000000000
# logsel_slope_ind[6]:
 0.00000000000
# logsel_slope_ind[7]:
 0.00000000000
# sel50_ind[1]:
 0.00000000000 0.00000000000
# sel50_ind[2]:
 0.00000000000 0.00000000000 0.00000000000
# sel50_ind[3]:
 0.00000000000
# sel50_ind[4]:
 0.00000000000 0.00000000000
# sel50_ind[5]:
 0.00000000000
# sel50_ind[6]:
 0.00000000000
# sel50_ind[7]:
 0.00000000000
# logsel_p1_ind[1]:
 0.00000000000 0.00000000000
# logsel_p1_ind[2]:
 0.00000000000 0.00000000000 0.00000000000
# logsel_p1_ind[3]:
 0.00000000000
# logsel_p1_ind[4]:
 0.00000000000 0.00000000000
# logsel_p1_ind[5]:
 0.00000000000
# logsel_p1_ind[6]:
 0.00000000000
# logsel_p1_ind[7]:
 0.00000000000
# sel_p2_ind[1]:
 0.00000000000 0.00000000000
# sel_p2_ind[2]:
 0.00000000000 0.00000000000 0.00000000000
# sel_p2_ind[3]:
 0.00000000000
# sel_p2_ind[4]:
 0.00000000000 0.00000000000
# sel_p2_ind[5]:
 0.00000000000
# sel_p2_ind[6]:
 0.00000000000
# sel_p2_ind[7]:
 0.00000000000
# logsel_p3_ind[1]:
 0.00000000000 0.00000000000
# logsel_p3_ind[2]:
 0.00000000000 0.00000000000 0.00000000000
# logsel_p3_ind[3]:
 0.00000000000
# logsel_p3_ind[4]:
 0.00000000000 0.00000000000
# logsel_p3_ind[5]:
 0.00000000000
# logsel_p3_ind[6]:
 0.00000000000
# logsel_p3_ind[7]:
 0.00000000000
