# Number of parameters = 1468 Objective function value = 1070.38573802607  Maximum gradient component = 0.000178334356534618
# Mest[1]:
0.280000000000
# Mest[2]:
0.330000000000
# log_Linf[1]:
4.29810139974
# log_Linf[2]:
4.29810139974
# log_k[1]:
-1.83258146375
# log_k[2]:
-1.83258146375
# log_Lo[1]:
2.60712428251
# log_Lo[2]:
2.60712428251
# log_sdage[1]:
-2.40794560865
# log_sdage[2]:
-2.40794560865
# mean_log_rec[1]:
9.31476233614
# mean_log_rec[2]:
7.92473065765
# mean_log_rec[3]:
7.28075466464
# steepness[1]:
0.650000000000
# steepness[2]:
0.650000000000
# steepness[3]:
0.650000000000
# log_Rzero[1]:
9.28681806420
# log_Rzero[2]:
8.00155981523
# log_Rzero[3]:
6.94314004563
# rec_dev:
 -0.0593720770757 -0.0770244130945 -0.0992021657501 -0.126873172937 -0.161087522649 -0.202766503851 -0.251493550782 -0.306362681054 -0.369733535930 -0.441526821693 -0.515788891973 -0.581604444794 -0.652786039083 -0.730412773481 -0.844617606074 -0.862294044094 -0.619477749471 -0.400048052544 -0.117099512167 0.120186064890 0.164244238521 0.198375874988 0.299311075724 0.385591143739 0.908972113301 0.734932337712 0.775287364613 1.59737856788 1.49558283230 0.699647802551 0.157445744236 0.448582428593 0.675705450441 0.769327401434 0.263800979496 0.287731497052 0.0516479575013 0.210623910506 0.308787575143 0.366387660110 0.490927741063 0.594318495850 0.613248224682 0.525153703660 0.0895883748411 -0.419494180091 -0.304709310642 -0.778248456401 -1.55711668069 -0.667070042345 -0.795551600485 -1.02197078845 -0.926741865609 -0.878434161259 -0.728684226165 -0.197627855010 -0.185403507770 0.0401777950065 0.215663602738 0.754621479747 0.211252062959 -0.608406706635
 -0.000682743809012 -0.000904791942499 -0.00117087285904 -0.00147712209403 -0.00180749963694 -0.00212985491533 -0.00237272160382 -0.00264208554853 -0.00279227439105 -0.00256980270307 -0.00205751245522 0.0383510107408 0.0373541627400 0.0357736049920 0.0338541766395 0.0328911513817 0.0296072035437 0.00350627900974 0.311713854149 0.0206805210994 -0.0830942721403 -0.208662436974 0.261177099093 0.417620009136 -0.129349894417 -0.894274416936 -0.0388638770854 0.345038916485 0.728366486991 0.461250500005 0.0530267724521 -0.588104032900 -0.0816291579748 -0.0849064097989 -0.444351487869 -0.203321142363 0.434687118096 -0.129021988231 0.0392519143920 -0.193764408540 1.23348619307 0.531555616281 0.243777479418 0.212109628040 -1.23003957399 0.622340254833 0.358868192819 -0.295727749286 -2.02257883146 -1.52720197157 0.782719894904 0.0579116264971 -0.695078827438 -0.851801636608 -1.04019144842 -0.617272455979 -0.693156412955 0.637405204392 1.20082706535 -0.0152330819100 -0.300797307008 -0.0108894957358
# log_sigmar[1]:
-0.510825623766
# log_sigmar[2]:
-0.510825623766
# log_sigmar[3]:
-0.510825623766
# fmort:
 -4.74723563491 -4.33554991681 -5.06807429349 -4.74734525500 -3.98580653506 -3.66367111823 -3.34256444911 -3.37762386930 -2.73592545713 -2.86118586693 -3.15065429301 -2.77233170093 -2.04509422958 -2.98781068093 -2.12559405154 -2.69644122299 -5.10123649929 -3.82519296780 -4.22156531636 -4.31766233481 -4.36058708510 -4.02453581631 -3.95748819965 -3.78498877471 -4.23043592105 -3.94383368863 -3.47312131946 -4.53201049842 -5.75025856482 -5.12698611217 -4.69014882683 -4.05552932075 -4.93682312868 -4.50029074353 -4.35410796550 -3.82178422647 -3.69810575719 -3.26314234008 -2.81999625487 -3.15355901322 -2.70434305762 -4.43009229031 -5.51193554303 -5.10894135716 -5.17057471187 -4.94611869512 -5.32108528558 -4.94172356210 -6.15502467902 -6.56375766962 -5.30680558835
 -7.13043616558 -6.69075558182 -6.21773889470 -5.62022976366 -5.83321548316 -5.12168379511 -4.60361079781 -4.29208160478 -3.85082950275 -3.65122331884 -3.53421034318 -2.79334693768 -2.55533018933 -2.82637342850 -2.46558607383 -2.08514589633 -1.89157789400 -1.58349241761 -1.39886839490 -1.26142115097 -1.24536253750 -1.00792813061 -0.713914283718 -0.688891918857 -0.468747124029 -0.176784649104 -0.213474583731 -0.242443136248 -0.815892573897 -1.31134159102 -1.72972718663 -1.60463977165 -1.57151268223 -1.67328303705 -1.66320547144 -1.62162702918 -1.52136575695 -1.33579277693 -1.49566448394 -1.19960047315 -1.77823956490 -2.14089823114 -2.41130483654 -2.59117151090 -2.66564023237 -2.53534652725 -2.50411473890 -2.47632407193 -2.45414399358 -2.56307696018 -2.66268652729
 -7.19249741803 -6.52229225407 -5.64494147474 -4.86941377850 -3.70171489532 -4.87726056298 -4.60300339434 -2.01526869495 -1.96151481228 -2.18563190409 -1.98485254451 -1.62620022801 -2.75077352012 -3.32191689884 -3.28484007043 -3.88289243895 -4.32638600359 -4.13789458802 -2.91334890487 -3.01812223006 -2.94490813757 -3.24676857837 -3.60480146027 -3.19316734336 -2.78302603888 -1.39846041425 -0.851853847648 -0.325051221971 -0.0466800440244 -1.33713460461 -1.56790406990 -0.511006052978 -2.44374048878 -2.27481844426 -2.27010245585 -2.81946507701 -1.95430759425 -2.01358068078 -2.00390608422 -1.93678336135 -3.30139192068 -1.80849227885 -2.31782666762 -2.79402330867 -2.54259110870 -3.62405515156 -4.28128507526 -5.14515299379 -4.02985525935 -3.76946799093 -3.59859798410
 -9.62469879710 -9.58634440865 -7.83618939558 -9.49108075217 -9.43172472860 -9.36005631152 -9.23543974576 -8.35943363772 -5.12800428481 -2.98298359259 -2.88698406036 -2.45939121541 -1.68939082651 -1.20160862357 -0.794461419221 -0.985873816663 -1.12622202199 -1.41477550306 -1.74393827532 -2.06169733105 -2.35861367181 -2.98170560507 -5.54861815669 -9.03978223311 -8.84040955897 -8.53568250300 -8.19102121714 -7.88555893882 -7.76780481455 -7.85792961894 -7.29715534098 -5.40310636805 -4.29368142380 -3.75291439549 -3.18117015868 -3.35884860451 -2.90785228450 -2.52445637728 -2.33004802125 -2.06630027297 -2.20061914414 -3.44687030829 -3.87792654401 -3.90087184938 -3.54386494310 -3.42445697475 -3.93963827061 -4.06827493235 -4.14098571041 -4.37128557730 -6.89823528006
# log_selcoffs_fsh[1]:
 -3.60772866479 -1.96484235471 -0.976745197892 -0.0276709723683 0.808959149232 0.969980480729 0.373369863415 -0.342277416121 -0.827294601420
 -3.19883084690 -1.54239115363 -0.841235766558 -0.0900339200059 0.679302770768 0.903337420313 0.455380693534 -0.172472674409 -0.613299811537
 -2.88558562281 -1.44611006999 -0.631365607464 0.133974228227 0.664979236318 0.740620208085 0.388786373370 -0.109342312970 -0.477767719290
 -2.49390789772 -1.23472314471 -0.623301139701 -0.0104456898211 0.712435917067 0.740123583496 0.340317379732 -0.110338118597 -0.408499588195
 -1.85059744821 -0.348786623034 -0.0794426730377 0.135254254225 0.381470845923 0.463202914937 0.263210885870 -0.0431116081373 -0.279242888134
 -1.73540298789 -0.535462134644 0.405314010393 0.595974645715 0.257662225779 0.112091955542 -0.0187057458484 -0.196866008284 -0.344727324030
 -1.46013378386 -0.393659304953 0.497043487076 0.699171862754 0.267850104484 -0.0478173281452 -0.217668572625 -0.335686225151 -0.419199925640
 -1.06855528110 -0.217460600370 0.555213349404 0.757585280567 0.190250517173 -0.175364965477 -0.371186163284 -0.461174074503 -0.498661983672
 -0.790668725450 0.217604049613 0.460230126562 0.579482604854 0.286754503922 -0.187557697075 -0.459281788694 -0.554638081574 -0.567898601450
 -0.547295844439 0.370550837494 0.560564380649 0.562521669630 0.138533910697 -0.319886288868 -0.586538583089 -0.661413881225 -0.655829347016
 -0.0234723724606 0.915985114458 0.447029213084 0.155249708651 -0.230708276275 -0.545669555555 -0.726388970688 -0.770651646752 -0.749580546139
 0.198223038585 0.869118295590 0.612189352808 0.116946864125 -0.431547625638 -0.712785105415 -0.840207376033 -0.864187579433 -0.833239575334
 -0.0205661207436 1.14649188914 0.641592186610 -0.107616647773 -0.659957988995 -0.895324911493 -0.971178854057 -0.969718233167 -0.935029987557
 0.230219052143 1.18535563132 0.575875540675 -0.209023764762 -0.793904461993 -1.01141079634 -1.06361726681 -1.04374192564 -1.00487598667
 0.258852070067 1.23567152926 0.556314475141 -0.269532319715 -0.859457712956 -1.08425770069 -1.13571585132 -1.11003232574 -1.06823048960
 -0.145342210668 1.32071351595 0.662636960225 -0.235419997230 -0.897183775667 -1.14183237431 -1.20071543811 -1.17538125689 -1.13192888895
 -0.0487471275842 1.35783508503 0.596598795995 -0.279515404516 -0.932597014360 -1.18405664490 -1.24759125852 -1.22488055413 -1.18033676329
 0.498827239841 1.15650028833 0.636915113147 -0.296002507167 -0.964593593132 -1.21499245393 -1.27898974335 -1.25492019675 -1.20821480732
 0.803272127537 1.14231387806 0.403860358024 -0.402605652848 -1.02099519694 -1.26619913294 -1.32792526881 -1.29899811811 -1.24822405920
 0.540622749562 1.24344105338 0.555737868323 -0.395725161082 -1.07494964158 -1.32572678231 -1.37911235767 -1.33837948068 -1.28019269729
 0.625414081109 1.32220584219 0.386382220561 -0.528481038968 -1.16325447267 -1.39615296226 -1.43697902301 -1.38096239084 -1.31248800857
 0.633115687564 1.31076470439 0.482088475150 -0.607785375297 -1.26425677439 -1.47182218387 -1.49067674409 -1.41526537064 -1.33379530455
 0.815826838266 1.26454275393 0.377906332077 -0.630794216392 -1.30179117574 -1.51690547381 -1.52931257888 -1.43877651753 -1.34418827485
 0.513711330456 1.42730602385 0.367555337876 -0.649622861420 -1.30343164776 -1.52859815742 -1.54792877543 -1.45318261695 -1.34835545816
 0.649651652315 1.34169011132 0.376690786316 -0.572858065586 -1.23221991626 -1.48859390476 -1.52707928375 -1.43575547687 -1.32493983028
 0.718751485733 1.20830327874 0.461772079369 -0.383589234001 -1.12491128101 -1.41283131856 -1.46068169145 -1.37965492033 -1.27240102178
 0.342507906613 1.27259511305 0.562318952895 -0.239334598450 -1.00199308563 -1.29218514272 -1.34707564746 -1.28573224116 -1.19976081783
 0.350139558997 1.28002908489 0.479567286673 -0.325563255104 -0.926064990021 -1.16311844419 -1.20835123626 -1.16883181406 -1.11335310820
 1.10354832506 0.840183176612 0.162762052603 -0.467038484704 -0.874763451320 -1.02186835866 -1.04746929625 -1.01639007565 -0.980441592358
 0.711134385522 1.09291371581 0.204832957262 -0.501356404080 -0.805353939965 -0.870033881309 -0.870594412676 -0.849790450561 -0.830928953313
 0.516330398695 1.10086690287 0.113392514606 -0.455423965990 -0.649595249289 -0.683714017147 -0.671862036198 -0.667234343179 -0.668975460366
 0.478504979266 0.821339516670 0.127955430726 -0.289989500333 -0.409037435572 -0.424671037420 -0.428005783469 -0.449894852691 -0.477639357074
 -0.285294180270 0.578078674778 0.251824559200 -0.00805585702383 -0.0620669444434 -0.123087603479 -0.166158258008 -0.245299206698 -0.309435150714
 -0.612720137156 -0.00824978868952 -0.0333300308443 0.138287950776 0.260890544639 0.156579682221 0.120505645095 -0.0729669505211 -0.191732423006
 -0.0829733596196 0.324112967522 -0.210001174561 -0.228738006867 -0.00538063630553 0.0879478790953 0.0828556732892 -0.00311094563567 -0.0824508911061
 0.532445243046 -0.343111047780 -0.522492490132 -0.279847497215 -0.0159905323595 0.106779614048 0.106320249979 0.0461253955934 -0.0179600630163
 -0.435779224353 -0.511316980698 -0.475258203866 0.0203826112769 0.277053904351 0.267006422149 0.224279352665 0.151752699894 0.0682554618364
# log_selcoffs_fsh[2]:
 -2.12567369230 -0.183706110916 0.562018753075 0.838664591153 0.568565880039 0.0330645629538 -0.366674470353 -0.604992332085 -0.717681006444 -0.788260736279
 -2.11368342927 -0.199916206822 -0.176891988640 0.355807537626 0.740069496092 0.556262157165 0.0555376450284 -0.342127335266 -0.502702615914 -0.540043493205
 -2.63937098912 -0.851602987195 -0.362183300319 0.183168456432 0.690728144747 0.692778071994 0.247792848263 -0.153982402306 -0.302131639751 -0.311237239418
 -3.02942020508 -1.47921700356 -0.622811161847 -0.0747256561166 0.576157093405 0.766574962885 0.348208316275 0.0189198612002 -0.0688305141982 -0.0421495011187
 -2.60288271906 -1.08673995289 -1.04358841128 -0.553524744426 0.252706949946 0.653233850945 0.427295448213 0.243424385109 0.245029077015 0.311807971340
 -2.17790620735 -1.09239581635 -0.913254603411 -0.839821547433 -0.341526059781 0.124851430458 0.340370575875 0.460281692778 0.603349494808 0.720966480614
 -2.84413136616 -1.59117729410 -0.755252134971 -0.637076456193 -0.543465741958 -0.220865984683 0.151906812111 0.484766656322 0.744231784088 0.901856343066
 -3.41681264876 -2.40802749583 -1.61803122441 -0.930066896144 -0.378806211385 -0.000348672194095 0.291101153941 0.488817344206 0.752556886193 0.920019059827
 -3.70487323463 -2.68367401444 -2.04490666452 -1.35009845758 -0.548924670671 0.000565010153949 0.402211130003 0.659574313134 0.794680627950 0.831826934875
 -3.78774241544 -2.58216717058 -1.88251625750 -1.39095492484 -0.917764679414 -0.279595721129 0.293537739424 0.812924947981 0.954342791406 0.766666714844
 -3.61747061990 -2.14033371085 -1.42765274272 -1.00334977560 -0.658257383682 -0.396287155654 0.103131133628 0.703207415497 0.956040427338 0.845100809126
 -3.52028976630 -2.04711682855 -1.25045954741 -0.836415939789 -0.491890424758 -0.173078499662 0.336816236902 0.679187027485 0.785418312151 0.743387801606
 -3.16158669361 -1.36415621086 -0.783370450074 -0.457920972302 -0.226571340416 -0.148402274295 0.225645527893 0.520092315373 0.675298138041 0.719450496673
 -2.73231851259 -0.951147586390 -0.413448151225 -0.256468470893 -0.189239647761 -0.0781739764653 0.169379599342 0.408011337158 0.571665054002 0.642637722591
 -2.33231681054 -0.354443343622 -0.121372703863 -0.268286305414 -0.368684817314 -0.236720233507 0.0779538035895 0.341756068784 0.536605914308 0.626705810349
 -1.97420376344 -0.0103299686848 -0.143777003917 -0.324214977894 -0.469378390222 -0.332313408100 -0.0202964413352 0.275225891761 0.522539042470 0.671175630350
 -1.50988320837 0.00259071836255 -0.0897971854646 -0.264625817600 -0.453299796967 -0.418265483990 -0.131127872251 0.196920412125 0.506113169543 0.716649689924
 -1.71634877840 0.0647515013365 0.187248984703 -0.0657297437445 -0.368139280814 -0.390517819343 -0.162338073242 0.144247773333 0.396430727899 0.559908916082
 -1.96274321479 -0.147596642876 0.202550334401 0.0244286925973 -0.263175689615 -0.291323912323 -0.0786612594234 0.187088139412 0.389000351278 0.486138486945
 -2.05270233999 -0.448621269932 -0.0883388886267 0.0187732594980 -0.156902958223 -0.184528692631 0.0228511960430 0.283705596343 0.453845719997 0.522897849234
 -2.12491177912 -0.555346048939 -0.0926218952000 0.0764864994676 -0.110363940221 -0.196108543458 -0.00319274993069 0.274927607137 0.459095994491 0.532001241342
 -2.29349255170 -0.670436154097 -0.113837612560 0.139572320394 -0.00962954712864 -0.104174171336 0.0462892015177 0.255629724692 0.406121791391 0.478897785198
 -2.53080625797 -1.12632357103 -0.257591377193 0.234358279988 0.186581449848 0.0384358926761 0.121720759320 0.262641735883 0.349465783461 0.383054399585
 -2.67107572478 -1.42047617509 -0.573476387238 0.0136792729961 0.289741135344 0.206418244383 0.306989108692 0.385943821763 0.352026235829 0.257942546336
 -2.76713912682 -1.24491242702 -0.525150243283 -0.206955280163 0.135145212465 0.287247538305 0.385578654115 0.482306266302 0.370235920798 0.206091682911
 -2.91175726947 -1.61398581544 -0.759156100306 0.0253303416167 0.365634096524 0.386515464489 0.346834753493 0.380466375099 0.287791850767 0.120899979598
 -3.06289373255 -1.42224133203 -0.721748167964 0.178546940039 0.493163407748 0.531178432014 0.416450303924 0.259281676667 0.0259186401249 -0.158473761521
 -3.22587946409 -1.03983678279 -0.510270147585 0.150646446716 0.435201737684 0.423731055852 0.647500353251 0.324466481148 -0.176445548167 -0.448434716175
 -3.37986662404 -1.67423347538 -0.719484916884 0.274981651631 0.621926493324 0.557857110184 0.654439704566 0.149762807192 -0.315580595491 -0.596817859612
 -3.49970926558 -1.64896304493 -0.279927376337 0.435512864465 0.841736504469 0.532189339641 0.248718772581 -0.0952423912097 -0.379748202775 -0.549333827582
 -3.36466145115 -1.23632084844 -0.0104442382793 0.596944610528 0.559716144479 0.277328299275 0.163829366493 0.0111063144969 -0.153455040973 -0.284873814088
 -3.29606358015 -1.36948262278 -0.371391149689 0.154293040765 0.477466849841 0.414987943224 0.230287977514 0.236668154089 0.159270740335 0.0267871078736
 -2.79638433782 -0.836444344174 -0.602441491681 -0.315706063549 0.0784332333364 0.280980969057 0.296621242617 0.384876494698 0.453156352795 0.361127249886
 -3.25841180503 -1.22859746962 -0.580769824969 -0.103821181588 0.148274442872 0.272974858892 0.324506952263 0.393942671782 0.390030515920 0.330098770255
 -3.43967001430 -1.52438139870 -0.878099632036 -0.428247203062 0.117723855015 0.339807441265 0.435554269910 0.496037389618 0.455711914438 0.327878183357
 -3.75193361453 -1.80359311228 -0.848516809098 -0.380026158988 0.000708990773241 0.265590810359 0.447702004491 0.542536178779 0.494197082534 0.385779176263
 -3.89825508666 -2.38878247788 -1.24484501720 -0.479175816302 0.113467953053 0.290114823376 0.537354027648 0.610206228170 0.464777707299 0.322099254671
 -3.84009443461 -2.42730547642 -1.78232199357 -0.833128463340 -0.0294959846328 0.418220834260 0.583666877777 0.711633708433 0.495224268000 0.282412578415
# log_selcoffs_fsh[3]:
 -3.92157158877 -1.46287076753 0.677523106875 1.33333309362 -0.171378811649 -2.16788633683 -3.53920977615
 -4.00562128099 -0.528707772927 1.11004102173 0.984113408360 -0.587731720291 -2.32429990694 -3.53835069310
# log_selcoffs_fsh[4]:
 -3.26819264824 -2.75772750628 -2.21554531800 -1.60883912595 -0.932170704174 -0.224316702302 0.429272286951 0.929925326076 1.20178717289
 -3.25728841194 -2.75333512006 -2.21746331610 -1.61527247821 -0.939856171440 -0.230162054076 0.427683467820 0.931433460645 1.20391375847
 -3.23603022273 -2.74472629289 -2.22205734841 -1.62768725250 -0.952838939357 -0.237616466135 0.427813686735 0.933844760445 1.20576810916
 -3.20408090615 -2.72705822647 -2.22568971068 -1.65172107123 -0.975679741288 -0.245377472630 0.430925540943 0.939205725150 1.20546311436
 -3.15699247743 -2.69200491477 -2.21173227998 -1.66393354646 -1.00999702802 -0.265082256344 0.437581516328 0.947502200451 1.20333849639
 -3.09286416303 -2.62682331326 -2.17360379951 -1.65954779002 -1.00885208932 -0.266058391443 0.445230062873 0.953383158779 1.19148772940
 -3.01806905318 -2.54740505220 -2.06963203930 -1.59269137319 -0.982222875661 -0.232902890983 0.474980800577 0.953968147111 1.15452873173
 -2.92569175337 -2.45662760115 -1.97333642714 -1.45726382323 -0.887075056652 -0.197235566672 0.477894509626 0.938970152611 1.12684545133
 -2.79572269864 -2.32721780521 -1.85911913126 -1.34844253899 -0.761407422479 -0.123952986034 0.486728535725 0.906462720931 1.08955232400
 -2.64466177192 -2.14480886801 -1.65359537605 -1.19517931479 -0.674757742726 -0.0788328871205 0.474589721981 0.873194199684 1.05865587709
 -2.49460882693 -1.95882013267 -1.42481193419 -0.934928988095 -0.531024144718 -0.0743061442403 0.428139043148 0.824305819331 1.03396438117
 -2.35854828738 -1.81153304562 -1.25610089497 -0.725844482614 -0.302395670165 -0.00677566061155 0.363098239311 0.747353820793 0.990242016465
 -2.24390425946 -1.69469678839 -1.15331989825 -0.633725646487 -0.190771585818 0.120138853139 0.376494866708 0.677632544889 0.909769468222
 -2.13507787378 -1.58700216292 -1.05378756132 -0.562957657695 -0.153150638910 0.158795575932 0.415858128418 0.656743879812 0.826286174134
 -2.02686491755 -1.47966596172 -0.954745190682 -0.485011602278 -0.0993681693043 0.197074165731 0.431618976623 0.624101884156 0.746866773204
 -1.92254033257 -1.37399703226 -0.854810498429 -0.403306108930 -0.0402018697425 0.231786789045 0.434556262345 0.583197840944 0.667684326783
 -1.82151712929 -1.26715224663 -0.750352268269 -0.317522275989 0.0170554446217 0.257582225379 0.427638914009 0.538495673027 0.586884725411
 -1.72659968687 -1.14760515620 -0.622937361021 -0.203694351557 0.0965470041911 0.281017404391 0.398473730882 0.465555124808 0.497346283022
 -1.65211084884 -1.04119866465 -0.481122389355 -0.102174884560 0.160857392759 0.315279255378 0.365450347770 0.389527471728 0.386457304119
 -1.60945022772 -0.973154403629 -0.370591159343 0.0581972669899 0.220970179959 0.316207768663 0.337079241299 0.298261414148 0.265664771981
 -1.57633807603 -0.926715776776 -0.361634845309 0.0988006592114 0.322400162600 0.317074183260 0.290887565397 0.245330079040 0.205253361078
 -1.56619633338 -0.911144099997 -0.350527099363 0.0248869139835 0.305076531788 0.358277498934 0.320800816706 0.253157292864 0.187038576255
 -1.57790364144 -0.979037827381 -0.431023283827 -0.0356940981001 0.203241721972 0.337130331321 0.362424529787 0.332354920611 0.296984616092
 -1.63138193997 -1.08973784521 -0.595511697692 -0.184406362943 0.116339106720 0.310539496400 0.403944561661 0.436201447180 0.440239522863
 -1.68578819123 -1.18815747497 -0.721423716514 -0.310685658906 0.0338144848803 0.279864788184 0.421227648499 0.509691552645 0.556733311657
 -1.74781007924 -1.29112961231 -0.867407879027 -0.445165403441 -0.0639262898542 0.231275574606 0.436637149925 0.580127710120 0.671967641097
 -1.80488304279 -1.36195096290 -1.02719708999 -0.595386627450 -0.142871722406 0.182296415670 0.427593812219 0.637891321886 0.777995199288
 -1.83252430558 -1.52082742826 -1.16242657781 -0.632931129267 -0.221905204033 0.0202868056339 0.323546025942 0.673490257843 0.960546949345
 -1.23072640236 -1.41535639610 -1.24870375059 -0.923530783454 -0.504315000656 -0.115191203738 0.284083107496 0.716268722899 1.06837636708
 -1.57797877691 -1.35774365270 -1.31258967240 -1.04131108299 -0.612422005340 -0.156821790817 0.283460298011 0.745452405961 1.12565998320
 -1.34194213155 -1.17239862223 -1.26180115091 -1.18866770174 -0.874594800686 -0.401763866440 0.190824785977 0.770713946885 1.21892329533
 -1.04998918886 -0.707865324726 -1.06445076320 -1.23843053398 -1.01327081085 -0.526451160783 0.0874983652888 0.734060998103 1.22198421695
# log_sel_spl_fsh[1]:
 0.00000000000 0.00000000000 0.00000000000 0.00000000000
 0.00000000000 0.00000000000 0.00000000000 0.00000000000
 0.00000000000 0.00000000000 0.00000000000 0.00000000000
 0.00000000000 0.00000000000 0.00000000000 0.00000000000
 0.00000000000 0.00000000000 0.00000000000 0.00000000000
 0.00000000000 0.00000000000 0.00000000000 0.00000000000
 0.00000000000 0.00000000000 0.00000000000 0.00000000000
 0.00000000000 0.00000000000 0.00000000000 0.00000000000
 0.00000000000 0.00000000000 0.00000000000 0.00000000000
 0.00000000000 0.00000000000 0.00000000000 0.00000000000
 0.00000000000 0.00000000000 0.00000000000 0.00000000000
 0.00000000000 0.00000000000 0.00000000000 0.00000000000
 0.00000000000 0.00000000000 0.00000000000 0.00000000000
 0.00000000000 0.00000000000 0.00000000000 0.00000000000
 0.00000000000 0.00000000000 0.00000000000 0.00000000000
 0.00000000000 0.00000000000 0.00000000000 0.00000000000
 0.00000000000 0.00000000000 0.00000000000 0.00000000000
 0.00000000000 0.00000000000 0.00000000000 0.00000000000
 0.00000000000 0.00000000000 0.00000000000 0.00000000000
 0.00000000000 0.00000000000 0.00000000000 0.00000000000
 0.00000000000 0.00000000000 0.00000000000 0.00000000000
 0.00000000000 0.00000000000 0.00000000000 0.00000000000
 0.00000000000 0.00000000000 0.00000000000 0.00000000000
 0.00000000000 0.00000000000 0.00000000000 0.00000000000
 0.00000000000 0.00000000000 0.00000000000 0.00000000000
 0.00000000000 0.00000000000 0.00000000000 0.00000000000
 0.00000000000 0.00000000000 0.00000000000 0.00000000000
 0.00000000000 0.00000000000 0.00000000000 0.00000000000
 0.00000000000 0.00000000000 0.00000000000 0.00000000000
 0.00000000000 0.00000000000 0.00000000000 0.00000000000
 0.00000000000 0.00000000000 0.00000000000 0.00000000000
 0.00000000000 0.00000000000 0.00000000000 0.00000000000
 0.00000000000 0.00000000000 0.00000000000 0.00000000000
 0.00000000000 0.00000000000 0.00000000000 0.00000000000
 0.00000000000 0.00000000000 0.00000000000 0.00000000000
 0.00000000000 0.00000000000 0.00000000000 0.00000000000
 0.00000000000 0.00000000000 0.00000000000 0.00000000000
# log_sel_spl_fsh[2]:
 0.00000000000 0.00000000000 0.00000000000 0.00000000000
 0.00000000000 0.00000000000 0.00000000000 0.00000000000
 0.00000000000 0.00000000000 0.00000000000 0.00000000000
 0.00000000000 0.00000000000 0.00000000000 0.00000000000
 0.00000000000 0.00000000000 0.00000000000 0.00000000000
 0.00000000000 0.00000000000 0.00000000000 0.00000000000
 0.00000000000 0.00000000000 0.00000000000 0.00000000000
 0.00000000000 0.00000000000 0.00000000000 0.00000000000
 0.00000000000 0.00000000000 0.00000000000 0.00000000000
 0.00000000000 0.00000000000 0.00000000000 0.00000000000
 0.00000000000 0.00000000000 0.00000000000 0.00000000000
 0.00000000000 0.00000000000 0.00000000000 0.00000000000
 0.00000000000 0.00000000000 0.00000000000 0.00000000000
 0.00000000000 0.00000000000 0.00000000000 0.00000000000
 0.00000000000 0.00000000000 0.00000000000 0.00000000000
 0.00000000000 0.00000000000 0.00000000000 0.00000000000
 0.00000000000 0.00000000000 0.00000000000 0.00000000000
 0.00000000000 0.00000000000 0.00000000000 0.00000000000
 0.00000000000 0.00000000000 0.00000000000 0.00000000000
 0.00000000000 0.00000000000 0.00000000000 0.00000000000
 0.00000000000 0.00000000000 0.00000000000 0.00000000000
 0.00000000000 0.00000000000 0.00000000000 0.00000000000
 0.00000000000 0.00000000000 0.00000000000 0.00000000000
 0.00000000000 0.00000000000 0.00000000000 0.00000000000
 0.00000000000 0.00000000000 0.00000000000 0.00000000000
 0.00000000000 0.00000000000 0.00000000000 0.00000000000
 0.00000000000 0.00000000000 0.00000000000 0.00000000000
 0.00000000000 0.00000000000 0.00000000000 0.00000000000
 0.00000000000 0.00000000000 0.00000000000 0.00000000000
 0.00000000000 0.00000000000 0.00000000000 0.00000000000
 0.00000000000 0.00000000000 0.00000000000 0.00000000000
 0.00000000000 0.00000000000 0.00000000000 0.00000000000
 0.00000000000 0.00000000000 0.00000000000 0.00000000000
 0.00000000000 0.00000000000 0.00000000000 0.00000000000
 0.00000000000 0.00000000000 0.00000000000 0.00000000000
 0.00000000000 0.00000000000 0.00000000000 0.00000000000
 0.00000000000 0.00000000000 0.00000000000 0.00000000000
 0.00000000000 0.00000000000 0.00000000000 0.00000000000
# log_sel_spl_fsh[3]:
 0.00000000000 0.00000000000 0.00000000000 0.00000000000
 0.00000000000 0.00000000000 0.00000000000 0.00000000000
# log_sel_spl_fsh[4]:
 0.00000000000 0.00000000000 0.00000000000 0.00000000000
 0.00000000000 0.00000000000 0.00000000000 0.00000000000
 0.00000000000 0.00000000000 0.00000000000 0.00000000000
 0.00000000000 0.00000000000 0.00000000000 0.00000000000
 0.00000000000 0.00000000000 0.00000000000 0.00000000000
 0.00000000000 0.00000000000 0.00000000000 0.00000000000
 0.00000000000 0.00000000000 0.00000000000 0.00000000000
 0.00000000000 0.00000000000 0.00000000000 0.00000000000
 0.00000000000 0.00000000000 0.00000000000 0.00000000000
 0.00000000000 0.00000000000 0.00000000000 0.00000000000
 0.00000000000 0.00000000000 0.00000000000 0.00000000000
 0.00000000000 0.00000000000 0.00000000000 0.00000000000
 0.00000000000 0.00000000000 0.00000000000 0.00000000000
 0.00000000000 0.00000000000 0.00000000000 0.00000000000
 0.00000000000 0.00000000000 0.00000000000 0.00000000000
 0.00000000000 0.00000000000 0.00000000000 0.00000000000
 0.00000000000 0.00000000000 0.00000000000 0.00000000000
 0.00000000000 0.00000000000 0.00000000000 0.00000000000
 0.00000000000 0.00000000000 0.00000000000 0.00000000000
 0.00000000000 0.00000000000 0.00000000000 0.00000000000
 0.00000000000 0.00000000000 0.00000000000 0.00000000000
 0.00000000000 0.00000000000 0.00000000000 0.00000000000
 0.00000000000 0.00000000000 0.00000000000 0.00000000000
 0.00000000000 0.00000000000 0.00000000000 0.00000000000
 0.00000000000 0.00000000000 0.00000000000 0.00000000000
 0.00000000000 0.00000000000 0.00000000000 0.00000000000
 0.00000000000 0.00000000000 0.00000000000 0.00000000000
 0.00000000000 0.00000000000 0.00000000000 0.00000000000
 0.00000000000 0.00000000000 0.00000000000 0.00000000000
 0.00000000000 0.00000000000 0.00000000000 0.00000000000
 0.00000000000 0.00000000000 0.00000000000 0.00000000000
 0.00000000000 0.00000000000 0.00000000000 0.00000000000
# logsel_slope_fsh[1]:
 0.00000000000 0.00000000000 0.00000000000 0.00000000000 0.00000000000 0.00000000000 0.00000000000 0.00000000000 0.00000000000 0.00000000000 0.00000000000 0.00000000000 0.00000000000 0.00000000000 0.00000000000 0.00000000000 0.00000000000 0.00000000000 0.00000000000 0.00000000000 0.00000000000 0.00000000000 0.00000000000 0.00000000000 0.00000000000 0.00000000000 0.00000000000 0.00000000000 0.00000000000 0.00000000000 0.00000000000 0.00000000000 0.00000000000 0.00000000000 0.00000000000 0.00000000000 0.00000000000
# logsel_slope_fsh[2]:
 0.00000000000 0.00000000000 0.00000000000 0.00000000000 0.00000000000 0.00000000000 0.00000000000 0.00000000000 0.00000000000 0.00000000000 0.00000000000 0.00000000000 0.00000000000 0.00000000000 0.00000000000 0.00000000000 0.00000000000 0.00000000000 0.00000000000 0.00000000000 0.00000000000 0.00000000000 0.00000000000 0.00000000000 0.00000000000 0.00000000000 0.00000000000 0.00000000000 0.00000000000 0.00000000000 0.00000000000 0.00000000000 0.00000000000 0.00000000000 0.00000000000 0.00000000000 0.00000000000 0.00000000000
# logsel_slope_fsh[3]:
 0.00000000000 0.00000000000
# logsel_slope_fsh[4]:
 0.00000000000 0.00000000000 0.00000000000 0.00000000000 0.00000000000 0.00000000000 0.00000000000 0.00000000000 0.00000000000 0.00000000000 0.00000000000 0.00000000000 0.00000000000 0.00000000000 0.00000000000 0.00000000000 0.00000000000 0.00000000000 0.00000000000 0.00000000000 0.00000000000 0.00000000000 0.00000000000 0.00000000000 0.00000000000 0.00000000000 0.00000000000 0.00000000000 0.00000000000 0.00000000000 0.00000000000 0.00000000000
# sel50_fsh[1]:
 0.00000000000 0.00000000000 0.00000000000 0.00000000000 0.00000000000 0.00000000000 0.00000000000 0.00000000000 0.00000000000 0.00000000000 0.00000000000 0.00000000000 0.00000000000 0.00000000000 0.00000000000 0.00000000000 0.00000000000 0.00000000000 0.00000000000 0.00000000000 0.00000000000 0.00000000000 0.00000000000 0.00000000000 0.00000000000 0.00000000000 0.00000000000 0.00000000000 0.00000000000 0.00000000000 0.00000000000 0.00000000000 0.00000000000 0.00000000000 0.00000000000 0.00000000000 0.00000000000
# sel50_fsh[2]:
 0.00000000000 0.00000000000 0.00000000000 0.00000000000 0.00000000000 0.00000000000 0.00000000000 0.00000000000 0.00000000000 0.00000000000 0.00000000000 0.00000000000 0.00000000000 0.00000000000 0.00000000000 0.00000000000 0.00000000000 0.00000000000 0.00000000000 0.00000000000 0.00000000000 0.00000000000 0.00000000000 0.00000000000 0.00000000000 0.00000000000 0.00000000000 0.00000000000 0.00000000000 0.00000000000 0.00000000000 0.00000000000 0.00000000000 0.00000000000 0.00000000000 0.00000000000 0.00000000000 0.00000000000
# sel50_fsh[3]:
 0.00000000000 0.00000000000
# sel50_fsh[4]:
 0.00000000000 0.00000000000 0.00000000000 0.00000000000 0.00000000000 0.00000000000 0.00000000000 0.00000000000 0.00000000000 0.00000000000 0.00000000000 0.00000000000 0.00000000000 0.00000000000 0.00000000000 0.00000000000 0.00000000000 0.00000000000 0.00000000000 0.00000000000 0.00000000000 0.00000000000 0.00000000000 0.00000000000 0.00000000000 0.00000000000 0.00000000000 0.00000000000 0.00000000000 0.00000000000 0.00000000000 0.00000000000
# logsel_p1_fsh[1]:
 0.00000000000 0.00000000000 0.00000000000 0.00000000000 0.00000000000 0.00000000000 0.00000000000 0.00000000000 0.00000000000 0.00000000000 0.00000000000 0.00000000000 0.00000000000 0.00000000000 0.00000000000 0.00000000000 0.00000000000 0.00000000000 0.00000000000 0.00000000000 0.00000000000 0.00000000000 0.00000000000 0.00000000000 0.00000000000 0.00000000000 0.00000000000 0.00000000000 0.00000000000 0.00000000000 0.00000000000 0.00000000000 0.00000000000 0.00000000000 0.00000000000 0.00000000000 0.00000000000
# logsel_p1_fsh[2]:
 0.00000000000 0.00000000000 0.00000000000 0.00000000000 0.00000000000 0.00000000000 0.00000000000 0.00000000000 0.00000000000 0.00000000000 0.00000000000 0.00000000000 0.00000000000 0.00000000000 0.00000000000 0.00000000000 0.00000000000 0.00000000000 0.00000000000 0.00000000000 0.00000000000 0.00000000000 0.00000000000 0.00000000000 0.00000000000 0.00000000000 0.00000000000 0.00000000000 0.00000000000 0.00000000000 0.00000000000 0.00000000000 0.00000000000 0.00000000000 0.00000000000 0.00000000000 0.00000000000 0.00000000000
# logsel_p1_fsh[3]:
 0.00000000000 0.00000000000
# logsel_p1_fsh[4]:
 0.00000000000 0.00000000000 0.00000000000 0.00000000000 0.00000000000 0.00000000000 0.00000000000 0.00000000000 0.00000000000 0.00000000000 0.00000000000 0.00000000000 0.00000000000 0.00000000000 0.00000000000 0.00000000000 0.00000000000 0.00000000000 0.00000000000 0.00000000000 0.00000000000 0.00000000000 0.00000000000 0.00000000000 0.00000000000 0.00000000000 0.00000000000 0.00000000000 0.00000000000 0.00000000000 0.00000000000 0.00000000000
# logsel_p2_fsh[1]:
 0.00000000000 0.00000000000 0.00000000000 0.00000000000 0.00000000000 0.00000000000 0.00000000000 0.00000000000 0.00000000000 0.00000000000 0.00000000000 0.00000000000 0.00000000000 0.00000000000 0.00000000000 0.00000000000 0.00000000000 0.00000000000 0.00000000000 0.00000000000 0.00000000000 0.00000000000 0.00000000000 0.00000000000 0.00000000000 0.00000000000 0.00000000000 0.00000000000 0.00000000000 0.00000000000 0.00000000000 0.00000000000 0.00000000000 0.00000000000 0.00000000000 0.00000000000 0.00000000000
# logsel_p2_fsh[2]:
 0.00000000000 0.00000000000 0.00000000000 0.00000000000 0.00000000000 0.00000000000 0.00000000000 0.00000000000 0.00000000000 0.00000000000 0.00000000000 0.00000000000 0.00000000000 0.00000000000 0.00000000000 0.00000000000 0.00000000000 0.00000000000 0.00000000000 0.00000000000 0.00000000000 0.00000000000 0.00000000000 0.00000000000 0.00000000000 0.00000000000 0.00000000000 0.00000000000 0.00000000000 0.00000000000 0.00000000000 0.00000000000 0.00000000000 0.00000000000 0.00000000000 0.00000000000 0.00000000000 0.00000000000
# logsel_p2_fsh[3]:
 0.00000000000 0.00000000000
# logsel_p2_fsh[4]:
 0.00000000000 0.00000000000 0.00000000000 0.00000000000 0.00000000000 0.00000000000 0.00000000000 0.00000000000 0.00000000000 0.00000000000 0.00000000000 0.00000000000 0.00000000000 0.00000000000 0.00000000000 0.00000000000 0.00000000000 0.00000000000 0.00000000000 0.00000000000 0.00000000000 0.00000000000 0.00000000000 0.00000000000 0.00000000000 0.00000000000 0.00000000000 0.00000000000 0.00000000000 0.00000000000 0.00000000000 0.00000000000
# logsel_p3_fsh[1]:
 0.00000000000 0.00000000000 0.00000000000 0.00000000000 0.00000000000 0.00000000000 0.00000000000 0.00000000000 0.00000000000 0.00000000000 0.00000000000 0.00000000000 0.00000000000 0.00000000000 0.00000000000 0.00000000000 0.00000000000 0.00000000000 0.00000000000 0.00000000000 0.00000000000 0.00000000000 0.00000000000 0.00000000000 0.00000000000 0.00000000000 0.00000000000 0.00000000000 0.00000000000 0.00000000000 0.00000000000 0.00000000000 0.00000000000 0.00000000000 0.00000000000 0.00000000000 0.00000000000
# logsel_p3_fsh[2]:
 0.00000000000 0.00000000000 0.00000000000 0.00000000000 0.00000000000 0.00000000000 0.00000000000 0.00000000000 0.00000000000 0.00000000000 0.00000000000 0.00000000000 0.00000000000 0.00000000000 0.00000000000 0.00000000000 0.00000000000 0.00000000000 0.00000000000 0.00000000000 0.00000000000 0.00000000000 0.00000000000 0.00000000000 0.00000000000 0.00000000000 0.00000000000 0.00000000000 0.00000000000 0.00000000000 0.00000000000 0.00000000000 0.00000000000 0.00000000000 0.00000000000 0.00000000000 0.00000000000 0.00000000000
# logsel_p3_fsh[3]:
 0.00000000000 0.00000000000
# logsel_p3_fsh[4]:
 0.00000000000 0.00000000000 0.00000000000 0.00000000000 0.00000000000 0.00000000000 0.00000000000 0.00000000000 0.00000000000 0.00000000000 0.00000000000 0.00000000000 0.00000000000 0.00000000000 0.00000000000 0.00000000000 0.00000000000 0.00000000000 0.00000000000 0.00000000000 0.00000000000 0.00000000000 0.00000000000 0.00000000000 0.00000000000 0.00000000000 0.00000000000 0.00000000000 0.00000000000 0.00000000000 0.00000000000 0.00000000000
# rec_dev_future:
 0.00000000000 0.00000000000 0.00000000000 0.00000000000 0.00000000000 0.00000000000 0.00000000000 0.00000000000 0.00000000000 0.00000000000 0.00000000000 0.00000000000 0.00000000000 0.00000000000 0.00000000000 0.00000000000 0.00000000000 0.00000000000 0.00000000000 0.00000000000
 0.00000000000 0.00000000000 0.00000000000 0.00000000000 0.00000000000 0.00000000000 0.00000000000 0.00000000000 0.00000000000 0.00000000000 0.00000000000 0.00000000000 0.00000000000 0.00000000000 0.00000000000 0.00000000000 0.00000000000 0.00000000000 0.00000000000 0.00000000000
# log_q_ind[1]:
0.110949233256
# log_q_ind[2]:
-2.69493107715
# log_q_ind[3]:
-9.43823552326
# log_q_ind[4]:
-0.561860109655
# log_q_ind[5]:
-3.72559549593
# log_q_ind[6]:
-6.15772285829
# log_q_ind[7]:
-1.12151571877
# log_q_power_ind[1]:
0.00000000000
# log_q_power_ind[2]:
0.00000000000
# log_q_power_ind[3]:
0.00000000000
# log_q_power_ind[4]:
0.00000000000
# log_q_power_ind[5]:
0.00000000000
# log_q_power_ind[6]:
0.00000000000
# log_q_power_ind[7]:
0.00000000000
# log_rw_q_ind[1]:
 -0.974021287508
# log_rw_q_ind[3]:
 -0.699936695543
# log_selcoffs_ind[1]:
 -1.71281855359 -0.959601224934 -0.415451794338 -0.0534739174713 0.153201314686 0.262585439128 0.305375716914 0.306251272125 0.287993534962 0.272749078378
 -2.25277585848 -1.50859975920 -0.803794004740 -0.217444134216 0.179030543408 0.386801214915 0.436885731834 0.402066005844 0.334225948310 0.272698788340
# log_selcoffs_ind[2]:
 -0.474079273077 -0.746877140175 -1.12314295518 -1.37573470332 -1.38616977039 -1.10621509273 -0.570038697258 0.129756731937 0.839407220403 1.31530819020
 0.495932822695 -0.0435737259404 -0.480682383007 -0.787302928928 -0.908236765255 -0.794101388059 -0.454823534499 0.0190773109287 0.484352859291 0.786186748084
 1.00457510348 0.438378068713 -0.150379170814 -0.631433620940 -0.884420863469 -0.888538834888 -0.685146634996 -0.353593253899 0.00208473543199 0.258030706258
# log_selcoffs_ind[3]:
 -0.202940821038 0.0202027052767 0.0202027052767 0.0202027052767 0.0202027052767 0.0202027052767 0.0202027052767 0.0202027052767 0.0202027052767 0.0202027052767
# log_selcoffs_ind[4]:
 -0.334740482436 -0.240064013056 -0.153244611779 -0.0886406548480 -0.0378237440855 0.0165478864922 0.0783911491506 0.144229037263 0.204682283449 0.247958652775
 -1.03594317237 -0.814091736554 -0.589364481923 -0.353926654092 -0.122933223787 0.0872663887947 0.262886397295 0.389733877713 0.458584838171 0.476762047255
# log_selcoffs_ind[5]:
 -3.04452005677 -0.669616569639 0.101782682789 0.174353368097 0.174353368097 0.174353368097 0.174353368097 0.174353368097 0.174353368097 0.174353368097
# log_selcoffs_ind[6]:
 -3.04452005677 -0.669616569639 0.101782682789 0.174353368097 0.174353368097 0.174353368097 0.174353368097 0.174353368097 0.174353368097 0.174353368097
# log_selcoffs_ind[7]:
 -3.04452005677 -0.669616569639 0.101782682789 0.174353368097 0.174353368097 0.174353368097 0.174353368097 0.174353368097 0.174353368097 0.174353368097
# logsel_slope_ind[1]:
 0.00000000000 0.00000000000
# logsel_slope_ind[2]:
 0.00000000000 0.00000000000 0.00000000000
# logsel_slope_ind[3]:
 0.00000000000
# logsel_slope_ind[4]:
 0.00000000000 0.00000000000
# logsel_slope_ind[5]:
 0.00000000000
# logsel_slope_ind[6]:
 0.00000000000
# logsel_slope_ind[7]:
 0.00000000000
# sel50_ind[1]:
 0.00000000000 0.00000000000
# sel50_ind[2]:
 0.00000000000 0.00000000000 0.00000000000
# sel50_ind[3]:
 0.00000000000
# sel50_ind[4]:
 0.00000000000 0.00000000000
# sel50_ind[5]:
 0.00000000000
# sel50_ind[6]:
 0.00000000000
# sel50_ind[7]:
 0.00000000000
# logsel_p1_ind[1]:
 0.00000000000 0.00000000000
# logsel_p1_ind[2]:
 0.00000000000 0.00000000000 0.00000000000
# logsel_p1_ind[3]:
 0.00000000000
# logsel_p1_ind[4]:
 0.00000000000 0.00000000000
# logsel_p1_ind[5]:
 0.00000000000
# logsel_p1_ind[6]:
 0.00000000000
# logsel_p1_ind[7]:
 0.00000000000
# sel_p2_ind[1]:
 0.00000000000 0.00000000000
# sel_p2_ind[2]:
 0.00000000000 0.00000000000 0.00000000000
# sel_p2_ind[3]:
 0.00000000000
# sel_p2_ind[4]:
 0.00000000000 0.00000000000
# sel_p2_ind[5]:
 0.00000000000
# sel_p2_ind[6]:
 0.00000000000
# sel_p2_ind[7]:
 0.00000000000
# logsel_p3_ind[1]:
 0.00000000000 0.00000000000
# logsel_p3_ind[2]:
 0.00000000000 0.00000000000 0.00000000000
# logsel_p3_ind[3]:
 0.00000000000
# logsel_p3_ind[4]:
 0.00000000000 0.00000000000
# logsel_p3_ind[5]:
 0.00000000000
# logsel_p3_ind[6]:
 0.00000000000
# logsel_p3_ind[7]:
 0.00000000000
