# Number of parameters = 1546 Objective function value = 1090.81156915966  Maximum gradient component = 0.000233889259101172
# Mest[1]:
0.280000000000
# Mest[2]:
0.330000000000
# log_Linf[1]:
4.29810139974
# log_Linf[2]:
4.29810139974
# log_k[1]:
-1.83258146375
# log_k[2]:
-1.83258146375
# log_Lo[1]:
2.60712428251
# log_Lo[2]:
2.60712428251
# log_sdage[1]:
-2.40794560865
# log_sdage[2]:
-2.40794560865
# mean_log_rec[1]:
9.28887685709
# mean_log_rec[2]:
7.71240458284
# mean_log_rec[3]:
7.12499889406
# steepness[1]:
0.650000000000
# steepness[2]:
0.650000000000
# steepness[3]:
0.650000000000
# log_Rzero[1]:
9.49917413877
# log_Rzero[2]:
7.81551907887
# log_Rzero[3]:
6.72189177828
# rec_dev:
 -0.0407945211550 -0.0532137771113 -0.0690129053786 -0.0890072488569 -0.114150444043 -0.145421433013 -0.182907519441 -0.226116559843 -0.277056807831 -0.336567510169 -0.401074275225 -0.458458984491 -0.522639109577 -0.594630300722 -0.705275536915 -0.715773353912 -0.471543522718 -0.285549275566 -0.0317585045454 0.184024860888 0.210212125706 0.224982919941 0.310952547106 0.397548511039 0.930489019375 0.753984314790 0.807000165893 1.65607774171 1.55052263557 0.743490008151 0.190963327543 0.483684526590 0.693728832414 0.768584704917 0.260043622871 0.281453003692 0.0458819851584 0.201057953248 0.284463744771 0.306265424768 0.398177035149 0.510758955004 0.528001180219 0.448674293859 0.0354141689371 -0.456880800445 -0.315057493847 -0.701607096332 -1.40726734162 -0.471526777059 -0.630299839346 -0.959529293177 -1.11417098124 -1.17150942173 -1.02182406058 -0.520402435288 -0.444811010846 -0.124547340132 0.212461079954 0.628225590585 0.320652964406 -0.524388454531 0.213225959593 -0.413586087251
 -0.00230085645961 -0.00310715320394 -0.00413529064495 -0.00541931724637 -0.00698824301535 -0.00885544487693 -0.0110060524776 -0.0136718676961 -0.0167915346531 -0.0201516228607 -0.0243471372437 0.0336933999501 0.0276193396547 0.0194730904512 0.00912843394605 0.00697559684214 0.00684767020768 -0.0109390947904 0.356754563793 0.0647347264516 -0.0828003827994 -0.312441528774 0.135536239044 0.286560642043 -0.272959509585 -0.993477294706 -0.129682354882 0.306176727146 0.675298057885 0.339838459996 -0.0858541418540 -0.691872708318 -0.148870992268 -0.0378477290868 -0.328693569645 -0.0552835387952 0.651012966094 0.0560834569165 0.189453508283 -0.0698915641121 1.37789727227 0.569165841372 0.256133900130 0.00738246754936 -1.32328060978 0.537328941450 0.326709351951 -0.332205290471 -2.05428972789 -1.56545149691 0.805561734781 -0.131786661375 -0.809732524196 -1.09790262132 -1.21819119008 -0.697968464801 -0.768645226028 0.569924794001 1.24370960895 1.08563015796 0.118517199247 -0.298559876703 -0.339727466568 -0.0128975148590
# log_sigmar[1]:
-0.510825623766
# log_sigmar[2]:
-0.510825623766
# log_sigmar[3]:
-0.510825623766
# fmort:
 -4.79586673020 -4.38901077004 -5.12742409211 -4.81315241084 -4.05841591040 -3.74334612477 -3.43022517932 -3.47520521412 -2.84860688625 -2.98982369651 -3.28164783361 -2.89263452477 -2.15732805801 -3.08523696646 -2.22668027331 -2.77828856649 -5.17084670018 -3.89595251528 -4.27884241610 -4.36648329607 -4.39549727373 -4.04407695227 -3.96017319458 -3.77354573633 -4.20879718857 -3.91247369206 -3.42910974389 -4.46502153762 -5.65361506357 -4.99780681513 -4.53424787866 -3.89285226125 -4.76521617641 -4.32891466551 -4.17936385003 -3.64773591955 -3.52394164492 -3.08087185149 -2.59501830343 -2.88176532421 -2.35660269422 -3.98412678867 -4.98203470477 -4.48833252483 -4.45293396422 -4.14558713464 -4.48372672158 -4.08140650002 -5.27470601904 -5.59918552688 -4.44785487586 -4.48784566385 -4.66932943667
 -7.18999055406 -6.75452187413 -6.28644708321 -5.69399050219 -5.91197477341 -5.20638772585 -4.69729309659 -4.39560561305 -3.95903116863 -3.75537280116 -3.62490322766 -2.86977580943 -2.61707824652 -2.87222909816 -2.51700464424 -2.13160767029 -1.94322545411 -1.63060586843 -1.44196533306 -1.28964884417 -1.27606956523 -1.03508921412 -0.741712534395 -0.721925275580 -0.501159020154 -0.203106252760 -0.222874977670 -0.224821179070 -0.750784896227 -1.14364251853 -1.32794698278 -1.11918188331 -1.03698553868 -1.11372900668 -1.12191449126 -1.12099534271 -1.05919557187 -0.825909508092 -0.900787714435 -0.509253896117 -0.961609312320 -1.32511542195 -1.71639248974 -1.88528041746 -1.89344409579 -1.74395822926 -1.74565300341 -1.70291887853 -1.56337455999 -1.71611062343 -1.81612666070 -1.86396297049 -2.00865391124
 -6.97798103448 -6.30360286850 -5.43099991665 -4.65309169391 -3.47794864949 -4.64527423850 -4.36013988335 -1.73842621403 -1.60032214605 -1.79131389432 -1.58021873594 -1.11755191686 -2.16665369321 -2.77801366056 -2.77705177711 -3.43090841542 -3.95884677759 -3.79206563308 -2.51128804824 -2.61196423808 -2.52743390866 -2.81957388954 -3.20818287723 -2.82751557995 -2.42986976727 -1.05468749593 -0.484320801390 -0.0119141242941 0.337353407975 -0.955719678354 -1.15598140143 -0.0505792517645 -1.84489791918 -1.77820021889 -1.75855401998 -2.34089403552 -1.40279073802 -1.37564358825 -1.38165219940 -1.34490947933 -2.80449120379 -1.27203113695 -1.69580360807 -2.20733379895 -2.01003908979 -3.04865990698 -3.74432540131 -4.70630710449 -3.57753144494 -3.39958929771 -3.68465091840 -3.65066994491 -2.87030040778
 -9.69419303859 -9.64543223937 -7.88937800121 -9.54196182443 -9.48291871214 -9.41510777971 -9.29898572969 -8.43873568487 -5.23455415710 -3.14276218045 -3.12353568616 -2.78160699935 -2.12035277562 -1.79547852308 -1.54150833608 -1.80345785677 -1.98398346648 -2.24812426712 -2.48735277183 -2.65998747215 -2.80527018695 -3.32980637395 -5.90341888600 -9.39868220604 -9.22214421298 -8.93774181209 -8.62346894019 -8.36792136327 -8.28998528226 -8.37756046590 -7.81961206174 -5.89472631797 -4.73543475049 -4.07253239272 -3.31843628304 -3.38805220916 -2.82389488175 -2.27201185280 -2.22756355853 -2.09532803811 -2.17123855230 -3.31769970514 -3.63266684244 -3.61404560843 -3.22222620190 -3.07130828269 -3.58034545868 -3.65260583568 -3.67998416196 -3.85987176195 -6.34934526075 -3.95241587273 -3.87071887197
# log_selcoffs_fsh[1]:
 -3.52418875449 -1.86569473328 -0.877070718013 0.0565684530941 0.858659631753 0.960139274325 0.303779677789 -0.456639311896 -0.964688194251
 -3.13863980058 -1.46711921528 -0.754620258357 -0.00190804313187 0.744886085549 0.904204737720 0.385123450996 -0.294443282271 -0.761690872435
 -2.84825685917 -1.38961267111 -0.559985482248 0.212509490015 0.726990458170 0.741705486534 0.323200425769 -0.225967523809 -0.621303696578
 -2.47412493398 -1.19382327316 -0.563382928774 0.0574575232951 0.766557033763 0.745294385408 0.286919616533 -0.212314735022 -0.538109719489
 -1.83848390680 -0.324497128411 -0.0316685627816 0.199209070514 0.436129761041 0.470893086350 0.215538697927 -0.138054047425 -0.401864797256
 -1.72196934940 -0.519392937964 0.428687337390 0.635067480835 0.291234691003 0.115032582999 -0.0580620657422 -0.274251124389 -0.445829367463
 -1.44392327389 -0.376147273970 0.514566806722 0.720312663636 0.288066623747 -0.0468923152556 -0.247570962718 -0.395480459031 -0.498531661348
 -1.05192617054 -0.199269779429 0.572552598921 0.769502745634 0.196653796795 -0.179744216138 -0.395564584351 -0.507148830888 -0.559296056204
 -0.774739762913 0.232551195310 0.475039162142 0.589260556340 0.285933175455 -0.197777725773 -0.480779881030 -0.589303452607 -0.612380816370
 -0.533401750651 0.381055446791 0.568256645985 0.567805750595 0.136289162290 -0.330434685279 -0.604097802727 -0.684753177510 -0.684028231809
 -0.0151314084673 0.921740115850 0.448689327291 0.154282252257 -0.234727746894 -0.553260851011 -0.737293359204 -0.782893533453 -0.761570581766
 0.201791317767 0.870905406162 0.611611357884 0.113376801468 -0.435710829090 -0.716496018656 -0.842933401463 -0.864139654800 -0.828381483041
 -0.0232277961182 1.14445810852 0.638578879994 -0.110827502884 -0.661501097768 -0.893551138958 -0.964212891515 -0.954363323024 -0.911990366883
 0.222499401969 1.17800649462 0.572635340394 -0.209745119209 -0.789732324600 -1.00139861674 -1.04490027200 -1.01126738955 -0.961361888181
 0.248591468771 1.22391961315 0.550242564413 -0.267627155988 -0.848168839471 -1.06398068078 -1.10345813094 -1.05934213817 -1.00309767911
 -0.154083150925 1.30436058435 0.653249326440 -0.232223608719 -0.878738113946 -1.11052224665 -1.15393896750 -1.10568124753 -1.04454328177
 -0.0626164203741 1.33905594703 0.583354270114 -0.275486456289 -0.906870826740 -1.14101494954 -1.18505457693 -1.13451275971 -1.06878437203
 0.467733827370 1.13536618627 0.625075223477 -0.287670162228 -0.929723791123 -1.15862817278 -1.19875065243 -1.14111523625 -1.06913125991
 0.768171518816 1.11723325947 0.396141961761 -0.386789521816 -0.976177294032 -1.19686814388 -1.23067732899 -1.16246664475 -1.08239681693
 0.491091053234 1.21510875793 0.548602086684 -0.373747074700 -1.02041323477 -1.24387536308 -1.26488112200 -1.17840317237 -1.08617499367
 0.564120523694 1.29395250719 0.386767167396 -0.498148610642 -1.09866902676 -1.30182594597 -1.30537139037 -1.19681266239 -1.08921541351
 0.557095051040 1.27909899807 0.489056657357 -0.566417647771 -1.18843321515 -1.36497272701 -1.33862701296 -1.20409353951 -1.07758123396
 0.717982567098 1.23630133727 0.396788882158 -0.574834522983 -1.21073298358 -1.39352821550 -1.35351746417 -1.19587177476 -1.04963780524
 0.377140218515 1.39112676964 0.391945032344 -0.583872581115 -1.19759834551 -1.38512587385 -1.34564287529 -1.17482333876 -1.01206507876
 0.486677938774 1.29862593326 0.410660684114 -0.501168633671 -1.11498489509 -1.32124648089 -1.28862176938 -1.10735541507 -0.930393644358
 0.518238182932 1.15504598629 0.495221687414 -0.310864782341 -1.00863379154 -1.23501803849 -1.18913150671 -0.996490041697 -0.812192219227
 0.142625605548 1.18044021206 0.555434432963 -0.188129797982 -0.892431270256 -1.11401555014 -1.05625796955 -0.855254413612 -0.675575647193
 0.215228518201 1.15844608329 0.428299455254 -0.313880884193 -0.832822786120 -0.986108650630 -0.896497912056 -0.693478200421 -0.520965769959
 1.00768935033 0.696961844338 0.0495453253721 -0.517197156722 -0.831374679082 -0.875509329605 -0.741512155278 -0.531892006744 -0.370884091292
 0.607310693383 0.949649037678 0.0437764068342 -0.611500448709 -0.817251359794 -0.755635733405 -0.571383604067 -0.356168819447 -0.203377376407
 0.353027447966 0.942945337812 -0.0707601189635 -0.618111712266 -0.718524511547 -0.604582653497 -0.384655864706 -0.166681142573 -0.0227334342355
 0.237695482218 0.585636896442 -0.101921527321 -0.494517246714 -0.527157971626 -0.380566547097 -0.150848160088 0.0653586474022 0.199917898925
 -0.653847894591 0.265926175803 -0.0469236049665 -0.270701786675 -0.233550409718 -0.131439567811 0.0749793613180 0.246556394195 0.359276590661
 -1.11868377471 -0.431103495230 -0.398617340098 -0.188869604513 0.0330377527934 0.0992519627736 0.325172932742 0.375855556743 0.435616582327
 -0.689283549966 -0.192497510675 -0.660144745079 -0.608862848994 -0.263436917286 0.0470656415227 0.324663597207 0.489253376577 0.577266238664
 -0.0759400302068 -0.991054507718 -1.10906545411 -0.781137636400 -0.334150651645 0.0639006393216 0.379990381790 0.566205975837 0.646274326972
 -1.15285335260 -1.31891969675 -1.20854836510 -0.681497614397 -0.169252433808 0.176758619758 0.503141115259 0.657324633513 0.688728475175
 -1.68084422805 -1.38951938260 -1.21667474043 -0.689616727284 -0.157150899380 0.251038965540 0.509476429555 0.666534585890 0.700507405820
 -1.81797025898 -1.83735442126 -1.65166730730 -1.03484082014 -0.219418129876 0.371823021829 0.679360534349 0.712908183990 0.623529579839
 -2.11995742737 -2.13247526889 -1.79519272382 -1.09766174292 -0.267709632772 0.465100980926 0.773684501838 0.694302982639 0.550614092548
# log_selcoffs_fsh[2]:
 -2.07535518293 -0.125406820633 0.612257398111 0.871373961544 0.573826985113 -0.000565362165065 -0.440444822175 -0.705243106826 -0.825897851968 -0.897702755334
 -2.09197029630 -0.170083067362 -0.134679200464 0.404709388402 0.779000199414 0.555788333061 0.00272163081237 -0.429065806186 -0.596701816354 -0.629188428208
 -2.64065420075 -0.833750670044 -0.330019813453 0.229045928896 0.737283133546 0.708104261258 0.209336781400 -0.229271876602 -0.380622246341 -0.376640257300
 -3.04715591301 -1.47486707044 -0.597071319399 -0.0353509322786 0.622066967342 0.791863542511 0.323414584895 -0.0426105069784 -0.130696261502 -0.0832495795162
 -2.62698622829 -1.10236015776 -1.03552005952 -0.529926969185 0.281952357006 0.677689990032 0.420269570809 0.208514387831 0.215312719273 0.309263092917
 -2.19703745485 -1.11490307872 -0.924965676909 -0.829280754379 -0.319818036178 0.141848148730 0.335916174580 0.436317018943 0.590801521023 0.740829242864
 -2.85182609234 -1.60521536562 -0.772278596654 -0.646551237300 -0.537028967886 -0.212016890159 0.145589031644 0.463643549832 0.736679545878 0.926877961741
 -3.40841821395 -2.40339965400 -1.61780603940 -0.936862834066 -0.387365777624 0.00202502439819 0.286171942632 0.465742899002 0.742883282249 0.947375308458
 -3.68307809875 -2.66425674771 -2.03086457094 -1.34677085395 -0.560502719159 -0.0167372437563 0.393967368659 0.646644812938 0.787938192235 0.862359791289
 -3.75560309807 -2.55383865379 -1.85964689605 -1.37484772051 -0.919861632897 -0.304969587395 0.264050773837 0.799723714942 0.957847070161 0.798095041587
 -3.57684965734 -2.10104308517 -1.39501703126 -0.977820649414 -0.639054738667 -0.394843099311 0.0756077717130 0.665876354442 0.952377543606 0.878619001469
 -3.47922639696 -2.00628524397 -1.21389538231 -0.807331430460 -0.470986579758 -0.160436219704 0.329547808282 0.648107955382 0.769578724241 0.767476409638
 -3.12599439505 -1.32595487468 -0.747562568575 -0.428544987203 -0.206480479382 -0.139019725769 0.221643789622 0.498691927369 0.655408968601 0.723339841115
 -2.70214035225 -0.916083740773 -0.370884707914 -0.220213907351 -0.162480403086 -0.0675565643815 0.162329374135 0.385881309370 0.547722607942 0.630851071705
 -2.30687300853 -0.320694248934 -0.0805620386474 -0.226751860103 -0.344822529834 -0.225708087660 0.0696582184947 0.315517728030 0.508953196642 0.610911723723
 -1.96039790621 0.0149970725874 -0.115465682019 -0.313279474111 -0.472984607305 -0.345769026139 -0.0343395257779 0.254324295687 0.508467066004 0.679403969660
 -1.55299459933 -0.0264444016948 -0.126133313010 -0.328446645652 -0.531252307802 -0.484644051823 -0.179856981813 0.186457171311 0.542758680080 0.810063669808
 -1.93968637506 -0.182122830409 -0.0518772690799 -0.277558662693 -0.535189507457 -0.515000573960 -0.238215060157 0.160531388161 0.557153448685 0.885729611750
 -2.25694974858 -0.455778318423 -0.0903784848289 -0.244357800864 -0.495387295001 -0.472336238000 -0.186754159807 0.203839517822 0.598533988879 0.898740179746
 -2.37999872173 -0.767513751009 -0.397098767171 -0.270201092939 -0.425873333877 -0.422946727112 -0.142816505892 0.263606777819 0.660371869908 0.953754474540
 -2.45973195246 -0.869179092354 -0.383246905512 -0.202997171802 -0.376437231959 -0.451328875773 -0.212609294769 0.212191520576 0.657683580435 0.992905567241
 -2.62845836048 -0.958162068180 -0.364030468968 -0.0872458983178 -0.234407479090 -0.332335273533 -0.163116919489 0.162047023032 0.584791305483 0.957271901076
 -2.88765120391 -1.40150878291 -0.472024624339 0.0624273518919 0.0315423399939 -0.133939258197 -0.0503133849174 0.172559837159 0.492675244027 0.844692081798
 -3.08975849595 -1.72572593331 -0.796092014348 -0.145726662704 0.189263257170 0.112120133008 0.199010335934 0.334395689762 0.481455488312 0.640925023680
 -3.25275069033 -1.61646897578 -0.813589522896 -0.453983835335 -0.0359203151384 0.219434852797 0.355649116701 0.499105800818 0.522673585479 0.538480602611
 -3.46126769953 -2.04472960793 -1.09243728933 -0.251153359575 0.112125728602 0.244508293764 0.367143894373 0.508389792950 0.512392984699 0.441313838435
 -3.63574364724 -1.91509996975 -1.10816462797 -0.106958139913 0.251090580873 0.329525782687 0.405948252871 0.510738353182 0.399772701734 0.233580118651
 -3.76206147166 -1.56754920666 -0.976555686266 -0.232791374745 0.164605011237 0.243747191597 0.642682098607 0.581877083601 0.304066882275 0.0934962457097
 -3.82055792481 -2.13656231885 -1.14446648003 -0.0976139687506 0.336338920286 0.422345699917 0.686838710839 0.413225724978 0.171192322958 0.0231837694933
 -3.85798931364 -1.97309665907 -0.602774152312 0.181411950312 0.694274748350 0.464180250435 0.301300228162 0.124019077962 0.0234661061580 -0.00672098950493
 -3.66790991886 -1.48005086649 -0.250966501273 0.320841494283 0.358454996401 0.180263763600 0.167405810862 0.175773080245 0.227187867178 0.286975660108
 -3.59273082326 -1.62179190047 -0.594692814471 -0.0828888839309 0.212796180971 0.224049554925 0.143539017247 0.287118317343 0.446132583465 0.568314538756
 -3.14848676801 -1.10240243728 -0.855433308457 -0.541627263533 -0.144486283327 0.0549662812284 0.145993131369 0.360087993419 0.634444076276 0.797291799357
 -3.72425304651 -1.56604167221 -0.815987135347 -0.323470515032 -0.0289442446103 0.131973538984 0.222934411001 0.399391084222 0.567670490853 0.685017259138
 -4.03961710635 -2.00953979835 -1.24462302395 -0.684990680838 -0.0964277383292 0.200731825652 0.370157889062 0.522692002155 0.632782866467 0.646296954935
 -4.42389106402 -2.47074710159 -1.42232332321 -0.833465113270 -0.326756100638 0.0292970355826 0.339107281088 0.585827408650 0.718331082708 0.800039401076
 -4.68622350975 -3.03689698321 -1.85663885198 -0.978053438331 -0.235381409299 0.104727042135 0.437012423482 0.653192479085 0.693897583879 0.712281140200
 -4.73501992909 -3.16356478568 -2.33067379266 -1.43792502849 -0.503897176426 0.126246784300 0.483989254932 0.722107220689 0.743350158447 0.737780688204
 -4.80063013209 -3.23944569216 -2.11184120549 -1.52929969381 -0.691470749287 -0.0824675186176 0.353697524865 0.645313110832 0.825359361785 0.947633592311
 -4.81526338766 -3.47713812032 -2.16356768575 -1.42341497208 -0.926927286606 -0.256095999985 0.240173940114 0.604315104424 0.830982970624 1.11130354697
# log_selcoffs_fsh[3]:
 -4.23949141986 -1.72165328342 0.503852661798 1.30349629972 0.177129599176 -1.52097994403 -2.85949373707
 -4.36370996616 -0.883724963990 0.813645895743 0.971289202217 0.324210597020 -1.44302015104 -2.85753040842
# log_selcoffs_fsh[4]:
 -2.05382786783 -1.69778989228 -1.31455126370 -0.882629750589 -0.408999645829 0.0664282102636 0.477649872759 0.769514838640 0.917243301176
 -2.04255368387 -1.69287247561 -1.31472968591 -0.885320311840 -0.411446344643 0.0651175866066 0.478172997879 0.770313506164 0.916946622357
 -2.02003823071 -1.68392966429 -1.31792721311 -0.891068105992 -0.414035498343 0.0667750832522 0.482132828995 0.770825060117 0.913363777888
 -1.98384633501 -1.66175300379 -1.31878343119 -0.911093978433 -0.424831905681 0.0716871917046 0.490635749931 0.773207187612 0.906180939400
 -1.92496502532 -1.61789688661 -1.29825399282 -0.916908295627 -0.452351681273 0.0606306085051 0.499811181767 0.779077233673 0.898752088709
 -1.84526706832 -1.53482510960 -1.25724687559 -0.917378308463 -0.457006168453 0.0520776806641 0.498796823326 0.778808752544 0.888004100647
 -1.74741803307 -1.44960489082 -1.14754971947 -0.861892462041 -0.455947050911 0.0460975204723 0.489622824195 0.765603371462 0.870591115263
 -1.62131591393 -1.35443870121 -1.06532968276 -0.746559037282 -0.393758658759 0.0467071786849 0.463274475407 0.735589511922 0.844729074779
 -1.44065286295 -1.21041581983 -0.975223943667 -0.684037192477 -0.325294344515 0.0645865082292 0.437271656576 0.693819789965 0.808533962655
 -1.22797246844 -1.01806470137 -0.799480842397 -0.597360827114 -0.310610894690 0.0514669164577 0.394004739270 0.648335489494 0.772383612884
 -1.01525525027 -0.824318079104 -0.621595984923 -0.426326621211 -0.262114233808 -0.00341295820259 0.319153880651 0.584213536254 0.729289929371
 -0.808917419494 -0.666086255574 -0.492391523159 -0.301147015844 -0.141679211045 -0.0120075408441 0.224997168733 0.493340658096 0.664619804145
 -0.608657396650 -0.517836939985 -0.411633334927 -0.262498335384 -0.102683119307 0.0325581400439 0.188546797802 0.406800837481 0.578527835399
 -0.407216543235 -0.374018850976 -0.322429159183 -0.235649110009 -0.122085259842 0.00760189683215 0.166999961395 0.352327617550 0.491800843600
 -0.203847768622 -0.233594793164 -0.242952866876 -0.213107484863 -0.139560432083 -0.0263954161415 0.122755495300 0.285403821969 0.402631603982
 0.000599782423522 -0.0987612731661 -0.172989433213 -0.199989833456 -0.164051153402 -0.0720097076284 0.0621958586727 0.206569229529 0.308007741263
 0.212657365206 0.0290468453863 -0.115191668184 -0.201290751148 -0.203682827744 -0.134379402555 -0.0150501157789 0.115374523690 0.204866216380
 0.409860444740 0.147880832413 -0.0828717345179 -0.222696004447 -0.251448027611 -0.202816029000 -0.101478111988 0.0130417736307 0.0975440949074
 0.588964488715 0.217751114701 -0.0521153246927 -0.283479600551 -0.329351115037 -0.265236501945 -0.176096533262 -0.0723524540800 -0.00293592233572
 0.629805224967 0.246498421854 -0.0241387835505 -0.235486367722 -0.355197653292 -0.310410508378 -0.205841382582 -0.117323326030 -0.0624705762154
 0.563859996803 0.242705203422 -0.0745822438434 -0.215728096350 -0.280069920710 -0.277465159438 -0.183852564565 -0.0830179897264 -0.0325720679469
 0.389012865457 0.102667571411 -0.122034625695 -0.229189377216 -0.208990253086 -0.161943258801 -0.0620319387472 0.0349648627705 0.0941541036228
 0.0958456694502 -0.0697538938622 -0.164807433606 -0.196463253231 -0.150809882306 -0.0479659639474 0.0639308899797 0.161452530441 0.217275315358
 -0.323275127692 -0.316427291924 -0.292076245111 -0.207311911931 -0.0776260464056 0.0683428102286 0.196674825820 0.298350383750 0.355556754132
 -0.698326946505 -0.551778777125 -0.393836659392 -0.220410133135 -0.0215096060362 0.153451072026 0.275907828688 0.374018559508 0.427972147134
 -1.12383152326 -0.854609222594 -0.601264089924 -0.310780229587 -0.0226671732886 0.208936747175 0.369303291095 0.474865142264 0.533005846445
 -1.53108488809 -1.11814750163 -0.836262905344 -0.443741758298 -0.0215672469763 0.250655570695 0.427895915624 0.553140683759 0.612801006896
 -1.82944185296 -1.45002203577 -1.04447949658 -0.500750219313 -0.0837036449578 0.134078788626 0.372230571729 0.628595234121 0.814413926314
 -1.40791196239 -1.47033996459 -1.19869652358 -0.801426571109 -0.355235467587 0.0257397132323 0.371819187700 0.703531010249 0.946585086709
 -1.82201830115 -1.51878244317 -1.34852965978 -0.973715113272 -0.481952510917 -0.0277189484816 0.374555436810 0.755693094978 1.03259852530
 -1.68682825593 -1.38553512821 -1.37242931564 -1.19036706056 -0.817448908960 -0.323150032765 0.254068997155 0.806706532882 1.19752353042
 -1.42453645851 -0.983343940584 -1.15620457933 -1.24881759381 -1.03705409084 -0.567765037687 0.0618034094648 0.756952820167 1.29937059047
 -1.43430900652 -0.453845721533 -0.317030885703 -0.878103392910 -1.02408674688 -0.765413751163 -0.159170361938 0.615946460500 1.23957230539
 -1.33735628720 -0.174990910664 -0.358712852297 -0.881424011190 -1.04018307561 -0.811595601361 -0.204876223859 0.585138240223 1.21719580959
# log_sel_spl_fsh[1]:
 0.00000000000 0.00000000000 0.00000000000 0.00000000000
 0.00000000000 0.00000000000 0.00000000000 0.00000000000
 0.00000000000 0.00000000000 0.00000000000 0.00000000000
 0.00000000000 0.00000000000 0.00000000000 0.00000000000
 0.00000000000 0.00000000000 0.00000000000 0.00000000000
 0.00000000000 0.00000000000 0.00000000000 0.00000000000
 0.00000000000 0.00000000000 0.00000000000 0.00000000000
 0.00000000000 0.00000000000 0.00000000000 0.00000000000
 0.00000000000 0.00000000000 0.00000000000 0.00000000000
 0.00000000000 0.00000000000 0.00000000000 0.00000000000
 0.00000000000 0.00000000000 0.00000000000 0.00000000000
 0.00000000000 0.00000000000 0.00000000000 0.00000000000
 0.00000000000 0.00000000000 0.00000000000 0.00000000000
 0.00000000000 0.00000000000 0.00000000000 0.00000000000
 0.00000000000 0.00000000000 0.00000000000 0.00000000000
 0.00000000000 0.00000000000 0.00000000000 0.00000000000
 0.00000000000 0.00000000000 0.00000000000 0.00000000000
 0.00000000000 0.00000000000 0.00000000000 0.00000000000
 0.00000000000 0.00000000000 0.00000000000 0.00000000000
 0.00000000000 0.00000000000 0.00000000000 0.00000000000
 0.00000000000 0.00000000000 0.00000000000 0.00000000000
 0.00000000000 0.00000000000 0.00000000000 0.00000000000
 0.00000000000 0.00000000000 0.00000000000 0.00000000000
 0.00000000000 0.00000000000 0.00000000000 0.00000000000
 0.00000000000 0.00000000000 0.00000000000 0.00000000000
 0.00000000000 0.00000000000 0.00000000000 0.00000000000
 0.00000000000 0.00000000000 0.00000000000 0.00000000000
 0.00000000000 0.00000000000 0.00000000000 0.00000000000
 0.00000000000 0.00000000000 0.00000000000 0.00000000000
 0.00000000000 0.00000000000 0.00000000000 0.00000000000
 0.00000000000 0.00000000000 0.00000000000 0.00000000000
 0.00000000000 0.00000000000 0.00000000000 0.00000000000
 0.00000000000 0.00000000000 0.00000000000 0.00000000000
 0.00000000000 0.00000000000 0.00000000000 0.00000000000
 0.00000000000 0.00000000000 0.00000000000 0.00000000000
 0.00000000000 0.00000000000 0.00000000000 0.00000000000
 0.00000000000 0.00000000000 0.00000000000 0.00000000000
 0.00000000000 0.00000000000 0.00000000000 0.00000000000
 0.00000000000 0.00000000000 0.00000000000 0.00000000000
 0.00000000000 0.00000000000 0.00000000000 0.00000000000
# log_sel_spl_fsh[2]:
 0.00000000000 0.00000000000 0.00000000000 0.00000000000
 0.00000000000 0.00000000000 0.00000000000 0.00000000000
 0.00000000000 0.00000000000 0.00000000000 0.00000000000
 0.00000000000 0.00000000000 0.00000000000 0.00000000000
 0.00000000000 0.00000000000 0.00000000000 0.00000000000
 0.00000000000 0.00000000000 0.00000000000 0.00000000000
 0.00000000000 0.00000000000 0.00000000000 0.00000000000
 0.00000000000 0.00000000000 0.00000000000 0.00000000000
 0.00000000000 0.00000000000 0.00000000000 0.00000000000
 0.00000000000 0.00000000000 0.00000000000 0.00000000000
 0.00000000000 0.00000000000 0.00000000000 0.00000000000
 0.00000000000 0.00000000000 0.00000000000 0.00000000000
 0.00000000000 0.00000000000 0.00000000000 0.00000000000
 0.00000000000 0.00000000000 0.00000000000 0.00000000000
 0.00000000000 0.00000000000 0.00000000000 0.00000000000
 0.00000000000 0.00000000000 0.00000000000 0.00000000000
 0.00000000000 0.00000000000 0.00000000000 0.00000000000
 0.00000000000 0.00000000000 0.00000000000 0.00000000000
 0.00000000000 0.00000000000 0.00000000000 0.00000000000
 0.00000000000 0.00000000000 0.00000000000 0.00000000000
 0.00000000000 0.00000000000 0.00000000000 0.00000000000
 0.00000000000 0.00000000000 0.00000000000 0.00000000000
 0.00000000000 0.00000000000 0.00000000000 0.00000000000
 0.00000000000 0.00000000000 0.00000000000 0.00000000000
 0.00000000000 0.00000000000 0.00000000000 0.00000000000
 0.00000000000 0.00000000000 0.00000000000 0.00000000000
 0.00000000000 0.00000000000 0.00000000000 0.00000000000
 0.00000000000 0.00000000000 0.00000000000 0.00000000000
 0.00000000000 0.00000000000 0.00000000000 0.00000000000
 0.00000000000 0.00000000000 0.00000000000 0.00000000000
 0.00000000000 0.00000000000 0.00000000000 0.00000000000
 0.00000000000 0.00000000000 0.00000000000 0.00000000000
 0.00000000000 0.00000000000 0.00000000000 0.00000000000
 0.00000000000 0.00000000000 0.00000000000 0.00000000000
 0.00000000000 0.00000000000 0.00000000000 0.00000000000
 0.00000000000 0.00000000000 0.00000000000 0.00000000000
 0.00000000000 0.00000000000 0.00000000000 0.00000000000
 0.00000000000 0.00000000000 0.00000000000 0.00000000000
 0.00000000000 0.00000000000 0.00000000000 0.00000000000
 0.00000000000 0.00000000000 0.00000000000 0.00000000000
# log_sel_spl_fsh[3]:
 0.00000000000 0.00000000000 0.00000000000 0.00000000000
 0.00000000000 0.00000000000 0.00000000000 0.00000000000
# log_sel_spl_fsh[4]:
 0.00000000000 0.00000000000 0.00000000000 0.00000000000
 0.00000000000 0.00000000000 0.00000000000 0.00000000000
 0.00000000000 0.00000000000 0.00000000000 0.00000000000
 0.00000000000 0.00000000000 0.00000000000 0.00000000000
 0.00000000000 0.00000000000 0.00000000000 0.00000000000
 0.00000000000 0.00000000000 0.00000000000 0.00000000000
 0.00000000000 0.00000000000 0.00000000000 0.00000000000
 0.00000000000 0.00000000000 0.00000000000 0.00000000000
 0.00000000000 0.00000000000 0.00000000000 0.00000000000
 0.00000000000 0.00000000000 0.00000000000 0.00000000000
 0.00000000000 0.00000000000 0.00000000000 0.00000000000
 0.00000000000 0.00000000000 0.00000000000 0.00000000000
 0.00000000000 0.00000000000 0.00000000000 0.00000000000
 0.00000000000 0.00000000000 0.00000000000 0.00000000000
 0.00000000000 0.00000000000 0.00000000000 0.00000000000
 0.00000000000 0.00000000000 0.00000000000 0.00000000000
 0.00000000000 0.00000000000 0.00000000000 0.00000000000
 0.00000000000 0.00000000000 0.00000000000 0.00000000000
 0.00000000000 0.00000000000 0.00000000000 0.00000000000
 0.00000000000 0.00000000000 0.00000000000 0.00000000000
 0.00000000000 0.00000000000 0.00000000000 0.00000000000
 0.00000000000 0.00000000000 0.00000000000 0.00000000000
 0.00000000000 0.00000000000 0.00000000000 0.00000000000
 0.00000000000 0.00000000000 0.00000000000 0.00000000000
 0.00000000000 0.00000000000 0.00000000000 0.00000000000
 0.00000000000 0.00000000000 0.00000000000 0.00000000000
 0.00000000000 0.00000000000 0.00000000000 0.00000000000
 0.00000000000 0.00000000000 0.00000000000 0.00000000000
 0.00000000000 0.00000000000 0.00000000000 0.00000000000
 0.00000000000 0.00000000000 0.00000000000 0.00000000000
 0.00000000000 0.00000000000 0.00000000000 0.00000000000
 0.00000000000 0.00000000000 0.00000000000 0.00000000000
 0.00000000000 0.00000000000 0.00000000000 0.00000000000
 0.00000000000 0.00000000000 0.00000000000 0.00000000000
# logsel_slope_fsh[1]:
 0.00000000000 0.00000000000 0.00000000000 0.00000000000 0.00000000000 0.00000000000 0.00000000000 0.00000000000 0.00000000000 0.00000000000 0.00000000000 0.00000000000 0.00000000000 0.00000000000 0.00000000000 0.00000000000 0.00000000000 0.00000000000 0.00000000000 0.00000000000 0.00000000000 0.00000000000 0.00000000000 0.00000000000 0.00000000000 0.00000000000 0.00000000000 0.00000000000 0.00000000000 0.00000000000 0.00000000000 0.00000000000 0.00000000000 0.00000000000 0.00000000000 0.00000000000 0.00000000000 0.00000000000 0.00000000000 0.00000000000
# logsel_slope_fsh[2]:
 0.00000000000 0.00000000000 0.00000000000 0.00000000000 0.00000000000 0.00000000000 0.00000000000 0.00000000000 0.00000000000 0.00000000000 0.00000000000 0.00000000000 0.00000000000 0.00000000000 0.00000000000 0.00000000000 0.00000000000 0.00000000000 0.00000000000 0.00000000000 0.00000000000 0.00000000000 0.00000000000 0.00000000000 0.00000000000 0.00000000000 0.00000000000 0.00000000000 0.00000000000 0.00000000000 0.00000000000 0.00000000000 0.00000000000 0.00000000000 0.00000000000 0.00000000000 0.00000000000 0.00000000000 0.00000000000 0.00000000000
# logsel_slope_fsh[3]:
 0.00000000000 0.00000000000
# logsel_slope_fsh[4]:
 0.00000000000 0.00000000000 0.00000000000 0.00000000000 0.00000000000 0.00000000000 0.00000000000 0.00000000000 0.00000000000 0.00000000000 0.00000000000 0.00000000000 0.00000000000 0.00000000000 0.00000000000 0.00000000000 0.00000000000 0.00000000000 0.00000000000 0.00000000000 0.00000000000 0.00000000000 0.00000000000 0.00000000000 0.00000000000 0.00000000000 0.00000000000 0.00000000000 0.00000000000 0.00000000000 0.00000000000 0.00000000000 0.00000000000 0.00000000000
# sel50_fsh[1]:
 0.00000000000 0.00000000000 0.00000000000 0.00000000000 0.00000000000 0.00000000000 0.00000000000 0.00000000000 0.00000000000 0.00000000000 0.00000000000 0.00000000000 0.00000000000 0.00000000000 0.00000000000 0.00000000000 0.00000000000 0.00000000000 0.00000000000 0.00000000000 0.00000000000 0.00000000000 0.00000000000 0.00000000000 0.00000000000 0.00000000000 0.00000000000 0.00000000000 0.00000000000 0.00000000000 0.00000000000 0.00000000000 0.00000000000 0.00000000000 0.00000000000 0.00000000000 0.00000000000 0.00000000000 0.00000000000 0.00000000000
# sel50_fsh[2]:
 0.00000000000 0.00000000000 0.00000000000 0.00000000000 0.00000000000 0.00000000000 0.00000000000 0.00000000000 0.00000000000 0.00000000000 0.00000000000 0.00000000000 0.00000000000 0.00000000000 0.00000000000 0.00000000000 0.00000000000 0.00000000000 0.00000000000 0.00000000000 0.00000000000 0.00000000000 0.00000000000 0.00000000000 0.00000000000 0.00000000000 0.00000000000 0.00000000000 0.00000000000 0.00000000000 0.00000000000 0.00000000000 0.00000000000 0.00000000000 0.00000000000 0.00000000000 0.00000000000 0.00000000000 0.00000000000 0.00000000000
# sel50_fsh[3]:
 0.00000000000 0.00000000000
# sel50_fsh[4]:
 0.00000000000 0.00000000000 0.00000000000 0.00000000000 0.00000000000 0.00000000000 0.00000000000 0.00000000000 0.00000000000 0.00000000000 0.00000000000 0.00000000000 0.00000000000 0.00000000000 0.00000000000 0.00000000000 0.00000000000 0.00000000000 0.00000000000 0.00000000000 0.00000000000 0.00000000000 0.00000000000 0.00000000000 0.00000000000 0.00000000000 0.00000000000 0.00000000000 0.00000000000 0.00000000000 0.00000000000 0.00000000000 0.00000000000 0.00000000000
# logsel_p1_fsh[1]:
 0.00000000000 0.00000000000 0.00000000000 0.00000000000 0.00000000000 0.00000000000 0.00000000000 0.00000000000 0.00000000000 0.00000000000 0.00000000000 0.00000000000 0.00000000000 0.00000000000 0.00000000000 0.00000000000 0.00000000000 0.00000000000 0.00000000000 0.00000000000 0.00000000000 0.00000000000 0.00000000000 0.00000000000 0.00000000000 0.00000000000 0.00000000000 0.00000000000 0.00000000000 0.00000000000 0.00000000000 0.00000000000 0.00000000000 0.00000000000 0.00000000000 0.00000000000 0.00000000000 0.00000000000 0.00000000000 0.00000000000
# logsel_p1_fsh[2]:
 0.00000000000 0.00000000000 0.00000000000 0.00000000000 0.00000000000 0.00000000000 0.00000000000 0.00000000000 0.00000000000 0.00000000000 0.00000000000 0.00000000000 0.00000000000 0.00000000000 0.00000000000 0.00000000000 0.00000000000 0.00000000000 0.00000000000 0.00000000000 0.00000000000 0.00000000000 0.00000000000 0.00000000000 0.00000000000 0.00000000000 0.00000000000 0.00000000000 0.00000000000 0.00000000000 0.00000000000 0.00000000000 0.00000000000 0.00000000000 0.00000000000 0.00000000000 0.00000000000 0.00000000000 0.00000000000 0.00000000000
# logsel_p1_fsh[3]:
 0.00000000000 0.00000000000
# logsel_p1_fsh[4]:
 0.00000000000 0.00000000000 0.00000000000 0.00000000000 0.00000000000 0.00000000000 0.00000000000 0.00000000000 0.00000000000 0.00000000000 0.00000000000 0.00000000000 0.00000000000 0.00000000000 0.00000000000 0.00000000000 0.00000000000 0.00000000000 0.00000000000 0.00000000000 0.00000000000 0.00000000000 0.00000000000 0.00000000000 0.00000000000 0.00000000000 0.00000000000 0.00000000000 0.00000000000 0.00000000000 0.00000000000 0.00000000000 0.00000000000 0.00000000000
# logsel_p2_fsh[1]:
 0.00000000000 0.00000000000 0.00000000000 0.00000000000 0.00000000000 0.00000000000 0.00000000000 0.00000000000 0.00000000000 0.00000000000 0.00000000000 0.00000000000 0.00000000000 0.00000000000 0.00000000000 0.00000000000 0.00000000000 0.00000000000 0.00000000000 0.00000000000 0.00000000000 0.00000000000 0.00000000000 0.00000000000 0.00000000000 0.00000000000 0.00000000000 0.00000000000 0.00000000000 0.00000000000 0.00000000000 0.00000000000 0.00000000000 0.00000000000 0.00000000000 0.00000000000 0.00000000000 0.00000000000 0.00000000000 0.00000000000
# logsel_p2_fsh[2]:
 0.00000000000 0.00000000000 0.00000000000 0.00000000000 0.00000000000 0.00000000000 0.00000000000 0.00000000000 0.00000000000 0.00000000000 0.00000000000 0.00000000000 0.00000000000 0.00000000000 0.00000000000 0.00000000000 0.00000000000 0.00000000000 0.00000000000 0.00000000000 0.00000000000 0.00000000000 0.00000000000 0.00000000000 0.00000000000 0.00000000000 0.00000000000 0.00000000000 0.00000000000 0.00000000000 0.00000000000 0.00000000000 0.00000000000 0.00000000000 0.00000000000 0.00000000000 0.00000000000 0.00000000000 0.00000000000 0.00000000000
# logsel_p2_fsh[3]:
 0.00000000000 0.00000000000
# logsel_p2_fsh[4]:
 0.00000000000 0.00000000000 0.00000000000 0.00000000000 0.00000000000 0.00000000000 0.00000000000 0.00000000000 0.00000000000 0.00000000000 0.00000000000 0.00000000000 0.00000000000 0.00000000000 0.00000000000 0.00000000000 0.00000000000 0.00000000000 0.00000000000 0.00000000000 0.00000000000 0.00000000000 0.00000000000 0.00000000000 0.00000000000 0.00000000000 0.00000000000 0.00000000000 0.00000000000 0.00000000000 0.00000000000 0.00000000000 0.00000000000 0.00000000000
# logsel_p3_fsh[1]:
 0.00000000000 0.00000000000 0.00000000000 0.00000000000 0.00000000000 0.00000000000 0.00000000000 0.00000000000 0.00000000000 0.00000000000 0.00000000000 0.00000000000 0.00000000000 0.00000000000 0.00000000000 0.00000000000 0.00000000000 0.00000000000 0.00000000000 0.00000000000 0.00000000000 0.00000000000 0.00000000000 0.00000000000 0.00000000000 0.00000000000 0.00000000000 0.00000000000 0.00000000000 0.00000000000 0.00000000000 0.00000000000 0.00000000000 0.00000000000 0.00000000000 0.00000000000 0.00000000000 0.00000000000 0.00000000000 0.00000000000
# logsel_p3_fsh[2]:
 0.00000000000 0.00000000000 0.00000000000 0.00000000000 0.00000000000 0.00000000000 0.00000000000 0.00000000000 0.00000000000 0.00000000000 0.00000000000 0.00000000000 0.00000000000 0.00000000000 0.00000000000 0.00000000000 0.00000000000 0.00000000000 0.00000000000 0.00000000000 0.00000000000 0.00000000000 0.00000000000 0.00000000000 0.00000000000 0.00000000000 0.00000000000 0.00000000000 0.00000000000 0.00000000000 0.00000000000 0.00000000000 0.00000000000 0.00000000000 0.00000000000 0.00000000000 0.00000000000 0.00000000000 0.00000000000 0.00000000000
# logsel_p3_fsh[3]:
 0.00000000000 0.00000000000
# logsel_p3_fsh[4]:
 0.00000000000 0.00000000000 0.00000000000 0.00000000000 0.00000000000 0.00000000000 0.00000000000 0.00000000000 0.00000000000 0.00000000000 0.00000000000 0.00000000000 0.00000000000 0.00000000000 0.00000000000 0.00000000000 0.00000000000 0.00000000000 0.00000000000 0.00000000000 0.00000000000 0.00000000000 0.00000000000 0.00000000000 0.00000000000 0.00000000000 0.00000000000 0.00000000000 0.00000000000 0.00000000000 0.00000000000 0.00000000000 0.00000000000 0.00000000000
# rec_dev_future:
 0.00000000000 0.00000000000 0.00000000000 0.00000000000 0.00000000000 0.00000000000 0.00000000000 0.00000000000 0.00000000000 0.00000000000 0.00000000000 0.00000000000 0.00000000000 0.00000000000 0.00000000000 0.00000000000 0.00000000000 0.00000000000 0.00000000000 0.00000000000
 0.00000000000 0.00000000000 0.00000000000 0.00000000000 0.00000000000 0.00000000000 0.00000000000 0.00000000000 0.00000000000 0.00000000000 0.00000000000 0.00000000000 0.00000000000 0.00000000000 0.00000000000 0.00000000000 0.00000000000 0.00000000000 0.00000000000 0.00000000000
# log_q_ind[1]:
0.441806823221
# log_q_ind[2]:
-2.54138812556
# log_q_ind[3]:
-9.46859469314
# log_q_ind[4]:
-0.0360471922743
# log_q_ind[5]:
-3.33267000990
# log_q_ind[6]:
-5.68290335591
# log_q_ind[7]:
-1.20938121695
# log_q_power_ind[1]:
0.00000000000
# log_q_power_ind[2]:
0.00000000000
# log_q_power_ind[3]:
0.00000000000
# log_q_power_ind[4]:
0.00000000000
# log_q_power_ind[5]:
0.00000000000
# log_q_power_ind[6]:
0.00000000000
# log_q_power_ind[7]:
0.00000000000
# log_rw_q_ind[1]:
 -0.828349538588
# log_rw_q_ind[3]:
 -0.0398283912745
# log_rw_q_ind[7]:
 0.0449425759002
# log_selcoffs_ind[1]:
 -2.17228304226 -1.37132425182 -0.780166539454 -0.365347204525 -0.0869340719538 0.124034758897 0.297599603703 0.440030235465 0.541946631812 0.594710777151
 -2.78336963041 -1.97290963541 -1.20272695168 -0.549735186677 -0.0780940430950 0.228480848951 0.408729614524 0.515526354711 0.569569189332 0.583971145187
# log_selcoffs_ind[2]:
 0.667547061989 0.822116336248 0.625778975007 0.192007220246 -0.249431844526 -0.599299234447 -0.861395909222 -1.05153115135 -1.18094237661 -1.25017018411
 1.04038021996 0.692690202577 0.396740396547 0.0889748795180 -0.244803587247 -0.582698251366 -0.887946935141 -1.13452159738 -1.30873006890 -1.40197130493
 1.17830690685 0.701816276350 0.368645658876 0.0460511674014 -0.340580086581 -0.731689036483 -1.07064045416 -1.32461885800 -1.48191081877 -1.54897940873
# log_selcoffs_ind[3]:
 -0.202940821038 0.0202027052767 0.0202027052767 0.0202027052767 0.0202027052767 0.0202027052767 0.0202027052767 0.0202027052767 0.0202027052767 0.0202027052767
# log_selcoffs_ind[4]:
 -1.22261028575 -0.883577618684 -0.567960997722 -0.304416636818 -0.0929932216379 0.0842359941852 0.236045481900 0.364631142111 0.463984460388 0.526092296823
 -1.76781364463 -1.40673724554 -1.04520929113 -0.681570184320 -0.331737677135 -0.00866666978780 0.276710868041 0.508384505155 0.665986990261 0.737196391915
# log_selcoffs_ind[5]:
 -3.04452005677 -0.669616569639 0.101782682789 0.174353368097 0.174353368097 0.174353368097 0.174353368097 0.174353368097 0.174353368097 0.174353368097
# log_selcoffs_ind[6]:
 -3.04452005677 -0.669616569639 0.101782682789 0.174353368097 0.174353368097 0.174353368097 0.174353368097 0.174353368097 0.174353368097 0.174353368097
# log_selcoffs_ind[7]:
 -3.04452005677 -0.669616569639 0.101782682789 0.174353368097 0.174353368097 0.174353368097 0.174353368097 0.174353368097 0.174353368097 0.174353368097
# logsel_slope_ind[1]:
 0.00000000000 0.00000000000
# logsel_slope_ind[2]:
 0.00000000000 0.00000000000 0.00000000000
# logsel_slope_ind[3]:
 0.00000000000
# logsel_slope_ind[4]:
 0.00000000000 0.00000000000
# logsel_slope_ind[5]:
 0.00000000000
# logsel_slope_ind[6]:
 0.00000000000
# logsel_slope_ind[7]:
 0.00000000000
# sel50_ind[1]:
 0.00000000000 0.00000000000
# sel50_ind[2]:
 0.00000000000 0.00000000000 0.00000000000
# sel50_ind[3]:
 0.00000000000
# sel50_ind[4]:
 0.00000000000 0.00000000000
# sel50_ind[5]:
 0.00000000000
# sel50_ind[6]:
 0.00000000000
# sel50_ind[7]:
 0.00000000000
# logsel_p1_ind[1]:
 0.00000000000 0.00000000000
# logsel_p1_ind[2]:
 0.00000000000 0.00000000000 0.00000000000
# logsel_p1_ind[3]:
 0.00000000000
# logsel_p1_ind[4]:
 0.00000000000 0.00000000000
# logsel_p1_ind[5]:
 0.00000000000
# logsel_p1_ind[6]:
 0.00000000000
# logsel_p1_ind[7]:
 0.00000000000
# sel_p2_ind[1]:
 0.00000000000 0.00000000000
# sel_p2_ind[2]:
 0.00000000000 0.00000000000 0.00000000000
# sel_p2_ind[3]:
 0.00000000000
# sel_p2_ind[4]:
 0.00000000000 0.00000000000
# sel_p2_ind[5]:
 0.00000000000
# sel_p2_ind[6]:
 0.00000000000
# sel_p2_ind[7]:
 0.00000000000
# logsel_p3_ind[1]:
 0.00000000000 0.00000000000
# logsel_p3_ind[2]:
 0.00000000000 0.00000000000 0.00000000000
# logsel_p3_ind[3]:
 0.00000000000
# logsel_p3_ind[4]:
 0.00000000000 0.00000000000
# logsel_p3_ind[5]:
 0.00000000000
# logsel_p3_ind[6]:
 0.00000000000
# logsel_p3_ind[7]:
 0.00000000000
