# Number of parameters = 1468 Objective function value = 1920.57338107992  Maximum gradient component = 0.000814975859010580
# Mest[1]:
0.280000000000
# Mest[2]:
0.330000000000
# log_Linf[1]:
4.38701417618
# log_Linf[2]:
4.38701417618
# log_k[1]:
-1.83258146375
# log_k[2]:
-1.83258146375
# log_Lo[1]:
2.75684036527
# log_Lo[2]:
2.75684036527
# log_sdage[1]:
-2.40794560865
# log_sdage[2]:
-2.40794560865
# mean_log_rec[1]:
9.35344837975
# mean_log_rec[2]:
8.16529689903
# mean_log_rec[3]:
7.58271590488
# steepness[1]:
0.650000000000
# steepness[2]:
0.650000000000
# steepness[3]:
0.650000000000
# log_Rzero[1]:
9.60567984608
# log_Rzero[2]:
8.22813022047
# log_Rzero[3]:
7.19286907303
# rec_dev:
 -0.100426557616 -0.127629580030 -0.160144127715 -0.197892599467 -0.241814683631 -0.292763421821 -0.349425622702 -0.410554609506 -0.479698573650 -0.559102252262 -0.638401569259 -0.430540733762 -0.490715759631 -0.557956385481 -0.686459160598 -0.626020003945 -0.316060747324 -0.203578599008 -0.0121396282434 0.159581571804 0.146247409727 0.140410838454 0.208702012202 0.305410466417 0.862313153743 0.750783015601 0.807038972894 1.51813087111 1.39709985717 0.671474072619 0.166326743366 0.415660381895 0.648821161968 0.707043299531 0.202579464241 0.180301498273 -0.0314829214724 0.102523216075 0.162255162219 0.213864091523 0.309565018426 0.577673954990 0.598228866536 0.544818202677 0.151142919472 -0.340317817717 -0.435993979813 -0.977093361919 -1.92261986629 -0.832094495109 -0.804104829936 -1.04824583195 -1.01916790142 -1.05077379662 -0.913003447568 -0.0948479594425 0.0698558340853 0.330931887277 0.661808649321 1.39618409842 -0.633049141784 0.543809003086
 -0.000370962410733 -0.000486026559207 -0.000619441290620 -0.000765285659664 -0.000906644367555 -0.00100846805641 -0.00100347115545 -0.000763315396318 -0.000351393797988 0.000527984855449 0.00219635967350 0.0350158028517 0.0359091978178 0.0365327351299 0.0366794462464 0.0304719464738 0.0178413531515 -0.00595521344291 -0.0601810643635 0.255260669182 0.00308773257883 -0.326217711038 0.155619904004 0.591614523900 0.0519719950802 -0.559340089906 -0.317192882774 -0.0505690249505 0.494823591158 0.914978507180 0.0177806295200 -0.0521610737003 -0.408159493803 0.0749529585995 -0.290246116411 -0.436320077332 0.230980423376 -0.190307910549 0.0819226142033 -0.213094866400 0.820617008990 0.996883321736 -0.435290006275 0.672306819808 -1.26394896846 0.0749485772723 0.499709877534 0.126575738372 -1.85329548612 -1.82170115019 0.140272173784 0.620914936869 -1.06050483564 -0.384106771877 -1.61668883852 -0.535658277528 -0.874414194941 -0.00549601770412 1.17927052805 0.747124179911 -0.406728116511 -0.0222646297547
# log_sigmar[1]:
-0.510825623766
# log_sigmar[2]:
-0.510825623766
# log_sigmar[3]:
-0.510825623766
# fmort:
 0.00937102644910 0.0143969930835 0.00694546350186 0.00934932871884 0.0188315621667 0.0242568005429 0.0322836488412 0.0302724166767 0.0546114740585 0.0447247276945 0.0322326983245 0.0475158492258 0.101614126228 0.0403470767287 0.0972691379853 0.0546834069542 0.00582621051497 0.0154510580934 0.0107635901302 0.0104820735658 0.0106591468313 0.0153727432649 0.0169840393793 0.0201763107529 0.0132261209232 0.0181595130414 0.0294351610067 0.0103212788208 0.00348209372668 0.00665987624702 0.00944464151939 0.0160087670598 0.00659891225808 0.0100790581811 0.0109824891492 0.0213190909472 0.0262931592478 0.0457296718184 0.0759709137112 0.0510058264594 0.0712674100574 0.0131005858236 0.00430504742811 0.00834823748185 0.00730790246322 0.00948598360171 0.00820556151281 0.00923252258113 0.00253667387726 0.00269015943533 0.00726853923976
 0.000872840334278 0.00134272072293 0.00205801942465 0.00351232966893 0.00272573342247 0.00541606947733 0.00868942278454 0.0110995137082 0.0164375624800 0.0198016148385 0.0226362302210 0.0490304876754 0.0636141302057 0.0492322888145 0.0723595989912 0.105859120480 0.133217566549 0.183309019525 0.227761431261 0.259485289498 0.266352801296 0.338345095895 0.499884554720 0.511214746650 0.590695220106 0.754399436427 0.718200709813 0.720139666842 0.426022837258 0.276070740703 0.205557294656 0.254191195327 0.288900925577 0.247224417610 0.239607980785 0.237874030581 0.259237728150 0.330637750025 0.290726795206 0.392260410171 0.230116372194 0.185452010560 0.127803516330 0.0906037996127 0.0946905359403 0.115722604713 0.110072728933 0.118028014253 0.112351223702 0.0951257850672 0.0870287495739
 0.000656735573465 0.00128087000345 0.00313484526129 0.00673535367360 0.0215844639420 0.00670364526464 0.00862292318719 0.117826330231 0.127331812558 0.112482253313 0.119419751409 0.152651110174 0.0530148338694 0.0252356475002 0.0252986385260 0.0174925489095 0.0121207684586 0.0126247477547 0.0526227861757 0.0432557562525 0.0376279190388 0.0321330157421 0.0223922131186 0.0322606665348 0.0497940962239 0.196252287573 0.339948547466 0.769236237821 0.997655386486 0.267418972129 0.183354077545 0.581987834005 0.0672996963878 0.0977148759394 0.0666330064182 0.0474820786176 0.126010651799 0.103615526203 0.0925122056230 0.121374989185 0.0271465842446 0.147445052747 0.0726707597416 0.0542263475680 0.0553822742520 0.0232917735435 0.0105278175798 0.00510809155552 0.0153876417273 0.0176865397138 0.0212692405703
 6.07634180319e-05 6.47689424410e-05 0.000380871374226 7.40793358539e-05 7.94154097569e-05 8.53116764238e-05 9.53990763902e-05 0.000223387469481 0.00544708433409 0.0444668470538 0.0466184336032 0.0676372983635 0.135070296930 0.208368618958 0.324208299396 0.313238814533 0.329386094235 0.275833627660 0.197979692971 0.133941483201 0.0921198492408 0.0478529818808 0.00385221785595 0.000118861848702 0.000142395986718 0.000186091200540 0.000264174622716 0.000375446374513 0.000451814605649 0.000437003064683 0.000785666644552 0.00529986741648 0.0158084310206 0.0251539323835 0.0414229662361 0.0330439151707 0.0509579821669 0.0783388473833 0.106894189084 0.162833002780 0.182621549038 0.0570133053478 0.0350286154467 0.0317221035954 0.0428413349794 0.0461293513111 0.0230476398008 0.0181689463391 0.0147894592807 0.0125057010304 0.000895490828597
# log_selcoffs_fsh[1]:
 -4.05054184625 -1.74993401882 -0.789722522199 0.152238187637 0.943680657199 1.02811575875 0.201611616070 -0.896709065604 -1.64043015598
 -3.53592240029 -1.15562027012 -0.809701860581 -0.107819196933 0.788706343648 1.07774214277 0.346827623975 -0.681507670866 -1.36958468326
 -3.28833987882 -1.35331930160 -0.583177474822 0.324733590649 0.822884599173 0.834277324504 0.263194005118 -0.563901470490 -1.16396006845
 -2.78608945160 -1.44673467332 -1.02858221564 -0.274796515927 0.910509868064 1.02312746838 0.320079805094 -0.524909748037 -1.05141469526
 -1.52118045262 0.337588627962 -0.00322778444740 -0.0694787836275 0.257556186079 0.559754520132 0.243167086446 -0.362243422481 -0.832586053163
 -1.86899161885 -0.386018768234 0.793701414050 0.882845052533 0.0387156413351 -0.171546509694 -0.323564745465 -0.632453049528 -0.916442438958
 -1.66926486239 -0.373833189445 0.776694232231 0.977406160719 0.224940404450 -0.349503995215 -0.629962813446 -0.836300669440 -0.998346712108
 -1.03864051845 -0.341983824442 0.725734028060 1.07195520401 0.165619702015 -0.469138622594 -0.826763470051 -1.00163926221 -1.08480576326
 -0.841315228484 0.451147500572 0.329890569131 0.676406349955 0.574605293851 -0.246974926861 -0.841464344263 -1.08935055662 -1.15192491663
 -0.734601048306 0.393322390367 0.554334869709 0.817266130084 0.350307461070 -0.419797081588 -0.992699854909 -1.20917191596 -1.24611460146
 0.0858370002000 1.31034557325 0.246986626757 0.0134149888842 -0.395148247473 -0.874944835472 -1.21273590133 -1.33999694232 -1.34878663581
 0.357433416797 1.02803004890 0.687488138196 0.180826680242 -0.644249827713 -1.11957883764 -1.36149669358 -1.43614066822 -1.41767941480
 -0.360820189642 1.46631278889 0.676325970276 -0.272620197609 -1.03043286046 -1.41262733097 -1.54664171339 -1.56047102522 -1.52191937744
 0.260513731526 1.46646953692 0.516580119633 -0.483175948890 -1.27506841119 -1.58476528751 -1.66069211338 -1.63405041814 -1.58067144419
 0.360660902742 1.53010629483 0.362619542785 -0.658736839249 -1.38219290657 -1.67259901192 -1.73844974042 -1.69773101320 -1.63586143214
 -0.589626586731 1.60182967671 0.646148191125 -0.478888398741 -1.37984621833 -1.71799769268 -1.79548864034 -1.75237256806 -1.68597636301
 -0.470381134179 1.65671310105 0.483730038024 -0.544974586854 -1.39626825069 -1.73837878809 -1.82411816268 -1.78712637021 -1.71987432842
 0.392134870335 1.34608100299 0.773316204814 -0.527798821378 -1.41953398021 -1.74698500095 -1.83097175823 -1.79445845523 -1.72551164437
 0.932184338229 1.34432597486 0.211127846015 -0.706245117607 -1.45101210712 -1.77284518962 -1.86153745015 -1.82122563701 -1.74673997299
 0.324412000432 1.44146646267 0.648957979651 -0.518370997917 -1.44527016594 -1.81314735369 -1.89839415245 -1.84021193093 -1.75190960836
 0.510374074931 1.57500865569 0.204219607578 -0.799290642197 -1.56518181913 -1.89011420326 -1.95583653802 -1.87088066265 -1.76288977206
 0.441887357820 1.52305834424 0.535582709674 -0.947638221505 -1.76065753273 -2.00850711416 -2.01949434890 -1.89270471383 -1.75722189187
 0.984769372108 1.38935922147 0.181581724336 -0.985364027506 -1.81354493358 -2.08107994191 -2.07388579315 -1.90670138415 -1.73741246080
 0.227526443451 1.72707886730 0.0618357007427 -1.11519514560 -1.84005274397 -2.10929869820 -2.10784562236 -1.91816073740 -1.71390303688
 0.537988747526 1.57686723332 0.238178734992 -0.938800040545 -1.70663506629 -2.04224421518 -2.07250082077 -1.86635075926 -1.63031615434
 0.676380828832 1.33347584449 0.473294974593 -0.324759146018 -1.49155712795 -1.93998993867 -1.95849747424 -1.74113846453 -1.48744130371
 -0.115498512997 1.45323887523 0.559675444392 -0.0304632266793 -1.24900251996 -1.74017057104 -1.77076060351 -1.55078133554 -1.31876239488
 -0.132396090582 1.50461253678 0.481566788174 -0.391269606188 -1.19738008110 -1.53914412156 -1.52428064861 -1.32248290974 -1.12088375858
 1.40011350004 0.758225677311 -0.190917618388 -0.842010622078 -1.25275869985 -1.37253833815 -1.28708401746 -1.08699993310 -0.915465030712
 0.708725257785 1.34143883529 -0.0904903032393 -1.05138426647 -1.26977653793 -1.20188351774 -1.03225986412 -0.828650852912 -0.679718113908
 0.428924525558 1.39037299083 -0.374501624130 -1.05752050793 -1.09396705224 -0.976736246358 -0.757851139223 -0.552048808520 -0.419714589696
 0.377802945567 1.03407482949 -0.252384325243 -0.774963861652 -0.765025955359 -0.614506578113 -0.375424476365 -0.168935700683 -0.0481773978033
 -1.13388163711 0.406210701258 0.0897822156457 -0.157597298753 -0.105838442319 -0.157044943273 0.0297892166704 0.155295031023 0.244117419012
 -1.89610092434 -0.945539512377 -0.807976009339 -0.00745090947680 0.402660030147 0.211934205698 0.508198952371 0.288278191957 0.258320021793
 -0.690734918628 0.229662065035 -0.917792593969 -0.925198666735 -0.376273046227 -0.0357569105970 0.319648699069 0.483771201262 0.584810621182
 0.618240963784 -1.20655329527 -1.59898643990 -1.19832133797 -0.645791872345 -0.171135445097 0.299904850350 0.547827925377 0.639289165598
 -0.326204291025 -1.94092344229 -1.81555558574 -0.970191171556 -0.437375692013 -0.173707083974 0.545293124521 0.777746130726 0.790757459528
# log_selcoffs_fsh[2]:
 -1.96344207875 0.0759198322039 0.786976675113 1.02300439540 0.632069869466 -0.216509794695 -0.915657600492 -1.32787883474 -1.46519767597 -1.51724449863
 -2.05295314190 0.0635891310865 -0.366633510953 0.396448653396 0.949492009164 0.747145636260 -0.115745043123 -0.895582748825 -1.15296819553 -1.15119710293
 -2.94866356193 -0.753821194481 -0.361967575114 0.265153046080 0.869206676575 0.896527011440 0.176548358670 -0.598104676157 -0.830347931335 -0.771858005716
 -3.42468661239 -1.67010321348 -0.642361683629 -0.0623426107032 0.735986138833 1.04790539338 0.294216567693 -0.352986139137 -0.478289547700 -0.342648199197
 -2.59666315796 -0.849142214081 -1.30892884935 -0.716922878988 0.329078030987 0.958324078975 0.429762198960 -0.0327105437531 -0.00864805291512 0.220119422486
 -1.73527569427 -0.743845999699 -0.733309330819 -0.989296018041 -0.438494776621 0.0779837595170 0.222918239959 0.266138874512 0.549115782580 0.909766779469
 -3.02876138707 -1.37570618759 -0.388738395935 -0.390124206790 -0.604141759410 -0.430249276952 -0.129726152367 0.229889588578 0.681823456441 1.10952303515
 -3.97269903349 -2.77833215491 -1.76649975155 -0.762729236202 -0.188315160407 0.0696883708044 0.261548841224 0.247072667644 0.620436588657 1.07916898845
 -4.28895304272 -3.00811179834 -2.54513871687 -1.57383133061 -0.443792754661 0.0961888476593 0.449095035252 0.624597247676 0.715096996888 0.887828085873
 -4.37711462021 -2.79190384962 -2.15955810171 -1.71389449549 -1.23273909558 -0.361479140536 0.247000408626 0.880928427459 1.07626336353 0.700838228729
 -4.10711281037 -2.03234530859 -1.43420007711 -1.04476686762 -0.726059062201 -0.582366413934 0.0114714138574 0.742426582275 1.07787446700 0.774292968259
 -4.13575339954 -2.17048435572 -1.30719394068 -0.919294999042 -0.544178375362 -0.209318131314 0.423192200875 0.792725612386 0.814339139436 0.596158255130
 -3.59398194418 -1.09573472753 -0.714726319046 -0.376966317518 -0.118150727443 -0.199974083892 0.251456801434 0.527998275874 0.643555321840 0.626457216260
 -2.88565612868 -0.779914905720 -0.317933083743 -0.151663829725 -0.101924730508 -0.0240316413516 0.193703193869 0.391890573982 0.501576918650 0.515586652780
 -2.38512295387 -0.112582250081 0.00664203544400 -0.165317397684 -0.371147390155 -0.271283612326 0.101583737040 0.318127529165 0.469869689757 0.486435168813
 -2.03280177116 0.259040548509 -0.0931722950130 -0.243060670104 -0.496505585489 -0.341835661927 0.0215051299208 0.244284481516 0.420829321617 0.552330341780
 -1.33518989033 0.234675802581 -0.00892357055121 -0.164860082174 -0.509236888729 -0.548379643305 -0.204480101262 0.120633955777 0.419303406342 0.688255410257
 -1.99083850544 0.168630099244 0.226020070797 0.0173305688163 -0.423257763423 -0.509968076710 -0.238679430548 0.109661456768 0.358071217228 0.598339004574
 -2.46314708806 -0.303127014881 0.141886113169 0.00929497963404 -0.359927013255 -0.355216009495 -0.0439365861925 0.267115433229 0.467975095488 0.562942851889
 -2.56759872465 -0.710626580702 -0.410256418992 -0.124522394717 -0.267400007044 -0.260358921619 0.0850797625111 0.427540701745 0.592738738352 0.651378028287
 -2.58132541856 -0.713900423284 -0.279281837071 -0.00726290925020 -0.218772349563 -0.364286408466 -0.0888411387929 0.334699325701 0.598238254895 0.720707232283
 -2.78151702209 -0.760834655536 -0.313216149274 0.0695079727523 -0.0683671028783 -0.199051686872 0.0136424178584 0.234415156202 0.478750814303 0.704245174631
 -2.94119912077 -1.33589339127 -0.465647110360 0.140153281413 0.171949191246 0.0132993384118 0.0986585764655 0.254998607959 0.377114011231 0.616735853715
 -3.00916139768 -1.58847501316 -0.881711767153 -0.219435941013 0.221939765853 0.124733626841 0.343537373126 0.445678459085 0.481177640142 0.443780331266
 -3.11377810239 -0.999619179806 -0.458857942790 -0.649794783687 -0.230252791759 0.138009865939 0.306782243452 0.607742582975 0.536131656368 0.461443375797
 -3.23451598120 -1.82391358236 -0.880716642198 0.0814726443237 0.0537506810262 0.0620466676725 0.211678850462 0.414802448563 0.566267522897 0.512298411173
 -3.56764627851 -1.43977086670 -1.01516444935 0.293077883793 0.545464585526 0.299757824365 0.193187848972 0.334182999831 0.207764321879 0.109868682853
 -3.96327005483 -1.05177146923 -0.662122610161 0.0851492361395 0.382977884726 0.223700109925 0.692497768673 0.453126933982 -0.0248262131318 -0.271415996843
 -4.07826923139 -2.18582700009 -1.24640216283 0.134863565583 0.533771724384 0.560226203196 0.992860519330 0.0756631696608 -0.407461363516 -0.617187763472
 -4.27914820198 -2.00024374209 -0.553795762545 0.203510815044 0.987129888172 0.709143621864 0.347199010502 -0.208120261407 -0.541978227714 -0.642824894973
 -3.92541915867 -1.05914178032 0.0371687873857 0.559674007048 0.488233057871 0.196038461912 0.191792337348 0.0411455021718 -0.0893394918283 -0.184431545163
 -4.09861315376 -1.53314531001 -0.451606900318 0.0418410077441 0.368498928597 0.378794261601 0.188481883267 0.296264432734 0.314265758215 0.231616034762
 -3.15398022100 -0.943570655959 -0.817470805087 -0.546625915933 -0.105670228325 0.0689548009521 0.0819127978637 0.363954314826 0.672175757813 0.738915218269
 -4.25442845418 -1.60817964326 -0.906169008199 -0.0888124900858 0.133583675400 0.170095673122 0.151740161163 0.353126026595 0.526038907346 0.619791841786
 -4.44504629909 -2.01840636332 -1.52946398146 -0.942543485212 0.0352805027748 0.298346586253 0.372558444806 0.518680105001 0.647413544081 0.600881121967
 -4.92229549390 -2.28964176257 -1.26237058330 -0.822381144409 -0.337091058051 0.176710887002 0.405522802103 0.531291712201 0.637033296482 0.774653773268
 -4.95204728016 -3.28312653569 -1.77061092109 -0.894683997340 -0.247103403048 -0.0589812181328 0.579428076130 0.689709871163 0.585720999955 0.731516588197
 -4.81999066205 -3.28134220416 -2.03234397951 -1.15594087194 -0.577797614598 -0.179472822915 0.319276752007 0.675941108776 0.805964462079 0.928556602317
# log_selcoffs_fsh[3]:
 -3.11456622439 -0.302767517830 1.40972663334 0.637706224527 -1.63721819077 -3.62420488255 -4.74799324513
 -3.22277372777 0.407218437154 1.36754267843 0.298967538973 -1.90109799068 -3.67896998063 -4.74306847423
# log_selcoffs_fsh[4]:
 -3.49101535040 -2.95714392617 -2.38419606824 -1.73501808013 -1.00710442459 -0.248153282575 0.440221538301 0.948815859341 1.21425572368
 -3.47940906843 -2.95452577127 -2.38857667860 -1.74253911851 -1.01349476938 -0.252196167821 0.439651507201 0.951147818170 1.21471966292
 -3.45694982238 -2.95066594384 -2.40209132305 -1.75970894719 -1.02441792379 -0.254040916835 0.446351746004 0.954250525496 1.21180877869
 -3.42391421050 -2.93834608406 -2.42120571840 -1.80721735812 -1.05622066182 -0.252048302228 0.461169310256 0.963720428008 1.20273326831
 -3.37426607274 -2.91181188486 -2.42547303730 -1.84698976852 -1.13201447967 -0.295287695748 0.479626853927 0.987396082542 1.19356612451
 -3.31359986267 -2.84851070985 -2.41308768021 -1.88919697571 -1.16998834041 -0.327511260799 0.481091365770 1.00903739174 1.18572799698
 -3.24659062725 -2.78979058335 -2.32426700091 -1.85831599715 -1.21103730487 -0.345815070004 0.497506853180 1.02057229915 1.16967309146
 -3.15576562818 -2.71111469554 -2.24055831154 -1.70747039699 -1.11425089249 -0.331359930112 0.483608308614 1.01164634584 1.15847102436
 -3.04392400666 -2.58360434829 -2.14596331577 -1.62864464912 -0.974561707071 -0.235929399521 0.512211940504 0.977841405278 1.12129198520
 -2.91304995254 -2.36834773171 -1.86341589501 -1.43598269514 -0.889302549924 -0.183263429564 0.487991517644 0.947142407462 1.10133130825
 -2.79124569449 -2.15006899890 -1.53174351292 -1.00572928883 -0.656723903839 -0.194208769641 0.406020182728 0.873792128303 1.09907790626
 -2.70584797534 -2.00536759109 -1.29824031737 -0.662893449929 -0.238390890163 -0.0717782901805 0.282466886061 0.744274247994 1.05091350476
 -2.66596217234 -1.92171112325 -1.20057378468 -0.532796612484 -0.0451347563576 0.170022603316 0.308789774430 0.623917577920 0.927004139074
 -2.63649916454 -1.85549254272 -1.10648534669 -0.455802758479 0.000649657675470 0.238401085253 0.393751321924 0.604838707924 0.799306322971
 -2.60882325336 -1.79214284075 -1.01525830836 -0.357996480682 0.0878054690557 0.307784909853 0.425324186108 0.557207784544 0.678201164163
 -2.58717573308 -1.73904011104 -0.922594758916 -0.246799526153 0.205103099428 0.370355011870 0.420699813224 0.484583891735 0.558397107279
 -2.56940138751 -1.70648745028 -0.859544410282 -0.0953904900506 0.356593922226 0.414173171759 0.371421918185 0.388551379095 0.433943324867
 -2.54357124334 -1.65364475229 -0.808589951507 -0.0939016861678 0.399908990475 0.479880132145 0.415043575979 0.311745187552 0.326705056405
 -2.51347528606 -1.62349842345 -0.759638411171 -0.244027883311 0.268045351951 0.596265456136 0.470603618949 0.364689748833 0.267538705812
 -2.46240513043 -1.64550825480 -0.799145107142 -0.164273643287 0.0487534144725 0.433628759312 0.641532359519 0.445694849827 0.314709472178
 -2.40493375172 -1.66867647494 -1.03837476872 -0.413487505051 0.0229446887987 0.356690775058 0.664275268502 0.629571710984 0.360586574013
 -2.31961670860 -1.60330369924 -1.06603960883 -0.656970628095 -0.180475956344 0.209191636599 0.730403806555 0.736404902945 0.473611119702
 -2.25236641277 -1.52756644275 -0.891017186926 -0.477494321416 -0.162032379766 0.220452481346 0.566721119011 0.694134874664 0.579812320157
 -2.27727616701 -1.55454648863 -0.916094075808 -0.408037840630 -0.0510144532262 0.220569796701 0.482916314487 0.631532569566 0.653773493895
 -2.34636784645 -1.63881455152 -1.00556069763 -0.469303857514 -0.0221351627883 0.269318826351 0.449206448107 0.608425283861 0.706563074586
 -2.43701217551 -1.73302491787 -1.17198915074 -0.621623498347 -0.0998293190146 0.270024303116 0.476778857066 0.637768782563 0.775136275837
 -2.54583452738 -1.70174990622 -1.35823451322 -0.888218803275 -0.228976191249 0.195170691494 0.473362945826 0.742793431129 0.855554132789
 -2.83430753364 -2.06112460492 -1.38679124930 -0.130888611106 0.316592754189 0.00768461203110 0.0889030243889 0.481894962798 0.953380970965
 -0.831760047551 -1.61073520582 -1.38862075366 -1.08688113037 -0.429070747817 -0.0172083571595 0.223422015603 0.585248627916 1.13090287769
 -2.72831072223 -1.95428522671 -2.06564737429 -1.34276735803 -0.405949734723 0.476154003631 0.660545883414 0.659064306259 0.815409184288
 -1.16030928029 -2.04478683432 -2.30180263645 -1.75061981901 -1.07435161486 -0.320697340499 0.657522215956 0.985584061071 0.958167883602
 -1.25176045803 -1.94003737158 -2.15964526374 -1.75960325653 -1.05700047432 -0.231284959036 0.572837274489 0.963327111350 1.01091700502
# log_sel_spl_fsh[1]:
 0.00000000000 0.00000000000 0.00000000000 0.00000000000
 0.00000000000 0.00000000000 0.00000000000 0.00000000000
 0.00000000000 0.00000000000 0.00000000000 0.00000000000
 0.00000000000 0.00000000000 0.00000000000 0.00000000000
 0.00000000000 0.00000000000 0.00000000000 0.00000000000
 0.00000000000 0.00000000000 0.00000000000 0.00000000000
 0.00000000000 0.00000000000 0.00000000000 0.00000000000
 0.00000000000 0.00000000000 0.00000000000 0.00000000000
 0.00000000000 0.00000000000 0.00000000000 0.00000000000
 0.00000000000 0.00000000000 0.00000000000 0.00000000000
 0.00000000000 0.00000000000 0.00000000000 0.00000000000
 0.00000000000 0.00000000000 0.00000000000 0.00000000000
 0.00000000000 0.00000000000 0.00000000000 0.00000000000
 0.00000000000 0.00000000000 0.00000000000 0.00000000000
 0.00000000000 0.00000000000 0.00000000000 0.00000000000
 0.00000000000 0.00000000000 0.00000000000 0.00000000000
 0.00000000000 0.00000000000 0.00000000000 0.00000000000
 0.00000000000 0.00000000000 0.00000000000 0.00000000000
 0.00000000000 0.00000000000 0.00000000000 0.00000000000
 0.00000000000 0.00000000000 0.00000000000 0.00000000000
 0.00000000000 0.00000000000 0.00000000000 0.00000000000
 0.00000000000 0.00000000000 0.00000000000 0.00000000000
 0.00000000000 0.00000000000 0.00000000000 0.00000000000
 0.00000000000 0.00000000000 0.00000000000 0.00000000000
 0.00000000000 0.00000000000 0.00000000000 0.00000000000
 0.00000000000 0.00000000000 0.00000000000 0.00000000000
 0.00000000000 0.00000000000 0.00000000000 0.00000000000
 0.00000000000 0.00000000000 0.00000000000 0.00000000000
 0.00000000000 0.00000000000 0.00000000000 0.00000000000
 0.00000000000 0.00000000000 0.00000000000 0.00000000000
 0.00000000000 0.00000000000 0.00000000000 0.00000000000
 0.00000000000 0.00000000000 0.00000000000 0.00000000000
 0.00000000000 0.00000000000 0.00000000000 0.00000000000
 0.00000000000 0.00000000000 0.00000000000 0.00000000000
 0.00000000000 0.00000000000 0.00000000000 0.00000000000
 0.00000000000 0.00000000000 0.00000000000 0.00000000000
 0.00000000000 0.00000000000 0.00000000000 0.00000000000
# log_sel_spl_fsh[2]:
 0.00000000000 0.00000000000 0.00000000000 0.00000000000
 0.00000000000 0.00000000000 0.00000000000 0.00000000000
 0.00000000000 0.00000000000 0.00000000000 0.00000000000
 0.00000000000 0.00000000000 0.00000000000 0.00000000000
 0.00000000000 0.00000000000 0.00000000000 0.00000000000
 0.00000000000 0.00000000000 0.00000000000 0.00000000000
 0.00000000000 0.00000000000 0.00000000000 0.00000000000
 0.00000000000 0.00000000000 0.00000000000 0.00000000000
 0.00000000000 0.00000000000 0.00000000000 0.00000000000
 0.00000000000 0.00000000000 0.00000000000 0.00000000000
 0.00000000000 0.00000000000 0.00000000000 0.00000000000
 0.00000000000 0.00000000000 0.00000000000 0.00000000000
 0.00000000000 0.00000000000 0.00000000000 0.00000000000
 0.00000000000 0.00000000000 0.00000000000 0.00000000000
 0.00000000000 0.00000000000 0.00000000000 0.00000000000
 0.00000000000 0.00000000000 0.00000000000 0.00000000000
 0.00000000000 0.00000000000 0.00000000000 0.00000000000
 0.00000000000 0.00000000000 0.00000000000 0.00000000000
 0.00000000000 0.00000000000 0.00000000000 0.00000000000
 0.00000000000 0.00000000000 0.00000000000 0.00000000000
 0.00000000000 0.00000000000 0.00000000000 0.00000000000
 0.00000000000 0.00000000000 0.00000000000 0.00000000000
 0.00000000000 0.00000000000 0.00000000000 0.00000000000
 0.00000000000 0.00000000000 0.00000000000 0.00000000000
 0.00000000000 0.00000000000 0.00000000000 0.00000000000
 0.00000000000 0.00000000000 0.00000000000 0.00000000000
 0.00000000000 0.00000000000 0.00000000000 0.00000000000
 0.00000000000 0.00000000000 0.00000000000 0.00000000000
 0.00000000000 0.00000000000 0.00000000000 0.00000000000
 0.00000000000 0.00000000000 0.00000000000 0.00000000000
 0.00000000000 0.00000000000 0.00000000000 0.00000000000
 0.00000000000 0.00000000000 0.00000000000 0.00000000000
 0.00000000000 0.00000000000 0.00000000000 0.00000000000
 0.00000000000 0.00000000000 0.00000000000 0.00000000000
 0.00000000000 0.00000000000 0.00000000000 0.00000000000
 0.00000000000 0.00000000000 0.00000000000 0.00000000000
 0.00000000000 0.00000000000 0.00000000000 0.00000000000
 0.00000000000 0.00000000000 0.00000000000 0.00000000000
# log_sel_spl_fsh[3]:
 0.00000000000 0.00000000000 0.00000000000 0.00000000000
 0.00000000000 0.00000000000 0.00000000000 0.00000000000
# log_sel_spl_fsh[4]:
 0.00000000000 0.00000000000 0.00000000000 0.00000000000
 0.00000000000 0.00000000000 0.00000000000 0.00000000000
 0.00000000000 0.00000000000 0.00000000000 0.00000000000
 0.00000000000 0.00000000000 0.00000000000 0.00000000000
 0.00000000000 0.00000000000 0.00000000000 0.00000000000
 0.00000000000 0.00000000000 0.00000000000 0.00000000000
 0.00000000000 0.00000000000 0.00000000000 0.00000000000
 0.00000000000 0.00000000000 0.00000000000 0.00000000000
 0.00000000000 0.00000000000 0.00000000000 0.00000000000
 0.00000000000 0.00000000000 0.00000000000 0.00000000000
 0.00000000000 0.00000000000 0.00000000000 0.00000000000
 0.00000000000 0.00000000000 0.00000000000 0.00000000000
 0.00000000000 0.00000000000 0.00000000000 0.00000000000
 0.00000000000 0.00000000000 0.00000000000 0.00000000000
 0.00000000000 0.00000000000 0.00000000000 0.00000000000
 0.00000000000 0.00000000000 0.00000000000 0.00000000000
 0.00000000000 0.00000000000 0.00000000000 0.00000000000
 0.00000000000 0.00000000000 0.00000000000 0.00000000000
 0.00000000000 0.00000000000 0.00000000000 0.00000000000
 0.00000000000 0.00000000000 0.00000000000 0.00000000000
 0.00000000000 0.00000000000 0.00000000000 0.00000000000
 0.00000000000 0.00000000000 0.00000000000 0.00000000000
 0.00000000000 0.00000000000 0.00000000000 0.00000000000
 0.00000000000 0.00000000000 0.00000000000 0.00000000000
 0.00000000000 0.00000000000 0.00000000000 0.00000000000
 0.00000000000 0.00000000000 0.00000000000 0.00000000000
 0.00000000000 0.00000000000 0.00000000000 0.00000000000
 0.00000000000 0.00000000000 0.00000000000 0.00000000000
 0.00000000000 0.00000000000 0.00000000000 0.00000000000
 0.00000000000 0.00000000000 0.00000000000 0.00000000000
 0.00000000000 0.00000000000 0.00000000000 0.00000000000
 0.00000000000 0.00000000000 0.00000000000 0.00000000000
# logsel_slope_fsh[1]:
 0.00000000000 0.00000000000 0.00000000000 0.00000000000 0.00000000000 0.00000000000 0.00000000000 0.00000000000 0.00000000000 0.00000000000 0.00000000000 0.00000000000 0.00000000000 0.00000000000 0.00000000000 0.00000000000 0.00000000000 0.00000000000 0.00000000000 0.00000000000 0.00000000000 0.00000000000 0.00000000000 0.00000000000 0.00000000000 0.00000000000 0.00000000000 0.00000000000 0.00000000000 0.00000000000 0.00000000000 0.00000000000 0.00000000000 0.00000000000 0.00000000000 0.00000000000 0.00000000000
# logsel_slope_fsh[2]:
 0.00000000000 0.00000000000 0.00000000000 0.00000000000 0.00000000000 0.00000000000 0.00000000000 0.00000000000 0.00000000000 0.00000000000 0.00000000000 0.00000000000 0.00000000000 0.00000000000 0.00000000000 0.00000000000 0.00000000000 0.00000000000 0.00000000000 0.00000000000 0.00000000000 0.00000000000 0.00000000000 0.00000000000 0.00000000000 0.00000000000 0.00000000000 0.00000000000 0.00000000000 0.00000000000 0.00000000000 0.00000000000 0.00000000000 0.00000000000 0.00000000000 0.00000000000 0.00000000000 0.00000000000
# logsel_slope_fsh[3]:
 0.00000000000 0.00000000000
# logsel_slope_fsh[4]:
 0.00000000000 0.00000000000 0.00000000000 0.00000000000 0.00000000000 0.00000000000 0.00000000000 0.00000000000 0.00000000000 0.00000000000 0.00000000000 0.00000000000 0.00000000000 0.00000000000 0.00000000000 0.00000000000 0.00000000000 0.00000000000 0.00000000000 0.00000000000 0.00000000000 0.00000000000 0.00000000000 0.00000000000 0.00000000000 0.00000000000 0.00000000000 0.00000000000 0.00000000000 0.00000000000 0.00000000000 0.00000000000
# sel50_fsh[1]:
 0.00000000000 0.00000000000 0.00000000000 0.00000000000 0.00000000000 0.00000000000 0.00000000000 0.00000000000 0.00000000000 0.00000000000 0.00000000000 0.00000000000 0.00000000000 0.00000000000 0.00000000000 0.00000000000 0.00000000000 0.00000000000 0.00000000000 0.00000000000 0.00000000000 0.00000000000 0.00000000000 0.00000000000 0.00000000000 0.00000000000 0.00000000000 0.00000000000 0.00000000000 0.00000000000 0.00000000000 0.00000000000 0.00000000000 0.00000000000 0.00000000000 0.00000000000 0.00000000000
# sel50_fsh[2]:
 0.00000000000 0.00000000000 0.00000000000 0.00000000000 0.00000000000 0.00000000000 0.00000000000 0.00000000000 0.00000000000 0.00000000000 0.00000000000 0.00000000000 0.00000000000 0.00000000000 0.00000000000 0.00000000000 0.00000000000 0.00000000000 0.00000000000 0.00000000000 0.00000000000 0.00000000000 0.00000000000 0.00000000000 0.00000000000 0.00000000000 0.00000000000 0.00000000000 0.00000000000 0.00000000000 0.00000000000 0.00000000000 0.00000000000 0.00000000000 0.00000000000 0.00000000000 0.00000000000 0.00000000000
# sel50_fsh[3]:
 0.00000000000 0.00000000000
# sel50_fsh[4]:
 0.00000000000 0.00000000000 0.00000000000 0.00000000000 0.00000000000 0.00000000000 0.00000000000 0.00000000000 0.00000000000 0.00000000000 0.00000000000 0.00000000000 0.00000000000 0.00000000000 0.00000000000 0.00000000000 0.00000000000 0.00000000000 0.00000000000 0.00000000000 0.00000000000 0.00000000000 0.00000000000 0.00000000000 0.00000000000 0.00000000000 0.00000000000 0.00000000000 0.00000000000 0.00000000000 0.00000000000 0.00000000000
# logsel_p1_fsh[1]:
 0.00000000000 0.00000000000 0.00000000000 0.00000000000 0.00000000000 0.00000000000 0.00000000000 0.00000000000 0.00000000000 0.00000000000 0.00000000000 0.00000000000 0.00000000000 0.00000000000 0.00000000000 0.00000000000 0.00000000000 0.00000000000 0.00000000000 0.00000000000 0.00000000000 0.00000000000 0.00000000000 0.00000000000 0.00000000000 0.00000000000 0.00000000000 0.00000000000 0.00000000000 0.00000000000 0.00000000000 0.00000000000 0.00000000000 0.00000000000 0.00000000000 0.00000000000 0.00000000000
# logsel_p1_fsh[2]:
 0.00000000000 0.00000000000 0.00000000000 0.00000000000 0.00000000000 0.00000000000 0.00000000000 0.00000000000 0.00000000000 0.00000000000 0.00000000000 0.00000000000 0.00000000000 0.00000000000 0.00000000000 0.00000000000 0.00000000000 0.00000000000 0.00000000000 0.00000000000 0.00000000000 0.00000000000 0.00000000000 0.00000000000 0.00000000000 0.00000000000 0.00000000000 0.00000000000 0.00000000000 0.00000000000 0.00000000000 0.00000000000 0.00000000000 0.00000000000 0.00000000000 0.00000000000 0.00000000000 0.00000000000
# logsel_p1_fsh[3]:
 0.00000000000 0.00000000000
# logsel_p1_fsh[4]:
 0.00000000000 0.00000000000 0.00000000000 0.00000000000 0.00000000000 0.00000000000 0.00000000000 0.00000000000 0.00000000000 0.00000000000 0.00000000000 0.00000000000 0.00000000000 0.00000000000 0.00000000000 0.00000000000 0.00000000000 0.00000000000 0.00000000000 0.00000000000 0.00000000000 0.00000000000 0.00000000000 0.00000000000 0.00000000000 0.00000000000 0.00000000000 0.00000000000 0.00000000000 0.00000000000 0.00000000000 0.00000000000
# sel_p2_fsh[1]:
 0.00000000000 0.00000000000 0.00000000000 0.00000000000 0.00000000000 0.00000000000 0.00000000000 0.00000000000 0.00000000000 0.00000000000 0.00000000000 0.00000000000 0.00000000000 0.00000000000 0.00000000000 0.00000000000 0.00000000000 0.00000000000 0.00000000000 0.00000000000 0.00000000000 0.00000000000 0.00000000000 0.00000000000 0.00000000000 0.00000000000 0.00000000000 0.00000000000 0.00000000000 0.00000000000 0.00000000000 0.00000000000 0.00000000000 0.00000000000 0.00000000000 0.00000000000 0.00000000000
# sel_p2_fsh[2]:
 0.00000000000 0.00000000000 0.00000000000 0.00000000000 0.00000000000 0.00000000000 0.00000000000 0.00000000000 0.00000000000 0.00000000000 0.00000000000 0.00000000000 0.00000000000 0.00000000000 0.00000000000 0.00000000000 0.00000000000 0.00000000000 0.00000000000 0.00000000000 0.00000000000 0.00000000000 0.00000000000 0.00000000000 0.00000000000 0.00000000000 0.00000000000 0.00000000000 0.00000000000 0.00000000000 0.00000000000 0.00000000000 0.00000000000 0.00000000000 0.00000000000 0.00000000000 0.00000000000 0.00000000000
# sel_p2_fsh[3]:
 0.00000000000 0.00000000000
# sel_p2_fsh[4]:
 0.00000000000 0.00000000000 0.00000000000 0.00000000000 0.00000000000 0.00000000000 0.00000000000 0.00000000000 0.00000000000 0.00000000000 0.00000000000 0.00000000000 0.00000000000 0.00000000000 0.00000000000 0.00000000000 0.00000000000 0.00000000000 0.00000000000 0.00000000000 0.00000000000 0.00000000000 0.00000000000 0.00000000000 0.00000000000 0.00000000000 0.00000000000 0.00000000000 0.00000000000 0.00000000000 0.00000000000 0.00000000000
# logsel_p3_fsh[1]:
 0.00000000000 0.00000000000 0.00000000000 0.00000000000 0.00000000000 0.00000000000 0.00000000000 0.00000000000 0.00000000000 0.00000000000 0.00000000000 0.00000000000 0.00000000000 0.00000000000 0.00000000000 0.00000000000 0.00000000000 0.00000000000 0.00000000000 0.00000000000 0.00000000000 0.00000000000 0.00000000000 0.00000000000 0.00000000000 0.00000000000 0.00000000000 0.00000000000 0.00000000000 0.00000000000 0.00000000000 0.00000000000 0.00000000000 0.00000000000 0.00000000000 0.00000000000 0.00000000000
# logsel_p3_fsh[2]:
 0.00000000000 0.00000000000 0.00000000000 0.00000000000 0.00000000000 0.00000000000 0.00000000000 0.00000000000 0.00000000000 0.00000000000 0.00000000000 0.00000000000 0.00000000000 0.00000000000 0.00000000000 0.00000000000 0.00000000000 0.00000000000 0.00000000000 0.00000000000 0.00000000000 0.00000000000 0.00000000000 0.00000000000 0.00000000000 0.00000000000 0.00000000000 0.00000000000 0.00000000000 0.00000000000 0.00000000000 0.00000000000 0.00000000000 0.00000000000 0.00000000000 0.00000000000 0.00000000000 0.00000000000
# logsel_p3_fsh[3]:
 0.00000000000 0.00000000000
# logsel_p3_fsh[4]:
 0.00000000000 0.00000000000 0.00000000000 0.00000000000 0.00000000000 0.00000000000 0.00000000000 0.00000000000 0.00000000000 0.00000000000 0.00000000000 0.00000000000 0.00000000000 0.00000000000 0.00000000000 0.00000000000 0.00000000000 0.00000000000 0.00000000000 0.00000000000 0.00000000000 0.00000000000 0.00000000000 0.00000000000 0.00000000000 0.00000000000 0.00000000000 0.00000000000 0.00000000000 0.00000000000 0.00000000000 0.00000000000
# rec_dev_future:
 0.00000000000 0.00000000000 0.00000000000 0.00000000000 0.00000000000 0.00000000000 0.00000000000 0.00000000000 0.00000000000 0.00000000000 0.00000000000 0.00000000000 0.00000000000 0.00000000000 0.00000000000 0.00000000000 0.00000000000 0.00000000000 0.00000000000 0.00000000000
 0.00000000000 0.00000000000 0.00000000000 0.00000000000 0.00000000000 0.00000000000 0.00000000000 0.00000000000 0.00000000000 0.00000000000 0.00000000000 0.00000000000 0.00000000000 0.00000000000 0.00000000000 0.00000000000 0.00000000000 0.00000000000 0.00000000000 0.00000000000
# log_q_ind[1]:
0.348934451841
# log_q_ind[2]:
-3.62044470427
# log_q_ind[3]:
-9.49144258040
# log_q_ind[4]:
-0.272991583090
# log_q_ind[5]:
-3.92025760601
# log_q_ind[6]:
-6.34357648673
# log_q_ind[7]:
-0.797604646806
# log_q_power_ind[1]:
0.00000000000
# log_q_power_ind[2]:
0.00000000000
# log_q_power_ind[3]:
0.00000000000
# log_q_power_ind[4]:
0.00000000000
# log_q_power_ind[5]:
0.00000000000
# log_q_power_ind[6]:
0.00000000000
# log_q_power_ind[7]:
0.00000000000
# log_rw_q_ind[1]:
 -0.932512758445
# log_rw_q_ind[3]:
 -0.368360606217
# log_selcoffs_ind[1]:
 -2.86320758575 -0.909992004893 -0.482464737195 -0.194662225371 -0.100849148387 0.0876431687735 0.274966164161 0.403432873899 0.472869158133 0.522545217972
 -4.20703399418 -2.72398884503 -1.42853425268 -0.476835591275 -0.129575646800 0.0566190178948 0.232887040870 0.481252397966 0.717758946998 0.784905145162
# log_selcoffs_ind[2]:
 1.02740620856 1.35487277283 0.458384504529 -0.442766286545 -1.08879519298 -1.50241341715 -1.76747481654 -1.95689381867 -2.09952985329 -2.18605026361
 1.33751043377 0.648698043792 0.466885562386 0.196555599458 -0.415414758634 -1.13017542510 -1.71802067935 -2.11705813500 -2.34706318822 -2.44549553214
 1.54313358591 0.795857928490 0.295214791599 -0.308380821972 -0.904879061487 -1.46508942747 -1.94494820160 -2.31165826922 -2.54686111509 -2.65482481104
# log_selcoffs_ind[3]:
 -0.202940821038 0.0202027052767 0.0202027052767 0.0202027052767 0.0202027052767 0.0202027052767 0.0202027052767 0.0202027052767 0.0202027052767 0.0202027052767
# log_selcoffs_ind[4]:
 -0.685195342817 -0.528680962077 -0.378898517252 -0.245339736503 -0.119134073304 0.0137647070308 0.150892088831 0.280951441118 0.387672626387 0.455661368447
 -1.39249517467 -1.14654441424 -0.890814889341 -0.611332946111 -0.313301319344 -0.0154920509705 0.258994250549 0.480833585529 0.625293605347 0.684794507358
# log_selcoffs_ind[5]:
 -3.04452005677 -0.669616569639 0.101782682789 0.174353368097 0.174353368097 0.174353368097 0.174353368097 0.174353368097 0.174353368097 0.174353368097
# log_selcoffs_ind[6]:
 -3.04452005677 -0.669616569639 0.101782682789 0.174353368097 0.174353368097 0.174353368097 0.174353368097 0.174353368097 0.174353368097 0.174353368097
# log_selcoffs_ind[7]:
 -3.04452005677 -0.669616569639 0.101782682789 0.174353368097 0.174353368097 0.174353368097 0.174353368097 0.174353368097 0.174353368097 0.174353368097
# logsel_slope_ind[1]:
 0.00000000000 0.00000000000
# logsel_slope_ind[2]:
 0.00000000000 0.00000000000 0.00000000000
# logsel_slope_ind[3]:
 0.00000000000
# logsel_slope_ind[4]:
 0.00000000000 0.00000000000
# logsel_slope_ind[5]:
 0.00000000000
# logsel_slope_ind[6]:
 0.00000000000
# logsel_slope_ind[7]:
 0.00000000000
# sel50_ind[1]:
 0.00000000000 0.00000000000
# sel50_ind[2]:
 0.00000000000 0.00000000000 0.00000000000
# sel50_ind[3]:
 0.00000000000
# sel50_ind[4]:
 0.00000000000 0.00000000000
# sel50_ind[5]:
 0.00000000000
# sel50_ind[6]:
 0.00000000000
# sel50_ind[7]:
 0.00000000000
# logsel_p1_ind[1]:
 0.00000000000 0.00000000000
# logsel_p1_ind[2]:
 0.00000000000 0.00000000000 0.00000000000
# logsel_p1_ind[3]:
 0.00000000000
# logsel_p1_ind[4]:
 0.00000000000 0.00000000000
# logsel_p1_ind[5]:
 0.00000000000
# logsel_p1_ind[6]:
 0.00000000000
# logsel_p1_ind[7]:
 0.00000000000
# sel_p2_ind[1]:
 0.00000000000 0.00000000000
# sel_p2_ind[2]:
 0.00000000000 0.00000000000 0.00000000000
# sel_p2_ind[3]:
 0.00000000000
# sel_p2_ind[4]:
 0.00000000000 0.00000000000
# sel_p2_ind[5]:
 0.00000000000
# sel_p2_ind[6]:
 0.00000000000
# sel_p2_ind[7]:
 0.00000000000
# logsel_p3_ind[1]:
 0.00000000000 0.00000000000
# logsel_p3_ind[2]:
 0.00000000000 0.00000000000 0.00000000000
# logsel_p3_ind[3]:
 0.00000000000
# logsel_p3_ind[4]:
 0.00000000000 0.00000000000
# logsel_p3_ind[5]:
 0.00000000000
# logsel_p3_ind[6]:
 0.00000000000
# logsel_p3_ind[7]:
 0.00000000000
