# Number of parameters = 1502 Objective function value = 1314.14239888962  Maximum gradient component = 0.0363626947837620
# Mest[1]:
0.230000000000
# Mest[2]:
0.330000000000
# log_Linf[1]:
4.30945594184
# log_Linf[2]:
4.38701417618
# log_k[1]:
-1.83258146375
# log_k[2]:
-1.83258146375
# log_Lo[1]:
2.89037175790
# log_Lo[2]:
2.89037175790
# log_sdage[1]:
-2.40794560865
# log_sdage[2]:
-2.40794560865
# mean_log_rec[1]:
9.52551758333
# mean_log_rec[2]:
8.26236099503
# mean_log_rec[3]:
7.70391222951
# steepness[1]:
0.800000000000
# steepness[2]:
0.800000000000
# steepness[3]:
0.800000000000
# log_Rzero[1]:
8.99433242480
# log_Rzero[2]:
8.28390476836
# log_Rzero[3]:
7.27311150013
# rec_dev:
 -0.435044020410 -0.507399464470 -0.586021963321 -0.671849905535 -0.762550384665 -0.853905328903 -0.823172643079 -0.829309939359 -0.598267522478 -0.462889419710 -0.383567528820 -0.275685444642 -0.398769862828 -0.442644179924 -0.470322354248 -0.387954462441 -0.100937524003 0.217772215467 0.309560790882 0.330214860407 0.429889634452 0.446493334438 0.817007880317 0.829775146273 0.665260315640 1.45567767241 1.59210653020 0.673944531720 0.130474223243 0.362970443866 0.708679531405 0.728564579292 0.511949157260 0.282913746694 0.166569867625 0.217319899522 0.301348462872 0.427832849285 0.568045441657 0.542534702632 0.700137087601 0.629054280357 0.482455093365 -0.178153953305 -0.466388165313 -0.765476236716 -1.52706048075 -1.00355693232 -0.850521204065 -0.910558494049 -1.21284017491 -1.12037822404 -0.889852433663 -0.457308002457 -0.342562403228 -0.170879015393 -0.102995984643 0.284242591069 0.543288021744 0.0743932294647 0.136661538754 -0.0119977795903 0.231047114461
 -9.16123487347e-05 -0.000120260507229 -0.000155942837926 -0.000196450657103 -0.000240193159742 -0.000278377204273 -0.000297246689362 -0.000263282617428 -0.000271772938710 -0.000241190817833 -0.000154455422617 0.0118857997892 0.0116458513228 0.0111425490359 0.00991931500809 0.00556195544697 -0.00229931784602 -0.0127489956987 -0.0596641615337 0.349438619708 -0.0233330189961 -0.143717975528 -0.0374785043116 0.384425802823 -0.0615425719877 -0.272404599770 -0.553518164539 -0.0687354066258 0.361814614118 0.888900527793 0.250599285399 0.208738330656 -0.492374755146 -0.0169995277207 -0.424468290903 -0.619293866260 0.0724354253891 0.188607045704 0.113068917393 -0.102226029004 0.545552033363 1.15891474920 -0.409550368896 0.555657762566 -0.794695008107 -0.276085950106 0.606972056393 -0.0879395503247 -1.31970678494 -2.06866516490 -0.532304874039 0.759839939842 -0.712415576649 -0.320725639087 -1.67242307489 -0.592757880722 -0.836674311362 -0.327134771897 1.11596678918 1.16974016847 0.148024382505 -0.612022809200 -0.0751947138244
# log_sigmar[1]:
-0.510825623766
# log_sigmar[2]:
-0.510825623766
# log_sigmar[3]:
-0.510825623766
# fmort:
 0.0117377586234 0.0170959502105 0.00760800090083 0.00931879838087 0.0174304697611 0.0213366479986 0.0264908179844 0.0239615025677 0.0504386852622 0.0448880840949 0.0312678792079 0.0459326473129 0.0930112570633 0.0362308832279 0.0880514590032 0.0542824453975 0.00516618361351 0.0231926504857 0.0172729269949 0.0156210527760 0.0140630537554 0.0196917133873 0.0214532276750 0.0260642526409 0.0156357433353 0.0210006830765 0.0344004022935 0.0127551834688 0.00406225395935 0.00667080921127 0.0103503766183 0.0208939939271 0.00830020014208 0.0121715425791 0.0135266817641 0.0214615884877 0.0273739572870 0.0419133737939 0.0564758730550 0.0509490211339 0.0809451703672 0.0136482041769 0.00527107148113 0.00640251587672 0.00628050697334 0.00838186696113 0.00619354185873 0.00867236772867 0.00273875069699 0.00171612000592 0.00490440918843 0.00556033811194
 0.00143906915286 0.00213335174873 0.00312656761513 0.00499490120600 0.00350509832183 0.00635669535498 0.00855314074917 0.0130025150350 0.0225000433431 0.0280028687048 0.0315064063321 0.0639366986188 0.0868109058172 0.0630841573924 0.0800217063325 0.107744372207 0.123866688378 0.176431553683 0.208331994947 0.233719889853 0.234265587747 0.293897701878 0.373739560883 0.372471534731 0.481960115122 0.646861272935 0.628077998528 0.637631172402 0.386025931298 0.243524810413 0.179151256389 0.207168007480 0.209693850852 0.191929631241 0.189627643734 0.191287789308 0.202441961221 0.240858709494 0.202054342101 0.278569743869 0.163134258017 0.114887134784 0.0960861793770 0.0831077170996 0.0755410030933 0.0818394597930 0.0867970845332 0.0856683255527 0.0884101690083 0.0802318581672 0.0715938297926 0.0701209086415
 0.000631979647009 0.00123505318193 0.00308777527403 0.00664479926928 0.0213301245511 0.00663579174591 0.00847369687135 0.117495908611 0.124465502895 0.100757460209 0.100513761408 0.137717519399 0.0441119575420 0.0254747684517 0.0290058894657 0.0209764817917 0.0114212234625 0.0129456066419 0.0503875537394 0.0416892022279 0.0363538412728 0.0298108320766 0.0177073455063 0.0305036852919 0.0508241557190 0.242636825481 0.419920246018 0.782184834889 0.698078801146 0.197779968517 0.142114932603 0.458634211584 0.0643657412392 0.0878199935779 0.0716999581457 0.0464099159309 0.119734746026 0.100309961330 0.111457206901 0.133438699876 0.0337178505151 0.168761839836 0.0785905534926 0.0482179430913 0.0504663347276 0.0213400386796 0.0101477210603 0.00498372350677 0.0144251534187 0.0158902154292 0.0158809046193 0.0273712683605
 2.24542606730e-13 2.37310171514e-13 0.000592605106959 2.39808173319e-13 2.36477504245e-13 2.33979502440e-13 3.44525947077e-06 0.000234578078834 0.00509656940736 0.0324327654442 0.0303757764795 0.0396295581922 0.0944926372232 0.113440046030 0.156127408468 0.129283826647 0.119307220678 0.116271252828 0.108152828274 0.0826059000804 0.0657244850545 0.0414103510889 0.00353583063669 2.20101714632e-13 2.62567745324e-13 3.65818486614e-13 4.54636328584e-13 6.88893386780e-13 8.08519917683e-13 3.65248424561e-06 0.000666658101825 0.00463262892650 0.0138694436400 0.0265729664847 0.0464365815271 0.0392690679999 0.0588897603368 0.0891543516812 0.112325386271 0.152208498234 0.143819856214 0.0385335503068 0.0255919728730 0.0251541612661 0.0261044020837 0.0328578845733 0.0190453244581 0.0144334079170 0.0105035941404 0.00925130845374 0.000633336483921 0.00599046596787
# log_selcoffs_fsh[1]:
 -5.21152586848 -3.99521599631 -2.68495678985 -1.39508087952 -0.383323080399 0.494789659019 1.11678187008 0.930463668521 -0.290795685940
 -4.93986591627 -3.65156198855 -2.28586324407 -1.08899113654 -0.296713713053 0.430308919083 1.00161433529 0.866359262728 0.136933955875
 -4.65357632825 -3.38022662265 -2.09843696779 -0.977017521516 -0.155702691459 0.528820054482 0.901183534084 0.742608680553 0.293180074234
 -4.32333572611 -3.00946395672 -1.84123991412 -0.841676074043 -0.193173849895 0.403291748399 0.894597513894 0.764000076890 0.360145822248
 -4.03079482322 -2.66391077703 -1.28808981850 -0.304797039563 0.165963438115 0.436122280971 0.617722232424 0.584674113325 0.420788472477
 -3.80499433726 -2.52873484536 -1.36963341978 -0.388489164907 0.507295267913 0.705534517062 0.477090263646 0.330420041705 0.244550284400
 -3.57427983638 -2.32041249254 -1.21777847211 -0.290996430908 0.536170162067 0.768026169132 0.478023976452 0.214959380099 0.106767600760
 -3.34120863019 -2.01191199785 -0.986957766551 -0.130761044716 0.596055370220 0.759602758616 0.406463856815 0.123284609400 -0.00435022494256
 -3.14387227529 -1.77482098640 -0.580602544026 0.134799834939 0.525790937913 0.629300884576 0.414306274755 0.0826007819871 -0.0877624595273
 -2.93903956037 -1.45666035251 -0.233585859863 0.206597059540 0.544915712869 0.582163481458 0.313478757133 -0.0239227743379 -0.181538140763
 -2.74890776975 -1.08104954571 0.400219176637 0.461644503992 0.364315041245 0.292484833279 0.0906856258880 -0.139293789105 -0.256502418636
 -2.56388885066 -0.823935798233 0.385563503102 0.511603868702 0.475175759482 0.241353925563 -0.0422715931487 -0.238467596031 -0.331042100045
 -2.45162250228 -0.870056274699 0.409775162931 0.762915401467 0.462809815600 0.0826447819706 -0.202219481252 -0.361694325557 -0.421865753243
 -2.30095945486 -0.775685479096 0.435230190181 0.833790181588 0.438257475480 0.0166054547945 -0.279068843143 -0.430440159576 -0.480224478057
 -2.40576170245 -0.828808318312 0.590106857799 0.853712162367 0.369747101652 -0.0390074889996 -0.325932655601 -0.488264030978 -0.551564519539
 -2.37212363157 -0.858415937786 0.605768592524 0.813674287372 0.425845505868 -0.00399205615443 -0.327265729600 -0.516062192918 -0.598958907474
 -2.19111970169 -0.663358313773 0.737409689742 0.710610091254 0.355022425126 -0.0181507346066 -0.331654966587 -0.531327420768 -0.628185109763
 -1.87482067352 -0.386497067780 0.502381728373 0.784897364320 0.434308894012 -0.0251984109259 -0.350733123001 -0.549762031309 -0.649935949795
 -1.78929767151 -0.368867005641 0.788493188960 0.741801102652 0.253633073294 -0.136013298275 -0.428671686795 -0.617975752268 -0.714014972793
 -1.60532103285 -0.294855335220 0.718783670566 0.764004653679 0.339538919685 -0.145073137798 -0.485666521070 -0.679676633908 -0.766973605310
 -1.48332068107 -0.137273906962 0.854553497258 0.745219628987 0.195534236540 -0.261190937902 -0.583151911978 -0.763037300586 -0.835453582036
 -1.36402644836 -0.131902878974 0.693174267137 0.932232892355 0.272657848835 -0.364473358095 -0.707907218106 -0.860315996080 -0.906340950069
 -1.26303985037 0.153703317424 0.903767387962 0.766798943911 0.0831268699840 -0.470308670856 -0.804548509730 -0.941373991289 -0.966423846239
 -1.39283287773 -0.0353174088317 0.885874160683 0.967117433219 0.0363377501630 -0.570856235685 -0.891774542363 -1.01795847486 -1.02842773978
 -1.47645093653 -0.146274617310 0.891093546728 0.970420229231 0.115672675148 -0.527628254446 -0.888635736555 -1.03372812612 -1.04622905555
 -1.37627622683 0.0987755597208 0.747992398037 0.862714290043 0.228923711937 -0.352021949880 -0.791590191531 -0.975354376351 -0.992541348959
 -1.47918511195 -0.195139266926 0.676774539720 0.945278634343 0.276486210121 -0.249735472981 -0.689718591414 -0.889104602828 -0.920879811722
 -1.49479296509 -0.134492475123 0.775519672018 0.806034027562 0.223852059461 -0.244449319638 -0.599325654288 -0.775428046373 -0.804962491297
 -1.39263738060 0.404512321251 0.715321643185 0.506638169432 0.0768606022225 -0.256388865647 -0.480381594808 -0.603281162741 -0.636447067743
 -1.57918466010 0.0479397403385 0.632878293259 0.724813522142 0.0998753840646 -0.254828626433 -0.399774511366 -0.461179157861 -0.484041354258
 -1.76014892358 -0.0919719573021 0.825534191130 0.427226539267 0.0169421117793 -0.180432606322 -0.259232026675 -0.297750520927 -0.309758460107
 -1.81871219196 -0.223726885313 0.518199108433 0.364775967860 0.129662990018 0.00107266362835 -0.0532118519391 -0.0824528748835 -0.0937748059279
 -1.90565396515 -0.886854407978 -0.123947274981 0.477421263432 0.308963732077 0.199946731104 0.171398058574 0.102315373246 0.0638567428346
 -1.99096210950 -1.10574517062 -0.403410156884 0.111273674951 0.187715289573 0.329094763215 0.411872388823 0.313119461711 0.241538384879
 -1.71871763938 -0.756033157978 -0.386514186159 0.149990276083 0.0457157018046 0.130523191305 0.305957061709 0.382893740392 0.404989865759
 -1.10642554138 -0.420794018759 -0.689692757024 -0.400627353535 -0.140673616283 0.128895800179 0.362445992468 0.499766232978 0.559379171911
 -1.35642667438 -1.10152340574 -1.03729090557 -0.486000573817 -0.0880130368944 0.290222514767 0.512010283275 0.559624892069 0.570656929300
 -1.70129942847 -1.48444017096 -1.17753564631 -0.496055749765 0.0172506471716 0.420319775022 0.570163379451 0.566650116147 0.472002829255
# log_selcoffs_fsh[2]:
 -5.94098756383 -4.01751682654 -2.33313638474 -0.959145681891 0.0826822528643 0.553959582913 0.908894468967 0.914508187191 0.258125967016 -0.913274553394
 -5.86152768916 -3.87961571943 -1.87012051487 -0.648434712751 -0.184897465607 0.370070151325 0.869444569475 0.920806873704 0.368295853732 -0.388122836322
 -5.74252640072 -3.95865630501 -2.23189443129 -0.846091196611 -0.158970668909 0.302959386643 0.771364605195 0.882485886265 0.500426959903 0.00535441204194
 -5.58620175621 -3.90867035902 -2.41557789571 -1.22503411317 -0.379599051445 0.153227052619 0.668457286708 0.888747777637 0.655939538368 0.359864887770
 -5.46665037875 -3.71682565119 -2.09628057925 -1.09009329895 -0.615821184896 -0.150878918771 0.467775562807 0.813290370211 0.796042192778 0.714767254009
 -5.35162236452 -3.73500622482 -2.17729669584 -0.995329645864 -0.423958247671 -0.308667675091 0.0912913741021 0.550471973220 0.870363104544 1.05852756265
 -5.28310016191 -3.83493869978 -2.46744244961 -1.31177656600 -0.430815204593 -0.219397996536 -0.0338864802650 0.353704948386 0.840048202999 1.24089343592
 -5.26402377737 -3.94635140339 -2.73018838863 -1.73756713106 -0.997433896735 -0.479782001673 0.0527251045583 0.472011781720 0.890243714747 1.29569194950
 -5.26236012475 -3.99907042156 -2.82184112125 -1.90541961354 -1.22861017378 -0.657386760868 -0.0323891360296 0.521706825017 0.958412959927 1.30745116103
 -5.23367786904 -3.96312964556 -2.77985368321 -1.79362487880 -1.06126381693 -0.597440371699 -0.161830392281 0.384501193034 0.936536842140 1.38138850271
 -5.24237810130 -3.88818598602 -2.58804615852 -1.51311439231 -0.777176843551 -0.332621651143 -0.00278447407914 0.299802608560 0.784968499133 1.37698795777
 -5.32119358832 -3.85611987752 -2.48878248006 -1.33330944733 -0.592546441734 -0.202635246186 0.107026893321 0.398347430222 0.849349992252 1.19918226147
 -5.40799596048 -3.76592297506 -2.18351922442 -0.851745035269 -0.221673578393 0.0888414990817 0.263666987159 0.387231840088 0.718708649717 0.997907663504
 -5.48885867625 -3.62777828194 -1.82531785986 -0.530708212370 0.125889772594 0.276668821193 0.299811375304 0.376935153082 0.585602346714 0.771757040223
 -5.52916851876 -3.48149720415 -1.50349947633 -0.0795151534825 0.363625289009 0.325876408266 0.205397665356 0.257868923141 0.469213422557 0.628425532127
 -5.52294065542 -3.31606072724 -1.16988166417 0.103377065239 0.351779058085 0.283999753194 0.168203163257 0.217146892455 0.426571948450 0.605773855489
 -5.49790333448 -3.26656175124 -1.07301274229 0.0962977180545 0.362138863093 0.295936502091 0.160004103975 0.189953472057 0.398368380356 0.621553841424
 -5.46862833364 -3.37896205630 -1.33047126032 0.0876208385003 0.426651630890 0.333420879430 0.162147298566 0.177679179074 0.385860961171 0.607896498696
 -5.41277262852 -3.46142874559 -1.56914472439 -0.0977950177963 0.439870153485 0.355057754678 0.179501441393 0.202330844549 0.422799383441 0.654004813642
 -5.32567469821 -3.49809440682 -1.72330300102 -0.339826731151 0.223417792702 0.344810084600 0.217140627355 0.252092112814 0.513957152808 0.793588981021
 -5.26192675847 -3.53553322834 -1.89606261331 -0.578694387221 0.154389707590 0.367502353588 0.257001340054 0.247051548841 0.523627975136 0.868100475022
 -5.23473275987 -3.58897032286 -2.04420253800 -0.779367592067 0.00985334110696 0.359467949918 0.331153496732 0.326094006915 0.562489818950 0.876818061551
 -5.23158453648 -3.62586661202 -2.19054214836 -1.00572566078 -0.202918184083 0.327854684288 0.415398052357 0.418097909509 0.614918542468 0.876515042829
 -5.27444926410 -3.66791632444 -2.21902312551 -1.07523415023 -0.374789484077 0.150634433177 0.469290177820 0.513656468649 0.692793957711 0.875413350312
 -5.33352180237 -3.71658961741 -2.19052777419 -0.912707848994 -0.244283792131 0.000934811714029 0.315731026880 0.541392919302 0.714563609815 0.932324525781
 -5.43477592610 -3.77324272420 -2.28510871200 -1.03144010573 -0.263619908988 0.244721157797 0.376083049890 0.471086250480 0.662284392546 0.904766628373
 -5.62668252194 -3.93240392053 -2.29493331716 -0.946005224821 -0.180639307150 0.386794322855 0.513407682380 0.490089481083 0.577598216738 0.739822608423
 -5.82283310477 -4.12059193676 -2.40130137799 -0.750009688098 -0.00289231315587 0.493376138265 0.545290846833 0.440357126028 0.563706940655 0.558099861947
 -6.02054527450 -4.31636305278 -2.65284469783 -1.16055685017 -0.162231661969 0.687395138044 0.793445500793 0.499428572984 0.467734344311 0.267377508640
 -6.18827293601 -4.47013401830 -2.76988939024 -1.15474000279 0.0546367124760 0.732284095871 0.939394080092 0.495047702249 0.201845698082 0.0488312290680
 -6.28971589498 -4.52593699173 -2.72860860432 -0.965167104174 0.246912522198 0.758146112084 0.751095019601 0.469491132681 0.246087118546 0.121506619770
 -6.33672050668 -4.50662627966 -2.68047342950 -1.04267471508 -0.0111914076026 0.521870197597 0.694781812716 0.630748650476 0.465360302346 0.348703635786
 -6.35204005343 -4.44645918932 -2.40524846729 -0.724751438283 -0.185421554875 0.203718277122 0.551360937221 0.645406925385 0.626909721219 0.610280936956
 -6.39651404115 -4.55136160798 -2.66623360981 -0.996989619187 -0.179767906095 0.279537303461 0.562989582120 0.673266060195 0.634683498032 0.581280076009
 -6.38830581399 -4.63960918117 -2.84907583502 -1.18629690508 -0.386291806632 0.119517462690 0.552056736126 0.734521351765 0.730509723476 0.653074998760
 -6.34337589825 -4.70965523717 -3.06684820007 -1.41493789030 -0.456823320767 0.0614892974176 0.485915994684 0.719860335500 0.793500148044 0.747674220511
 -6.31245462544 -4.77116105794 -3.26700602728 -1.78990094567 -0.708875390173 -0.0165008784959 0.508988799489 0.750719911730 0.851049493975 0.781410140869
 -6.27820883480 -4.77765460811 -3.32207201853 -1.97481178196 -0.993479628407 -0.175592323331 0.449794418944 0.808821366809 0.910964539148 0.835352419419
 -6.25570082200 -4.76008345580 -3.31567408014 -2.01198552565 -0.964024277167 -0.153148153365 0.451283174224 0.781108515859 0.893779135760 0.867754863381
# log_selcoffs_fsh[3]:
 -2.44336335851 0.220941989685 1.47181871922 0.128574670045 -1.97539850535 -3.73710001178 -4.71129862693
 -2.43536744222 0.778517731090 1.27842638452 -0.00331245822637 -2.16254921592 -3.79300865306 -4.71537560323
# log_selcoffs_fsh[4]:
 -6.23611040965 -5.05671075051 -3.83814048206 -2.52793986938 -1.14209433981 0.138379567440 1.00207533806 1.11577663414 0.498889415943
 -6.22082313899 -5.03925280456 -3.81547479471 -2.47042408625 -1.05040306937 0.206905411234 1.01474760678 1.06307243722 0.501608063172
 -6.17264645432 -4.99502356601 -3.78729254949 -2.49336568442 -1.11879950062 0.139289808553 0.991058371490 1.09037149084 0.554035680140
 -6.08311304961 -4.90397098270 -3.71547179364 -2.48538697293 -1.18632519051 0.0315879655809 0.917701441029 1.12485950034 0.673922431922
 -5.98242771110 -4.78621856958 -3.59625627161 -2.40542052494 -1.16560897941 0.0167720737247 0.857484291117 1.09573944168 0.785824953460
 -5.88272349634 -4.70786991358 -3.51533072700 -2.30974858675 -1.15107978973 -0.0710614787815 0.787848877202 1.10459978265 0.873294236110
 -5.76158709869 -4.61562612947 -3.43526809445 -2.21040342878 -1.06755932998 -0.0430807848146 0.738336901278 1.06070777354 0.940997654632
 -5.61692760661 -4.47530166854 -3.35252080095 -2.16958524609 -1.02229215721 -0.0541556931888 0.713930885198 1.04325673014 0.973900543250
 -5.47171435113 -4.28040278107 -3.19764176668 -2.17264400189 -1.10025968883 -0.0822495930691 0.706986295286 1.04401447863 0.995075734894
 -5.32718874895 -4.12349021100 -2.97676175471 -1.93651289223 -1.00817125879 -0.103697547051 0.629142445082 1.01362993713 1.05980931302
 -5.21189193892 -3.98702404142 -2.82035644730 -1.75846718940 -0.815445283091 -0.0227931945027 0.596104243127 0.942308430300 1.07951834933
 -5.12380921706 -3.85089024635 -2.65745094928 -1.60914865858 -0.687855822232 0.0771355588600 0.587602712782 0.895066243170 1.05521516196
 -5.04355961947 -3.68084244915 -2.41728049315 -1.39450990697 -0.606161855613 0.0800479841212 0.590713099440 0.865077184728 1.03744055586
 -4.96086951543 -3.47469173393 -2.03257940992 -0.994606424643 -0.401425882862 0.0551593998331 0.461128300540 0.817155229185 1.05958366632
 -4.87763216427 -3.31386736001 -1.78313006055 -0.659807659517 -0.138744467792 0.0875175706496 0.347438345372 0.721242666260 1.04261019809
 -4.77963022144 -3.18097844315 -1.56674264064 -0.413448498018 -0.0575820571471 0.0721542936751 0.288044011012 0.659316222628 1.02740815140
 -4.70666998027 -3.14719057678 -1.59078211206 -0.422197092173 -0.0551610219150 0.124853804348 0.333510726039 0.644542082894 0.996332820766
 -4.64777201654 -3.23096764286 -1.93480395842 -0.945407500157 -0.253624084273 0.308268825671 0.566657635724 0.692104054507 0.924493855297
 -4.55432959594 -3.26284629728 -2.10014748013 -1.19857303666 -0.479478022328 0.161793873319 0.578899998116 0.823160080004 0.982322150105
 -4.48779911379 -3.27364343131 -2.19143470085 -1.34549553058 -0.691379995546 -0.0398663720230 0.568886365147 0.936044273657 1.02988482180
 -4.40982598517 -3.20496526868 -2.12678648535 -1.37271442504 -0.794854502254 -0.226064249980 0.424904224649 0.985363397971 1.13690354903
 -4.33417061852 -3.08610895161 -1.84318296177 -1.20544321462 -0.796988356836 -0.244885639803 0.322758801266 0.850349521014 1.26086169898
 -4.29193951504 -3.14924255992 -2.09086030869 -1.30653482636 -0.756312056418 -0.162763990907 0.346450064094 0.818400703534 1.26666678313
 -4.19913269586 -3.12299549769 -2.11470504894 -1.30555228969 -0.735484536007 -0.217354797075 0.279719794554 0.798124068914 1.31405380341
 -4.17474748797 -3.11973407393 -2.04107941972 -1.07352760556 -0.442010586716 0.0533864843899 0.426126854588 0.788487773244 1.11179211552
 -3.97364016949 -2.91431627009 -1.73598201603 -0.935117023804 -0.426533227960 0.0369280947266 0.417330821835 0.776218960834 1.09080065649
 -3.65117022771 -2.73117518224 -1.74658369769 -0.969090156664 -0.463728104183 -0.0104937045027 0.432662716741 0.824295234413 1.06986121885
 -3.12179275825 -2.36484399673 -1.60679416017 -0.984365253149 -0.541396849339 -0.161211504539 0.273823456557 0.778236636486 1.21256388823
 -2.35236527885 -1.79364026972 -1.37579939648 -1.01219026719 -0.761946158131 -0.471103443386 0.0362150184958 0.725387251970 1.36837553081
 -2.18063146490 -1.69889542290 -1.18694668471 -0.874373224209 -0.781082103056 -0.637890709286 -0.167536416090 0.633111168712 1.45075778565
 -1.73657648118 -1.15666716947 -1.17082775798 -1.16536601404 -1.00839228816 -0.785242990832 -0.267425918645 0.577098325653 1.50860088722
 -1.34913132609 -0.675287886637 -0.849008209114 -1.21693227241 -1.21292316569 -0.905211206190 -0.299021063171 0.580962366714 1.45312632974
 -1.25286726165 -0.858757749946 -0.906733005232 -1.15831043781 -1.19608004609 -0.892482591335 -0.243515253694 0.650733274619 1.42550107218
# log_sel_spl_fsh[1]:
 0.00000000000 0.00000000000 0.00000000000 0.00000000000
 0.00000000000 0.00000000000 0.00000000000 0.00000000000
 0.00000000000 0.00000000000 0.00000000000 0.00000000000
 0.00000000000 0.00000000000 0.00000000000 0.00000000000
 0.00000000000 0.00000000000 0.00000000000 0.00000000000
 0.00000000000 0.00000000000 0.00000000000 0.00000000000
 0.00000000000 0.00000000000 0.00000000000 0.00000000000
 0.00000000000 0.00000000000 0.00000000000 0.00000000000
 0.00000000000 0.00000000000 0.00000000000 0.00000000000
 0.00000000000 0.00000000000 0.00000000000 0.00000000000
 0.00000000000 0.00000000000 0.00000000000 0.00000000000
 0.00000000000 0.00000000000 0.00000000000 0.00000000000
 0.00000000000 0.00000000000 0.00000000000 0.00000000000
 0.00000000000 0.00000000000 0.00000000000 0.00000000000
 0.00000000000 0.00000000000 0.00000000000 0.00000000000
 0.00000000000 0.00000000000 0.00000000000 0.00000000000
 0.00000000000 0.00000000000 0.00000000000 0.00000000000
 0.00000000000 0.00000000000 0.00000000000 0.00000000000
 0.00000000000 0.00000000000 0.00000000000 0.00000000000
 0.00000000000 0.00000000000 0.00000000000 0.00000000000
 0.00000000000 0.00000000000 0.00000000000 0.00000000000
 0.00000000000 0.00000000000 0.00000000000 0.00000000000
 0.00000000000 0.00000000000 0.00000000000 0.00000000000
 0.00000000000 0.00000000000 0.00000000000 0.00000000000
 0.00000000000 0.00000000000 0.00000000000 0.00000000000
 0.00000000000 0.00000000000 0.00000000000 0.00000000000
 0.00000000000 0.00000000000 0.00000000000 0.00000000000
 0.00000000000 0.00000000000 0.00000000000 0.00000000000
 0.00000000000 0.00000000000 0.00000000000 0.00000000000
 0.00000000000 0.00000000000 0.00000000000 0.00000000000
 0.00000000000 0.00000000000 0.00000000000 0.00000000000
 0.00000000000 0.00000000000 0.00000000000 0.00000000000
 0.00000000000 0.00000000000 0.00000000000 0.00000000000
 0.00000000000 0.00000000000 0.00000000000 0.00000000000
 0.00000000000 0.00000000000 0.00000000000 0.00000000000
 0.00000000000 0.00000000000 0.00000000000 0.00000000000
 0.00000000000 0.00000000000 0.00000000000 0.00000000000
 0.00000000000 0.00000000000 0.00000000000 0.00000000000
# log_sel_spl_fsh[2]:
 0.00000000000 0.00000000000 0.00000000000 0.00000000000
 0.00000000000 0.00000000000 0.00000000000 0.00000000000
 0.00000000000 0.00000000000 0.00000000000 0.00000000000
 0.00000000000 0.00000000000 0.00000000000 0.00000000000
 0.00000000000 0.00000000000 0.00000000000 0.00000000000
 0.00000000000 0.00000000000 0.00000000000 0.00000000000
 0.00000000000 0.00000000000 0.00000000000 0.00000000000
 0.00000000000 0.00000000000 0.00000000000 0.00000000000
 0.00000000000 0.00000000000 0.00000000000 0.00000000000
 0.00000000000 0.00000000000 0.00000000000 0.00000000000
 0.00000000000 0.00000000000 0.00000000000 0.00000000000
 0.00000000000 0.00000000000 0.00000000000 0.00000000000
 0.00000000000 0.00000000000 0.00000000000 0.00000000000
 0.00000000000 0.00000000000 0.00000000000 0.00000000000
 0.00000000000 0.00000000000 0.00000000000 0.00000000000
 0.00000000000 0.00000000000 0.00000000000 0.00000000000
 0.00000000000 0.00000000000 0.00000000000 0.00000000000
 0.00000000000 0.00000000000 0.00000000000 0.00000000000
 0.00000000000 0.00000000000 0.00000000000 0.00000000000
 0.00000000000 0.00000000000 0.00000000000 0.00000000000
 0.00000000000 0.00000000000 0.00000000000 0.00000000000
 0.00000000000 0.00000000000 0.00000000000 0.00000000000
 0.00000000000 0.00000000000 0.00000000000 0.00000000000
 0.00000000000 0.00000000000 0.00000000000 0.00000000000
 0.00000000000 0.00000000000 0.00000000000 0.00000000000
 0.00000000000 0.00000000000 0.00000000000 0.00000000000
 0.00000000000 0.00000000000 0.00000000000 0.00000000000
 0.00000000000 0.00000000000 0.00000000000 0.00000000000
 0.00000000000 0.00000000000 0.00000000000 0.00000000000
 0.00000000000 0.00000000000 0.00000000000 0.00000000000
 0.00000000000 0.00000000000 0.00000000000 0.00000000000
 0.00000000000 0.00000000000 0.00000000000 0.00000000000
 0.00000000000 0.00000000000 0.00000000000 0.00000000000
 0.00000000000 0.00000000000 0.00000000000 0.00000000000
 0.00000000000 0.00000000000 0.00000000000 0.00000000000
 0.00000000000 0.00000000000 0.00000000000 0.00000000000
 0.00000000000 0.00000000000 0.00000000000 0.00000000000
 0.00000000000 0.00000000000 0.00000000000 0.00000000000
 0.00000000000 0.00000000000 0.00000000000 0.00000000000
# log_sel_spl_fsh[3]:
 0.00000000000 0.00000000000 0.00000000000 0.00000000000
 0.00000000000 0.00000000000 0.00000000000 0.00000000000
# log_sel_spl_fsh[4]:
 0.00000000000 0.00000000000 0.00000000000 0.00000000000
 0.00000000000 0.00000000000 0.00000000000 0.00000000000
 0.00000000000 0.00000000000 0.00000000000 0.00000000000
 0.00000000000 0.00000000000 0.00000000000 0.00000000000
 0.00000000000 0.00000000000 0.00000000000 0.00000000000
 0.00000000000 0.00000000000 0.00000000000 0.00000000000
 0.00000000000 0.00000000000 0.00000000000 0.00000000000
 0.00000000000 0.00000000000 0.00000000000 0.00000000000
 0.00000000000 0.00000000000 0.00000000000 0.00000000000
 0.00000000000 0.00000000000 0.00000000000 0.00000000000
 0.00000000000 0.00000000000 0.00000000000 0.00000000000
 0.00000000000 0.00000000000 0.00000000000 0.00000000000
 0.00000000000 0.00000000000 0.00000000000 0.00000000000
 0.00000000000 0.00000000000 0.00000000000 0.00000000000
 0.00000000000 0.00000000000 0.00000000000 0.00000000000
 0.00000000000 0.00000000000 0.00000000000 0.00000000000
 0.00000000000 0.00000000000 0.00000000000 0.00000000000
 0.00000000000 0.00000000000 0.00000000000 0.00000000000
 0.00000000000 0.00000000000 0.00000000000 0.00000000000
 0.00000000000 0.00000000000 0.00000000000 0.00000000000
 0.00000000000 0.00000000000 0.00000000000 0.00000000000
 0.00000000000 0.00000000000 0.00000000000 0.00000000000
 0.00000000000 0.00000000000 0.00000000000 0.00000000000
 0.00000000000 0.00000000000 0.00000000000 0.00000000000
 0.00000000000 0.00000000000 0.00000000000 0.00000000000
 0.00000000000 0.00000000000 0.00000000000 0.00000000000
 0.00000000000 0.00000000000 0.00000000000 0.00000000000
 0.00000000000 0.00000000000 0.00000000000 0.00000000000
 0.00000000000 0.00000000000 0.00000000000 0.00000000000
 0.00000000000 0.00000000000 0.00000000000 0.00000000000
 0.00000000000 0.00000000000 0.00000000000 0.00000000000
 0.00000000000 0.00000000000 0.00000000000 0.00000000000
 0.00000000000 0.00000000000 0.00000000000 0.00000000000
# logsel_slope_fsh[1]:
 0.00000000000 0.00000000000 0.00000000000 0.00000000000 0.00000000000 0.00000000000 0.00000000000 0.00000000000 0.00000000000 0.00000000000 0.00000000000 0.00000000000 0.00000000000 0.00000000000 0.00000000000 0.00000000000 0.00000000000 0.00000000000 0.00000000000 0.00000000000 0.00000000000 0.00000000000 0.00000000000 0.00000000000 0.00000000000 0.00000000000 0.00000000000 0.00000000000 0.00000000000 0.00000000000 0.00000000000 0.00000000000 0.00000000000 0.00000000000 0.00000000000 0.00000000000 0.00000000000 0.00000000000
# logsel_slope_fsh[2]:
 0.00000000000 0.00000000000 0.00000000000 0.00000000000 0.00000000000 0.00000000000 0.00000000000 0.00000000000 0.00000000000 0.00000000000 0.00000000000 0.00000000000 0.00000000000 0.00000000000 0.00000000000 0.00000000000 0.00000000000 0.00000000000 0.00000000000 0.00000000000 0.00000000000 0.00000000000 0.00000000000 0.00000000000 0.00000000000 0.00000000000 0.00000000000 0.00000000000 0.00000000000 0.00000000000 0.00000000000 0.00000000000 0.00000000000 0.00000000000 0.00000000000 0.00000000000 0.00000000000 0.00000000000 0.00000000000
# logsel_slope_fsh[3]:
 0.00000000000 0.00000000000
# logsel_slope_fsh[4]:
 0.00000000000 0.00000000000 0.00000000000 0.00000000000 0.00000000000 0.00000000000 0.00000000000 0.00000000000 0.00000000000 0.00000000000 0.00000000000 0.00000000000 0.00000000000 0.00000000000 0.00000000000 0.00000000000 0.00000000000 0.00000000000 0.00000000000 0.00000000000 0.00000000000 0.00000000000 0.00000000000 0.00000000000 0.00000000000 0.00000000000 0.00000000000 0.00000000000 0.00000000000 0.00000000000 0.00000000000 0.00000000000 0.00000000000
# sel50_fsh[1]:
 0.00000000000 0.00000000000 0.00000000000 0.00000000000 0.00000000000 0.00000000000 0.00000000000 0.00000000000 0.00000000000 0.00000000000 0.00000000000 0.00000000000 0.00000000000 0.00000000000 0.00000000000 0.00000000000 0.00000000000 0.00000000000 0.00000000000 0.00000000000 0.00000000000 0.00000000000 0.00000000000 0.00000000000 0.00000000000 0.00000000000 0.00000000000 0.00000000000 0.00000000000 0.00000000000 0.00000000000 0.00000000000 0.00000000000 0.00000000000 0.00000000000 0.00000000000 0.00000000000 0.00000000000
# sel50_fsh[2]:
 0.00000000000 0.00000000000 0.00000000000 0.00000000000 0.00000000000 0.00000000000 0.00000000000 0.00000000000 0.00000000000 0.00000000000 0.00000000000 0.00000000000 0.00000000000 0.00000000000 0.00000000000 0.00000000000 0.00000000000 0.00000000000 0.00000000000 0.00000000000 0.00000000000 0.00000000000 0.00000000000 0.00000000000 0.00000000000 0.00000000000 0.00000000000 0.00000000000 0.00000000000 0.00000000000 0.00000000000 0.00000000000 0.00000000000 0.00000000000 0.00000000000 0.00000000000 0.00000000000 0.00000000000 0.00000000000
# sel50_fsh[3]:
 0.00000000000 0.00000000000
# sel50_fsh[4]:
 0.00000000000 0.00000000000 0.00000000000 0.00000000000 0.00000000000 0.00000000000 0.00000000000 0.00000000000 0.00000000000 0.00000000000 0.00000000000 0.00000000000 0.00000000000 0.00000000000 0.00000000000 0.00000000000 0.00000000000 0.00000000000 0.00000000000 0.00000000000 0.00000000000 0.00000000000 0.00000000000 0.00000000000 0.00000000000 0.00000000000 0.00000000000 0.00000000000 0.00000000000 0.00000000000 0.00000000000 0.00000000000 0.00000000000
# logsel_p1_fsh[1]:
 0.00000000000 0.00000000000 0.00000000000 0.00000000000 0.00000000000 0.00000000000 0.00000000000 0.00000000000 0.00000000000 0.00000000000 0.00000000000 0.00000000000 0.00000000000 0.00000000000 0.00000000000 0.00000000000 0.00000000000 0.00000000000 0.00000000000 0.00000000000 0.00000000000 0.00000000000 0.00000000000 0.00000000000 0.00000000000 0.00000000000 0.00000000000 0.00000000000 0.00000000000 0.00000000000 0.00000000000 0.00000000000 0.00000000000 0.00000000000 0.00000000000 0.00000000000 0.00000000000 0.00000000000
# logsel_p1_fsh[2]:
 0.00000000000 0.00000000000 0.00000000000 0.00000000000 0.00000000000 0.00000000000 0.00000000000 0.00000000000 0.00000000000 0.00000000000 0.00000000000 0.00000000000 0.00000000000 0.00000000000 0.00000000000 0.00000000000 0.00000000000 0.00000000000 0.00000000000 0.00000000000 0.00000000000 0.00000000000 0.00000000000 0.00000000000 0.00000000000 0.00000000000 0.00000000000 0.00000000000 0.00000000000 0.00000000000 0.00000000000 0.00000000000 0.00000000000 0.00000000000 0.00000000000 0.00000000000 0.00000000000 0.00000000000 0.00000000000
# logsel_p1_fsh[3]:
 0.00000000000 0.00000000000
# logsel_p1_fsh[4]:
 0.00000000000 0.00000000000 0.00000000000 0.00000000000 0.00000000000 0.00000000000 0.00000000000 0.00000000000 0.00000000000 0.00000000000 0.00000000000 0.00000000000 0.00000000000 0.00000000000 0.00000000000 0.00000000000 0.00000000000 0.00000000000 0.00000000000 0.00000000000 0.00000000000 0.00000000000 0.00000000000 0.00000000000 0.00000000000 0.00000000000 0.00000000000 0.00000000000 0.00000000000 0.00000000000 0.00000000000 0.00000000000 0.00000000000
# sel_p2_fsh[1]:
 0.00000000000 0.00000000000 0.00000000000 0.00000000000 0.00000000000 0.00000000000 0.00000000000 0.00000000000 0.00000000000 0.00000000000 0.00000000000 0.00000000000 0.00000000000 0.00000000000 0.00000000000 0.00000000000 0.00000000000 0.00000000000 0.00000000000 0.00000000000 0.00000000000 0.00000000000 0.00000000000 0.00000000000 0.00000000000 0.00000000000 0.00000000000 0.00000000000 0.00000000000 0.00000000000 0.00000000000 0.00000000000 0.00000000000 0.00000000000 0.00000000000 0.00000000000 0.00000000000 0.00000000000
# sel_p2_fsh[2]:
 0.00000000000 0.00000000000 0.00000000000 0.00000000000 0.00000000000 0.00000000000 0.00000000000 0.00000000000 0.00000000000 0.00000000000 0.00000000000 0.00000000000 0.00000000000 0.00000000000 0.00000000000 0.00000000000 0.00000000000 0.00000000000 0.00000000000 0.00000000000 0.00000000000 0.00000000000 0.00000000000 0.00000000000 0.00000000000 0.00000000000 0.00000000000 0.00000000000 0.00000000000 0.00000000000 0.00000000000 0.00000000000 0.00000000000 0.00000000000 0.00000000000 0.00000000000 0.00000000000 0.00000000000 0.00000000000
# sel_p2_fsh[3]:
 0.00000000000 0.00000000000
# sel_p2_fsh[4]:
 0.00000000000 0.00000000000 0.00000000000 0.00000000000 0.00000000000 0.00000000000 0.00000000000 0.00000000000 0.00000000000 0.00000000000 0.00000000000 0.00000000000 0.00000000000 0.00000000000 0.00000000000 0.00000000000 0.00000000000 0.00000000000 0.00000000000 0.00000000000 0.00000000000 0.00000000000 0.00000000000 0.00000000000 0.00000000000 0.00000000000 0.00000000000 0.00000000000 0.00000000000 0.00000000000 0.00000000000 0.00000000000 0.00000000000
# logsel_p3_fsh[1]:
 0.00000000000 0.00000000000 0.00000000000 0.00000000000 0.00000000000 0.00000000000 0.00000000000 0.00000000000 0.00000000000 0.00000000000 0.00000000000 0.00000000000 0.00000000000 0.00000000000 0.00000000000 0.00000000000 0.00000000000 0.00000000000 0.00000000000 0.00000000000 0.00000000000 0.00000000000 0.00000000000 0.00000000000 0.00000000000 0.00000000000 0.00000000000 0.00000000000 0.00000000000 0.00000000000 0.00000000000 0.00000000000 0.00000000000 0.00000000000 0.00000000000 0.00000000000 0.00000000000 0.00000000000
# logsel_p3_fsh[2]:
 0.00000000000 0.00000000000 0.00000000000 0.00000000000 0.00000000000 0.00000000000 0.00000000000 0.00000000000 0.00000000000 0.00000000000 0.00000000000 0.00000000000 0.00000000000 0.00000000000 0.00000000000 0.00000000000 0.00000000000 0.00000000000 0.00000000000 0.00000000000 0.00000000000 0.00000000000 0.00000000000 0.00000000000 0.00000000000 0.00000000000 0.00000000000 0.00000000000 0.00000000000 0.00000000000 0.00000000000 0.00000000000 0.00000000000 0.00000000000 0.00000000000 0.00000000000 0.00000000000 0.00000000000 0.00000000000
# logsel_p3_fsh[3]:
 0.00000000000 0.00000000000
# logsel_p3_fsh[4]:
 0.00000000000 0.00000000000 0.00000000000 0.00000000000 0.00000000000 0.00000000000 0.00000000000 0.00000000000 0.00000000000 0.00000000000 0.00000000000 0.00000000000 0.00000000000 0.00000000000 0.00000000000 0.00000000000 0.00000000000 0.00000000000 0.00000000000 0.00000000000 0.00000000000 0.00000000000 0.00000000000 0.00000000000 0.00000000000 0.00000000000 0.00000000000 0.00000000000 0.00000000000 0.00000000000 0.00000000000 0.00000000000 0.00000000000
# rec_dev_future:
 0.00000000000 0.00000000000 0.00000000000 0.00000000000 0.00000000000 0.00000000000 0.00000000000 0.00000000000 0.00000000000 0.00000000000 0.00000000000 0.00000000000 0.00000000000 0.00000000000 0.00000000000 0.00000000000 0.00000000000 0.00000000000 0.00000000000 0.00000000000
 0.00000000000 0.00000000000 0.00000000000 0.00000000000 0.00000000000 0.00000000000 0.00000000000 0.00000000000 0.00000000000 0.00000000000 0.00000000000 0.00000000000 0.00000000000 0.00000000000 0.00000000000 0.00000000000 0.00000000000 0.00000000000 0.00000000000 0.00000000000
# log_q_ind[1]:
-0.0932784453063
# log_q_ind[2]:
-2.86573805167
# log_q_ind[3]:
-9.51505111753
# log_q_ind[4]:
-0.762655165893
# log_q_ind[5]:
-3.92283364652
# log_q_ind[6]:
-6.25497356340
# log_q_ind[7]:
-0.902221096361
# log_q_power_ind[1]:
0.00000000000
# log_q_power_ind[2]:
0.00000000000
# log_q_power_ind[3]:
0.00000000000
# log_q_power_ind[4]:
0.00000000000
# log_q_power_ind[5]:
0.00000000000
# log_q_power_ind[6]:
0.00000000000
# log_q_power_ind[7]:
0.00000000000
# log_rw_q_ind[1]:
 -1.08030199396
# log_rw_q_ind[3]:
 -0.335059988800
# log_selcoffs_ind[1]:
 -3.13411484196 -1.99754058534 -0.912852088503 -0.0823394637521 0.361527770302 0.508245891984 0.457602514916 0.330288898670 0.219478212959 0.168464060969
 -3.14108329468 -2.23075077058 -1.34176037375 -0.523335938800 0.124527954518 0.495142367331 0.594251740945 0.501173612418 0.365443652095 0.276539980510
# log_selcoffs_ind[2]:
 -1.28679416833 -0.610193522059 -0.138852908838 0.0700559265729 0.0375737044141 -0.0116818469697 0.0401956160381 0.196479650326 0.353706564448 0.424312193009
 -1.13466660947 -0.505863174660 -0.120946046073 0.144901560265 0.248174519363 0.218508045374 0.143956084785 0.100762428442 0.104526561330 0.127991720962
 -0.982279999744 -0.418773268931 -0.0308293963485 0.259839829639 0.362541893994 0.281260795365 0.115250596332 -0.0246136205564 -0.0857981011333 -0.0791195862455
# log_selcoffs_ind[3]:
 -0.202940821038 0.0202027052767 0.0202027052767 0.0202027052767 0.0202027052767 0.0202027052767 0.0202027052767 0.0202027052767 0.0202027052767 0.0202027052767
# log_selcoffs_ind[4]:
 -2.44445558159 -1.44463453499 -0.594021037054 -0.0715380586181 0.116429563261 0.203077995900 0.278131232523 0.354370758383 0.417741282232 0.458192554583
 -3.07632825924 -2.20846679288 -1.36271857130 -0.641829358100 -0.123714834714 0.228341835874 0.457093770926 0.575598148285 0.589337541359 0.565937868739
# log_selcoffs_ind[5]:
 -3.04452005677 -0.669616569639 0.101782682789 0.174353368097 0.174353368097 0.174353368097 0.174353368097 0.174353368097 0.174353368097 0.174353368097
# log_selcoffs_ind[6]:
 -3.04452005677 -0.669616569639 0.101782682789 0.174353368097 0.174353368097 0.174353368097 0.174353368097 0.174353368097 0.174353368097 0.174353368097
# log_selcoffs_ind[7]:
 -3.04452005677 -0.669616569639 0.101782682789 0.174353368097 0.174353368097 0.174353368097 0.174353368097 0.174353368097 0.174353368097 0.174353368097
# logsel_slope_ind[1]:
 0.00000000000 0.00000000000
# logsel_slope_ind[2]:
 0.00000000000 0.00000000000 0.00000000000
# logsel_slope_ind[3]:
 0.00000000000
# logsel_slope_ind[4]:
 0.00000000000 0.00000000000
# logsel_slope_ind[5]:
 0.00000000000
# logsel_slope_ind[6]:
 0.00000000000
# logsel_slope_ind[7]:
 0.00000000000
# sel50_ind[1]:
 0.00000000000 0.00000000000
# sel50_ind[2]:
 0.00000000000 0.00000000000 0.00000000000
# sel50_ind[3]:
 0.00000000000
# sel50_ind[4]:
 0.00000000000 0.00000000000
# sel50_ind[5]:
 0.00000000000
# sel50_ind[6]:
 0.00000000000
# sel50_ind[7]:
 0.00000000000
# logsel_p1_ind[1]:
 0.00000000000 0.00000000000
# logsel_p1_ind[2]:
 0.00000000000 0.00000000000 0.00000000000
# logsel_p1_ind[3]:
 0.00000000000
# logsel_p1_ind[4]:
 0.00000000000 0.00000000000
# logsel_p1_ind[5]:
 0.00000000000
# logsel_p1_ind[6]:
 0.00000000000
# logsel_p1_ind[7]:
 0.00000000000
# sel_p2_ind[1]:
 0.00000000000 0.00000000000
# sel_p2_ind[2]:
 0.00000000000 0.00000000000 0.00000000000
# sel_p2_ind[3]:
 0.00000000000
# sel_p2_ind[4]:
 0.00000000000 0.00000000000
# sel_p2_ind[5]:
 0.00000000000
# sel_p2_ind[6]:
 0.00000000000
# sel_p2_ind[7]:
 0.00000000000
# logsel_p3_ind[1]:
 0.00000000000 0.00000000000
# logsel_p3_ind[2]:
 0.00000000000 0.00000000000 0.00000000000
# logsel_p3_ind[3]:
 0.00000000000
# logsel_p3_ind[4]:
 0.00000000000 0.00000000000
# logsel_p3_ind[5]:
 0.00000000000
# logsel_p3_ind[6]:
 0.00000000000
# logsel_p3_ind[7]:
 0.00000000000
