# Number of parameters = 1322 Objective function value = 1599.48524667729  Maximum gradient component = 0.000684850775339035
# Mest[1]:
0.280000000000
# Mest[2]:
0.330000000000
# log_Linf[1]:
4.38701417618
# log_Linf[2]:
4.38701417618
# log_k[1]:
-1.83258146375
# log_k[2]:
-1.83258146375
# log_Lo[1]:
2.75684036527
# log_Lo[2]:
2.75684036527
# log_sdage[1]:
-2.40794560865
# log_sdage[2]:
-2.40794560865
# mean_log_rec[1]:
9.38378063748
# mean_log_rec[2]:
8.10010661776
# mean_log_rec[3]:
7.25330779101
# steepness[1]:
0.650000000000
# steepness[2]:
0.650000000000
# steepness[3]:
0.650000000000
# log_Rzero[1]:
9.24868382925
# log_Rzero[2]:
8.16398604204
# log_Rzero[3]:
7.21806020257
# rec_dev:
 -0.0822463206747 -0.106108625040 -0.135834669500 -0.172486707497 -0.217293204392 -0.271560411583 -0.334598228279 -0.404222135001 -0.483231268820 -0.573062163227 -0.664422807879 -0.724753478085 -0.790868505672 -0.861354244052 -1.00527561601 -0.833345578408 -0.402779415690 -0.259233142006 -0.0488345011586 0.134164828530 0.130271802240 0.134761826650 0.212697644533 0.321456167370 0.890410676246 0.761748381119 0.791062318852 1.48356507126 1.35279671715 0.621659694687 0.120163646737 0.387558213235 0.617749597186 0.672924202004 0.163965933378 0.143193771189 -0.0668036134692 0.0736840491505 0.140106346610 0.195440233364 0.289449643377 0.553116027812 0.568376960481 0.505198358684 0.0923924567418 -0.417479715402 -0.509862684135 -1.04431258448 -1.96700619418 -0.731903999218 -0.449768520275 -0.355776755890 -0.306844887774 -0.754151028413 -0.783398516582 0.707335192423 0.771474248322 0.196272988344
 -0.000528821053564 -0.000702199640870 -0.000913055681908 -0.00116051869825 -0.00143250991380 -0.00169909647494 -0.00189854744415 -0.00191166585636 -0.00181834974451 -0.00132308632302 -9.17431173875e-05 0.0338364705783 0.0342585336794 0.0343240589329 0.0333560575922 0.0241896251304 0.0101264907478 -0.0145757684903 -0.0640407014580 0.254327992334 -0.00159676054389 -0.363775842040 0.109628380729 0.550718913217 0.0200382938849 -0.598315539156 -0.342814650566 -0.0724171251994 0.480825554461 0.888301179470 -0.0157586736150 -0.0932868875837 -0.438259002901 0.0635875425226 -0.267186951236 -0.392942532723 0.293575328020 -0.122239664075 0.141371656650 -0.165275070061 1.13147962595 1.28100517486 -0.185991801896 0.902329203280 -1.08239994389 0.322191741810 0.721069606024 0.350015828167 -1.63033521606 -1.55007033936 0.429881462307 0.840657456437 -0.887209425043 -0.162835415625 -1.38458064332 -0.103177860493 0.0386340298850 -0.0522753395124
# log_sigmar[1]:
-0.510825623766
# log_sigmar[2]:
-0.510825623766
# log_sigmar[3]:
-0.510825623766
# fmort:
 0.00911147838403 0.0140578791043 0.00689317765702 0.00965149219051 0.0209797198251 0.0292718656915 0.0403806308955 0.0378459324322 0.0659914672920 0.0513556761248 0.0353749513963 0.0507005214397 0.106555144323 0.0416514131320 0.0994518559694 0.0548352965038 0.00574042945073 0.0153999834451 0.0107215019340 0.0104873703497 0.0106792183394 0.0153283118161 0.0169135976849 0.0201219968779 0.0131965972535 0.0181473159594 0.0293273684989 0.0101915101678 0.00340688529741 0.00647163514035 0.00913391855004 0.0155134697690 0.00639836377291 0.00988052164876 0.0109175622007 0.0215503731565 0.0266929791241 0.0460182716570 0.0734614754560 0.0431672100701 0.0428842410125 0.00560863850588 0.00182028441415 0.00409998276301 0.00292232807128 0.00228066782893 0.00102877457578
 0.000857321637399 0.00135399942975 0.00219834888733 0.00402342235499 0.00327021965182 0.00658600178796 0.0103653054115 0.0126700691862 0.0180075151988 0.0211443505979 0.0237459558099 0.0507470516665 0.0650027630048 0.0496254401444 0.0739496241599 0.108910821899 0.137414505548 0.189519640264 0.237392617373 0.269716797721 0.275804780629 0.347871324729 0.510568670688 0.523040716264 0.603276439848 0.772531230304 0.735462858116 0.740345106696 0.440495162643 0.288421671247 0.220279495314 0.272897081410 0.311536136000 0.268923075192 0.260224149886 0.255464987940 0.272411098310 0.348491781020 0.315119720520 0.443074257682 0.270908824431 0.210306203166 0.123124407851 0.0994453497275 0.111609215774 0.135420997682 0.114118401121
 0.000697368914614 0.00136101039945 0.00332680307852 0.00715917773531 0.0230129230970 0.00716146537918 0.00922828404661 0.128043950938 0.143183995168 0.128548756614 0.137236141202 0.180730047597 0.0635681702341 0.0294538704986 0.0288780034948 0.0194662956089 0.0133302501731 0.0139305863508 0.0585393841066 0.0484505538767 0.0422006427548 0.0356335050540 0.0249862084228 0.0358292731172 0.0549933028828 0.215549135457 0.375188835135 0.856312828878 1.10568572708 0.299494428081 0.201137108514 0.679383643307 0.0811018056179 0.113857377399 0.0772679919095 0.0518527682445 0.150547241708 0.125734987201 0.108280109673 0.133512155739 0.0315159979819 0.173056107749 0.0848132776134 0.0604013651273 0.0632309195008 0.0240593914200 0.00921189345707
 6.57144537494e-05 6.82206742042e-05 0.000393747115448 7.56958168180e-05 8.08877564956e-05 8.75529848615e-05 9.99199954879e-05 0.000241659282317 0.00613042409037 0.0522804770727 0.0571748876694 0.0853381075429 0.174012971931 0.275891886009 0.441224350477 0.430446719030 0.441230304363 0.353554807782 0.243594525816 0.160381571290 0.107909598725 0.0546571918126 0.00434565872009 0.000135846473516 0.000167942576318 0.000224667603469 0.000318380724937 0.000454614953770 0.000557876331085 0.000550607021805 0.00103245214030 0.00721159559896 0.0221112471377 0.0354442480041 0.0560248643736 0.0422088702269 0.0624528543591 0.0957437477307 0.139697006953 0.222545035954 0.279931124382 0.0949928236291 0.0580864059810 0.0504288613004 0.0633593546475 0.0584736129031 0.0234368405307
# log_selcoffs_fsh[1]:
 -4.11777698201 -1.82401893716 -0.858026029745 0.0934665851732 0.903578248795 1.03000959311 0.280604092793 -0.745797129701 -1.45854989004
 -3.57356510081 -1.21374976162 -0.863683691473 -0.156276913579 0.742966876393 1.06610600982 0.410987928235 -0.544362304943 -1.19335060586
 -3.29038859655 -1.37997697325 -0.631550048346 0.280432365446 0.783634953174 0.823106757535 0.320589820555 -0.440068862306 -1.00295492145
 -2.75977695208 -1.44069913943 -1.05082711024 -0.319113299125 0.872325992947 1.00991732689 0.359950824662 -0.426926226145 -0.916599787906
 -1.48930379618 0.356254007770 -0.00806571252791 -0.107014663385 0.195166652209 0.519392396759 0.267036027549 -0.274249853493 -0.706694884619
 -1.84352308751 -0.366561568763 0.800502462592 0.868038211090 -0.000866975353972 -0.206165839296 -0.316593559890 -0.577096130206 -0.828393194192
 -1.65382277014 -0.358349001799 0.785122496666 0.970882350606 0.200797285616 -0.375790621346 -0.633823839134 -0.805148398851 -0.941092257814
 -1.03515547978 -0.334392098255 0.733032593732 1.07027354998 0.151191726234 -0.487584880271 -0.835295354462 -0.989299844159 -1.05387357838
 -0.837924957941 0.450569559105 0.335192226562 0.680765119394 0.570423614792 -0.257563095053 -0.850473673719 -1.08947164618 -1.14245941118
 -0.728238983912 0.395810639799 0.553504277752 0.821446431607 0.350622424944 -0.426726624264 -1.00393049784 -1.22094049084 -1.25685391936
 0.0927337636335 1.31478247614 0.247578671073 0.0124616998054 -0.397429873522 -0.882970169181 -1.22891208770 -1.36432782700 -1.37964097033
 0.362733795098 1.03482056665 0.691235253876 0.180686686866 -0.649316050850 -1.13164595187 -1.38530736622 -1.47441113848 -1.47028215774
 -0.359044581624 1.47101525699 0.682971623813 -0.268659784036 -1.03444769926 -1.42790201259 -1.57820533807 -1.61287306941 -1.59476966210
 0.259585339139 1.47163076857 0.527355878237 -0.474446433137 -1.27808382874 -1.60355727453 -1.70122595903 -1.70564346722 -1.67807476107
 0.360857034169 1.53621842319 0.375955632812 -0.648143519054 -1.38724832119 -1.69730559579 -1.79025674919 -1.78955632030 -1.75927501579
 -0.584600968422 1.60842617126 0.658100690603 -0.470470968364 -1.39031341584 -1.75210669838 -1.86159906984 -1.86555422079 -1.83722289398
 -0.457883516243 1.66658419910 0.493281965530 -0.541759671696 -1.41547925403 -1.78529372081 -1.90874826316 -1.92460851437 -1.90271114176
 0.410749513102 1.35937003909 0.781314847984 -0.530927319662 -1.44931278434 -1.80922580490 -1.93744770680 -1.96193546043 -1.94672152851
 0.953035285591 1.35737823319 0.217775747540 -0.714608448265 -1.48958486296 -1.84788016491 -1.98734395570 -2.01743912636 -2.00504125216
 0.353086100441 1.45940507325 0.655391620967 -0.530739873220 -1.49133021816 -1.89941317508 -2.04272883058 -2.06886992488 -2.05300069314
 0.544156380038 1.59078581235 0.206673261847 -0.815594590148 -1.61535535587 -1.98358385518 -2.11497808068 -2.13121894753 -2.10733734017
 0.476049678462 1.54262049563 0.535258706685 -0.966005616481 -1.81221041755 -2.10644726125 -2.19258937290 -2.18809251571 -2.15195232283
 1.00396045866 1.41171014825 0.189438181695 -0.998391425134 -1.86194837616 -2.18132645569 -2.26174586745 -2.23966321606 -2.18926519292
 0.231990348860 1.74819370868 0.0877830955860 -1.10552866225 -1.87500583681 -2.20813020987 -2.30946209019 -2.28906242300 -2.22607377882
 0.515523739920 1.60217293638 0.297003461290 -0.890335532579 -1.71800994252 -2.14169117062 -2.29976686416 -2.29602766391 -2.23007071878
 0.558695996710 1.36998885072 0.597604843358 -0.200213765597 -1.47132573857 -2.04972639165 -2.23697440720 -2.25713701171 -2.20577612822
 -0.332753629236 1.43930543085 0.739129106765 0.163453719574 -1.21376228594 -1.88561931863 -2.13045712468 -2.18593701622 -2.17473323399
 -0.320547504995 1.48921952058 0.754461200539 -0.146968811148 -1.18637335378 -1.75852226762 -2.01065551435 -2.10926411318 -2.13729026778
 1.48263927188 0.820178530566 -0.0266878093511 -0.680760717353 -1.32077494808 -1.70412678873 -1.92856594130 -2.05029488913 -2.10595324107
 1.10259063838 1.35385306901 -0.0813447099324 -1.02825465600 -1.44524659920 -1.67925015821 -1.86855432343 -2.00448247788 -2.07992639354
 0.780333410818 1.59348292442 -0.359295878615 -1.11708803536 -1.39809407233 -1.62754310997 -1.82250752009 -1.97276754223 -2.06063570267
 0.393628310586 1.56631082169 0.222242808057 -0.677487885074 -1.18955910897 -1.51450837316 -1.76152675044 -1.93410620336 -2.03005105182
 -0.579958364074 0.958971138095 1.16930062530 0.297784286008 -0.628520544776 -1.32133739672 -1.70740020650 -1.90825525033 -2.00528413997
# log_selcoffs_fsh[2]:
 -2.01878388117 0.0284285605811 0.747506648974 0.993631601129 0.621078025341 -0.190168913652 -0.815569011306 -1.14021722995 -1.22167171582 -1.26952126509
 -2.09331126447 0.00133527174249 -0.421339621578 0.347352485655 0.903633423426 0.735935942893 -0.0423158407751 -0.726882264798 -0.921045496073 -0.896907942598
 -2.96386589840 -0.797513724303 -0.429759705133 0.204541215036 0.812475816647 0.858948178518 0.221808698427 -0.454690700549 -0.620665284487 -0.535142042011
 -3.41822459789 -1.68466848329 -0.686490934833 -0.133940179678 0.668633952563 0.995620253551 0.308268877387 -0.247176841469 -0.305483619307 -0.142793074811
 -2.57886188918 -0.842862473853 -1.32358263914 -0.761471539168 0.252091630067 0.882627153995 0.400795409862 0.0167503418516 0.104971405186 0.361838179056
 -1.72522831957 -0.741178430042 -0.741970823100 -1.01877250412 -0.497369849891 -0.0119177258772 0.147121789638 0.248862419413 0.590711604971 0.980387569912
 -3.02844377163 -1.37543135447 -0.394847228331 -0.409487762895 -0.641485941811 -0.489310547618 -0.200282164036 0.190780400464 0.695245587122 1.15959837833
 -3.97598888554 -2.78022834767 -1.76985874731 -0.774684572911 -0.212728380085 0.0352157419299 0.215836250156 0.207101477711 0.625544752615 1.13253671376
 -4.29355830589 -3.01528461825 -2.55184686921 -1.58397033914 -0.461503881860 0.0725993409248 0.424352197743 0.599999838263 0.713503914499 0.938729810484
 -4.38214302863 -2.79969441778 -2.17102314563 -1.72380514548 -1.24758355639 -0.382914506853 0.225324990290 0.865679270298 1.07716766629 0.741678244235
 -4.10998425481 -2.03698395076 -1.44368979774 -1.05879554686 -0.736704852498 -0.596615233942 -0.0109681282617 0.718781688405 1.07618884717 0.818183451921
 -4.14136029966 -2.17376461773 -1.31247930583 -0.928773945540 -0.557743899633 -0.220276964193 0.408927739154 0.774320981834 0.814901792875 0.640847563106
 -3.60584419761 -1.10365293958 -0.721650803563 -0.385200742131 -0.129849448665 -0.214290088353 0.236480271909 0.513261578059 0.645780266901 0.665048095682
 -2.90547353617 -0.794033445824 -0.326387670286 -0.157555108130 -0.108576254847 -0.0347487622114 0.180190054473 0.382108663130 0.507469929178 0.548494863740
 -2.41363166614 -0.136672470176 -0.0104653148756 -0.173166311271 -0.375593799857 -0.274450218356 0.0964023660410 0.314121420575 0.479035807570 0.516422634858
 -2.06604451121 0.226709419402 -0.121256942217 -0.261828918764 -0.505755389958 -0.345271613638 0.0226561813469 0.247756020035 0.436087800143 0.588683699492
 -1.37131646860 0.195888769898 -0.0506201625676 -0.202384044716 -0.537043347936 -0.563843832589 -0.209569630039 0.127862585544 0.445263653479 0.742266751547
 -2.04302261705 0.108970698454 0.160512562575 -0.0462982465884 -0.472552895322 -0.540769880825 -0.251135942558 0.120721703221 0.406984322401 0.699202694048
 -2.51339591992 -0.362884776524 0.0758422972510 -0.0628998495995 -0.425659600457 -0.403343021398 -0.0680485081712 0.273642291898 0.519117678801 0.670178023754
 -2.60873991347 -0.763970057702 -0.476197338929 -0.197183224102 -0.344062234460 -0.325609956095 0.0432906416570 0.421105558004 0.637404502707 0.755161403944
 -2.60455384538 -0.756335787486 -0.337009342459 -0.0814722095285 -0.296762082975 -0.438353948810 -0.146450583609 0.311915711735 0.639116506776 0.836419414329
 -2.78834724847 -0.778725648172 -0.353637960385 0.00810045591694 -0.145615334116 -0.270107810553 -0.0456006940616 0.203887717524 0.514035567814 0.827602839575
 -2.94809667612 -1.32884939153 -0.473927964332 0.0995015997539 0.107518813387 -0.0559354964650 0.0472094072033 0.227538738893 0.404384292791 0.739203814420
 -3.04800800222 -1.57467359583 -0.859735171879 -0.222491500293 0.179656712309 0.0692480981282 0.296898386288 0.427483498515 0.506224531850 0.539459130477
 -3.23222142737 -1.00439327303 -0.423928899113 -0.634713831302 -0.244445338240 0.0882659352331 0.257829739009 0.580661318587 0.552772041773 0.539346536982
 -3.48733967244 -1.92830183776 -0.889415446915 0.0947068806032 0.0404677446205 0.0231693087137 0.157759172467 0.380397226482 0.587936485986 0.596104082994
 -4.04884470435 -1.72488964150 -1.13205315262 0.268064223279 0.528713968212 0.265916196865 0.153228300696 0.330067311946 0.271428367379 0.265972087830
 -4.66654116607 -1.64719075190 -1.01202998762 -0.0516745220908 0.324713401245 0.179131801001 0.683498408706 0.521714689035 0.176799908827 0.0449473299760
 -4.78214749848 -2.96502704620 -1.90893244872 -0.241516621348 0.406556885169 0.529198396754 1.00436098975 0.213988687452 -0.0722275683549 -0.0964127845314
 -4.74484553102 -2.63123051154 -1.24364601780 -0.368192675118 0.712432722473 0.762869162152 0.489663357582 0.0393894933454 -0.0448073864840 0.120011124808
 -4.18977902091 -1.29825744808 -0.623389170039 -0.200980414404 -0.180629498757 -0.208848239331 0.0745018998560 0.224127700187 0.560253900164 0.967680245985
 -4.56619898664 -1.63726240736 -0.689284102945 -0.696876163201 -0.519808586180 -0.420509711062 -0.348024441071 0.150061658730 0.743837163746 1.27303869943
 -3.52326415523 -1.57135422515 -0.875203607523 -0.876749782491 -0.978452070468 -0.969674465777 -0.829820407165 -0.146726109692 0.830602412119 1.52177876906
 -3.34618150404 -1.82072362547 -1.02701383473 -0.870124420419 -0.959152744739 -0.983250915989 -0.752857956149 -0.0849631160415 0.832472907662 1.52170487091
# log_selcoffs_fsh[3]:
 -3.20342892183 -0.370214943202 1.39045891260 0.687983071810 -1.51133219176 -3.46035646727 -4.56925949819
 -3.34875070416 0.252421570484 1.33538651279 0.505815357296 -1.72749138841 -3.51288805067 -4.56683851093
# log_selcoffs_fsh[4]:
 -4.16270045789 -3.48036530501 -2.76775020791 -1.99629366077 -1.16751282740 -0.328421347994 0.422331669110 0.975349039749 1.26587402362
 -4.15467696522 -3.47924070042 -2.77221698238 -2.00294601527 -1.17215481613 -0.330083312252 0.423154404851 0.977706309641 1.26478566554
 -4.14007818161 -3.47846552433 -2.78555745092 -2.01893389224 -1.18057161805 -0.327926464932 0.434220453020 0.981246261169 1.25836861879
 -4.11958959700 -3.47188823315 -2.80437475538 -2.06400041298 -1.20968396854 -0.320912829599 0.453761650497 0.991867036531 1.24442435766
 -4.08929411163 -3.45332559971 -2.80823384503 -2.10069049395 -1.28583442165 -0.365372555262 0.476998073990 1.01833500247 1.22927669543
 -4.05411391036 -3.40451299839 -2.79538270226 -2.13702391707 -1.31703625493 -0.395542976704 0.479197485048 1.04202998002 1.21768119355
 -4.02667604738 -3.36641036483 -2.71416190619 -2.10508739869 -1.35889481917 -0.409106606961 0.503671329454 1.05424647396 1.19808726163
 -3.98857224747 -3.32362165785 -2.64858870768 -1.95084025523 -1.25201415163 -0.389522847883 0.490922328056 1.04722470265 1.18957487623
 -3.95374833421 -3.26152438833 -2.59977005176 -1.90006084907 -1.11128691504 -0.278982646721 0.534353885449 1.01571918636 1.15223362380
 -3.90822264341 -3.13402328291 -2.39851143058 -1.74969741214 -1.03530239265 -0.205961847469 0.529914444003 0.995748380092 1.13049291528
 -3.85874430437 -2.99194654290 -2.14147672892 -1.37716805919 -0.812510578533 -0.205426248809 0.476310684677 0.942391587218 1.13932722204
 -3.82853702304 -2.89436670005 -1.95467445315 -1.07039499665 -0.398803563494 -0.0704216294560 0.364180518926 0.842694311930 1.12277377159
 -3.83738369489 -2.85075636383 -1.87820891079 -0.959685928956 -0.225253919441 0.180154977636 0.398701769000 0.737230406237 1.03283867576
 -3.85452573038 -2.82338463439 -1.81475710552 -0.898544734198 -0.192763001020 0.233851492119 0.489658740378 0.736128820043 0.932810200963
 -3.87101874480 -2.80174632344 -1.75772199325 -0.820254506968 -0.112318205057 0.304174713692 0.532204110777 0.709764522112 0.841671980605
 -3.89012379601 -2.79234341359 -1.70707671683 -0.730294888159 0.00661171722270 0.379653068713 0.544767213388 0.660470587480 0.754616808317
 -3.90909903285 -2.80278106954 -1.68516267508 -0.609354331151 0.171574052749 0.450481205282 0.515579108862 0.591434078799 0.669243533809
 -3.91686154814 -2.81547830136 -1.71194305355 -0.655646828167 0.195084173751 0.525774881119 0.581995913854 0.530272655245 0.601259242054
 -3.90085409220 -2.83025425637 -1.76135408324 -0.848568253871 0.0146263433326 0.601021375528 0.601008783268 0.611688416408 0.595933641220
 -3.81560657632 -2.81827037917 -1.80505578500 -0.902074827676 -0.298952781080 0.323652531257 0.716499527205 0.700958185975 0.770744761872
 -3.76411049865 -2.86146330182 -1.99524642091 -1.15968376927 -0.466935024902 0.124597598064 0.663581180031 0.897242401626 0.839791601101
 -3.67461073676 -2.85721730601 -2.09259638684 -1.41958502481 -0.754724851420 -0.131816382391 0.673300562297 0.975920505665 0.952075883440
 -3.52405119788 -2.74271695931 -2.01638270903 -1.41144313500 -0.860782138520 -0.215871854698 0.480077444696 0.989475670919 1.09677883674
 -3.40071113088 -2.65508319019 -1.98899665779 -1.43178133145 -0.917207889084 -0.343253009352 0.329336855516 0.927547860850 1.25081877637
 -3.30775102082 -2.57476960264 -1.94399177280 -1.47064600209 -1.02519983191 -0.485257522619 0.168720923420 0.872158729521 1.37730397557
 -3.24033849470 -2.48579400364 -1.85834464557 -1.49633941448 -1.15794053453 -0.673652537202 -0.00857631200833 0.797838025588 1.49549411023
 -3.16641853457 -2.38186251336 -1.64822421533 -1.46769968361 -1.21956862514 -0.799733985932 -0.222529638406 0.674038260071 1.59638892952
 -3.15571699905 -2.39846185605 -1.78108743050 -1.47449690162 -1.21454178933 -0.802600501553 -0.151122330371 0.751949776481 1.55673385371
# log_sel_spl_fsh[1]:
 0.00000000000 0.00000000000 0.00000000000 0.00000000000
 0.00000000000 0.00000000000 0.00000000000 0.00000000000
 0.00000000000 0.00000000000 0.00000000000 0.00000000000
 0.00000000000 0.00000000000 0.00000000000 0.00000000000
 0.00000000000 0.00000000000 0.00000000000 0.00000000000
 0.00000000000 0.00000000000 0.00000000000 0.00000000000
 0.00000000000 0.00000000000 0.00000000000 0.00000000000
 0.00000000000 0.00000000000 0.00000000000 0.00000000000
 0.00000000000 0.00000000000 0.00000000000 0.00000000000
 0.00000000000 0.00000000000 0.00000000000 0.00000000000
 0.00000000000 0.00000000000 0.00000000000 0.00000000000
 0.00000000000 0.00000000000 0.00000000000 0.00000000000
 0.00000000000 0.00000000000 0.00000000000 0.00000000000
 0.00000000000 0.00000000000 0.00000000000 0.00000000000
 0.00000000000 0.00000000000 0.00000000000 0.00000000000
 0.00000000000 0.00000000000 0.00000000000 0.00000000000
 0.00000000000 0.00000000000 0.00000000000 0.00000000000
 0.00000000000 0.00000000000 0.00000000000 0.00000000000
 0.00000000000 0.00000000000 0.00000000000 0.00000000000
 0.00000000000 0.00000000000 0.00000000000 0.00000000000
 0.00000000000 0.00000000000 0.00000000000 0.00000000000
 0.00000000000 0.00000000000 0.00000000000 0.00000000000
 0.00000000000 0.00000000000 0.00000000000 0.00000000000
 0.00000000000 0.00000000000 0.00000000000 0.00000000000
 0.00000000000 0.00000000000 0.00000000000 0.00000000000
 0.00000000000 0.00000000000 0.00000000000 0.00000000000
 0.00000000000 0.00000000000 0.00000000000 0.00000000000
 0.00000000000 0.00000000000 0.00000000000 0.00000000000
 0.00000000000 0.00000000000 0.00000000000 0.00000000000
 0.00000000000 0.00000000000 0.00000000000 0.00000000000
 0.00000000000 0.00000000000 0.00000000000 0.00000000000
 0.00000000000 0.00000000000 0.00000000000 0.00000000000
 0.00000000000 0.00000000000 0.00000000000 0.00000000000
# log_sel_spl_fsh[2]:
 0.00000000000 0.00000000000 0.00000000000 0.00000000000
 0.00000000000 0.00000000000 0.00000000000 0.00000000000
 0.00000000000 0.00000000000 0.00000000000 0.00000000000
 0.00000000000 0.00000000000 0.00000000000 0.00000000000
 0.00000000000 0.00000000000 0.00000000000 0.00000000000
 0.00000000000 0.00000000000 0.00000000000 0.00000000000
 0.00000000000 0.00000000000 0.00000000000 0.00000000000
 0.00000000000 0.00000000000 0.00000000000 0.00000000000
 0.00000000000 0.00000000000 0.00000000000 0.00000000000
 0.00000000000 0.00000000000 0.00000000000 0.00000000000
 0.00000000000 0.00000000000 0.00000000000 0.00000000000
 0.00000000000 0.00000000000 0.00000000000 0.00000000000
 0.00000000000 0.00000000000 0.00000000000 0.00000000000
 0.00000000000 0.00000000000 0.00000000000 0.00000000000
 0.00000000000 0.00000000000 0.00000000000 0.00000000000
 0.00000000000 0.00000000000 0.00000000000 0.00000000000
 0.00000000000 0.00000000000 0.00000000000 0.00000000000
 0.00000000000 0.00000000000 0.00000000000 0.00000000000
 0.00000000000 0.00000000000 0.00000000000 0.00000000000
 0.00000000000 0.00000000000 0.00000000000 0.00000000000
 0.00000000000 0.00000000000 0.00000000000 0.00000000000
 0.00000000000 0.00000000000 0.00000000000 0.00000000000
 0.00000000000 0.00000000000 0.00000000000 0.00000000000
 0.00000000000 0.00000000000 0.00000000000 0.00000000000
 0.00000000000 0.00000000000 0.00000000000 0.00000000000
 0.00000000000 0.00000000000 0.00000000000 0.00000000000
 0.00000000000 0.00000000000 0.00000000000 0.00000000000
 0.00000000000 0.00000000000 0.00000000000 0.00000000000
 0.00000000000 0.00000000000 0.00000000000 0.00000000000
 0.00000000000 0.00000000000 0.00000000000 0.00000000000
 0.00000000000 0.00000000000 0.00000000000 0.00000000000
 0.00000000000 0.00000000000 0.00000000000 0.00000000000
 0.00000000000 0.00000000000 0.00000000000 0.00000000000
 0.00000000000 0.00000000000 0.00000000000 0.00000000000
# log_sel_spl_fsh[3]:
 0.00000000000 0.00000000000 0.00000000000 0.00000000000
 0.00000000000 0.00000000000 0.00000000000 0.00000000000
# log_sel_spl_fsh[4]:
 0.00000000000 0.00000000000 0.00000000000 0.00000000000
 0.00000000000 0.00000000000 0.00000000000 0.00000000000
 0.00000000000 0.00000000000 0.00000000000 0.00000000000
 0.00000000000 0.00000000000 0.00000000000 0.00000000000
 0.00000000000 0.00000000000 0.00000000000 0.00000000000
 0.00000000000 0.00000000000 0.00000000000 0.00000000000
 0.00000000000 0.00000000000 0.00000000000 0.00000000000
 0.00000000000 0.00000000000 0.00000000000 0.00000000000
 0.00000000000 0.00000000000 0.00000000000 0.00000000000
 0.00000000000 0.00000000000 0.00000000000 0.00000000000
 0.00000000000 0.00000000000 0.00000000000 0.00000000000
 0.00000000000 0.00000000000 0.00000000000 0.00000000000
 0.00000000000 0.00000000000 0.00000000000 0.00000000000
 0.00000000000 0.00000000000 0.00000000000 0.00000000000
 0.00000000000 0.00000000000 0.00000000000 0.00000000000
 0.00000000000 0.00000000000 0.00000000000 0.00000000000
 0.00000000000 0.00000000000 0.00000000000 0.00000000000
 0.00000000000 0.00000000000 0.00000000000 0.00000000000
 0.00000000000 0.00000000000 0.00000000000 0.00000000000
 0.00000000000 0.00000000000 0.00000000000 0.00000000000
 0.00000000000 0.00000000000 0.00000000000 0.00000000000
 0.00000000000 0.00000000000 0.00000000000 0.00000000000
 0.00000000000 0.00000000000 0.00000000000 0.00000000000
 0.00000000000 0.00000000000 0.00000000000 0.00000000000
 0.00000000000 0.00000000000 0.00000000000 0.00000000000
 0.00000000000 0.00000000000 0.00000000000 0.00000000000
 0.00000000000 0.00000000000 0.00000000000 0.00000000000
 0.00000000000 0.00000000000 0.00000000000 0.00000000000
# logsel_slope_fsh[1]:
 0.00000000000 0.00000000000 0.00000000000 0.00000000000 0.00000000000 0.00000000000 0.00000000000 0.00000000000 0.00000000000 0.00000000000 0.00000000000 0.00000000000 0.00000000000 0.00000000000 0.00000000000 0.00000000000 0.00000000000 0.00000000000 0.00000000000 0.00000000000 0.00000000000 0.00000000000 0.00000000000 0.00000000000 0.00000000000 0.00000000000 0.00000000000 0.00000000000 0.00000000000 0.00000000000 0.00000000000 0.00000000000 0.00000000000
# logsel_slope_fsh[2]:
 0.00000000000 0.00000000000 0.00000000000 0.00000000000 0.00000000000 0.00000000000 0.00000000000 0.00000000000 0.00000000000 0.00000000000 0.00000000000 0.00000000000 0.00000000000 0.00000000000 0.00000000000 0.00000000000 0.00000000000 0.00000000000 0.00000000000 0.00000000000 0.00000000000 0.00000000000 0.00000000000 0.00000000000 0.00000000000 0.00000000000 0.00000000000 0.00000000000 0.00000000000 0.00000000000 0.00000000000 0.00000000000 0.00000000000 0.00000000000
# logsel_slope_fsh[3]:
 0.00000000000 0.00000000000
# logsel_slope_fsh[4]:
 0.00000000000 0.00000000000 0.00000000000 0.00000000000 0.00000000000 0.00000000000 0.00000000000 0.00000000000 0.00000000000 0.00000000000 0.00000000000 0.00000000000 0.00000000000 0.00000000000 0.00000000000 0.00000000000 0.00000000000 0.00000000000 0.00000000000 0.00000000000 0.00000000000 0.00000000000 0.00000000000 0.00000000000 0.00000000000 0.00000000000 0.00000000000 0.00000000000
# sel50_fsh[1]:
 0.00000000000 0.00000000000 0.00000000000 0.00000000000 0.00000000000 0.00000000000 0.00000000000 0.00000000000 0.00000000000 0.00000000000 0.00000000000 0.00000000000 0.00000000000 0.00000000000 0.00000000000 0.00000000000 0.00000000000 0.00000000000 0.00000000000 0.00000000000 0.00000000000 0.00000000000 0.00000000000 0.00000000000 0.00000000000 0.00000000000 0.00000000000 0.00000000000 0.00000000000 0.00000000000 0.00000000000 0.00000000000 0.00000000000
# sel50_fsh[2]:
 0.00000000000 0.00000000000 0.00000000000 0.00000000000 0.00000000000 0.00000000000 0.00000000000 0.00000000000 0.00000000000 0.00000000000 0.00000000000 0.00000000000 0.00000000000 0.00000000000 0.00000000000 0.00000000000 0.00000000000 0.00000000000 0.00000000000 0.00000000000 0.00000000000 0.00000000000 0.00000000000 0.00000000000 0.00000000000 0.00000000000 0.00000000000 0.00000000000 0.00000000000 0.00000000000 0.00000000000 0.00000000000 0.00000000000 0.00000000000
# sel50_fsh[3]:
 0.00000000000 0.00000000000
# sel50_fsh[4]:
 0.00000000000 0.00000000000 0.00000000000 0.00000000000 0.00000000000 0.00000000000 0.00000000000 0.00000000000 0.00000000000 0.00000000000 0.00000000000 0.00000000000 0.00000000000 0.00000000000 0.00000000000 0.00000000000 0.00000000000 0.00000000000 0.00000000000 0.00000000000 0.00000000000 0.00000000000 0.00000000000 0.00000000000 0.00000000000 0.00000000000 0.00000000000 0.00000000000
# logsel_p1_fsh[1]:
 0.00000000000 0.00000000000 0.00000000000 0.00000000000 0.00000000000 0.00000000000 0.00000000000 0.00000000000 0.00000000000 0.00000000000 0.00000000000 0.00000000000 0.00000000000 0.00000000000 0.00000000000 0.00000000000 0.00000000000 0.00000000000 0.00000000000 0.00000000000 0.00000000000 0.00000000000 0.00000000000 0.00000000000 0.00000000000 0.00000000000 0.00000000000 0.00000000000 0.00000000000 0.00000000000 0.00000000000 0.00000000000 0.00000000000
# logsel_p1_fsh[2]:
 0.00000000000 0.00000000000 0.00000000000 0.00000000000 0.00000000000 0.00000000000 0.00000000000 0.00000000000 0.00000000000 0.00000000000 0.00000000000 0.00000000000 0.00000000000 0.00000000000 0.00000000000 0.00000000000 0.00000000000 0.00000000000 0.00000000000 0.00000000000 0.00000000000 0.00000000000 0.00000000000 0.00000000000 0.00000000000 0.00000000000 0.00000000000 0.00000000000 0.00000000000 0.00000000000 0.00000000000 0.00000000000 0.00000000000 0.00000000000
# logsel_p1_fsh[3]:
 0.00000000000 0.00000000000
# logsel_p1_fsh[4]:
 0.00000000000 0.00000000000 0.00000000000 0.00000000000 0.00000000000 0.00000000000 0.00000000000 0.00000000000 0.00000000000 0.00000000000 0.00000000000 0.00000000000 0.00000000000 0.00000000000 0.00000000000 0.00000000000 0.00000000000 0.00000000000 0.00000000000 0.00000000000 0.00000000000 0.00000000000 0.00000000000 0.00000000000 0.00000000000 0.00000000000 0.00000000000 0.00000000000
# sel_p2_fsh[1]:
 0.00000000000 0.00000000000 0.00000000000 0.00000000000 0.00000000000 0.00000000000 0.00000000000 0.00000000000 0.00000000000 0.00000000000 0.00000000000 0.00000000000 0.00000000000 0.00000000000 0.00000000000 0.00000000000 0.00000000000 0.00000000000 0.00000000000 0.00000000000 0.00000000000 0.00000000000 0.00000000000 0.00000000000 0.00000000000 0.00000000000 0.00000000000 0.00000000000 0.00000000000 0.00000000000 0.00000000000 0.00000000000 0.00000000000
# sel_p2_fsh[2]:
 0.00000000000 0.00000000000 0.00000000000 0.00000000000 0.00000000000 0.00000000000 0.00000000000 0.00000000000 0.00000000000 0.00000000000 0.00000000000 0.00000000000 0.00000000000 0.00000000000 0.00000000000 0.00000000000 0.00000000000 0.00000000000 0.00000000000 0.00000000000 0.00000000000 0.00000000000 0.00000000000 0.00000000000 0.00000000000 0.00000000000 0.00000000000 0.00000000000 0.00000000000 0.00000000000 0.00000000000 0.00000000000 0.00000000000 0.00000000000
# sel_p2_fsh[3]:
 0.00000000000 0.00000000000
# sel_p2_fsh[4]:
 0.00000000000 0.00000000000 0.00000000000 0.00000000000 0.00000000000 0.00000000000 0.00000000000 0.00000000000 0.00000000000 0.00000000000 0.00000000000 0.00000000000 0.00000000000 0.00000000000 0.00000000000 0.00000000000 0.00000000000 0.00000000000 0.00000000000 0.00000000000 0.00000000000 0.00000000000 0.00000000000 0.00000000000 0.00000000000 0.00000000000 0.00000000000 0.00000000000
# logsel_p3_fsh[1]:
 0.00000000000 0.00000000000 0.00000000000 0.00000000000 0.00000000000 0.00000000000 0.00000000000 0.00000000000 0.00000000000 0.00000000000 0.00000000000 0.00000000000 0.00000000000 0.00000000000 0.00000000000 0.00000000000 0.00000000000 0.00000000000 0.00000000000 0.00000000000 0.00000000000 0.00000000000 0.00000000000 0.00000000000 0.00000000000 0.00000000000 0.00000000000 0.00000000000 0.00000000000 0.00000000000 0.00000000000 0.00000000000 0.00000000000
# logsel_p3_fsh[2]:
 0.00000000000 0.00000000000 0.00000000000 0.00000000000 0.00000000000 0.00000000000 0.00000000000 0.00000000000 0.00000000000 0.00000000000 0.00000000000 0.00000000000 0.00000000000 0.00000000000 0.00000000000 0.00000000000 0.00000000000 0.00000000000 0.00000000000 0.00000000000 0.00000000000 0.00000000000 0.00000000000 0.00000000000 0.00000000000 0.00000000000 0.00000000000 0.00000000000 0.00000000000 0.00000000000 0.00000000000 0.00000000000 0.00000000000 0.00000000000
# logsel_p3_fsh[3]:
 0.00000000000 0.00000000000
# logsel_p3_fsh[4]:
 0.00000000000 0.00000000000 0.00000000000 0.00000000000 0.00000000000 0.00000000000 0.00000000000 0.00000000000 0.00000000000 0.00000000000 0.00000000000 0.00000000000 0.00000000000 0.00000000000 0.00000000000 0.00000000000 0.00000000000 0.00000000000 0.00000000000 0.00000000000 0.00000000000 0.00000000000 0.00000000000 0.00000000000 0.00000000000 0.00000000000 0.00000000000 0.00000000000
# rec_dev_future:
 0.00000000000 0.00000000000 0.00000000000 0.00000000000 0.00000000000 0.00000000000 0.00000000000 0.00000000000 0.00000000000 0.00000000000 0.00000000000 0.00000000000 0.00000000000 0.00000000000 0.00000000000 0.00000000000 0.00000000000 0.00000000000 0.00000000000 0.00000000000
 0.00000000000 0.00000000000 0.00000000000 0.00000000000 0.00000000000 0.00000000000 0.00000000000 0.00000000000 0.00000000000 0.00000000000 0.00000000000 0.00000000000 0.00000000000 0.00000000000 0.00000000000 0.00000000000 0.00000000000 0.00000000000 0.00000000000 0.00000000000
# log_q_ind[1]:
0.393238874194
# log_q_ind[2]:
-4.02952948359
# log_q_ind[3]:
-9.46696005807
# log_q_ind[4]:
-0.238334169606
# log_q_ind[5]:
-3.81678977578
# log_q_ind[6]:
-6.23538347768
# log_q_ind[7]:
-0.214412945260
# log_q_power_ind[1]:
0.00000000000
# log_q_power_ind[2]:
0.00000000000
# log_q_power_ind[3]:
0.00000000000
# log_q_power_ind[4]:
0.00000000000
# log_q_power_ind[5]:
0.00000000000
# log_q_power_ind[6]:
0.00000000000
# log_q_power_ind[7]:
0.00000000000
# log_rw_q_ind[1]:
 -0.914312019008
# log_rw_q_ind[3]:
 -0.287192572857
# log_selcoffs_ind[1]:
 -2.89729464450 -0.948281429798 -0.531734186876 -0.256776516578 -0.170068152735 0.0243883811899 0.235389656276 0.407354980514 0.530563248244 0.620507205564
 -4.40964135975 -2.83666971040 -1.47619804929 -0.517923739526 -0.190488225941 -0.0208540221056 0.160210117356 0.445532167191 0.751094039626 0.893900178121
# log_selcoffs_ind[2]:
 1.03885620486 1.38432057936 0.468097706810 -0.466679097385 -1.15480570042 -1.61685013825 -1.93338506440 -2.16703213023 -2.33526826998 -2.42736784895
 1.38977124662 0.711970424528 0.440982204028 0.0878145492255 -0.525122838069 -1.22604705625 -1.82672000404 -2.25799012996 -2.52146135192 -2.64127248921
# log_selcoffs_ind[3]:
 -0.202940821038 0.0202027052767 0.0202027052767 0.0202027052767 0.0202027052767 0.0202027052767 0.0202027052767 0.0202027052767 0.0202027052767 0.0202027052767
# log_selcoffs_ind[4]:
 -0.736121197613 -0.566801034928 -0.405553838676 -0.262543766309 -0.128484156676 0.0117114444320 0.156293867788 0.293785739370 0.406884238561 0.478709284894
 -1.42771212475 -1.17895155387 -0.921024865558 -0.639922319085 -0.339027654409 -0.0349733114578 0.250136840263 0.485565138103 0.643292774976 0.711465291661
# log_selcoffs_ind[5]:
 -3.04452005677 -0.669616569639 0.101782682789 0.174353368097 0.174353368097 0.174353368097 0.174353368097 0.174353368097 0.174353368097 0.174353368097
# log_selcoffs_ind[6]:
 -3.04452005677 -0.669616569639 0.101782682789 0.174353368097 0.174353368097 0.174353368097 0.174353368097 0.174353368097 0.174353368097 0.174353368097
# log_selcoffs_ind[7]:
 -3.04452005677 -0.669616569639 0.101782682789 0.174353368097 0.174353368097 0.174353368097 0.174353368097 0.174353368097 0.174353368097 0.174353368097
# logsel_slope_ind[1]:
 0.00000000000 0.00000000000
# logsel_slope_ind[2]:
 0.00000000000 0.00000000000
# logsel_slope_ind[3]:
 0.00000000000
# logsel_slope_ind[4]:
 0.00000000000 0.00000000000
# logsel_slope_ind[5]:
 0.00000000000
# logsel_slope_ind[6]:
 0.00000000000
# logsel_slope_ind[7]:
 0.00000000000
# sel50_ind[1]:
 0.00000000000 0.00000000000
# sel50_ind[2]:
 0.00000000000 0.00000000000
# sel50_ind[3]:
 0.00000000000
# sel50_ind[4]:
 0.00000000000 0.00000000000
# sel50_ind[5]:
 0.00000000000
# sel50_ind[6]:
 0.00000000000
# sel50_ind[7]:
 0.00000000000
# logsel_p1_ind[1]:
 0.00000000000 0.00000000000
# logsel_p1_ind[2]:
 0.00000000000 0.00000000000
# logsel_p1_ind[3]:
 0.00000000000
# logsel_p1_ind[4]:
 0.00000000000 0.00000000000
# logsel_p1_ind[5]:
 0.00000000000
# logsel_p1_ind[6]:
 0.00000000000
# logsel_p1_ind[7]:
 0.00000000000
# sel_p2_ind[1]:
 0.00000000000 0.00000000000
# sel_p2_ind[2]:
 0.00000000000 0.00000000000
# sel_p2_ind[3]:
 0.00000000000
# sel_p2_ind[4]:
 0.00000000000 0.00000000000
# sel_p2_ind[5]:
 0.00000000000
# sel_p2_ind[6]:
 0.00000000000
# sel_p2_ind[7]:
 0.00000000000
# logsel_p3_ind[1]:
 0.00000000000 0.00000000000
# logsel_p3_ind[2]:
 0.00000000000 0.00000000000
# logsel_p3_ind[3]:
 0.00000000000
# logsel_p3_ind[4]:
 0.00000000000 0.00000000000
# logsel_p3_ind[5]:
 0.00000000000
# logsel_p3_ind[6]:
 0.00000000000
# logsel_p3_ind[7]:
 0.00000000000
