# Number of parameters = 1468 Objective function value = 1288.62883761876  Maximum gradient component = 0.233512279959094
# Mest[1]:
0.230000000000
# Mest[2]:
0.330000000000
# log_Linf[1]:
4.30945594184
# log_Linf[2]:
4.38701417618
# log_k[1]:
-1.83258146375
# log_k[2]:
-1.83258146375
# log_Lo[1]:
2.89037175790
# log_Lo[2]:
2.89037175790
# log_sdage[1]:
-2.40794560865
# log_sdage[2]:
-2.40794560865
# mean_log_rec[1]:
9.48131393689
# mean_log_rec[2]:
8.33009672086
# mean_log_rec[3]:
7.75776720647
# steepness[1]:
0.650000000000
# steepness[2]:
0.650000000000
# steepness[3]:
0.650000000000
# log_Rzero[1]:
9.22114580595
# log_Rzero[2]:
8.37875697306
# log_Rzero[3]:
7.39720804794
# rec_dev:
 -0.414988202245 -0.485189862800 -0.561784235291 -0.645634912871 -0.734336758433 -0.823982237066 -0.789670367573 -0.792813724381 -0.554350338452 -0.415014159711 -0.335095883538 -0.227406757526 -0.351658567985 -0.396475206846 -0.425024654951 -0.343250217794 -0.0561606427919 0.262894545134 0.354627639236 0.374875573274 0.474050406825 0.489784431033 0.860579018380 0.873548630964 0.708822106275 1.50085515670 1.63769381044 0.717522540549 0.171292837547 0.404798149834 0.751924487583 0.771890698063 0.554324438337 0.324514064172 0.208405242253 0.260311325598 0.345605247627 0.472966247587 0.612727065373 0.585454436768 0.742001086318 0.672751570070 0.525648417549 -0.133397844026 -0.419635567778 -0.716433325934 -1.47256474806 -0.950897491712 -0.795673974737 -0.852722713404 -1.15197414848 -1.05621325756 -0.818307555092 -0.366942429969 -0.262907838820 -0.124401020225 -0.0665035438786 0.273137160729 0.546971540782 0.0507665166870 -0.228442636795 -0.317978035523
 -0.000188210277930 -0.000239617285306 -0.000291598240379 -0.000332847438973 -0.000346608122683 -0.000300662599745 -0.000131230950796 0.000267000086504 0.000752329853855 0.00158873743136 0.00280615510309 0.0277046684277 0.0282632258126 0.0286447999558 0.0286152209364 0.0264562138193 0.0191267359053 0.00671707717122 -0.0456977303473 0.357147151810 -0.0156305101804 -0.120262612075 -0.00777233180490 0.408558987801 -0.0476819558520 -0.254645639172 -0.542030330983 -0.0566000387125 0.361943204307 0.889878191928 0.267631868189 0.231248509659 -0.469354828689 -0.00702099801019 -0.443601948343 -0.658543455200 0.0141714913790 0.103222076668 0.0534511548610 -0.120341893470 0.518553235466 1.11915486454 -0.390105440010 0.552500411851 -0.717465210676 -0.256234544188 0.634025580208 -0.0792774913295 -1.27096941671 -2.06374403094 -0.542738402590 0.744059403409 -0.631072219846 -0.282976050813 -1.62839188738 -0.553679837638 -0.813403689193 -0.251483104838 1.14180833629 1.00556164929 -0.346893991290 -0.0556419361090
# log_sigmar[1]:
-0.510825623766
# log_sigmar[2]:
-0.510825623766
# log_sigmar[3]:
-0.510825623766
# fmort:
 0.0112531185199 0.0165234952690 0.00740397585909 0.00911662077762 0.0171135022239 0.0210082960914 0.0261493184514 0.0237072344998 0.0499432554271 0.0445013753624 0.0310358544727 0.0456042138332 0.0922752042509 0.0359411732108 0.0871739780850 0.0537651761811 0.00512201187443 0.0230156139621 0.0171701113290 0.0155450895031 0.0140114567918 0.0196420114499 0.0214175812333 0.0260277965520 0.0156178420735 0.0209778206173 0.0343458833531 0.0127238184390 0.00404921784102 0.00665025449889 0.0103282772099 0.0208774089977 0.00829734841264 0.0121682603138 0.0135182934328 0.0214365449445 0.0273280425370 0.0417682906165 0.0561970920505 0.0505093868714 0.0798779096835 0.0133846288185 0.00514346027377 0.00619628403596 0.00601964169508 0.00795338007386 0.00584126856327 0.00813837590851 0.00254032530154 0.00159046320403 0.00491793380789
 0.00140599170802 0.00209261049273 0.00307632811252 0.00492636168259 0.00346248050682 0.00628793456179 0.00846531215038 0.0128997707610 0.0223358762644 0.0278208667064 0.0313178681971 0.0635713633061 0.0862998810373 0.0626950957870 0.0793367966651 0.106700127815 0.122506223323 0.174502677953 0.206273182507 0.231624413010 0.232303059337 0.291661345169 0.370841270545 0.369206953415 0.477738856567 0.641467936033 0.623224635142 0.632582540681 0.382528475275 0.241102752779 0.177227616704 0.204942231407 0.207373025988 0.189830364728 0.187716918776 0.189607665455 0.201060837930 0.239637823842 0.201257361940 0.277709582290 0.162243804030 0.113792318701 0.0947356164442 0.0817202142101 0.0741485766846 0.0800896756634 0.0845336054637 0.0830992709670 0.0854624011027 0.0773819372615 0.0690360379629
 0.000593637991937 0.00115693207005 0.00287042354494 0.00614465718586 0.0196288934198 0.00609539032904 0.00777420807189 0.105686716677 0.108201885148 0.0870721584809 0.0874047279175 0.118162062659 0.0379793148071 0.0224644712154 0.0260461130078 0.0191895429412 0.0105080899494 0.0119440303279 0.0459068003495 0.0380272133242 0.0333879105344 0.0273745291832 0.0161846272438 0.0279586953267 0.0465240930259 0.222019748763 0.380297857321 0.715496105693 0.631697461772 0.173003439969 0.125161084754 0.399137435847 0.0561135709684 0.0801018893427 0.0655239513655 0.0429839219929 0.105285285441 0.0872801986145 0.100818387351 0.122136707999 0.0306076028907 0.152220717154 0.0711360742552 0.0439193524673 0.0454993716997 0.0197029312789 0.00915960631916 0.00455440428773 0.0127118363476 0.0150937237323 0.0180683614818
 2.08721928630e-13 2.19824158876e-13 0.000566260810651 2.34257058196e-13 2.28983498829e-13 2.26763052780e-13 3.37046425380e-06 0.000230705889829 0.00501527921311 0.0319613004496 0.0299867977535 0.0391347808810 0.0932711027285 0.111674910746 0.153361894984 0.126950020250 0.117252896405 0.114599011064 0.106956239277 0.0819003264501 0.0652705381879 0.0411661031027 0.00351485055763 2.15383266777e-13 2.51187959321e-13 3.98014954328e-13 4.71289673953e-13 7.33024752009e-13 7.86315457191e-13 3.61238962826e-06 0.000660325094979 0.00459592897182 0.0137888364762 0.0264679854691 0.0462912270243 0.0391825309424 0.0588319870141 0.0891344721527 0.112377865378 0.152139464233 0.143444814130 0.0383391798806 0.0254130466294 0.0250266658353 0.0259133459740 0.0325791603150 0.0189060038030 0.0145812888338 0.0106800648663 0.00945676897778 0.000650252280479
# log_selcoffs_fsh[1]:
 -5.20709908784 -3.99025411639 -2.67968528160 -1.38991720958 -0.378714183795 0.498433318137 1.11845200848 0.927873187489 -0.303503367339
 -4.93610424005 -3.64721810814 -2.28092358545 -1.08351695687 -0.291039550514 0.435367736097 1.00382504725 0.862893686257 0.126135349934
 -4.64986213992 -3.37603745291 -2.09369179979 -0.971740915006 -0.150209956336 0.533556806562 0.902770755347 0.739027892087 0.284245966057
 -4.31949261035 -3.00537097367 -1.83681575830 -0.836750136820 -0.188128182683 0.407503242890 0.895950195305 0.760978520977 0.352860377963
 -4.02718111498 -2.66015887552 -1.28431376403 -0.300836427466 0.170165675874 0.439517865227 0.618460588764 0.581537212268 0.414018353774
 -3.80122366226 -2.52489440683 -1.36597649275 -0.385423322916 0.509887723629 0.707421439633 0.477070750918 0.327408716453 0.238798700340
 -3.57057914487 -2.31667820818 -1.21414934995 -0.287973629906 0.538036232207 0.768999849981 0.477668003758 0.212342443049 0.102003326395
 -3.33781944643 -2.00861924602 -0.983702630109 -0.127754332490 0.598012719751 0.759898449064 0.405524423411 0.120668956015 -0.00861903114232
 -3.14089177268 -1.77213548943 -0.578121731776 0.137286878365 0.527777529837 0.629700834704 0.412972249810 0.0797207118555 -0.0919167759685
 -2.93644510628 -1.45439688145 -0.231717791960 0.208335029045 0.546477043518 0.582658634145 0.312326786674 -0.0268449936014 -0.185673273440
 -2.74675584088 -1.07906506388 0.401913739305 0.462974575284 0.365267097328 0.292676311876 0.0894805557937 -0.142183993449 -0.260715388275
 -2.56216349715 -0.822186036206 0.387337439597 0.513044728286 0.475831420103 0.241139974402 -0.0437111214984 -0.241405673891 -0.335241853026
 -2.45022203267 -0.868670115129 0.411323346998 0.764295896218 0.463312004710 0.0820843033088 -0.203970747242 -0.364719362786 -0.425921448886
 -2.29965302313 -0.774493526625 0.436644097692 0.835176870210 0.438687991271 0.0158523550913 -0.281047514096 -0.433561344137 -0.484178166125
 -2.40414477370 -0.827462603106 0.591420859498 0.854887277661 0.370030973674 -0.0398316005538 -0.327920067708 -0.491318627683 -0.555357376554
 -2.37002952740 -0.856630836495 0.607169902202 0.814712659179 0.425985078507 -0.00486349774451 -0.329227475268 -0.519043911456 -0.602648348922
 -2.18884437380 -0.661168356595 0.738985243303 0.711420275798 0.354937643966 -0.0191496078300 -0.333683559543 -0.534358724264 -0.631930303828
 -1.87289810727 -0.384309751893 0.504190899969 0.785772539514 0.434157882579 -0.0262886392177 -0.352880248411 -0.552950660465 -0.653873321811
 -1.78790745408 -0.367374080978 0.789854957897 0.742697615843 0.253623920907 -0.137047765301 -0.430867921559 -0.621298657427 -0.718139553420
 -1.60464608375 -0.293715653446 0.719954476279 0.765133905865 0.339740299786 -0.146036064516 -0.487945845481 -0.683229909706 -0.771431260267
 -1.48347951848 -0.136501379510 0.855821449047 0.746168284661 0.195749498448 -0.262098950001 -0.585501673652 -0.766844148864 -0.840308603635
 -1.36513520991 -0.131695546907 0.694244282606 0.933435602771 0.273052389812 -0.365244818785 -0.710312232424 -0.864433092471 -0.911696987554
 -1.26518196098 0.153368982141 0.904833319920 0.768266598901 0.0838625128576 -0.470990928838 -0.807069776915 -0.945926238831 -0.972422998857
 -1.39604987975 -0.0364455603999 0.886512527639 0.968764662074 0.0375548153677 -0.571175861330 -0.894226640087 -1.02275665603 -1.03501535523
 -1.48090807088 -0.148130425677 0.891440107660 0.972123106655 0.117460281916 -0.527035720828 -0.890499383750 -1.03867979317 -1.05354660472
 -1.38187402708 0.0960330813576 0.748443458079 0.864805195652 0.231447695775 -0.350513019569 -0.792901850294 -0.980659539966 -1.00102544450
 -1.48506850589 -0.198936851978 0.675740529713 0.947579664097 0.280195401380 -0.247046660693 -0.690363130275 -0.894589640045 -0.930635153763
 -1.49990626116 -0.138281239922 0.774637145721 0.808613591187 0.229021289439 -0.240789541320 -0.599948049814 -0.782052161411 -0.817090149415
 -1.39456493660 0.403256715588 0.716757871513 0.510995249457 0.0825204278141 -0.253088771822 -0.483145096014 -0.613853195928 -0.653707241268
 -1.57563946194 0.0490761965242 0.635865867011 0.730342500228 0.105982667787 -0.252156463030 -0.405008397258 -0.476764999535 -0.508012575694
 -1.74138418249 -0.0868391187995 0.830643039566 0.435317822847 0.0251783116047 -0.176892728212 -0.266086715541 -0.318334235597 -0.341715989763
 -1.77706462379 -0.203797672857 0.526447631956 0.375013849397 0.140580124450 0.00624341640973 -0.0614621398044 -0.108970123840 -0.135855165802
 -1.83956910048 -0.844585578948 -0.102460054553 0.489632414028 0.322828317918 0.208517854623 0.163280435876 0.0712222766765 0.0128994340260
 -1.89832918668 -1.04347183788 -0.363343957783 0.137103663394 0.209127637820 0.344446190572 0.404401084090 0.275749417405 0.178919169290
 -1.60664247220 -0.677554777299 -0.337218490820 0.193380438641 0.0846810041324 0.155467371137 0.297279661582 0.328605028683 0.316773138339
 -0.960905402349 -0.340083015737 -0.644419454058 -0.336665285098 -0.0679732370945 0.181895798283 0.358159422161 0.430975899943 0.446863552658
 -1.15650474790 -1.02898246597 -1.05063885740 -0.390271297210 0.0246086986722 0.387147925589 0.508838171698 0.468268822837 0.433849010471
# log_selcoffs_fsh[2]:
 -5.93569852898 -4.01230002380 -2.32808279756 -0.954399705160 0.0868398357096 0.557065411101 0.910231030500 0.913405387869 0.252904377465 -0.928816576403
 -5.85665084849 -3.87463502581 -1.86487863736 -0.642901713578 -0.179442824355 0.374689403156 0.872022466374 0.919720563846 0.361597598965 -0.401270333140
 -5.73785820738 -3.95392373603 -2.22687276186 -0.840758588287 -0.153574617313 0.307961077586 0.774650982209 0.882065407949 0.494600283567 -0.00551064332561
 -5.58152563859 -3.90414521708 -2.41098903918 -1.22007155203 -0.374561990077 0.158003922760 0.672229883882 0.889459953224 0.651870240542 0.351245820470
 -5.46138914885 -3.71195933307 -2.09191717139 -1.08578649224 -0.611319849535 -0.147067970510 0.470636941349 0.814470431648 0.793920929953 0.709670446267
 -5.34616627276 -3.72996241562 -2.17286711262 -0.991635687280 -0.420263371722 -0.304939245307 0.0943339222972 0.552112902581 0.869337610098 1.05473077728
 -5.27754060549 -3.82974861359 -2.46275358110 -1.30797107179 -0.428060846464 -0.216671633842 -0.0309396869040 0.355860223662 0.839928610280 1.23765007962
 -5.25836512333 -3.94106187363 -2.72525782122 -1.73316134781 -0.993958906530 -0.477397495039 0.0548850499751 0.474187011156 0.890629933704 1.29275782883
 -5.25640910072 -3.99356706251 -2.81674809976 -1.90070378647 -1.22449437252 -0.654404965434 -0.0308006050500 0.522831744332 0.958779817416 1.30520727598
 -5.22751156686 -3.95748465038 -2.77471743831 -1.78891641733 -1.05689971443 -0.593732041698 -0.159615649158 0.384905448726 0.936308679303 1.37970367145
 -5.23650205226 -3.88288559117 -2.58324371742 -1.50868811792 -0.772992970284 -0.328689822450 0.000486013997286 0.301369595630 0.783947624031 1.37461893751
 -5.31558254175 -3.85123985312 -2.48450929709 -1.32951635296 -0.589076654232 -0.199420052736 0.109865882064 0.400269884668 0.848921058854 1.19584060417
 -5.40234540215 -3.76124943379 -2.17971529669 -0.848601329328 -0.218969946663 0.0912945036030 0.265926393749 0.388726808347 0.718069228537 0.993993779624
 -5.48303182271 -3.62310364597 -1.82170000849 -0.527859286254 0.128145422039 0.278661978170 0.301843051637 0.378239472526 0.584402772350 0.767079336371
 -5.52304012580 -3.47655762019 -1.49981548283 -0.0767001265786 0.365782642682 0.327735559789 0.207353072499 0.258901746087 0.467358732384 0.623042707794
 -5.51663816329 -3.31052605236 -1.16550726897 0.106681726338 0.354499966133 0.286525740319 0.170389078114 0.217845660443 0.423912832952 0.599270296936
 -5.49175261547 -3.26030128775 -1.06719651262 0.101023952744 0.366070643757 0.299450955073 0.162626105963 0.190159098324 0.394420268587 0.613286952689
 -5.46303184651 -3.37232211032 -1.32314700180 0.0947804052374 0.432830371177 0.338214839771 0.164921008702 0.176955550906 0.379909593559 0.596993692110
 -5.40768450890 -3.45478434235 -1.56153413577 -0.0901292292876 0.447239075327 0.361284009533 0.183365639846 0.201904837628 0.416208602242 0.641827786176
 -5.32144792384 -3.49174475969 -1.71545208392 -0.331590004671 0.231623197776 0.352671915375 0.223008020700 0.253428737621 0.508086289708 0.780755184148
 -5.25873510478 -3.52986737514 -1.88823750453 -0.570077723727 0.162921692021 0.375739247264 0.263961442500 0.249862770104 0.518673197297 0.854386713410
 -5.23225718863 -3.58404983498 -2.03679235962 -0.770275110869 0.0187900989470 0.367545927740 0.337952878538 0.329431495275 0.558240612596 0.863127372050
 -5.22963695888 -3.62194944779 -2.18430281595 -0.997246113352 -0.193443395811 0.336229619718 0.421879262104 0.421212744713 0.611209752351 0.863478418028
 -5.27267759959 -3.66509883010 -2.21456965669 -1.06864479597 -0.366553936080 0.159502948419 0.475986532037 0.516478022601 0.689273705080 0.863971611752
 -5.33201214237 -3.71540253273 -2.18874843515 -0.909135260437 -0.238737798443 0.00776305272907 0.322995621173 0.545482450464 0.712503009804 0.922148600605
 -5.43306126194 -3.77361155761 -2.28639223848 -1.03183363126 -0.261710859199 0.248979400993 0.381662819684 0.476239291742 0.661876550011 0.895709858607
 -5.62379507561 -3.93355541775 -2.29862103237 -0.949510150841 -0.182293246027 0.388313284445 0.517341032294 0.494379414086 0.578503706441 0.732958657131
 -5.81757404648 -4.12123275000 -2.40613947657 -0.755804212502 -0.00683140002234 0.491447235518 0.547028219642 0.444360306054 0.566185343572 0.556179073109
 -6.01263920103 -4.31626116771 -2.65823139438 -1.16743790117 -0.167871620116 0.684270103898 0.792346818039 0.502650660146 0.472240356729 0.269971457592
 -6.17735168906 -4.46931899092 -2.77613988978 -1.16236076281 0.0493174032709 0.729497089973 0.939100351222 0.497399966764 0.206529091351 0.0538528923387
 -6.27340970116 -4.52286066323 -2.73539951530 -0.974536388018 0.240337581682 0.754336320138 0.749474895119 0.471373604294 0.252966447791 0.132098149107
 -6.31282901919 -4.49789153340 -2.68674991622 -1.05465389155 -0.0205484274032 0.515002379057 0.689548623267 0.629761605640 0.473473840207 0.365889070758
 -6.32025588191 -4.42746956503 -2.40416112091 -0.740779562192 -0.199928853221 0.192739465055 0.542543196529 0.641700896954 0.634748068092 0.631901482639
 -6.35990131001 -4.52137255291 -2.64868299174 -1.00078518287 -0.199707021118 0.262739354872 0.552247236607 0.671048676951 0.645009919179 0.604401597908
 -6.34905793706 -4.59815492120 -2.81272761150 -1.16525828493 -0.390867449082 0.0968881261477 0.533351785268 0.727898696426 0.740003807938 0.676400852241
 -6.30429476995 -4.65919571864 -3.01122732490 -1.36982158029 -0.433011592819 0.0544439681162 0.458865414892 0.703063173880 0.797165890618 0.769810368648
 -6.27805517710 -4.71674217345 -3.19901773765 -1.72168089734 -0.665000531028 0.00172239564263 0.497334455461 0.725500035462 0.844946254418 0.795552536889
 -6.25709701596 -4.72523088716 -3.24803937337 -1.89226557208 -0.941098393033 -0.153233356184 0.457133371391 0.799226559131 0.897853916907 0.830216589709
# log_selcoffs_fsh[3]:
 -2.37709854221 0.270764541470 1.47564872192 0.0655826347224 -2.07937279290 -3.84309845352 -4.81275278832
 -2.36107333002 0.843693288942 1.29024588073 -0.201446673869 -2.29225113354 -3.89405360570 -4.81403456276
# log_selcoffs_fsh[4]:
 -6.23042481941 -5.04984032232 -3.83037859887 -2.51986298226 -1.13438887986 0.144838548924 1.00565641640 1.11380861363 0.490013721965
 -6.21538414659 -5.03254627526 -3.80779359595 -2.46237739622 -1.04273733475 0.213409872253 1.01843566170 1.06082575447 0.492287452039
 -6.16746791067 -4.98841623472 -3.77952979489 -2.48505640184 -1.11079051092 0.146044607404 0.994998179609 1.08837436727 0.544777151092
 -6.07848176038 -4.89769498006 -3.70776721154 -2.47679096680 -1.17765735407 0.0391984094718 0.922335881229 1.12325926442 0.664595919456
 -5.97857814520 -4.78051222553 -3.58883530640 -2.39670146577 -1.15637786301 0.0252501265824 0.862952685882 1.09431948266 0.776078402144
 -5.87949878732 -4.70262585733 -3.50817327402 -2.30099583172 -1.14138604782 -0.0617964910140 0.793923343893 1.10352652727 0.863621444565
 -5.75892679241 -4.61081896724 -3.42852796178 -2.20207441031 -1.05823858710 -0.0339198349462 0.744571388908 1.05970611771 0.931816115218
 -5.61474992496 -4.47091295269 -3.34623002742 -2.16192049039 -1.01389582314 -0.0459967357514 0.719639566250 1.04252166085 0.965727365864
 -5.46988574228 -4.27637312864 -3.19183297838 -2.16579048734 -1.09297622305 -0.0754458130963 0.711640023412 1.04350685380 0.988464919268
 -5.32587040634 -4.11986155357 -2.97143947198 -1.93060709302 -1.00235805128 -0.0983356257775 0.632771782429 1.01338564429 1.05483702976
 -5.21137085364 -3.98391199204 -2.81541400555 -1.75311976416 -0.810978470148 -0.0192399123909 0.598576250194 0.942139521949 1.07584254479
 -5.12444897750 -3.84845588927 -2.65284086059 -1.60396017350 -0.683649338959 0.0796340179421 0.588874053449 0.894746261197 1.05251698622
 -5.04587855414 -3.67933826355 -2.41308642848 -1.38949808389 -0.601924755778 0.0825950845482 0.591385747423 0.864319587897 1.03526298140
 -4.96548485877 -3.47438623409 -2.02880541644 -0.989925215018 -0.397614889147 0.0574327124955 0.461751149583 0.816286586211 1.05743547236
 -4.88521436336 -3.31564937411 -1.78045198859 -0.655581665878 -0.135317569583 0.0893499591653 0.347663440838 0.720163221594 1.04063146969
 -4.79066916283 -3.18542713099 -1.56595867737 -0.410125293680 -0.0545211212346 0.0736162433328 0.287886772082 0.658173252607 1.02592594059
 -4.72131892974 -3.15473176209 -1.59217138741 -0.420283230511 -0.0527617158139 0.125794103420 0.332963755110 0.643590090975 0.995859492734
 -4.66661019120 -3.24258105926 -1.94006951778 -0.946405424830 -0.252676062371 0.309343994602 0.566694212485 0.691675717398 0.924641479070
 -4.57736258901 -3.27841301761 -2.10917909480 -1.20271666160 -0.480614686962 0.161999669187 0.579040353716 0.823016834244 0.983712710114
 -4.51491788315 -3.29293183713 -2.20386648191 -1.35285193692 -0.695190493629 -0.0413668804519 0.568169736950 0.935597219345 1.03347190537
 -4.44205444728 -3.22897881953 -2.14383055770 -1.38449656881 -0.802705803257 -0.230536945521 0.423282346426 0.986159523717 1.14131085412
 -4.37146420886 -3.11476949722 -1.86475992838 -1.22234323595 -0.809634737151 -0.252889863395 0.319590511746 0.852131596893 1.26715285272
 -4.33504291413 -3.18297713832 -2.11689690058 -1.32774501704 -0.774035468920 -0.175370327407 0.341341214345 0.820989121831 1.27538603679
 -4.24920907820 -3.16294279067 -2.14627550123 -1.33159917728 -0.757961319609 -0.235370403250 0.270496822930 0.801410614016 1.32554952830
 -4.23051333435 -3.16561366136 -2.07832751645 -1.10404979548 -0.468206955251 0.0315602449716 0.413907545036 0.793368766282 1.13297025406
 -4.03838563928 -2.96713073169 -1.77994238519 -0.971117044505 -0.456857688762 0.0119051298887 0.401828589812 0.780431345040 1.11887261119
 -3.73366180135 -2.79528898994 -1.79839483430 -1.01404526688 -0.500679362759 -0.0388020198049 0.416603305727 0.829657005336 1.10170480943
 -3.23428085040 -2.45128124737 -1.66795700000 -1.03243907297 -0.581850329585 -0.191138054097 0.255688120964 0.781124636190 1.24401062013
 -2.52986548068 -1.92906641699 -1.46513389913 -1.06224532341 -0.791247244071 -0.493190971623 0.0205281579586 0.726372151337 1.39774365743
 -2.49328593005 -1.95430485983 -1.33745579438 -0.929076072383 -0.778807172772 -0.627385074580 -0.168442379939 0.636531304739 1.47942817896
 -2.24246522884 -1.68065281064 -1.48570275325 -1.22354956259 -0.938102206012 -0.703764334972 -0.220542599707 0.600296160154 1.54248420626
 -2.22746120984 -1.77786062686 -1.49227811163 -1.24820974315 -0.997583772253 -0.692884811651 -0.145672874207 0.695320315369 1.49819980078
# log_sel_spl_fsh[1]:
 0.00000000000 0.00000000000 0.00000000000 0.00000000000
 0.00000000000 0.00000000000 0.00000000000 0.00000000000
 0.00000000000 0.00000000000 0.00000000000 0.00000000000
 0.00000000000 0.00000000000 0.00000000000 0.00000000000
 0.00000000000 0.00000000000 0.00000000000 0.00000000000
 0.00000000000 0.00000000000 0.00000000000 0.00000000000
 0.00000000000 0.00000000000 0.00000000000 0.00000000000
 0.00000000000 0.00000000000 0.00000000000 0.00000000000
 0.00000000000 0.00000000000 0.00000000000 0.00000000000
 0.00000000000 0.00000000000 0.00000000000 0.00000000000
 0.00000000000 0.00000000000 0.00000000000 0.00000000000
 0.00000000000 0.00000000000 0.00000000000 0.00000000000
 0.00000000000 0.00000000000 0.00000000000 0.00000000000
 0.00000000000 0.00000000000 0.00000000000 0.00000000000
 0.00000000000 0.00000000000 0.00000000000 0.00000000000
 0.00000000000 0.00000000000 0.00000000000 0.00000000000
 0.00000000000 0.00000000000 0.00000000000 0.00000000000
 0.00000000000 0.00000000000 0.00000000000 0.00000000000
 0.00000000000 0.00000000000 0.00000000000 0.00000000000
 0.00000000000 0.00000000000 0.00000000000 0.00000000000
 0.00000000000 0.00000000000 0.00000000000 0.00000000000
 0.00000000000 0.00000000000 0.00000000000 0.00000000000
 0.00000000000 0.00000000000 0.00000000000 0.00000000000
 0.00000000000 0.00000000000 0.00000000000 0.00000000000
 0.00000000000 0.00000000000 0.00000000000 0.00000000000
 0.00000000000 0.00000000000 0.00000000000 0.00000000000
 0.00000000000 0.00000000000 0.00000000000 0.00000000000
 0.00000000000 0.00000000000 0.00000000000 0.00000000000
 0.00000000000 0.00000000000 0.00000000000 0.00000000000
 0.00000000000 0.00000000000 0.00000000000 0.00000000000
 0.00000000000 0.00000000000 0.00000000000 0.00000000000
 0.00000000000 0.00000000000 0.00000000000 0.00000000000
 0.00000000000 0.00000000000 0.00000000000 0.00000000000
 0.00000000000 0.00000000000 0.00000000000 0.00000000000
 0.00000000000 0.00000000000 0.00000000000 0.00000000000
 0.00000000000 0.00000000000 0.00000000000 0.00000000000
 0.00000000000 0.00000000000 0.00000000000 0.00000000000
# log_sel_spl_fsh[2]:
 0.00000000000 0.00000000000 0.00000000000 0.00000000000
 0.00000000000 0.00000000000 0.00000000000 0.00000000000
 0.00000000000 0.00000000000 0.00000000000 0.00000000000
 0.00000000000 0.00000000000 0.00000000000 0.00000000000
 0.00000000000 0.00000000000 0.00000000000 0.00000000000
 0.00000000000 0.00000000000 0.00000000000 0.00000000000
 0.00000000000 0.00000000000 0.00000000000 0.00000000000
 0.00000000000 0.00000000000 0.00000000000 0.00000000000
 0.00000000000 0.00000000000 0.00000000000 0.00000000000
 0.00000000000 0.00000000000 0.00000000000 0.00000000000
 0.00000000000 0.00000000000 0.00000000000 0.00000000000
 0.00000000000 0.00000000000 0.00000000000 0.00000000000
 0.00000000000 0.00000000000 0.00000000000 0.00000000000
 0.00000000000 0.00000000000 0.00000000000 0.00000000000
 0.00000000000 0.00000000000 0.00000000000 0.00000000000
 0.00000000000 0.00000000000 0.00000000000 0.00000000000
 0.00000000000 0.00000000000 0.00000000000 0.00000000000
 0.00000000000 0.00000000000 0.00000000000 0.00000000000
 0.00000000000 0.00000000000 0.00000000000 0.00000000000
 0.00000000000 0.00000000000 0.00000000000 0.00000000000
 0.00000000000 0.00000000000 0.00000000000 0.00000000000
 0.00000000000 0.00000000000 0.00000000000 0.00000000000
 0.00000000000 0.00000000000 0.00000000000 0.00000000000
 0.00000000000 0.00000000000 0.00000000000 0.00000000000
 0.00000000000 0.00000000000 0.00000000000 0.00000000000
 0.00000000000 0.00000000000 0.00000000000 0.00000000000
 0.00000000000 0.00000000000 0.00000000000 0.00000000000
 0.00000000000 0.00000000000 0.00000000000 0.00000000000
 0.00000000000 0.00000000000 0.00000000000 0.00000000000
 0.00000000000 0.00000000000 0.00000000000 0.00000000000
 0.00000000000 0.00000000000 0.00000000000 0.00000000000
 0.00000000000 0.00000000000 0.00000000000 0.00000000000
 0.00000000000 0.00000000000 0.00000000000 0.00000000000
 0.00000000000 0.00000000000 0.00000000000 0.00000000000
 0.00000000000 0.00000000000 0.00000000000 0.00000000000
 0.00000000000 0.00000000000 0.00000000000 0.00000000000
 0.00000000000 0.00000000000 0.00000000000 0.00000000000
 0.00000000000 0.00000000000 0.00000000000 0.00000000000
# log_sel_spl_fsh[3]:
 0.00000000000 0.00000000000 0.00000000000 0.00000000000
 0.00000000000 0.00000000000 0.00000000000 0.00000000000
# log_sel_spl_fsh[4]:
 0.00000000000 0.00000000000 0.00000000000 0.00000000000
 0.00000000000 0.00000000000 0.00000000000 0.00000000000
 0.00000000000 0.00000000000 0.00000000000 0.00000000000
 0.00000000000 0.00000000000 0.00000000000 0.00000000000
 0.00000000000 0.00000000000 0.00000000000 0.00000000000
 0.00000000000 0.00000000000 0.00000000000 0.00000000000
 0.00000000000 0.00000000000 0.00000000000 0.00000000000
 0.00000000000 0.00000000000 0.00000000000 0.00000000000
 0.00000000000 0.00000000000 0.00000000000 0.00000000000
 0.00000000000 0.00000000000 0.00000000000 0.00000000000
 0.00000000000 0.00000000000 0.00000000000 0.00000000000
 0.00000000000 0.00000000000 0.00000000000 0.00000000000
 0.00000000000 0.00000000000 0.00000000000 0.00000000000
 0.00000000000 0.00000000000 0.00000000000 0.00000000000
 0.00000000000 0.00000000000 0.00000000000 0.00000000000
 0.00000000000 0.00000000000 0.00000000000 0.00000000000
 0.00000000000 0.00000000000 0.00000000000 0.00000000000
 0.00000000000 0.00000000000 0.00000000000 0.00000000000
 0.00000000000 0.00000000000 0.00000000000 0.00000000000
 0.00000000000 0.00000000000 0.00000000000 0.00000000000
 0.00000000000 0.00000000000 0.00000000000 0.00000000000
 0.00000000000 0.00000000000 0.00000000000 0.00000000000
 0.00000000000 0.00000000000 0.00000000000 0.00000000000
 0.00000000000 0.00000000000 0.00000000000 0.00000000000
 0.00000000000 0.00000000000 0.00000000000 0.00000000000
 0.00000000000 0.00000000000 0.00000000000 0.00000000000
 0.00000000000 0.00000000000 0.00000000000 0.00000000000
 0.00000000000 0.00000000000 0.00000000000 0.00000000000
 0.00000000000 0.00000000000 0.00000000000 0.00000000000
 0.00000000000 0.00000000000 0.00000000000 0.00000000000
 0.00000000000 0.00000000000 0.00000000000 0.00000000000
 0.00000000000 0.00000000000 0.00000000000 0.00000000000
# logsel_slope_fsh[1]:
 0.00000000000 0.00000000000 0.00000000000 0.00000000000 0.00000000000 0.00000000000 0.00000000000 0.00000000000 0.00000000000 0.00000000000 0.00000000000 0.00000000000 0.00000000000 0.00000000000 0.00000000000 0.00000000000 0.00000000000 0.00000000000 0.00000000000 0.00000000000 0.00000000000 0.00000000000 0.00000000000 0.00000000000 0.00000000000 0.00000000000 0.00000000000 0.00000000000 0.00000000000 0.00000000000 0.00000000000 0.00000000000 0.00000000000 0.00000000000 0.00000000000 0.00000000000 0.00000000000
# logsel_slope_fsh[2]:
 0.00000000000 0.00000000000 0.00000000000 0.00000000000 0.00000000000 0.00000000000 0.00000000000 0.00000000000 0.00000000000 0.00000000000 0.00000000000 0.00000000000 0.00000000000 0.00000000000 0.00000000000 0.00000000000 0.00000000000 0.00000000000 0.00000000000 0.00000000000 0.00000000000 0.00000000000 0.00000000000 0.00000000000 0.00000000000 0.00000000000 0.00000000000 0.00000000000 0.00000000000 0.00000000000 0.00000000000 0.00000000000 0.00000000000 0.00000000000 0.00000000000 0.00000000000 0.00000000000 0.00000000000
# logsel_slope_fsh[3]:
 0.00000000000 0.00000000000
# logsel_slope_fsh[4]:
 0.00000000000 0.00000000000 0.00000000000 0.00000000000 0.00000000000 0.00000000000 0.00000000000 0.00000000000 0.00000000000 0.00000000000 0.00000000000 0.00000000000 0.00000000000 0.00000000000 0.00000000000 0.00000000000 0.00000000000 0.00000000000 0.00000000000 0.00000000000 0.00000000000 0.00000000000 0.00000000000 0.00000000000 0.00000000000 0.00000000000 0.00000000000 0.00000000000 0.00000000000 0.00000000000 0.00000000000 0.00000000000
# sel50_fsh[1]:
 0.00000000000 0.00000000000 0.00000000000 0.00000000000 0.00000000000 0.00000000000 0.00000000000 0.00000000000 0.00000000000 0.00000000000 0.00000000000 0.00000000000 0.00000000000 0.00000000000 0.00000000000 0.00000000000 0.00000000000 0.00000000000 0.00000000000 0.00000000000 0.00000000000 0.00000000000 0.00000000000 0.00000000000 0.00000000000 0.00000000000 0.00000000000 0.00000000000 0.00000000000 0.00000000000 0.00000000000 0.00000000000 0.00000000000 0.00000000000 0.00000000000 0.00000000000 0.00000000000
# sel50_fsh[2]:
 0.00000000000 0.00000000000 0.00000000000 0.00000000000 0.00000000000 0.00000000000 0.00000000000 0.00000000000 0.00000000000 0.00000000000 0.00000000000 0.00000000000 0.00000000000 0.00000000000 0.00000000000 0.00000000000 0.00000000000 0.00000000000 0.00000000000 0.00000000000 0.00000000000 0.00000000000 0.00000000000 0.00000000000 0.00000000000 0.00000000000 0.00000000000 0.00000000000 0.00000000000 0.00000000000 0.00000000000 0.00000000000 0.00000000000 0.00000000000 0.00000000000 0.00000000000 0.00000000000 0.00000000000
# sel50_fsh[3]:
 0.00000000000 0.00000000000
# sel50_fsh[4]:
 0.00000000000 0.00000000000 0.00000000000 0.00000000000 0.00000000000 0.00000000000 0.00000000000 0.00000000000 0.00000000000 0.00000000000 0.00000000000 0.00000000000 0.00000000000 0.00000000000 0.00000000000 0.00000000000 0.00000000000 0.00000000000 0.00000000000 0.00000000000 0.00000000000 0.00000000000 0.00000000000 0.00000000000 0.00000000000 0.00000000000 0.00000000000 0.00000000000 0.00000000000 0.00000000000 0.00000000000 0.00000000000
# logsel_p1_fsh[1]:
 0.00000000000 0.00000000000 0.00000000000 0.00000000000 0.00000000000 0.00000000000 0.00000000000 0.00000000000 0.00000000000 0.00000000000 0.00000000000 0.00000000000 0.00000000000 0.00000000000 0.00000000000 0.00000000000 0.00000000000 0.00000000000 0.00000000000 0.00000000000 0.00000000000 0.00000000000 0.00000000000 0.00000000000 0.00000000000 0.00000000000 0.00000000000 0.00000000000 0.00000000000 0.00000000000 0.00000000000 0.00000000000 0.00000000000 0.00000000000 0.00000000000 0.00000000000 0.00000000000
# logsel_p1_fsh[2]:
 0.00000000000 0.00000000000 0.00000000000 0.00000000000 0.00000000000 0.00000000000 0.00000000000 0.00000000000 0.00000000000 0.00000000000 0.00000000000 0.00000000000 0.00000000000 0.00000000000 0.00000000000 0.00000000000 0.00000000000 0.00000000000 0.00000000000 0.00000000000 0.00000000000 0.00000000000 0.00000000000 0.00000000000 0.00000000000 0.00000000000 0.00000000000 0.00000000000 0.00000000000 0.00000000000 0.00000000000 0.00000000000 0.00000000000 0.00000000000 0.00000000000 0.00000000000 0.00000000000 0.00000000000
# logsel_p1_fsh[3]:
 0.00000000000 0.00000000000
# logsel_p1_fsh[4]:
 0.00000000000 0.00000000000 0.00000000000 0.00000000000 0.00000000000 0.00000000000 0.00000000000 0.00000000000 0.00000000000 0.00000000000 0.00000000000 0.00000000000 0.00000000000 0.00000000000 0.00000000000 0.00000000000 0.00000000000 0.00000000000 0.00000000000 0.00000000000 0.00000000000 0.00000000000 0.00000000000 0.00000000000 0.00000000000 0.00000000000 0.00000000000 0.00000000000 0.00000000000 0.00000000000 0.00000000000 0.00000000000
# sel_p2_fsh[1]:
 0.00000000000 0.00000000000 0.00000000000 0.00000000000 0.00000000000 0.00000000000 0.00000000000 0.00000000000 0.00000000000 0.00000000000 0.00000000000 0.00000000000 0.00000000000 0.00000000000 0.00000000000 0.00000000000 0.00000000000 0.00000000000 0.00000000000 0.00000000000 0.00000000000 0.00000000000 0.00000000000 0.00000000000 0.00000000000 0.00000000000 0.00000000000 0.00000000000 0.00000000000 0.00000000000 0.00000000000 0.00000000000 0.00000000000 0.00000000000 0.00000000000 0.00000000000 0.00000000000
# sel_p2_fsh[2]:
 0.00000000000 0.00000000000 0.00000000000 0.00000000000 0.00000000000 0.00000000000 0.00000000000 0.00000000000 0.00000000000 0.00000000000 0.00000000000 0.00000000000 0.00000000000 0.00000000000 0.00000000000 0.00000000000 0.00000000000 0.00000000000 0.00000000000 0.00000000000 0.00000000000 0.00000000000 0.00000000000 0.00000000000 0.00000000000 0.00000000000 0.00000000000 0.00000000000 0.00000000000 0.00000000000 0.00000000000 0.00000000000 0.00000000000 0.00000000000 0.00000000000 0.00000000000 0.00000000000 0.00000000000
# sel_p2_fsh[3]:
 0.00000000000 0.00000000000
# sel_p2_fsh[4]:
 0.00000000000 0.00000000000 0.00000000000 0.00000000000 0.00000000000 0.00000000000 0.00000000000 0.00000000000 0.00000000000 0.00000000000 0.00000000000 0.00000000000 0.00000000000 0.00000000000 0.00000000000 0.00000000000 0.00000000000 0.00000000000 0.00000000000 0.00000000000 0.00000000000 0.00000000000 0.00000000000 0.00000000000 0.00000000000 0.00000000000 0.00000000000 0.00000000000 0.00000000000 0.00000000000 0.00000000000 0.00000000000
# logsel_p3_fsh[1]:
 0.00000000000 0.00000000000 0.00000000000 0.00000000000 0.00000000000 0.00000000000 0.00000000000 0.00000000000 0.00000000000 0.00000000000 0.00000000000 0.00000000000 0.00000000000 0.00000000000 0.00000000000 0.00000000000 0.00000000000 0.00000000000 0.00000000000 0.00000000000 0.00000000000 0.00000000000 0.00000000000 0.00000000000 0.00000000000 0.00000000000 0.00000000000 0.00000000000 0.00000000000 0.00000000000 0.00000000000 0.00000000000 0.00000000000 0.00000000000 0.00000000000 0.00000000000 0.00000000000
# logsel_p3_fsh[2]:
 0.00000000000 0.00000000000 0.00000000000 0.00000000000 0.00000000000 0.00000000000 0.00000000000 0.00000000000 0.00000000000 0.00000000000 0.00000000000 0.00000000000 0.00000000000 0.00000000000 0.00000000000 0.00000000000 0.00000000000 0.00000000000 0.00000000000 0.00000000000 0.00000000000 0.00000000000 0.00000000000 0.00000000000 0.00000000000 0.00000000000 0.00000000000 0.00000000000 0.00000000000 0.00000000000 0.00000000000 0.00000000000 0.00000000000 0.00000000000 0.00000000000 0.00000000000 0.00000000000 0.00000000000
# logsel_p3_fsh[3]:
 0.00000000000 0.00000000000
# logsel_p3_fsh[4]:
 0.00000000000 0.00000000000 0.00000000000 0.00000000000 0.00000000000 0.00000000000 0.00000000000 0.00000000000 0.00000000000 0.00000000000 0.00000000000 0.00000000000 0.00000000000 0.00000000000 0.00000000000 0.00000000000 0.00000000000 0.00000000000 0.00000000000 0.00000000000 0.00000000000 0.00000000000 0.00000000000 0.00000000000 0.00000000000 0.00000000000 0.00000000000 0.00000000000 0.00000000000 0.00000000000 0.00000000000 0.00000000000
# rec_dev_future:
 0.00000000000 0.00000000000 0.00000000000 0.00000000000 0.00000000000 0.00000000000 0.00000000000 0.00000000000 0.00000000000 0.00000000000 0.00000000000 0.00000000000 0.00000000000 0.00000000000 0.00000000000 0.00000000000 0.00000000000 0.00000000000 0.00000000000 0.00000000000
 0.00000000000 0.00000000000 0.00000000000 0.00000000000 0.00000000000 0.00000000000 0.00000000000 0.00000000000 0.00000000000 0.00000000000 0.00000000000 0.00000000000 0.00000000000 0.00000000000 0.00000000000 0.00000000000 0.00000000000 0.00000000000 0.00000000000 0.00000000000
# log_q_ind[1]:
-0.0952256886084
# log_q_ind[2]:
-2.93661334212
# log_q_ind[3]:
-9.52378669883
# log_q_ind[4]:
-0.765166159413
# log_q_ind[5]:
-4.00756079131
# log_q_ind[6]:
-6.34596922437
# log_q_ind[7]:
-0.895871553064
# log_q_power_ind[1]:
0.00000000000
# log_q_power_ind[2]:
0.00000000000
# log_q_power_ind[3]:
0.00000000000
# log_q_power_ind[4]:
0.00000000000
# log_q_power_ind[5]:
0.00000000000
# log_q_power_ind[6]:
0.00000000000
# log_q_power_ind[7]:
0.00000000000
# log_rw_q_ind[1]:
 -1.07838968036
# log_rw_q_ind[3]:
 -0.340020559957
# log_selcoffs_ind[1]:
 -3.14039042361 -2.00271243303 -0.916955859769 -0.0854167327017 0.359577862587 0.507444810875 0.457923960540 0.331708381339 0.221976362049 0.171815594637
 -3.14977289810 -2.23935568688 -1.35009606981 -0.530894762766 0.118719202354 0.492292163354 0.594877175597 0.504628124287 0.370022302231 0.280851275505
# log_selcoffs_ind[2]:
 -1.28309961541 -0.593074030915 -0.109583815181 0.106292231953 0.0721178486934 0.0118541486624 0.0453766375546 0.178954110901 0.316563677316 0.378672983147
 -1.16069379196 -0.511652813710 -0.110271020520 0.163736922898 0.265594685918 0.228098568083 0.143300447640 0.0904019885816 0.0872048609074 0.107512290590
 -1.08713243115 -0.453598409645 -0.0110805843181 0.285888349169 0.365361997916 0.271789804263 0.110931698924 -0.0206734895789 -0.0767448045994 -0.0712540084766
# log_selcoffs_ind[3]:
 -0.202940821038 0.0202027052767 0.0202027052767 0.0202027052767 0.0202027052767 0.0202027052767 0.0202027052767 0.0202027052767 0.0202027052767 0.0202027052767
# log_selcoffs_ind[4]:
 -2.44705494628 -1.44610515256 -0.594512745815 -0.0714517855782 0.116834486978 0.203706167276 0.278787156577 0.354706372187 0.417455338531 0.457324199510
 -3.08114175008 -2.21149536945 -1.36393582479 -0.641339734050 -0.121722619950 0.231314038234 0.460020157034 0.576897668184 0.587448747134 0.561137504250
# log_selcoffs_ind[5]:
 -3.04452005677 -0.669616569639 0.101782682789 0.174353368097 0.174353368097 0.174353368097 0.174353368097 0.174353368097 0.174353368097 0.174353368097
# log_selcoffs_ind[6]:
 -3.04452005677 -0.669616569639 0.101782682789 0.174353368097 0.174353368097 0.174353368097 0.174353368097 0.174353368097 0.174353368097 0.174353368097
# log_selcoffs_ind[7]:
 -3.04452005677 -0.669616569639 0.101782682789 0.174353368097 0.174353368097 0.174353368097 0.174353368097 0.174353368097 0.174353368097 0.174353368097
# logsel_slope_ind[1]:
 0.00000000000 0.00000000000
# logsel_slope_ind[2]:
 0.00000000000 0.00000000000 0.00000000000
# logsel_slope_ind[3]:
 0.00000000000
# logsel_slope_ind[4]:
 0.00000000000 0.00000000000
# logsel_slope_ind[5]:
 0.00000000000
# logsel_slope_ind[6]:
 0.00000000000
# logsel_slope_ind[7]:
 0.00000000000
# sel50_ind[1]:
 0.00000000000 0.00000000000
# sel50_ind[2]:
 0.00000000000 0.00000000000 0.00000000000
# sel50_ind[3]:
 0.00000000000
# sel50_ind[4]:
 0.00000000000 0.00000000000
# sel50_ind[5]:
 0.00000000000
# sel50_ind[6]:
 0.00000000000
# sel50_ind[7]:
 0.00000000000
# logsel_p1_ind[1]:
 0.00000000000 0.00000000000
# logsel_p1_ind[2]:
 0.00000000000 0.00000000000 0.00000000000
# logsel_p1_ind[3]:
 0.00000000000
# logsel_p1_ind[4]:
 0.00000000000 0.00000000000
# logsel_p1_ind[5]:
 0.00000000000
# logsel_p1_ind[6]:
 0.00000000000
# logsel_p1_ind[7]:
 0.00000000000
# sel_p2_ind[1]:
 0.00000000000 0.00000000000
# sel_p2_ind[2]:
 0.00000000000 0.00000000000 0.00000000000
# sel_p2_ind[3]:
 0.00000000000
# sel_p2_ind[4]:
 0.00000000000 0.00000000000
# sel_p2_ind[5]:
 0.00000000000
# sel_p2_ind[6]:
 0.00000000000
# sel_p2_ind[7]:
 0.00000000000
# logsel_p3_ind[1]:
 0.00000000000 0.00000000000
# logsel_p3_ind[2]:
 0.00000000000 0.00000000000 0.00000000000
# logsel_p3_ind[3]:
 0.00000000000
# logsel_p3_ind[4]:
 0.00000000000 0.00000000000
# logsel_p3_ind[5]:
 0.00000000000
# logsel_p3_ind[6]:
 0.00000000000
# logsel_p3_ind[7]:
 0.00000000000
