# Number of parameters = 1400 Objective function value = 1027.16735220177  Maximum gradient component = 0.00203440456087766
# Mest[1]:
0.280000000000
# Mest[2]:
0.330000000000
# log_Linf[1]:
4.38701417618
# log_Linf[2]:
4.38701417618
# log_k[1]:
-1.83258146375
# log_k[2]:
-1.83258146375
# log_Lo[1]:
2.75684036527
# log_Lo[2]:
2.75684036527
# log_sdage[1]:
-2.40794560865
# log_sdage[2]:
-2.40794560865
# mean_log_rec[1]:
9.33420100943
# mean_log_rec[2]:
8.17413551121
# mean_log_rec[3]:
7.50653313516
# steepness[1]:
0.650000000000
# steepness[2]:
0.650000000000
# steepness[3]:
0.650000000000
# log_Rzero[1]:
9.61010333754
# log_Rzero[2]:
8.23598388530
# log_Rzero[3]:
7.22414784061
# rec_dev:
 -0.0883021577080 -0.112478521895 -0.141424001230 -0.175157454972 -0.214339765923 -0.259253626851 -0.308622642604 -0.361918723918 -0.422347273841 -0.490565449426 -0.557646219829 -0.354993405992 -0.415331622971 -0.482743038735 -0.576169667421 -0.615179479432 -0.472676974063 -0.319125757048 -0.0831971052287 0.129631128655 0.161966872039 0.185838281084 0.277878505313 0.362603820333 0.884286935678 0.710301226422 0.745940137059 1.56134635461 1.45527814487 0.667138863090 0.153823639254 0.434013168370 0.656059007938 0.748699203756 0.258495302051 0.282659561469 0.0539376756975 0.204987177500 0.302129971067 0.363534524167 0.491323292902 0.607302276598 0.607466524823 0.501072366897 0.0511763363332 -0.477099847611 -0.392603126419 -0.877135280150 -1.63374955834 -0.698388552718 -0.731865299420 -0.803068181074 -0.570935849020 -0.516149963222 -0.408163692497 0.188257942870 0.0468819658867 0.277775301495 0.496206313879 -0.0259423576921
 -0.000355200841323 -0.000464838408694 -0.000591444765764 -0.000728991519152 -0.000860373587583 -0.000950472910015 -0.000931781054677 -0.000674750771875 -0.000242519879315 0.000660597263714 0.00235577146057 0.0346262079232 0.0355588433262 0.0362268593019 0.0364084197171 0.0301584504388 0.0172889430466 -0.00713694353367 -0.0631127560400 0.254549844448 0.00277966543519 -0.320797185204 0.159446811532 0.594574076522 0.0567372671427 -0.553543877074 -0.313066750671 -0.0458886334820 0.498162614443 0.916297994727 0.0200884754880 -0.0483550802403 -0.406339079801 0.0749798177086 -0.294464492346 -0.442695415820 0.221818450268 -0.201285559148 0.0749136573299 -0.208898280328 0.894445784203 1.09214441309 -0.372844376235 0.772363495021 -1.20195290266 0.173915207684 0.596296668510 0.221581348800 -1.76851460829 -1.73444488659 0.223118610988 0.738127210970 -1.00132011439 -0.281160678359 -1.53796614061 -0.396603047824 -0.721113641492 0.130198803881 1.22045317050 0.00493689410989
# log_sigmar[1]:
-0.510825623766
# log_sigmar[2]:
-0.510825623766
# log_sigmar[3]:
-0.510825623766
# fmort:
 0.00872799703070 0.0132282309064 0.00631701254049 0.00847693886194 0.0171008318120 0.0220784751577 0.0292545609380 0.0276364785988 0.0520381953917 0.0461884250973 0.0354283782847 0.0529812318553 0.110174212233 0.0429771816575 0.101296021524 0.0580614837012 0.00536046306260 0.0196583642853 0.0137165554327 0.0127673290257 0.0123885654623 0.0173806843331 0.0186117040799 0.0222030893747 0.0142014850516 0.0188076960714 0.0298438023026 0.0103063255172 0.00303447021839 0.00565147503706 0.00873333237899 0.0164907479134 0.00689496395301 0.0108586835760 0.0127744683785 0.0222157197514 0.0256355740208 0.0398198076346 0.0610039555328 0.0419149022881 0.0597224506678 0.00912421844001 0.00281665378950 0.00411803082470 0.00367149950762 0.00424160211469 0.00281717806670 0.00392311849059 0.00112166191866
 0.000799955320646 0.00122431239591 0.00188548788797 0.00324487238492 0.00251593480466 0.00499818773783 0.00828744561909 0.0113702323318 0.0180115541721 0.0224613895670 0.0257840871542 0.0548323627119 0.0699218193778 0.0535559932768 0.0751595703616 0.110491548218 0.137625043079 0.184586753802 0.228981541772 0.268426150230 0.283521469020 0.350320792471 0.456795932486 0.469747960872 0.582747741414 0.761159757610 0.719779258151 0.701902360865 0.409957449073 0.259256423072 0.168635436851 0.188667743432 0.198147122837 0.183132245429 0.184355738000 0.189934433316 0.203340473767 0.246177505911 0.214162552101 0.299619723945 0.172440027501 0.120889361765 0.0845646671657 0.0716092610115 0.0736384501897 0.0889814403947 0.0814237686100 0.0771251487193 0.0819359118402
 0.000651185849989 0.00126999526893 0.00310914013061 0.00668015467963 0.0213965754559 0.00664534457319 0.00855059184323 0.116507576580 0.125478944636 0.110894957109 0.117680747931 0.149704277094 0.0518576167308 0.0248241385362 0.0249624420755 0.0172505638546 0.0119355264844 0.0124420928504 0.0517883487614 0.0425915152988 0.0371604572189 0.0317101744153 0.0220813186662 0.0318312307236 0.0492400927378 0.193759559909 0.334560591673 0.755102901928 0.977235964579 0.259370132083 0.178078368589 0.554900421707 0.0659529793535 0.0923435961795 0.0666738416629 0.0447937291513 0.121970084317 0.101312123215 0.0909680643812 0.113370708588 0.0258635074026 0.143433980328 0.0715030617042 0.0513414958161 0.0548551777272 0.0219525790687 0.0100947670447 0.00471717140721 0.0149033826111
 6.02862488583e-05 6.41559276873e-05 0.000375962993979 7.27720190416e-05 7.76307902681e-05 8.30116743275e-05 9.24262401769e-05 0.000215521702304 0.00525325720292 0.0431891239607 0.0460593304686 0.0691756880918 0.146493929066 0.241247401446 0.392460233529 0.368436287612 0.375404222081 0.310698770639 0.231892677449 0.169099939739 0.123042359165 0.0637448407715 0.00474713343775 0.000142390814945 0.000174908394682 0.000242260480827 0.000343208851187 0.000460714049982 0.000517013594391 0.000474586844290 0.000854344350827 0.00579987026918 0.0178061074747 0.0305484679311 0.0519913794157 0.0415485655842 0.0631566876407 0.0906577574526 0.111313761989 0.148306732460 0.137331669128 0.0406021237189 0.0257744449592 0.0243363056372 0.0332462321165 0.0353139725482 0.0196834827361 0.0159062150492 0.0137909191647
# log_selcoffs_fsh[1]:
 -3.46882572989 -1.82886555828 -0.849621212879 0.0771665002777 0.866032678701 0.946186226873 0.281332001814 -0.459920640271 -0.939309289034
 -3.06944797521 -1.41981987225 -0.725082577978 0.0113919581835 0.738148533821 0.886667134968 0.377058958590 -0.280528517110 -0.726511061939
 -2.76448827498 -1.33442344730 -0.531177086734 0.220016317410 0.714646266508 0.721284908950 0.316998189254 -0.209748174368 -0.588165165837
 -2.38132637722 -1.13162837668 -0.533598070619 0.0599292271481 0.749405389452 0.727786797968 0.284181814027 -0.196732562215 -0.510005456832
 -1.75637763892 -0.258172472813 -0.000367405091728 0.194526365151 0.407460088431 0.442764492002 0.203111750306 -0.133007418488 -0.385910609665
 -1.66586890605 -0.471138542642 0.459046443893 0.632125543087 0.266223965522 0.0883639876416 -0.0748506476136 -0.279761503873 -0.444330412113
 -1.41320144140 -0.350760146073 0.535168418227 0.725408847627 0.272887333401 -0.0678356358291 -0.265912464851 -0.409455554496 -0.510011217255
 -1.03820684284 -0.192535148208 0.579655375546 0.778790453607 0.196475640572 -0.189943662198 -0.411217316069 -0.526274606172 -0.581550249161
 -0.768058508437 0.235511163413 0.475829734663 0.596766061876 0.296143756576 -0.196088985796 -0.492105300566 -0.612433373434 -0.644402748230
 -0.530136216236 0.386501269786 0.574019161395 0.573377447552 0.144311863802 -0.327209669175 -0.615012929752 -0.713482479357 -0.727181219563
 -0.0141993647002 0.928515913444 0.459915183125 0.164431228090 -0.229732824198 -0.556207812411 -0.754239416945 -0.819124302989 -0.817859609101
 0.205478187872 0.878399384745 0.626008426368 0.126708119371 -0.432790701551 -0.726557583388 -0.869669200486 -0.912122658638 -0.899926903429
 -0.0117539993456 1.15549535876 0.651330293099 -0.100219192764 -0.663350763887 -0.911274362232 -1.00220447304 -1.01812760658 -0.999984562167
 0.245124623291 1.19506023824 0.582336249674 -0.207541402694 -0.802253313363 -1.03107280090 -1.09714265667 -1.09567347698 -1.07122867670
 0.278259760818 1.24750666292 0.559033112204 -0.274489285117 -0.874558408477 -1.10935548264 -1.17349825111 -1.16560730305 -1.13710955271
 -0.123803727005 1.33521339565 0.665081696393 -0.244839057079 -0.918422255942 -1.17286447558 -1.24329348384 -1.23455818554 -1.20351782707
 -0.0271271933090 1.37316569070 0.599151514814 -0.292123601325 -0.959728901607 -1.22146699886 -1.29607686826 -1.28896320732 -1.25621084539
 0.520769891013 1.17393755931 0.638886165133 -0.313003943149 -0.998271247195 -1.25959142333 -1.33454970725 -1.32565418733 -1.29038782852
 0.833858820639 1.15497328723 0.399926857058 -0.425440674294 -1.06094050401 -1.31723926172 -1.38984906853 -1.37570497170 -1.33597975781
 0.577316147835 1.26009024911 0.548942109398 -0.423105274477 -1.12055409130 -1.38295216092 -1.44739609268 -1.42138838094 -1.37404023724
 0.660917550520 1.33771571225 0.377726982351 -0.560511447975 -1.21428359763 -1.45923686682 -1.51147400234 -1.47041505019 -1.41276389584
 0.670598050984 1.32587844437 0.473508256470 -0.641383889312 -1.31901314473 -1.53970480209 -1.57095874066 -1.51147799080 -1.44117925346
 0.853854601688 1.27739490405 0.366720843723 -0.665057963190 -1.35769699795 -1.58804286923 -1.61470950701 -1.54211712443 -1.45954250741
 0.538447154583 1.44549991042 0.364074280133 -0.676688286813 -1.35426882212 -1.59753295149 -1.63469833658 -1.56144869470 -1.47041743029
 0.650381611632 1.36249468762 0.391624123311 -0.581628385148 -1.26961355832 -1.54938751914 -1.61106132614 -1.54750747241 -1.45387707693
 0.687344434149 1.23031504823 0.501973834621 -0.360646349513 -1.13767024862 -1.45637813394 -1.53419213205 -1.48903985857 -1.40569210281
 0.270535864786 1.27811991015 0.621475464633 -0.180336744184 -0.982051597021 -1.31137341932 -1.40460209453 -1.38769411292 -1.33301565679
 0.257431023680 1.27673271474 0.559544342532 -0.237435776384 -0.879014219658 -1.16129745773 -1.25422062249 -1.26585443951 -1.24688324060
 1.04580411398 0.869827526620 0.255308261068 -0.367263249068 -0.819293411160 -1.01648409159 -1.09659793783 -1.12428223802 -1.13063169336
 0.701322675750 1.09957193469 0.270466420751 -0.417373844664 -0.757459037857 -0.876915868354 -0.940593936284 -0.985485955740 -1.01396574507
 0.557453645231 1.12334463154 0.157476036108 -0.393482540433 -0.618626839396 -0.708649173844 -0.771587622564 -0.840538211878 -0.894890377670
 0.540249577572 0.894189589279 0.194841353936 -0.237302014838 -0.400438420781 -0.478820834571 -0.564833474687 -0.673236913078 -0.762946200178
 -0.122609165614 0.689335557096 0.371988855419 0.0724191086554 -0.0591503894514 -0.198798329363 -0.335673206112 -0.513029847904 -0.651121454910
 -0.434687444383 0.244795366386 0.171777849505 0.275554779267 0.284421625010 0.0704860882078 -0.0760884394135 -0.380474525612 -0.583031124536
 -0.0805234927139 0.704454127936 0.152493933035 -0.0792462771569 -0.0211419044780 -0.0708683608592 -0.196638382801 -0.401863139378 -0.571191161206
# log_selcoffs_fsh[2]:
 -2.03100498742 -0.0973244379709 0.635834744925 0.887330118042 0.569440211894 -0.0395104749700 -0.504357146460 -0.761789630474 -0.847342121661 -0.875901194996
 -2.01214297496 -0.102755188037 -0.0884417255265 0.428827535578 0.769828524280 0.514117778252 -0.0487301781171 -0.463009152870 -0.597252942287 -0.598868637980
 -2.53793966678 -0.761469287505 -0.286475097463 0.246838035371 0.727690678727 0.671517234920 0.176000840345 -0.236759471162 -0.358690827723 -0.334907346141
 -2.93142775888 -1.39828072138 -0.566102423995 -0.0412267254021 0.597431971400 0.760912418873 0.308688747253 -0.0284475705871 -0.0910732018780 -0.0324241172925
 -2.49310426367 -0.977431911770 -0.953558128258 -0.480121345984 0.301888347480 0.652188203576 0.381675672748 0.188378919872 0.211642031975 0.305360724093
 -2.08757748109 -1.00450436008 -0.835484495311 -0.775334138461 -0.300730255864 0.125682876366 0.306527673643 0.419132319735 0.583536425206 0.727387303766
 -2.77649345518 -1.52400015931 -0.689906959971 -0.584201115824 -0.510272393228 -0.212387542111 0.130508673597 0.452147632133 0.727175703921 0.904795975948
 -3.36192814150 -2.36323266330 -1.58375404018 -0.912059799179 -0.376560906526 -0.00321394423807 0.277809032177 0.471636831555 0.750544721768 0.932284342220
 -3.65856911651 -2.64485926348 -2.01241107493 -1.31916770893 -0.518537309159 0.0239026217571 0.416979427403 0.660509811666 0.781746196204 0.808338056636
 -3.74235394842 -2.53783934953 -1.84228461192 -1.35309304226 -0.869737131264 -0.222936728399 0.338871131548 0.826837714220 0.930879800162 0.710477325743
 -3.57159559694 -2.09482554147 -1.38447915399 -0.964043210189 -0.618816468647 -0.352177685518 0.142229358288 0.722420006991 0.939200402920 0.790759828717
 -3.47184664349 -2.00002522005 -1.20281776240 -0.790380433456 -0.449056866226 -0.131868552653 0.373477782290 0.694684343719 0.759528547183 0.678936904726
 -3.10915920642 -1.30930687720 -0.726448572051 -0.398931073598 -0.168488881274 -0.0959023909356 0.266488455081 0.530532498132 0.634465535301 0.634446179354
 -2.67528487083 -0.889104644909 -0.352562399083 -0.194815272371 -0.124271140661 -0.0186101513095 0.208861752351 0.406280607047 0.515801489009 0.542926889952
 -2.28121860016 -0.298904227053 -0.0732982129734 -0.224658995924 -0.321652929419 -0.188396872665 0.110372452748 0.338083103047 0.488003965225 0.546298892566
 -1.94892265625 0.00691289221485 -0.134918396497 -0.314449624533 -0.453635365449 -0.311745614923 -0.00470500657578 0.276123777951 0.506511311212 0.645199409193
 -1.50744364580 -0.00994647546759 -0.112808100861 -0.280187639954 -0.458418490931 -0.419707954714 -0.131163787992 0.195752098320 0.512653066224 0.735690003893
 -1.69388390783 0.0800871748954 0.188404385737 -0.0753766576538 -0.381335296411 -0.404417260322 -0.173965229627 0.137631197295 0.398870403590 0.570846847599
 -1.91400561644 -0.109833932943 0.225138983745 0.0226290333010 -0.283493844538 -0.319781596154 -0.105442025370 0.171300934180 0.387747625806 0.495462472814
 -1.99285536489 -0.409409183396 -0.0752248389710 0.00892495369869 -0.189849703905 -0.229018502428 -0.0172169704046 0.264852056819 0.467553043366 0.564462557818
 -2.05606521842 -0.518148184292 -0.0848538943984 0.0527802800731 -0.154974835376 -0.256864663475 -0.0629217490027 0.245260286633 0.483911311420 0.606656667234
 -2.20732874303 -0.607842406528 -0.0776742994771 0.142500190323 -0.0428626617357 -0.160903282257 -0.0213759465745 0.208120423726 0.415629269447 0.549339651888
 -2.43167632137 -1.03536682194 -0.191754066213 0.265921376733 0.180873635063 -0.00276152013048 0.0611511117129 0.205230272752 0.336149938219 0.432399052415
 -2.58687622216 -1.30460935323 -0.463757140937 0.0985504036976 0.339068157329 0.209282394451 0.264466137432 0.318941049639 0.293600208706 0.234989388409
 -2.72013993550 -1.13350468946 -0.392718972492 -0.106689381558 0.195814743917 0.303246578460 0.355935992064 0.412920206585 0.300945397969 0.163632979039
 -2.92874981941 -1.56124716739 -0.658044572685 0.126032849394 0.421682369608 0.400159049353 0.323889254625 0.324561414850 0.214036548250 0.0613843547255
 -3.17691521583 -1.45199776405 -0.696266127627 0.243816156377 0.548170520057 0.532530580725 0.390148376468 0.223713215174 -0.0211112493552 -0.211602026352
 -3.45120381497 -1.18261757610 -0.577097903253 0.126668030336 0.458063841940 0.444372255351 0.640780601139 0.332682865200 -0.144038955904 -0.406150867817
 -3.69761610009 -1.95108154177 -0.933381631208 0.138480217595 0.595726709539 0.561773596083 0.685604477456 0.229229453848 -0.187232488382 -0.428682830494
 -3.81397424118 -1.93117579670 -0.474203930132 0.335654229700 0.817338522196 0.497215849562 0.254442993031 -0.00528239467021 -0.179792492093 -0.244359568711
 -3.64915344148 -1.53814025159 -0.318917249953 0.368617081292 0.412273090163 0.184465944535 0.153945927271 0.164796356552 0.213560027125 0.254685280552
 -3.55655758992 -1.68935805817 -0.756380427005 -0.270808163574 0.107284049366 0.131635937786 0.0826170827115 0.336216941132 0.582703367424 0.705132582324
 -2.96364342971 -1.17530179986 -0.953043281804 -0.733543955374 -0.402245051970 -0.168965401520 -0.0363324335555 0.302811009526 0.770984460501 1.02268362481
 -3.27560373043 -1.36861670763 -0.846257492741 -0.383834342154 -0.203508727169 -0.134977906217 -0.0114850527130 0.287325336739 0.668044564964 0.969273626626
 -3.24718930927 -1.57510555057 -1.03484829661 -0.697065325947 -0.166525442981 -0.0162837970674 0.0751224219486 0.344731270404 0.692653879761 0.948454315498
 -3.08214201806 -1.83777647971 -1.13972376122 -0.733798804765 -0.377699231776 -0.123308070045 0.0615001524824 0.348425519117 0.731974070884 1.05295372517
# log_selcoffs_fsh[3]:
 -3.09252461796 -0.293246134316 1.40813746353 0.635911194221 -1.62822960142 -3.61983412698 -4.75203104395
 -3.16629188126 0.466056737898 1.32228529012 0.353551708882 -1.87111291454 -3.67247384183 -4.74734836683
# log_selcoffs_fsh[4]:
 -3.83863808224 -3.22011940037 -2.57471505243 -1.87394281068 -1.11277647562 -0.327391184105 0.398709922689 0.960650910713 1.26866130784
 -3.82921658480 -3.21632214506 -2.57668756408 -1.88072159500 -1.12181474306 -0.335389190048 0.395173057150 0.961716479377 1.27203138372
 -3.81104201544 -3.20897589984 -2.58093890314 -1.89364262867 -1.13784502221 -0.347986778504 0.390624164575 0.963437437067 1.27704908227
 -3.78441333556 -3.19562775005 -2.58530891001 -1.91571906314 -1.16328800382 -0.363751581118 0.386187155809 0.967221496981 1.28210597185
 -3.74741930492 -3.17127645387 -2.57929052274 -1.93151454182 -1.19733462184 -0.388843933222 0.383484825129 0.972419748517 1.28706841881
 -3.69939112948 -3.12987828930 -2.55823288321 -1.93604169063 -1.20618960893 -0.396980771509 0.385709248356 0.978057778344 1.28320817800
 -3.64879896328 -3.07688257413 -2.49564090533 -1.89901645180 -1.19353436996 -0.368397542652 0.422470778232 0.988799861748 1.24903948004
 -3.57940699959 -3.00535631087 -2.41992163931 -1.80091101833 -1.12472414304 -0.339158711878 0.433453005458 0.984534479698 1.22737413788
 -3.48165428251 -2.90259296102 -2.32273819125 -1.70587638834 -1.01510469394 -0.268239554119 0.453004344938 0.963978224908 1.19770850681
 -3.36554663906 -2.75434893708 -2.14829367005 -1.56578705593 -0.929274973332 -0.217408450678 0.452356971228 0.942621191730 1.17496984017
 -3.24444061703 -2.59468475533 -1.94190937315 -1.32018570668 -0.779128688134 -0.200447080652 0.417896027924 0.905983639569 1.16487648937
 -3.13142413318 -2.46264684364 -1.78213837333 -1.11304985087 -0.539356315234 -0.115961765186 0.362682941577 0.842687820198 1.14450544241
 -3.03976496697 -2.36319042043 -1.68754659712 -1.02455707591 -0.428560525138 0.0246588596367 0.391502895541 0.787359523453 1.08549541793
 -2.95317875139 -2.27454559908 -1.60414108702 -0.965402808137 -0.400364725680 0.0597538129557 0.444055864970 0.787416732547 1.02054648142
 -2.86391107959 -2.18508048477 -1.52104491424 -0.899558313170 -0.353472673585 0.0995080451623 0.473000181882 0.775696658999 0.963736801606
 -2.77571858305 -2.09662967363 -1.43745090622 -0.829668763437 -0.299240798505 0.138343793358 0.490191072033 0.757058585377 0.910966154964
 -2.68948044006 -2.00818618963 -1.35130812153 -0.754964995720 -0.243393643995 0.171225483471 0.498580179188 0.736436763187 0.860075768113
 -2.60933232231 -1.91691370599 -1.25632157283 -0.664201746583 -0.166040146500 0.214350144843 0.499898464554 0.695817186913 0.806477211453
 -2.54316401312 -1.83827843203 -1.16134849846 -0.590992268097 -0.108164963555 0.264677838058 0.501272633362 0.665292420701 0.741499008417
 -2.48689577948 -1.77886042501 -1.08637477584 -0.487868173139 -0.0624172998310 0.278498893036 0.511608910335 0.629016255612 0.689268501728
 -2.43379644048 -1.74013922600 -1.07301590698 -0.453370933802 0.0187594005260 0.292066534606 0.492186537285 0.608906680269 0.655914897707
 -2.38844056417 -1.72199861077 -1.08339174697 -0.520066315057 -0.00458160101257 0.324912478520 0.524284475426 0.619531527126 0.625909782944
 -2.31865501695 -1.71462210855 -1.12106818711 -0.585354586768 -0.128431056236 0.249425285179 0.510803807377 0.664053547049 0.725943046190
 -2.26730901098 -1.73293852056 -1.21009990869 -0.708074116773 -0.248920174037 0.148239368945 0.474652026128 0.716081860441 0.848268241256
 -2.21339195708 -1.74753114583 -1.28724033782 -0.828715076389 -0.374371505563 0.0506706571239 0.426148989562 0.751692274245 0.960190289040
 -2.15731663945 -1.75758790574 -1.37104993617 -0.950125531530 -0.506195916493 -0.0665417063264 0.367286377505 0.776656245158 1.06985680848
 -2.07693597286 -1.72784044810 -1.44210844584 -1.04868766521 -0.595133439482 -0.168581304097 0.282072342922 0.776328934020 1.16766806288
 -1.96559357326 -1.75980049379 -1.49797472160 -1.01767493426 -0.635983074005 -0.357214322475 0.105909862792 0.730088594269 1.30476098412
 -1.23144859556 -1.59885299548 -1.53472888620 -1.28240789336 -0.895380189968 -0.494244894829 0.0330859774754 0.724232495768 1.36042502593
 -1.30816796176 -1.54559042110 -1.53544863687 -1.30424819710 -0.937269349114 -0.492864224071 0.0788547942956 0.767466503713 1.33258898981
# log_sel_spl_fsh[1]:
 0.00000000000 0.00000000000 0.00000000000 0.00000000000
 0.00000000000 0.00000000000 0.00000000000 0.00000000000
 0.00000000000 0.00000000000 0.00000000000 0.00000000000
 0.00000000000 0.00000000000 0.00000000000 0.00000000000
 0.00000000000 0.00000000000 0.00000000000 0.00000000000
 0.00000000000 0.00000000000 0.00000000000 0.00000000000
 0.00000000000 0.00000000000 0.00000000000 0.00000000000
 0.00000000000 0.00000000000 0.00000000000 0.00000000000
 0.00000000000 0.00000000000 0.00000000000 0.00000000000
 0.00000000000 0.00000000000 0.00000000000 0.00000000000
 0.00000000000 0.00000000000 0.00000000000 0.00000000000
 0.00000000000 0.00000000000 0.00000000000 0.00000000000
 0.00000000000 0.00000000000 0.00000000000 0.00000000000
 0.00000000000 0.00000000000 0.00000000000 0.00000000000
 0.00000000000 0.00000000000 0.00000000000 0.00000000000
 0.00000000000 0.00000000000 0.00000000000 0.00000000000
 0.00000000000 0.00000000000 0.00000000000 0.00000000000
 0.00000000000 0.00000000000 0.00000000000 0.00000000000
 0.00000000000 0.00000000000 0.00000000000 0.00000000000
 0.00000000000 0.00000000000 0.00000000000 0.00000000000
 0.00000000000 0.00000000000 0.00000000000 0.00000000000
 0.00000000000 0.00000000000 0.00000000000 0.00000000000
 0.00000000000 0.00000000000 0.00000000000 0.00000000000
 0.00000000000 0.00000000000 0.00000000000 0.00000000000
 0.00000000000 0.00000000000 0.00000000000 0.00000000000
 0.00000000000 0.00000000000 0.00000000000 0.00000000000
 0.00000000000 0.00000000000 0.00000000000 0.00000000000
 0.00000000000 0.00000000000 0.00000000000 0.00000000000
 0.00000000000 0.00000000000 0.00000000000 0.00000000000
 0.00000000000 0.00000000000 0.00000000000 0.00000000000
 0.00000000000 0.00000000000 0.00000000000 0.00000000000
 0.00000000000 0.00000000000 0.00000000000 0.00000000000
 0.00000000000 0.00000000000 0.00000000000 0.00000000000
 0.00000000000 0.00000000000 0.00000000000 0.00000000000
 0.00000000000 0.00000000000 0.00000000000 0.00000000000
# log_sel_spl_fsh[2]:
 0.00000000000 0.00000000000 0.00000000000 0.00000000000
 0.00000000000 0.00000000000 0.00000000000 0.00000000000
 0.00000000000 0.00000000000 0.00000000000 0.00000000000
 0.00000000000 0.00000000000 0.00000000000 0.00000000000
 0.00000000000 0.00000000000 0.00000000000 0.00000000000
 0.00000000000 0.00000000000 0.00000000000 0.00000000000
 0.00000000000 0.00000000000 0.00000000000 0.00000000000
 0.00000000000 0.00000000000 0.00000000000 0.00000000000
 0.00000000000 0.00000000000 0.00000000000 0.00000000000
 0.00000000000 0.00000000000 0.00000000000 0.00000000000
 0.00000000000 0.00000000000 0.00000000000 0.00000000000
 0.00000000000 0.00000000000 0.00000000000 0.00000000000
 0.00000000000 0.00000000000 0.00000000000 0.00000000000
 0.00000000000 0.00000000000 0.00000000000 0.00000000000
 0.00000000000 0.00000000000 0.00000000000 0.00000000000
 0.00000000000 0.00000000000 0.00000000000 0.00000000000
 0.00000000000 0.00000000000 0.00000000000 0.00000000000
 0.00000000000 0.00000000000 0.00000000000 0.00000000000
 0.00000000000 0.00000000000 0.00000000000 0.00000000000
 0.00000000000 0.00000000000 0.00000000000 0.00000000000
 0.00000000000 0.00000000000 0.00000000000 0.00000000000
 0.00000000000 0.00000000000 0.00000000000 0.00000000000
 0.00000000000 0.00000000000 0.00000000000 0.00000000000
 0.00000000000 0.00000000000 0.00000000000 0.00000000000
 0.00000000000 0.00000000000 0.00000000000 0.00000000000
 0.00000000000 0.00000000000 0.00000000000 0.00000000000
 0.00000000000 0.00000000000 0.00000000000 0.00000000000
 0.00000000000 0.00000000000 0.00000000000 0.00000000000
 0.00000000000 0.00000000000 0.00000000000 0.00000000000
 0.00000000000 0.00000000000 0.00000000000 0.00000000000
 0.00000000000 0.00000000000 0.00000000000 0.00000000000
 0.00000000000 0.00000000000 0.00000000000 0.00000000000
 0.00000000000 0.00000000000 0.00000000000 0.00000000000
 0.00000000000 0.00000000000 0.00000000000 0.00000000000
 0.00000000000 0.00000000000 0.00000000000 0.00000000000
 0.00000000000 0.00000000000 0.00000000000 0.00000000000
# log_sel_spl_fsh[3]:
 0.00000000000 0.00000000000 0.00000000000 0.00000000000
 0.00000000000 0.00000000000 0.00000000000 0.00000000000
# log_sel_spl_fsh[4]:
 0.00000000000 0.00000000000 0.00000000000 0.00000000000
 0.00000000000 0.00000000000 0.00000000000 0.00000000000
 0.00000000000 0.00000000000 0.00000000000 0.00000000000
 0.00000000000 0.00000000000 0.00000000000 0.00000000000
 0.00000000000 0.00000000000 0.00000000000 0.00000000000
 0.00000000000 0.00000000000 0.00000000000 0.00000000000
 0.00000000000 0.00000000000 0.00000000000 0.00000000000
 0.00000000000 0.00000000000 0.00000000000 0.00000000000
 0.00000000000 0.00000000000 0.00000000000 0.00000000000
 0.00000000000 0.00000000000 0.00000000000 0.00000000000
 0.00000000000 0.00000000000 0.00000000000 0.00000000000
 0.00000000000 0.00000000000 0.00000000000 0.00000000000
 0.00000000000 0.00000000000 0.00000000000 0.00000000000
 0.00000000000 0.00000000000 0.00000000000 0.00000000000
 0.00000000000 0.00000000000 0.00000000000 0.00000000000
 0.00000000000 0.00000000000 0.00000000000 0.00000000000
 0.00000000000 0.00000000000 0.00000000000 0.00000000000
 0.00000000000 0.00000000000 0.00000000000 0.00000000000
 0.00000000000 0.00000000000 0.00000000000 0.00000000000
 0.00000000000 0.00000000000 0.00000000000 0.00000000000
 0.00000000000 0.00000000000 0.00000000000 0.00000000000
 0.00000000000 0.00000000000 0.00000000000 0.00000000000
 0.00000000000 0.00000000000 0.00000000000 0.00000000000
 0.00000000000 0.00000000000 0.00000000000 0.00000000000
 0.00000000000 0.00000000000 0.00000000000 0.00000000000
 0.00000000000 0.00000000000 0.00000000000 0.00000000000
 0.00000000000 0.00000000000 0.00000000000 0.00000000000
 0.00000000000 0.00000000000 0.00000000000 0.00000000000
 0.00000000000 0.00000000000 0.00000000000 0.00000000000
 0.00000000000 0.00000000000 0.00000000000 0.00000000000
# logsel_slope_fsh[1]:
 0.00000000000 0.00000000000 0.00000000000 0.00000000000 0.00000000000 0.00000000000 0.00000000000 0.00000000000 0.00000000000 0.00000000000 0.00000000000 0.00000000000 0.00000000000 0.00000000000 0.00000000000 0.00000000000 0.00000000000 0.00000000000 0.00000000000 0.00000000000 0.00000000000 0.00000000000 0.00000000000 0.00000000000 0.00000000000 0.00000000000 0.00000000000 0.00000000000 0.00000000000 0.00000000000 0.00000000000 0.00000000000 0.00000000000 0.00000000000 0.00000000000
# logsel_slope_fsh[2]:
 0.00000000000 0.00000000000 0.00000000000 0.00000000000 0.00000000000 0.00000000000 0.00000000000 0.00000000000 0.00000000000 0.00000000000 0.00000000000 0.00000000000 0.00000000000 0.00000000000 0.00000000000 0.00000000000 0.00000000000 0.00000000000 0.00000000000 0.00000000000 0.00000000000 0.00000000000 0.00000000000 0.00000000000 0.00000000000 0.00000000000 0.00000000000 0.00000000000 0.00000000000 0.00000000000 0.00000000000 0.00000000000 0.00000000000 0.00000000000 0.00000000000 0.00000000000
# logsel_slope_fsh[3]:
 0.00000000000 0.00000000000
# logsel_slope_fsh[4]:
 0.00000000000 0.00000000000 0.00000000000 0.00000000000 0.00000000000 0.00000000000 0.00000000000 0.00000000000 0.00000000000 0.00000000000 0.00000000000 0.00000000000 0.00000000000 0.00000000000 0.00000000000 0.00000000000 0.00000000000 0.00000000000 0.00000000000 0.00000000000 0.00000000000 0.00000000000 0.00000000000 0.00000000000 0.00000000000 0.00000000000 0.00000000000 0.00000000000 0.00000000000 0.00000000000
# sel50_fsh[1]:
 0.00000000000 0.00000000000 0.00000000000 0.00000000000 0.00000000000 0.00000000000 0.00000000000 0.00000000000 0.00000000000 0.00000000000 0.00000000000 0.00000000000 0.00000000000 0.00000000000 0.00000000000 0.00000000000 0.00000000000 0.00000000000 0.00000000000 0.00000000000 0.00000000000 0.00000000000 0.00000000000 0.00000000000 0.00000000000 0.00000000000 0.00000000000 0.00000000000 0.00000000000 0.00000000000 0.00000000000 0.00000000000 0.00000000000 0.00000000000 0.00000000000
# sel50_fsh[2]:
 0.00000000000 0.00000000000 0.00000000000 0.00000000000 0.00000000000 0.00000000000 0.00000000000 0.00000000000 0.00000000000 0.00000000000 0.00000000000 0.00000000000 0.00000000000 0.00000000000 0.00000000000 0.00000000000 0.00000000000 0.00000000000 0.00000000000 0.00000000000 0.00000000000 0.00000000000 0.00000000000 0.00000000000 0.00000000000 0.00000000000 0.00000000000 0.00000000000 0.00000000000 0.00000000000 0.00000000000 0.00000000000 0.00000000000 0.00000000000 0.00000000000 0.00000000000
# sel50_fsh[3]:
 0.00000000000 0.00000000000
# sel50_fsh[4]:
 0.00000000000 0.00000000000 0.00000000000 0.00000000000 0.00000000000 0.00000000000 0.00000000000 0.00000000000 0.00000000000 0.00000000000 0.00000000000 0.00000000000 0.00000000000 0.00000000000 0.00000000000 0.00000000000 0.00000000000 0.00000000000 0.00000000000 0.00000000000 0.00000000000 0.00000000000 0.00000000000 0.00000000000 0.00000000000 0.00000000000 0.00000000000 0.00000000000 0.00000000000 0.00000000000
# logsel_p1_fsh[1]:
 0.00000000000 0.00000000000 0.00000000000 0.00000000000 0.00000000000 0.00000000000 0.00000000000 0.00000000000 0.00000000000 0.00000000000 0.00000000000 0.00000000000 0.00000000000 0.00000000000 0.00000000000 0.00000000000 0.00000000000 0.00000000000 0.00000000000 0.00000000000 0.00000000000 0.00000000000 0.00000000000 0.00000000000 0.00000000000 0.00000000000 0.00000000000 0.00000000000 0.00000000000 0.00000000000 0.00000000000 0.00000000000 0.00000000000 0.00000000000 0.00000000000
# logsel_p1_fsh[2]:
 0.00000000000 0.00000000000 0.00000000000 0.00000000000 0.00000000000 0.00000000000 0.00000000000 0.00000000000 0.00000000000 0.00000000000 0.00000000000 0.00000000000 0.00000000000 0.00000000000 0.00000000000 0.00000000000 0.00000000000 0.00000000000 0.00000000000 0.00000000000 0.00000000000 0.00000000000 0.00000000000 0.00000000000 0.00000000000 0.00000000000 0.00000000000 0.00000000000 0.00000000000 0.00000000000 0.00000000000 0.00000000000 0.00000000000 0.00000000000 0.00000000000 0.00000000000
# logsel_p1_fsh[3]:
 0.00000000000 0.00000000000
# logsel_p1_fsh[4]:
 0.00000000000 0.00000000000 0.00000000000 0.00000000000 0.00000000000 0.00000000000 0.00000000000 0.00000000000 0.00000000000 0.00000000000 0.00000000000 0.00000000000 0.00000000000 0.00000000000 0.00000000000 0.00000000000 0.00000000000 0.00000000000 0.00000000000 0.00000000000 0.00000000000 0.00000000000 0.00000000000 0.00000000000 0.00000000000 0.00000000000 0.00000000000 0.00000000000 0.00000000000 0.00000000000
# sel_p2_fsh[1]:
 0.00000000000 0.00000000000 0.00000000000 0.00000000000 0.00000000000 0.00000000000 0.00000000000 0.00000000000 0.00000000000 0.00000000000 0.00000000000 0.00000000000 0.00000000000 0.00000000000 0.00000000000 0.00000000000 0.00000000000 0.00000000000 0.00000000000 0.00000000000 0.00000000000 0.00000000000 0.00000000000 0.00000000000 0.00000000000 0.00000000000 0.00000000000 0.00000000000 0.00000000000 0.00000000000 0.00000000000 0.00000000000 0.00000000000 0.00000000000 0.00000000000
# sel_p2_fsh[2]:
 0.00000000000 0.00000000000 0.00000000000 0.00000000000 0.00000000000 0.00000000000 0.00000000000 0.00000000000 0.00000000000 0.00000000000 0.00000000000 0.00000000000 0.00000000000 0.00000000000 0.00000000000 0.00000000000 0.00000000000 0.00000000000 0.00000000000 0.00000000000 0.00000000000 0.00000000000 0.00000000000 0.00000000000 0.00000000000 0.00000000000 0.00000000000 0.00000000000 0.00000000000 0.00000000000 0.00000000000 0.00000000000 0.00000000000 0.00000000000 0.00000000000 0.00000000000
# sel_p2_fsh[3]:
 0.00000000000 0.00000000000
# sel_p2_fsh[4]:
 0.00000000000 0.00000000000 0.00000000000 0.00000000000 0.00000000000 0.00000000000 0.00000000000 0.00000000000 0.00000000000 0.00000000000 0.00000000000 0.00000000000 0.00000000000 0.00000000000 0.00000000000 0.00000000000 0.00000000000 0.00000000000 0.00000000000 0.00000000000 0.00000000000 0.00000000000 0.00000000000 0.00000000000 0.00000000000 0.00000000000 0.00000000000 0.00000000000 0.00000000000 0.00000000000
# logsel_p3_fsh[1]:
 0.00000000000 0.00000000000 0.00000000000 0.00000000000 0.00000000000 0.00000000000 0.00000000000 0.00000000000 0.00000000000 0.00000000000 0.00000000000 0.00000000000 0.00000000000 0.00000000000 0.00000000000 0.00000000000 0.00000000000 0.00000000000 0.00000000000 0.00000000000 0.00000000000 0.00000000000 0.00000000000 0.00000000000 0.00000000000 0.00000000000 0.00000000000 0.00000000000 0.00000000000 0.00000000000 0.00000000000 0.00000000000 0.00000000000 0.00000000000 0.00000000000
# logsel_p3_fsh[2]:
 0.00000000000 0.00000000000 0.00000000000 0.00000000000 0.00000000000 0.00000000000 0.00000000000 0.00000000000 0.00000000000 0.00000000000 0.00000000000 0.00000000000 0.00000000000 0.00000000000 0.00000000000 0.00000000000 0.00000000000 0.00000000000 0.00000000000 0.00000000000 0.00000000000 0.00000000000 0.00000000000 0.00000000000 0.00000000000 0.00000000000 0.00000000000 0.00000000000 0.00000000000 0.00000000000 0.00000000000 0.00000000000 0.00000000000 0.00000000000 0.00000000000 0.00000000000
# logsel_p3_fsh[3]:
 0.00000000000 0.00000000000
# logsel_p3_fsh[4]:
 0.00000000000 0.00000000000 0.00000000000 0.00000000000 0.00000000000 0.00000000000 0.00000000000 0.00000000000 0.00000000000 0.00000000000 0.00000000000 0.00000000000 0.00000000000 0.00000000000 0.00000000000 0.00000000000 0.00000000000 0.00000000000 0.00000000000 0.00000000000 0.00000000000 0.00000000000 0.00000000000 0.00000000000 0.00000000000 0.00000000000 0.00000000000 0.00000000000 0.00000000000 0.00000000000
# rec_dev_future:
 0.00000000000 0.00000000000 0.00000000000 0.00000000000 0.00000000000 0.00000000000 0.00000000000 0.00000000000 0.00000000000 0.00000000000 0.00000000000 0.00000000000 0.00000000000 0.00000000000 0.00000000000 0.00000000000 0.00000000000 0.00000000000 0.00000000000 0.00000000000
 0.00000000000 0.00000000000 0.00000000000 0.00000000000 0.00000000000 0.00000000000 0.00000000000 0.00000000000 0.00000000000 0.00000000000 0.00000000000 0.00000000000 0.00000000000 0.00000000000 0.00000000000 0.00000000000 0.00000000000 0.00000000000 0.00000000000 0.00000000000
# log_q_ind[1]:
0.0357414272942
# log_q_ind[2]:
-2.87955100633
# log_q_ind[3]:
-9.49576086100
# log_q_ind[4]:
-0.624320876282
# log_q_ind[5]:
-3.93626835896
# log_q_ind[6]:
-6.37251360676
# log_q_ind[7]:
-0.904353824328
# log_q_power_ind[1]:
0.00000000000
# log_q_power_ind[2]:
0.00000000000
# log_q_power_ind[3]:
0.00000000000
# log_q_power_ind[4]:
0.00000000000
# log_q_power_ind[5]:
0.00000000000
# log_q_power_ind[6]:
0.00000000000
# log_q_power_ind[7]:
0.00000000000
# log_rw_q_ind[1]:
 -0.953858927167
# log_rw_q_ind[3]:
 -0.635594694321
# log_selcoffs_ind[1]:
 -1.65442022909 -0.912897356656 -0.380979382137 -0.0313236991595 0.164371773034 0.264581745319 0.298986395042 0.291964951417 0.266822536806 0.247007851602
 -2.19986583822 -1.45138806648 -0.745656042885 -0.166218511441 0.213417146705 0.398991172590 0.428194012340 0.377045293077 0.299153257264 0.234487819559
# log_selcoffs_ind[2]:
 -0.308218010525 -0.581625343761 -0.980351777363 -1.26502411979 -1.30277113993 -1.04638326587 -0.538128654186 0.125990596525 0.796769292518 1.24972614637
 0.448115111895 -0.113344815023 -0.549247877402 -0.826724531378 -0.904171925913 -0.754845189677 -0.401542573450 0.0658858734794 0.515518819427 0.806509550115
 0.852138947038 0.216328377449 -0.332303142285 -0.703243889989 -0.840918047446 -0.753345611216 -0.490263277432 -0.133944269551 0.216420552723 0.451556375909
# log_selcoffs_ind[3]:
 -0.202940821038 0.0202027052767 0.0202027052767 0.0202027052767 0.0202027052767 0.0202027052767 0.0202027052767 0.0202027052767 0.0202027052767 0.0202027052767
# log_selcoffs_ind[4]:
 -0.286668046625 -0.205971349204 -0.131816426526 -0.0781112065946 -0.0366591447146 0.00976825983692 0.0653316429524 0.126772798667 0.184692904586 0.226878552898
 -0.962830915328 -0.754275621599 -0.543902356494 -0.324492881835 -0.109578252683 0.0862556431976 0.250921852329 0.370964915293 0.437034608879 0.454710809985
# log_selcoffs_ind[5]:
 -3.04452005677 -0.669616569639 0.101782682789 0.174353368097 0.174353368097 0.174353368097 0.174353368097 0.174353368097 0.174353368097 0.174353368097
# log_selcoffs_ind[6]:
 -3.04452005677 -0.669616569639 0.101782682789 0.174353368097 0.174353368097 0.174353368097 0.174353368097 0.174353368097 0.174353368097 0.174353368097
# log_selcoffs_ind[7]:
 -3.04452005677 -0.669616569639 0.101782682789 0.174353368097 0.174353368097 0.174353368097 0.174353368097 0.174353368097 0.174353368097 0.174353368097
# logsel_slope_ind[1]:
 0.00000000000 0.00000000000
# logsel_slope_ind[2]:
 0.00000000000 0.00000000000 0.00000000000
# logsel_slope_ind[3]:
 0.00000000000
# logsel_slope_ind[4]:
 0.00000000000 0.00000000000
# logsel_slope_ind[5]:
 0.00000000000
# logsel_slope_ind[6]:
 0.00000000000
# logsel_slope_ind[7]:
 0.00000000000
# sel50_ind[1]:
 0.00000000000 0.00000000000
# sel50_ind[2]:
 0.00000000000 0.00000000000 0.00000000000
# sel50_ind[3]:
 0.00000000000
# sel50_ind[4]:
 0.00000000000 0.00000000000
# sel50_ind[5]:
 0.00000000000
# sel50_ind[6]:
 0.00000000000
# sel50_ind[7]:
 0.00000000000
# logsel_p1_ind[1]:
 0.00000000000 0.00000000000
# logsel_p1_ind[2]:
 0.00000000000 0.00000000000 0.00000000000
# logsel_p1_ind[3]:
 0.00000000000
# logsel_p1_ind[4]:
 0.00000000000 0.00000000000
# logsel_p1_ind[5]:
 0.00000000000
# logsel_p1_ind[6]:
 0.00000000000
# logsel_p1_ind[7]:
 0.00000000000
# sel_p2_ind[1]:
 0.00000000000 0.00000000000
# sel_p2_ind[2]:
 0.00000000000 0.00000000000 0.00000000000
# sel_p2_ind[3]:
 0.00000000000
# sel_p2_ind[4]:
 0.00000000000 0.00000000000
# sel_p2_ind[5]:
 0.00000000000
# sel_p2_ind[6]:
 0.00000000000
# sel_p2_ind[7]:
 0.00000000000
# logsel_p3_ind[1]:
 0.00000000000 0.00000000000
# logsel_p3_ind[2]:
 0.00000000000 0.00000000000 0.00000000000
# logsel_p3_ind[3]:
 0.00000000000
# logsel_p3_ind[4]:
 0.00000000000 0.00000000000
# logsel_p3_ind[5]:
 0.00000000000
# logsel_p3_ind[6]:
 0.00000000000
# logsel_p3_ind[7]:
 0.00000000000
