# Number of parameters = 1400 Objective function value = 1019.12151935174  Maximum gradient component = 0.000174333571112894
# Mest[1]:
0.280000000000
# Mest[2]:
0.330000000000
# log_Linf[1]:
4.29810139974
# log_Linf[2]:
4.29810139974
# log_k[1]:
-1.83258146375
# log_k[2]:
-1.83258146375
# log_Lo[1]:
2.60712428251
# log_Lo[2]:
2.60712428251
# log_sdage[1]:
-2.40794560865
# log_sdage[2]:
-2.40794560865
# mean_log_rec[1]:
9.37446989157
# mean_log_rec[2]:
7.94939944497
# mean_log_rec[3]:
7.19575229117
# steepness[1]:
0.650000000000
# steepness[2]:
0.650000000000
# steepness[3]:
0.650000000000
# log_Rzero[1]:
9.22814519285
# log_Rzero[2]:
8.02322676336
# log_Rzero[3]:
7.03649675681
# rec_dev:
 -0.0570170459506 -0.0740268902546 -0.0954443257182 -0.122224289909 -0.155423335424 -0.196017203504 -0.243767171992 -0.297807758722 -0.360319702355 -0.431571850308 -0.506014194962 -0.572449611243 -0.644344632672 -0.721994778135 -0.835089108532 -0.850511336021 -0.607260069772 -0.401028703947 -0.133871771700 0.0919710221277 0.128806328118 0.157447252395 0.254852630417 0.340236015160 0.863182696908 0.685483503983 0.717264857047 1.52942704499 1.42287389312 0.628038991250 0.0918494760070 0.386553715691 0.616288617076 0.713017418057 0.212866751803 0.241850559121 0.0124509727397 0.182093419857 0.297571099360 0.366896985916 0.491050686612 0.584593433730 0.587857758654 0.481960527318 0.0276840004792 -0.505919601882 -0.414652521268 -0.898187677754 -1.66091099645 -0.744201527811 -0.816398706615 -0.951490895355 -0.755378424019 -0.696658763977 -0.581879968097 0.00210169897497 -0.127117647220 0.0823139196770 0.0397981550130 0.798921986531
 -0.000609439966711 -0.000805689266016 -0.00103933247002 -0.00130412256315 -0.00158370510974 -0.00184386143220 -0.00200947350124 -0.00218239647818 -0.00220981606967 -0.00184597315266 -0.00114894592551 0.0375296852969 0.0367572486277 0.0354122329697 0.0335923097508 0.0321115936141 0.0278351147386 -0.00115001279678 0.306803538786 0.0171848946254 -0.0795885940561 -0.196136230539 0.274945566019 0.434187350012 -0.113250724664 -0.881378435719 -0.0249508492807 0.354215496615 0.734213898108 0.471169125935 0.0639259839958 -0.575314356317 -0.0760829420950 -0.0895159951913 -0.459897898255 -0.223465779455 0.403894179533 -0.153842857921 0.0278339728934 -0.196567469020 1.32060958950 0.647255855591 0.370881550675 0.338318813741 -1.10151294249 0.740000368494 0.496799405638 -0.182696733981 -1.90328360482 -1.42157954199 0.906887281357 0.188860457392 -0.571222799363 -0.701717007379 -0.881807034284 -0.439847909275 -0.589997015129 0.810026111662 0.365153578766 -0.00911260253822
# log_sigmar[1]:
-0.510825623766
# log_sigmar[2]:
-0.510825623766
# log_sigmar[3]:
-0.510825623766
# fmort:
 -4.80070209225 -4.39194903240 -5.12667709124 -4.80748600628 -4.04760371301 -3.72757067127 -3.40960717335 -3.44942403656 -2.81618109482 -2.95175540885 -3.24543478409 -2.86555669358 -2.14392665727 -3.09085893033 -2.23890960998 -2.80860463017 -5.20378467164 -3.91044870935 -4.27978537937 -4.35607113542 -4.38737942077 -4.04731881556 -3.97868701866 -3.80568398537 -4.25418015710 -3.97351146037 -3.51560181872 -4.59630884374 -5.83626791801 -5.22325394271 -4.78581650632 -4.13984159626 -5.00985448894 -4.55373971355 -4.38902073428 -3.83651621761 -3.69673697975 -3.26052625186 -2.83685985834 -3.20620377568 -2.82317280000 -4.64322435092 -5.78784485832 -5.40360115720 -5.51508028946 -5.36070334466 -5.79832291267 -5.32937917428 -6.59726871173
 -7.18284550892 -6.74549399629 -6.27428135136 -5.67805233139 -5.89234035929 -5.18303733657 -4.66955315886 -4.36406983631 -3.92732693195 -3.72870509552 -3.60849861378 -2.86409477970 -2.62740982607 -2.89952358117 -2.55819389682 -2.18652095253 -1.99412268174 -1.68360269097 -1.49603208814 -1.35234903527 -1.33100522615 -1.08611519767 -0.789084281182 -0.771669869708 -0.546980369024 -0.256234720703 -0.293763361621 -0.331166910408 -0.919019287891 -1.42812000863 -1.86769830139 -1.75271429069 -1.73228919101 -1.84121664557 -1.83132394450 -1.78655419207 -1.68266239419 -1.49832789017 -1.65109996601 -1.34084914320 -1.93021977243 -2.30466052830 -2.58034949287 -2.78435576350 -2.86831098818 -2.73584129911 -2.72933651284 -2.72824521121 -2.72728561716
 -7.21633410361 -6.54635400452 -5.66872478635 -4.89278714153 -3.72643385239 -4.90193032187 -4.62724272682 -2.04697149754 -2.00183749309 -2.22585526041 -2.02577903378 -1.68232216037 -2.81203942705 -3.37595070566 -3.33416536921 -3.92841534107 -4.36895595667 -4.18319408951 -2.95891299875 -3.06213704977 -2.98579137997 -3.28887997621 -3.64580528730 -3.23594864674 -2.81927528965 -1.43931028752 -0.899906367226 -0.361324493791 -0.100240786990 -1.39419045995 -1.63075796162 -0.587630362174 -2.52543154852 -2.34339565984 -2.33759315225 -2.88766020740 -2.03137646291 -2.08943855216 -2.08476722574 -2.03314718384 -3.40585195569 -1.88720044709 -2.38817666693 -2.86556784001 -2.62284179261 -3.71279971276 -4.37100400883 -5.21496431519 -4.02633335984
 -9.65563942244 -9.62675873532 -7.88425061353 -9.54522975161 -9.49124853279 -9.42464184257 -9.30495184705 -8.43325397077 -5.20633022943 -3.06794561656 -2.97678419620 -2.55215665036 -1.79163105043 -1.30129242584 -0.858877819335 -0.983971897984 -1.03391169347 -1.25744014206 -1.55376962196 -1.85798022848 -2.15874968428 -2.79926208433 -5.39243203940 -8.89586518028 -8.68780125866 -8.35862580719 -8.00737765164 -7.71594170450 -7.61363674257 -7.71554107324 -7.13523488474 -5.22407586003 -4.10458440343 -3.56258891867 -3.03271872167 -3.25913529369 -2.83932463401 -2.49199968481 -2.31514220246 -2.06265034122 -2.17729267218 -3.39921587662 -3.82875678653 -3.86300581852 -3.53005227069 -3.45105819691 -3.99141520067 -4.20039856153 -4.40591323028
# log_selcoffs_fsh[1]:
 -3.52464016145 -1.88959782555 -0.910049643809 0.0242481640758 0.833639602782 0.956061955649 0.333324200780 -0.390916461277 -0.874171821345
 -3.11403398944 -1.46576591870 -0.771769089499 -0.0322576319591 0.709097514876 0.890559789768 0.413902069139 -0.224437869477 -0.665722980419
 -2.79896388070 -1.36972579571 -0.566875280377 0.186231159796 0.691276069553 0.724882430158 0.346878651893 -0.161975735300 -0.532563893765
 -2.40713468267 -1.15851835307 -0.561291100071 0.0337954453391 0.732266703246 0.727892913105 0.305397918656 -0.158405358372 -0.462099172341
 -1.77418215197 -0.277212728063 -0.0212141330583 0.173385868301 0.392029072897 0.443244343740 0.221873478391 -0.0979066432788 -0.340703435331
 -1.67616497311 -0.482441216815 0.447356050536 0.620361803807 0.257775110791 0.0890959833465 -0.0603033641378 -0.251650539775 -0.407014114634
 -1.41712340637 -0.355707080672 0.527891959436 0.717564463790 0.267055240564 -0.0677112492977 -0.255688080806 -0.387913405392 -0.480257572656
 -1.03999171186 -0.191875668662 0.577017229249 0.772354579448 0.190856980921 -0.191117701035 -0.404722003314 -0.510644599991 -0.558679690210
 -0.772056636610 0.235445125963 0.477298783025 0.593017007008 0.290115413540 -0.198989007613 -0.488754824572 -0.601647599774 -0.627596224419
 -0.535089425049 0.383832277322 0.574332061424 0.574072643151 0.141567330603 -0.329697631908 -0.613531783743 -0.706402031620 -0.715421553110
 -0.0156700587899 0.926533505230 0.459290653215 0.165416335622 -0.229287687737 -0.556331164797 -0.752998630910 -0.814769854563 -0.809966914515
 0.203940768091 0.878704709968 0.624334220999 0.126744846301 -0.431694410999 -0.725515129411 -0.868558739042 -0.909917299439 -0.895827603725
 -0.0148581946342 1.15521217881 0.652461627983 -0.0996667127307 -0.662392996013 -0.910382985438 -1.00172606962 -1.01788923940 -0.999502584470
 0.237221767532 1.19612175044 0.585608302278 -0.204753561595 -0.801132536623 -1.03097457606 -1.09806473632 -1.09791731144 -1.07434799017
 0.269879288224 1.24811198113 0.564936426469 -0.270286688957 -0.873512640480 -1.11051070287 -1.17645274161 -1.17078392485 -1.14391262710
 -0.125724324865 1.33547320475 0.668627968475 -0.242070103916 -0.918890838013 -1.17592906467 -1.24879329731 -1.24306667801 -1.21420424354
 -0.0198699258607 1.37524119695 0.598536389138 -0.293570489273 -0.963351925084 -1.22746012308 -1.30476407722 -1.30125284980 -1.27111794437
 0.536032206810 1.17573797625 0.634321126212 -0.319121752006 -1.00599213382 -1.26935100657 -1.34712800120 -1.34229825240 -1.31007370329
 0.842741962823 1.15910911605 0.396359919808 -0.433602746101 -1.07207582985 -1.33071488506 -1.40633980103 -1.39669454672 -1.36035781667
 0.585599297284 1.26502485749 0.548465006544 -0.431042595994 -1.13371090679 -1.39943056847 -1.46745615740 -1.44654007503 -1.40300232346
 0.669007672162 1.34191077310 0.377832932314 -0.567083537756 -1.22818606995 -1.47800629723 -1.53481163749 -1.49966359753 -1.44629866233
 0.678431743964 1.33051536024 0.473754200719 -0.647642938487 -1.33363572806 -1.56061689092 -1.59756443588 -1.54503511468 -1.47965661600
 0.858636219135 1.28332781216 0.368828829900 -0.670930223898 -1.37370077132 -1.61133118597 -1.64474113654 -1.58022768446 -1.50337864494
 0.546885981816 1.45065253446 0.366821976885 -0.683318786758 -1.37325811349 -1.62498324824 -1.66939241981 -1.60483225470 -1.52014969604
 0.668141161545 1.36796406090 0.389789320166 -0.593653446459 -1.29534615232 -1.58434236669 -1.65334293732 -1.59849281543 -1.51152158877
 0.723824272537 1.23697577936 0.491785847637 -0.385499025800 -1.17514023038 -1.50234497086 -1.58742873893 -1.55038036522 -1.47329020739
 0.331998879077 1.29885754919 0.603519071813 -0.222941404734 -1.03794083544 -1.37313398503 -1.47186422729 -1.46183751382 -1.41208269823
 0.330336561960 1.30542467261 0.536473113484 -0.290659196818 -0.948802726797 -1.23779232520 -1.33522538020 -1.35207448752 -1.33734297976
 1.09860514173 0.890458266364 0.236450877502 -0.417687525461 -0.889648916674 -1.09727148217 -1.18480388516 -1.21860478181 -1.22951895656
 0.740173805827 1.13248664270 0.272909215055 -0.451249606005 -0.819665124501 -0.953935434229 -1.02854551490 -1.08211597805 -1.11621216833
 0.592920759382 1.15704336919 0.175346810963 -0.410053431847 -0.669057053013 -0.779432597050 -0.856972362605 -0.937610011283 -0.999456053238
 0.596386898206 0.930560877492 0.212917972205 -0.245992116929 -0.440616805742 -0.542483226498 -0.647893546254 -0.771217615902 -0.870429624765
 0.00186112198282 0.744625982297 0.381834509844 0.0597778604581 -0.0911610735650 -0.252295252563 -0.411729232210 -0.607741263513 -0.757271905682
 -0.109853860597 0.305727225316 0.147417378841 0.240718076456 0.250286583021 0.0267708976072 -0.140233758221 -0.464721176131 -0.680365008760
 0.780977526952 0.556136060716 -0.143518354114 -0.288609248297 -0.193296629607 -0.204795781350 -0.317551236440 -0.524486491597 -0.697107634407
# log_selcoffs_fsh[2]:
 -2.06977747437 -0.135537165330 0.601866433152 0.863278422048 0.566868116752 -0.00449563258338 -0.432028538616 -0.677775062700 -0.781805521554 -0.840886051652
 -2.04358575924 -0.138778569155 -0.123211151941 0.398039674585 0.755132533271 0.531366134702 -0.000203657237656 -0.405665168473 -0.556857345476 -0.582409598248
 -2.55517381255 -0.781090314059 -0.305799337053 0.229574391209 0.715237210487 0.677329974547 0.202031358724 -0.206505386926 -0.344588961325 -0.341490860780
 -2.93245251269 -1.39536203697 -0.556388968972 -0.0279091947209 0.603176548985 0.760570438587 0.313331681608 -0.0233900658754 -0.102225525612 -0.0638524357017
 -2.50109552694 -0.992155590868 -0.963913355380 -0.494945814322 0.282314673325 0.652833203141 0.401178216509 0.209454056368 0.216898028022 0.292855995068
 -2.08056936234 -0.996932735833 -0.827068580489 -0.769632787726 -0.295460846525 0.136932083554 0.325193014736 0.432645427740 0.575965900434 0.698236609140
 -2.75848865486 -1.50554961231 -0.673278713215 -0.565779334771 -0.487647815653 -0.188429277785 0.154687996031 0.467177974745 0.715964200642 0.869408897631
 -3.34339422074 -2.33463382987 -1.54581780615 -0.862923299440 -0.322319770392 0.0435805538898 0.315429454746 0.486342513594 0.725518117943 0.875783760331
 -3.64232742742 -2.62109060559 -1.98334005637 -1.29164400559 -0.496730357901 0.0435309210719 0.435067145742 0.670828960013 0.770972431442 0.776042505637
 -3.73179293376 -2.52520438399 -1.82571030168 -1.33587623800 -0.867018889922 -0.236209809191 0.327191992862 0.829663241731 0.935500631597 0.710032183484
 -3.56964396423 -2.08808695965 -1.37322661858 -0.949017642235 -0.604824524523 -0.346007873357 0.143744804480 0.722426792862 0.936137851763 0.783762608772
 -3.48051683996 -2.00330009571 -1.20332645404 -0.787313952326 -0.443019947392 -0.125607887319 0.376651876093 0.694323634398 0.756560602813 0.675145686467
 -3.12963365549 -1.32935148042 -0.745540908977 -0.417841884148 -0.183273617455 -0.105021128387 0.262965638767 0.533191994706 0.644361991674 0.650192851747
 -2.70599621281 -0.922653831409 -0.387378516400 -0.226383792831 -0.156536840647 -0.0426006210954 0.200209225162 0.417732323595 0.543016869766 0.579266640409
 -2.30958530319 -0.334395349362 -0.102316293560 -0.249822113796 -0.342913026722 -0.208213888693 0.103570726872 0.350617029515 0.514556799481 0.576358032264
 -1.94641378467 0.00583246984600 -0.134414479466 -0.310777442692 -0.449989399428 -0.306866412337 0.00205314208263 0.283867190509 0.506469796639 0.631879182550
 -1.46629082078 0.0302236733567 -0.0803555978716 -0.254693001089 -0.437127219283 -0.398253718098 -0.111868933786 0.202856713589 0.489919497016 0.679032194300
 -1.63985635380 0.123589106992 0.220763214382 -0.0504727837449 -0.358093002733 -0.380744400414 -0.156045036282 0.136714543718 0.364272947765 0.502461280635
 -1.85906149700 -0.0671699580689 0.254814039490 0.0473029483366 -0.256955027439 -0.291179422850 -0.0841075078678 0.168801537018 0.349453239106 0.424083762117
 -1.92186585665 -0.340350387543 -0.0107246973559 0.0623057506272 -0.144099462073 -0.189317888593 0.00797026873311 0.257106273046 0.409930636267 0.462035732781
 -1.97368346218 -0.423927061068 0.0100773742536 0.140919221954 -0.0839761724835 -0.201580422113 -0.0309410264698 0.231030613459 0.400506102263 0.461355589815
 -2.12769424228 -0.522864277503 0.00708581929086 0.223798229902 0.0299459492751 -0.103961493767 0.0110442882792 0.194163670466 0.328859170681 0.394537039723
 -2.35718773972 -0.963696037593 -0.120702481102 0.334427872421 0.241102070776 0.0451769015647 0.0869082730073 0.190057154464 0.255892095273 0.285030476273
 -2.50115805596 -1.24533874713 -0.417769311105 0.129787208341 0.357079492942 0.224511722018 0.276192435368 0.316107503115 0.255842232826 0.157668009498
 -2.61855584268 -1.07032393497 -0.350542659910 -0.0696963590059 0.218518253602 0.310814347225 0.358688021338 0.404213728388 0.267366889906 0.0974443494645
 -2.79928769831 -1.47295243755 -0.603051962586 0.160898476223 0.451015047034 0.411468050688 0.316197019510 0.304184156167 0.171533969210 -0.00530001134982
 -2.99875476478 -1.32336037250 -0.607355490779 0.282939192325 0.552681553368 0.541560540865 0.380869462169 0.190273522784 -0.0733737646270 -0.283539492554
 -3.21238862679 -0.991080699678 -0.432645311220 0.230178893364 0.482169755966 0.426892588807 0.611660375296 0.270734271077 -0.241387079471 -0.529461586941
 -3.41084170914 -1.67779692468 -0.688746014448 0.329888776250 0.663511670032 0.560695970659 0.622720079036 0.103613380247 -0.361380068385 -0.646615251971
 -3.53922667300 -1.69958407138 -0.298337104339 0.446130054865 0.859868858942 0.537242648827 0.236754188101 -0.113406061371 -0.391708251123 -0.555217355325
 -3.38330572065 -1.28943925068 -0.0777132744680 0.576875310182 0.565895573554 0.288179212307 0.174485034572 0.0273511273694 -0.122012977296 -0.240258226536
 -3.28481032584 -1.39148593238 -0.430282589389 0.0775348033407 0.437610797868 0.400960007361 0.232640605989 0.264959617051 0.224164905813 0.116945993629
 -2.69895635010 -0.853390262683 -0.623805046959 -0.377307911565 -0.0157585155472 0.206133667402 0.249369712611 0.384369707190 0.524443994252 0.488851936911
 -3.06406762687 -1.11896947893 -0.584484440147 -0.118146252512 0.0828728990029 0.168790784129 0.239359817419 0.364038928873 0.455762576891 0.484590164557
 -3.12106619582 -1.29403053851 -0.737154183308 -0.415707605531 0.0939213962528 0.252647581620 0.302067935636 0.411634581460 0.498455453405 0.500389877014
 -3.35495385174 -1.30041903928 -0.546686748738 -0.232405101352 -0.0412141673337 0.187234033688 0.265961376345 0.358643924960 0.495035725474 0.576062880662
# log_selcoffs_fsh[3]:
 -3.86492990810 -1.43179084022 0.692950928925 1.32446371991 -0.176909789471 -2.17126988178 -3.55817038696
 -3.90299272041 -0.437725704861 1.12449699950 0.932573643050 -0.534136736645 -2.30409453721 -3.55494191050
# log_selcoffs_fsh[4]:
 -3.65342844267 -3.05635828682 -2.43260596359 -1.75491363293 -1.02061557074 -0.267852365571 0.420893312190 0.947888494945 1.23469734790
 -3.64454560033 -3.05317762851 -2.43499146450 -1.76135496020 -1.02821727020 -0.273743946716 0.419071678129 0.949242621729 1.23685872574
 -3.62743320319 -3.04711402222 -2.44050587669 -1.77411086421 -1.04163202219 -0.281906552272 0.418438339907 0.951528939543 1.23915466037
 -3.60223150102 -3.03492818199 -2.44662376639 -1.79782622934 -1.06486294966 -0.291419257013 0.420067045685 0.956624299484 1.23996107752
 -3.56645351856 -3.01077108379 -2.44092536946 -1.81448892052 -1.09979006708 -0.312671991223 0.424373239256 0.964821414825 1.23985350164
 -3.51996959917 -2.96653924836 -2.41879167764 -1.82024205761 -1.10783244618 -0.319220413360 0.429755495820 0.972196163707 1.23264407240
 -3.46969767995 -2.91294117374 -2.34915057453 -1.77986763003 -1.09805774327 -0.296072391428 0.458461038183 0.977906154359 1.20377501926
 -3.40409604005 -2.84685335009 -2.27774990453 -1.67796079393 -1.02844121242 -0.272322422940 0.462151350596 0.970835365506 1.18560323520
 -3.31260102274 -2.75170369742 -2.19093219721 -1.59348957143 -0.925558700321 -0.208971727803 0.474343058820 0.948277240289 1.15964047800
 -3.20359769591 -2.61152475658 -2.02551706799 -1.46534410480 -0.851973077640 -0.168019379798 0.467416233833 0.926371264886 1.14101170144
 -3.09097393651 -2.46297614302 -1.83222350613 -1.23390696134 -0.716979874998 -0.161972782720 0.428639962587 0.890574674889 1.13390365996
 -2.98637782027 -2.34341284807 -1.68788649254 -1.04383946310 -0.494502710720 -0.0891442741203 0.370763876404 0.829430141700 1.11549541966
 -2.90165229273 -2.25425413316 -1.60690437367 -0.969628694352 -0.396287197268 0.0407425180623 0.395547143118 0.776258380302 1.06037913393
 -2.82134094636 -2.17488586820 -1.53469865750 -0.921706202183 -0.376318889310 0.0705483274768 0.444649610749 0.776837169227 1.00044272944
 -2.73815764415 -2.09488336196 -1.46333896147 -0.867695287592 -0.338765671012 0.104723099309 0.471782874955 0.767044077481 0.948390779234
 -2.65545915988 -2.01592856922 -1.39230130751 -0.810789336660 -0.294933363824 0.138180631126 0.488747378407 0.751635033713 0.900171805936
 -2.57373811530 -1.93668166642 -1.31950808180 -0.751438192062 -0.251887884877 0.165575154961 0.499124177825 0.736083987402 0.853644231591
 -2.49501749281 -1.85054798677 -1.23201525559 -0.668893758996 -0.182519658241 0.203280782564 0.499611909172 0.700063642921 0.804611514897
 -2.43050394665 -1.77676946113 -1.14432651694 -0.599953493506 -0.125290690164 0.255383115544 0.505177222777 0.669922809208 0.737635770507
 -2.37887500874 -1.72326951941 -1.07617889539 -0.503761515210 -0.0760594931073 0.281545378099 0.526568787413 0.634483474091 0.669170482471
 -2.32060441940 -1.67486024642 -1.05329227614 -0.467027700479 -0.000604540786453 0.291355083593 0.502289658907 0.612870996523 0.643401404977
 -2.27247567429 -1.64572784635 -1.04602407097 -0.512336501044 -0.0158822739300 0.319425338869 0.522598371085 0.615008366419 0.618956592947
 -2.21151717615 -1.63664519668 -1.07012658522 -0.554267991473 -0.109400696725 0.263599453024 0.512858243065 0.644839946559 0.695473639809
 -2.16989409338 -1.65351820012 -1.14546347026 -0.653272089126 -0.199801682884 0.191403324692 0.488594473294 0.688789324805 0.790659633811
 -2.12136790869 -1.65998396803 -1.20036719281 -0.737874439601 -0.282154457958 0.126325402971 0.455866997976 0.716735957542 0.874088736873
 -2.07122104937 -1.66534346000 -1.26773271690 -0.828117795036 -0.372276411773 0.0489234906814 0.420651786739 0.740849052979 0.958019585288
 -2.00060726489 -1.63508370468 -1.33395446176 -0.908507815841 -0.425634913486 -0.0110804376225 0.367088149298 0.744977115386 1.03353958911
 -1.92661671434 -1.69632716567 -1.40225814543 -0.871166500155 -0.438011102867 -0.154383580517 0.232677112023 0.718411794524 1.16036299104
 -1.24997285349 -1.54851623843 -1.43246371828 -1.09638359718 -0.616509658991 -0.203170734404 0.209466304320 0.715931771752 1.19181441925
 -1.69601565402 -1.48254004535 -1.41453367643 -1.03156204999 -0.507059831853 -0.0449122671946 0.304053302907 0.710487985308 1.11230734198
# log_sel_spl_fsh[1]:
 0.00000000000 0.00000000000 0.00000000000 0.00000000000
 0.00000000000 0.00000000000 0.00000000000 0.00000000000
 0.00000000000 0.00000000000 0.00000000000 0.00000000000
 0.00000000000 0.00000000000 0.00000000000 0.00000000000
 0.00000000000 0.00000000000 0.00000000000 0.00000000000
 0.00000000000 0.00000000000 0.00000000000 0.00000000000
 0.00000000000 0.00000000000 0.00000000000 0.00000000000
 0.00000000000 0.00000000000 0.00000000000 0.00000000000
 0.00000000000 0.00000000000 0.00000000000 0.00000000000
 0.00000000000 0.00000000000 0.00000000000 0.00000000000
 0.00000000000 0.00000000000 0.00000000000 0.00000000000
 0.00000000000 0.00000000000 0.00000000000 0.00000000000
 0.00000000000 0.00000000000 0.00000000000 0.00000000000
 0.00000000000 0.00000000000 0.00000000000 0.00000000000
 0.00000000000 0.00000000000 0.00000000000 0.00000000000
 0.00000000000 0.00000000000 0.00000000000 0.00000000000
 0.00000000000 0.00000000000 0.00000000000 0.00000000000
 0.00000000000 0.00000000000 0.00000000000 0.00000000000
 0.00000000000 0.00000000000 0.00000000000 0.00000000000
 0.00000000000 0.00000000000 0.00000000000 0.00000000000
 0.00000000000 0.00000000000 0.00000000000 0.00000000000
 0.00000000000 0.00000000000 0.00000000000 0.00000000000
 0.00000000000 0.00000000000 0.00000000000 0.00000000000
 0.00000000000 0.00000000000 0.00000000000 0.00000000000
 0.00000000000 0.00000000000 0.00000000000 0.00000000000
 0.00000000000 0.00000000000 0.00000000000 0.00000000000
 0.00000000000 0.00000000000 0.00000000000 0.00000000000
 0.00000000000 0.00000000000 0.00000000000 0.00000000000
 0.00000000000 0.00000000000 0.00000000000 0.00000000000
 0.00000000000 0.00000000000 0.00000000000 0.00000000000
 0.00000000000 0.00000000000 0.00000000000 0.00000000000
 0.00000000000 0.00000000000 0.00000000000 0.00000000000
 0.00000000000 0.00000000000 0.00000000000 0.00000000000
 0.00000000000 0.00000000000 0.00000000000 0.00000000000
 0.00000000000 0.00000000000 0.00000000000 0.00000000000
# log_sel_spl_fsh[2]:
 0.00000000000 0.00000000000 0.00000000000 0.00000000000
 0.00000000000 0.00000000000 0.00000000000 0.00000000000
 0.00000000000 0.00000000000 0.00000000000 0.00000000000
 0.00000000000 0.00000000000 0.00000000000 0.00000000000
 0.00000000000 0.00000000000 0.00000000000 0.00000000000
 0.00000000000 0.00000000000 0.00000000000 0.00000000000
 0.00000000000 0.00000000000 0.00000000000 0.00000000000
 0.00000000000 0.00000000000 0.00000000000 0.00000000000
 0.00000000000 0.00000000000 0.00000000000 0.00000000000
 0.00000000000 0.00000000000 0.00000000000 0.00000000000
 0.00000000000 0.00000000000 0.00000000000 0.00000000000
 0.00000000000 0.00000000000 0.00000000000 0.00000000000
 0.00000000000 0.00000000000 0.00000000000 0.00000000000
 0.00000000000 0.00000000000 0.00000000000 0.00000000000
 0.00000000000 0.00000000000 0.00000000000 0.00000000000
 0.00000000000 0.00000000000 0.00000000000 0.00000000000
 0.00000000000 0.00000000000 0.00000000000 0.00000000000
 0.00000000000 0.00000000000 0.00000000000 0.00000000000
 0.00000000000 0.00000000000 0.00000000000 0.00000000000
 0.00000000000 0.00000000000 0.00000000000 0.00000000000
 0.00000000000 0.00000000000 0.00000000000 0.00000000000
 0.00000000000 0.00000000000 0.00000000000 0.00000000000
 0.00000000000 0.00000000000 0.00000000000 0.00000000000
 0.00000000000 0.00000000000 0.00000000000 0.00000000000
 0.00000000000 0.00000000000 0.00000000000 0.00000000000
 0.00000000000 0.00000000000 0.00000000000 0.00000000000
 0.00000000000 0.00000000000 0.00000000000 0.00000000000
 0.00000000000 0.00000000000 0.00000000000 0.00000000000
 0.00000000000 0.00000000000 0.00000000000 0.00000000000
 0.00000000000 0.00000000000 0.00000000000 0.00000000000
 0.00000000000 0.00000000000 0.00000000000 0.00000000000
 0.00000000000 0.00000000000 0.00000000000 0.00000000000
 0.00000000000 0.00000000000 0.00000000000 0.00000000000
 0.00000000000 0.00000000000 0.00000000000 0.00000000000
 0.00000000000 0.00000000000 0.00000000000 0.00000000000
 0.00000000000 0.00000000000 0.00000000000 0.00000000000
# log_sel_spl_fsh[3]:
 0.00000000000 0.00000000000 0.00000000000 0.00000000000
 0.00000000000 0.00000000000 0.00000000000 0.00000000000
# log_sel_spl_fsh[4]:
 0.00000000000 0.00000000000 0.00000000000 0.00000000000
 0.00000000000 0.00000000000 0.00000000000 0.00000000000
 0.00000000000 0.00000000000 0.00000000000 0.00000000000
 0.00000000000 0.00000000000 0.00000000000 0.00000000000
 0.00000000000 0.00000000000 0.00000000000 0.00000000000
 0.00000000000 0.00000000000 0.00000000000 0.00000000000
 0.00000000000 0.00000000000 0.00000000000 0.00000000000
 0.00000000000 0.00000000000 0.00000000000 0.00000000000
 0.00000000000 0.00000000000 0.00000000000 0.00000000000
 0.00000000000 0.00000000000 0.00000000000 0.00000000000
 0.00000000000 0.00000000000 0.00000000000 0.00000000000
 0.00000000000 0.00000000000 0.00000000000 0.00000000000
 0.00000000000 0.00000000000 0.00000000000 0.00000000000
 0.00000000000 0.00000000000 0.00000000000 0.00000000000
 0.00000000000 0.00000000000 0.00000000000 0.00000000000
 0.00000000000 0.00000000000 0.00000000000 0.00000000000
 0.00000000000 0.00000000000 0.00000000000 0.00000000000
 0.00000000000 0.00000000000 0.00000000000 0.00000000000
 0.00000000000 0.00000000000 0.00000000000 0.00000000000
 0.00000000000 0.00000000000 0.00000000000 0.00000000000
 0.00000000000 0.00000000000 0.00000000000 0.00000000000
 0.00000000000 0.00000000000 0.00000000000 0.00000000000
 0.00000000000 0.00000000000 0.00000000000 0.00000000000
 0.00000000000 0.00000000000 0.00000000000 0.00000000000
 0.00000000000 0.00000000000 0.00000000000 0.00000000000
 0.00000000000 0.00000000000 0.00000000000 0.00000000000
 0.00000000000 0.00000000000 0.00000000000 0.00000000000
 0.00000000000 0.00000000000 0.00000000000 0.00000000000
 0.00000000000 0.00000000000 0.00000000000 0.00000000000
 0.00000000000 0.00000000000 0.00000000000 0.00000000000
# logsel_slope_fsh[1]:
 0.00000000000 0.00000000000 0.00000000000 0.00000000000 0.00000000000 0.00000000000 0.00000000000 0.00000000000 0.00000000000 0.00000000000 0.00000000000 0.00000000000 0.00000000000 0.00000000000 0.00000000000 0.00000000000 0.00000000000 0.00000000000 0.00000000000 0.00000000000 0.00000000000 0.00000000000 0.00000000000 0.00000000000 0.00000000000 0.00000000000 0.00000000000 0.00000000000 0.00000000000 0.00000000000 0.00000000000 0.00000000000 0.00000000000 0.00000000000 0.00000000000
# logsel_slope_fsh[2]:
 0.00000000000 0.00000000000 0.00000000000 0.00000000000 0.00000000000 0.00000000000 0.00000000000 0.00000000000 0.00000000000 0.00000000000 0.00000000000 0.00000000000 0.00000000000 0.00000000000 0.00000000000 0.00000000000 0.00000000000 0.00000000000 0.00000000000 0.00000000000 0.00000000000 0.00000000000 0.00000000000 0.00000000000 0.00000000000 0.00000000000 0.00000000000 0.00000000000 0.00000000000 0.00000000000 0.00000000000 0.00000000000 0.00000000000 0.00000000000 0.00000000000 0.00000000000
# logsel_slope_fsh[3]:
 0.00000000000 0.00000000000
# logsel_slope_fsh[4]:
 0.00000000000 0.00000000000 0.00000000000 0.00000000000 0.00000000000 0.00000000000 0.00000000000 0.00000000000 0.00000000000 0.00000000000 0.00000000000 0.00000000000 0.00000000000 0.00000000000 0.00000000000 0.00000000000 0.00000000000 0.00000000000 0.00000000000 0.00000000000 0.00000000000 0.00000000000 0.00000000000 0.00000000000 0.00000000000 0.00000000000 0.00000000000 0.00000000000 0.00000000000 0.00000000000
# sel50_fsh[1]:
 0.00000000000 0.00000000000 0.00000000000 0.00000000000 0.00000000000 0.00000000000 0.00000000000 0.00000000000 0.00000000000 0.00000000000 0.00000000000 0.00000000000 0.00000000000 0.00000000000 0.00000000000 0.00000000000 0.00000000000 0.00000000000 0.00000000000 0.00000000000 0.00000000000 0.00000000000 0.00000000000 0.00000000000 0.00000000000 0.00000000000 0.00000000000 0.00000000000 0.00000000000 0.00000000000 0.00000000000 0.00000000000 0.00000000000 0.00000000000 0.00000000000
# sel50_fsh[2]:
 0.00000000000 0.00000000000 0.00000000000 0.00000000000 0.00000000000 0.00000000000 0.00000000000 0.00000000000 0.00000000000 0.00000000000 0.00000000000 0.00000000000 0.00000000000 0.00000000000 0.00000000000 0.00000000000 0.00000000000 0.00000000000 0.00000000000 0.00000000000 0.00000000000 0.00000000000 0.00000000000 0.00000000000 0.00000000000 0.00000000000 0.00000000000 0.00000000000 0.00000000000 0.00000000000 0.00000000000 0.00000000000 0.00000000000 0.00000000000 0.00000000000 0.00000000000
# sel50_fsh[3]:
 0.00000000000 0.00000000000
# sel50_fsh[4]:
 0.00000000000 0.00000000000 0.00000000000 0.00000000000 0.00000000000 0.00000000000 0.00000000000 0.00000000000 0.00000000000 0.00000000000 0.00000000000 0.00000000000 0.00000000000 0.00000000000 0.00000000000 0.00000000000 0.00000000000 0.00000000000 0.00000000000 0.00000000000 0.00000000000 0.00000000000 0.00000000000 0.00000000000 0.00000000000 0.00000000000 0.00000000000 0.00000000000 0.00000000000 0.00000000000
# logsel_p1_fsh[1]:
 0.00000000000 0.00000000000 0.00000000000 0.00000000000 0.00000000000 0.00000000000 0.00000000000 0.00000000000 0.00000000000 0.00000000000 0.00000000000 0.00000000000 0.00000000000 0.00000000000 0.00000000000 0.00000000000 0.00000000000 0.00000000000 0.00000000000 0.00000000000 0.00000000000 0.00000000000 0.00000000000 0.00000000000 0.00000000000 0.00000000000 0.00000000000 0.00000000000 0.00000000000 0.00000000000 0.00000000000 0.00000000000 0.00000000000 0.00000000000 0.00000000000
# logsel_p1_fsh[2]:
 0.00000000000 0.00000000000 0.00000000000 0.00000000000 0.00000000000 0.00000000000 0.00000000000 0.00000000000 0.00000000000 0.00000000000 0.00000000000 0.00000000000 0.00000000000 0.00000000000 0.00000000000 0.00000000000 0.00000000000 0.00000000000 0.00000000000 0.00000000000 0.00000000000 0.00000000000 0.00000000000 0.00000000000 0.00000000000 0.00000000000 0.00000000000 0.00000000000 0.00000000000 0.00000000000 0.00000000000 0.00000000000 0.00000000000 0.00000000000 0.00000000000 0.00000000000
# logsel_p1_fsh[3]:
 0.00000000000 0.00000000000
# logsel_p1_fsh[4]:
 0.00000000000 0.00000000000 0.00000000000 0.00000000000 0.00000000000 0.00000000000 0.00000000000 0.00000000000 0.00000000000 0.00000000000 0.00000000000 0.00000000000 0.00000000000 0.00000000000 0.00000000000 0.00000000000 0.00000000000 0.00000000000 0.00000000000 0.00000000000 0.00000000000 0.00000000000 0.00000000000 0.00000000000 0.00000000000 0.00000000000 0.00000000000 0.00000000000 0.00000000000 0.00000000000
# logsel_p2_fsh[1]:
 0.00000000000 0.00000000000 0.00000000000 0.00000000000 0.00000000000 0.00000000000 0.00000000000 0.00000000000 0.00000000000 0.00000000000 0.00000000000 0.00000000000 0.00000000000 0.00000000000 0.00000000000 0.00000000000 0.00000000000 0.00000000000 0.00000000000 0.00000000000 0.00000000000 0.00000000000 0.00000000000 0.00000000000 0.00000000000 0.00000000000 0.00000000000 0.00000000000 0.00000000000 0.00000000000 0.00000000000 0.00000000000 0.00000000000 0.00000000000 0.00000000000
# logsel_p2_fsh[2]:
 0.00000000000 0.00000000000 0.00000000000 0.00000000000 0.00000000000 0.00000000000 0.00000000000 0.00000000000 0.00000000000 0.00000000000 0.00000000000 0.00000000000 0.00000000000 0.00000000000 0.00000000000 0.00000000000 0.00000000000 0.00000000000 0.00000000000 0.00000000000 0.00000000000 0.00000000000 0.00000000000 0.00000000000 0.00000000000 0.00000000000 0.00000000000 0.00000000000 0.00000000000 0.00000000000 0.00000000000 0.00000000000 0.00000000000 0.00000000000 0.00000000000 0.00000000000
# logsel_p2_fsh[3]:
 0.00000000000 0.00000000000
# logsel_p2_fsh[4]:
 0.00000000000 0.00000000000 0.00000000000 0.00000000000 0.00000000000 0.00000000000 0.00000000000 0.00000000000 0.00000000000 0.00000000000 0.00000000000 0.00000000000 0.00000000000 0.00000000000 0.00000000000 0.00000000000 0.00000000000 0.00000000000 0.00000000000 0.00000000000 0.00000000000 0.00000000000 0.00000000000 0.00000000000 0.00000000000 0.00000000000 0.00000000000 0.00000000000 0.00000000000 0.00000000000
# logsel_p3_fsh[1]:
 0.00000000000 0.00000000000 0.00000000000 0.00000000000 0.00000000000 0.00000000000 0.00000000000 0.00000000000 0.00000000000 0.00000000000 0.00000000000 0.00000000000 0.00000000000 0.00000000000 0.00000000000 0.00000000000 0.00000000000 0.00000000000 0.00000000000 0.00000000000 0.00000000000 0.00000000000 0.00000000000 0.00000000000 0.00000000000 0.00000000000 0.00000000000 0.00000000000 0.00000000000 0.00000000000 0.00000000000 0.00000000000 0.00000000000 0.00000000000 0.00000000000
# logsel_p3_fsh[2]:
 0.00000000000 0.00000000000 0.00000000000 0.00000000000 0.00000000000 0.00000000000 0.00000000000 0.00000000000 0.00000000000 0.00000000000 0.00000000000 0.00000000000 0.00000000000 0.00000000000 0.00000000000 0.00000000000 0.00000000000 0.00000000000 0.00000000000 0.00000000000 0.00000000000 0.00000000000 0.00000000000 0.00000000000 0.00000000000 0.00000000000 0.00000000000 0.00000000000 0.00000000000 0.00000000000 0.00000000000 0.00000000000 0.00000000000 0.00000000000 0.00000000000 0.00000000000
# logsel_p3_fsh[3]:
 0.00000000000 0.00000000000
# logsel_p3_fsh[4]:
 0.00000000000 0.00000000000 0.00000000000 0.00000000000 0.00000000000 0.00000000000 0.00000000000 0.00000000000 0.00000000000 0.00000000000 0.00000000000 0.00000000000 0.00000000000 0.00000000000 0.00000000000 0.00000000000 0.00000000000 0.00000000000 0.00000000000 0.00000000000 0.00000000000 0.00000000000 0.00000000000 0.00000000000 0.00000000000 0.00000000000 0.00000000000 0.00000000000 0.00000000000 0.00000000000
# rec_dev_future:
 0.00000000000 0.00000000000 0.00000000000 0.00000000000 0.00000000000 0.00000000000 0.00000000000 0.00000000000 0.00000000000 0.00000000000 0.00000000000 0.00000000000 0.00000000000 0.00000000000 0.00000000000 0.00000000000 0.00000000000 0.00000000000 0.00000000000 0.00000000000
 0.00000000000 0.00000000000 0.00000000000 0.00000000000 0.00000000000 0.00000000000 0.00000000000 0.00000000000 0.00000000000 0.00000000000 0.00000000000 0.00000000000 0.00000000000 0.00000000000 0.00000000000 0.00000000000 0.00000000000 0.00000000000 0.00000000000 0.00000000000
# log_q_ind[1]:
-0.0402247066394
# log_q_ind[2]:
-2.96237186906
# log_q_ind[3]:
-9.52866645482
# log_q_ind[4]:
-0.739809584784
# log_q_ind[5]:
-3.77249233782
# log_q_ind[6]:
-6.22498104092
# log_q_ind[7]:
-1.07807225966
# log_q_power_ind[1]:
0.00000000000
# log_q_power_ind[2]:
0.00000000000
# log_q_power_ind[3]:
0.00000000000
# log_q_power_ind[4]:
0.00000000000
# log_q_power_ind[5]:
0.00000000000
# log_q_power_ind[6]:
0.00000000000
# log_q_power_ind[7]:
0.00000000000
# log_rw_q_ind[1]:
 -0.976375509981
# log_rw_q_ind[3]:
 -0.771181065538
# log_selcoffs_ind[1]:
 -1.55709234262 -0.828144746555 -0.308984633898 0.0267138526445 0.204684683399 0.281980773609 0.289074470711 0.253788784928 0.204877516769 0.171235505943
 -2.08629645548 -1.35210222086 -0.661268948342 -0.0982647468906 0.262070082290 0.423882021033 0.424046876145 0.341892294671 0.236012813808 0.152825634766
# log_selcoffs_ind[2]:
 -0.226911854318 -0.512070344352 -0.916850876357 -1.20686359482 -1.25559025536 -1.01631215703 -0.527593224631 0.118337711407 0.774622968777 1.21568074532
 0.593733134511 0.0120316053206 -0.450960529434 -0.763387244662 -0.881480887051 -0.771609382730 -0.451471422452 -0.00847835272663 0.426317337866 0.711854425112
 1.06416114240 0.342360547510 -0.276821451483 -0.708561214686 -0.899526852858 -0.858747336796 -0.633846619984 -0.304204305196 0.0338510607338 0.269753249446
# log_selcoffs_ind[3]:
 -0.202940821038 0.0202027052767 0.0202027052767 0.0202027052767 0.0202027052767 0.0202027052767 0.0202027052767 0.0202027052767 0.0202027052767 0.0202027052767
# log_selcoffs_ind[4]:
 -0.132235405009 -0.0967330388414 -0.0641501565105 -0.0466440954805 -0.0355578576204 -0.0141752918365 0.0211175984880 0.0667971988614 0.113747267263 0.150051806276
 -0.822061609265 -0.636052474755 -0.449353898938 -0.254938632813 -0.0667465740508 0.100892146540 0.236882662875 0.330173004346 0.374871621834 0.380624193945
# log_selcoffs_ind[5]:
 -3.04452005677 -0.669616569639 0.101782682789 0.174353368097 0.174353368097 0.174353368097 0.174353368097 0.174353368097 0.174353368097 0.174353368097
# log_selcoffs_ind[6]:
 -3.04452005677 -0.669616569639 0.101782682789 0.174353368097 0.174353368097 0.174353368097 0.174353368097 0.174353368097 0.174353368097 0.174353368097
# log_selcoffs_ind[7]:
 -3.04452005677 -0.669616569639 0.101782682789 0.174353368097 0.174353368097 0.174353368097 0.174353368097 0.174353368097 0.174353368097 0.174353368097
# logsel_slope_ind[1]:
 0.00000000000 0.00000000000
# logsel_slope_ind[2]:
 0.00000000000 0.00000000000 0.00000000000
# logsel_slope_ind[3]:
 0.00000000000
# logsel_slope_ind[4]:
 0.00000000000 0.00000000000
# logsel_slope_ind[5]:
 0.00000000000
# logsel_slope_ind[6]:
 0.00000000000
# logsel_slope_ind[7]:
 0.00000000000
# sel50_ind[1]:
 0.00000000000 0.00000000000
# sel50_ind[2]:
 0.00000000000 0.00000000000 0.00000000000
# sel50_ind[3]:
 0.00000000000
# sel50_ind[4]:
 0.00000000000 0.00000000000
# sel50_ind[5]:
 0.00000000000
# sel50_ind[6]:
 0.00000000000
# sel50_ind[7]:
 0.00000000000
# logsel_p1_ind[1]:
 0.00000000000 0.00000000000
# logsel_p1_ind[2]:
 0.00000000000 0.00000000000 0.00000000000
# logsel_p1_ind[3]:
 0.00000000000
# logsel_p1_ind[4]:
 0.00000000000 0.00000000000
# logsel_p1_ind[5]:
 0.00000000000
# logsel_p1_ind[6]:
 0.00000000000
# logsel_p1_ind[7]:
 0.00000000000
# sel_p2_ind[1]:
 0.00000000000 0.00000000000
# sel_p2_ind[2]:
 0.00000000000 0.00000000000 0.00000000000
# sel_p2_ind[3]:
 0.00000000000
# sel_p2_ind[4]:
 0.00000000000 0.00000000000
# sel_p2_ind[5]:
 0.00000000000
# sel_p2_ind[6]:
 0.00000000000
# sel_p2_ind[7]:
 0.00000000000
# logsel_p3_ind[1]:
 0.00000000000 0.00000000000
# logsel_p3_ind[2]:
 0.00000000000 0.00000000000 0.00000000000
# logsel_p3_ind[3]:
 0.00000000000
# logsel_p3_ind[4]:
 0.00000000000 0.00000000000
# logsel_p3_ind[5]:
 0.00000000000
# logsel_p3_ind[6]:
 0.00000000000
# logsel_p3_ind[7]:
 0.00000000000
