# Number of parameters = 1469 Objective function value = 1254.71784606493  Maximum gradient component = 0.0386540695418850
# Mest[1]:
0.230000000000
# Mest[2]:
0.330000000000
# log_Linf[1]:
4.30945594184
# log_Linf[2]:
4.38701417618
# log_k[1]:
-1.83258146375
# log_k[2]:
-1.83258146375
# log_Lo[1]:
2.89037175790
# log_Lo[2]:
2.89037175790
# log_sdage[1]:
-2.40794560865
# log_sdage[2]:
-2.40794560865
# mean_log_rec[1]:
9.49822672486
# mean_log_rec[2]:
8.35855491023
# mean_log_rec[3]:
7.75588533315
# steepness[1]:
0.650000000000
# steepness[2]:
0.650000000000
# steepness[3]:
0.650000000000
# log_Rzero[1]:
9.17167366874
# log_Rzero[2]:
8.40651217492
# log_Rzero[3]:
7.44721003723
# rec_dev:
 -0.437191707957 -0.509824025997 -0.588711743701 -0.674758088342 -0.765355336400 -0.856647597673 -0.823050262260 -0.826770623724 -0.672628817935 -0.607472181946 -0.515844033494 -0.347244601371 -0.384477927870 -0.339376121893 -0.279911040637 -0.0946623571725 0.203249465818 0.400529938654 0.392148425439 0.348640525213 0.402685260413 0.523582379078 0.740642963536 0.737709309179 0.685693398853 1.33801338173 1.53882928050 0.718361122250 0.137928145246 0.339857929962 0.655729119240 0.791567391007 0.556475871213 0.327221713531 0.239341908044 0.311049353266 0.347114585179 0.500404710636 0.681473319203 0.581600143032 0.721177134508 0.705279405502 0.511442603752 -0.121045679015 -0.453642164013 -0.745408897509 -1.47173376632 -1.01370211070 -0.841553482671 -1.00834716014 -1.03935811097 -1.08509725178 -0.997334869264 -0.499070779437 -0.290647532335 -0.269257783426 -0.107594877787 0.206285508736 0.333314186990 0.258287337094 0.0161572019791 0.0252294345113
 -0.000140374359962 -0.000174131810507 -0.000202499031971 -0.000213796991714 -0.000188291099828 -9.05817814658e-05 0.000137864063532 0.000611042639937 0.00118622792729 0.00212635029394 0.00346211776696 0.0278214605402 0.0284975527212 0.0290085410022 0.0291718821620 0.0275991559802 0.0210740687896 0.00951294569085 -0.0418631842663 0.361582083493 -0.0123566937270 -0.110929636420 0.00432391698477 0.420342624848 -0.0375542835550 -0.242792491952 -0.532497040754 -0.0470626026485 0.366058980867 0.894160397635 0.278427433774 0.243787823327 -0.456955676755 -1.52055753819e-05 -0.449482586304 -0.673565283279 -0.00935003334785 0.0671526782024 0.0287230346602 -0.123797692076 0.533554098256 1.12890402668 -0.351935500858 0.579675321639 -0.652641727822 -0.219037056914 0.679277765181 -0.0504219664524 -1.21458120079 -2.03578748312 -0.521542225909 0.765720338406 -0.561212540562 -0.228884371163 -1.57015735280 -0.493937604272 -0.753028610260 -0.261543665912 1.15735208391 0.791091998234 -0.584527653723 -0.0775662011826
# log_sigmar[1]:
-0.510825623766
# log_sigmar[2]:
-0.510825623766
# log_sigmar[3]:
-0.510825623766
# fmort:
 0.0114444439694 0.0168730032428 0.00767271364515 0.00972416675737 0.0187612540587 0.0230962889993 0.0280189321139 0.0241776063480 0.0472382633921 0.0392866308994 0.0266580011580 0.0388503908465 0.0746064565850 0.0289714513852 0.0683700576422 0.0457259616774 0.00446050576095 0.0204077914102 0.0167273169475 0.0148036049345 0.0140115390997 0.0185947892051 0.0202028696349 0.0224545066613 0.0148738154759 0.0199652337804 0.0338397279648 0.0132288389275 0.00375550325235 0.00616278975574 0.00988623902799 0.0203277797126 0.00864579952275 0.0120120505989 0.0132414193244 0.0218305335883 0.0277664482861 0.0418901052185 0.0574186285200 0.0542693467733 0.0735766047259 0.0136456157780 0.00554060678720 0.00640025095619 0.00671920608444 0.00831836729029 0.00620948258087 0.00888649869710 0.00291538901380 0.00193906473983 0.00592444406491
 0.00145401970468 0.00223497610324 0.00341771743218 0.00566406308111 0.00406731412104 0.00733083990095 0.00947012811167 0.0138223436025 0.0222773670985 0.0275358893203 0.0249093805068 0.0494397298003 0.0680604307548 0.0555711548696 0.0750749976031 0.106580268136 0.119446154806 0.160346228392 0.222152737239 0.231452936641 0.232187972935 0.291187634381 0.381351641783 0.363449456263 0.485351371815 0.645351932094 0.626034355519 0.628931331008 0.371186409931 0.240893850842 0.180652563890 0.211757794041 0.208674467623 0.192135422371 0.187369239285 0.186984250196 0.196417862667 0.235032403126 0.203000719897 0.274791669934 0.162024125827 0.117403764861 0.101346281274 0.0812977101806 0.0785916473448 0.0787964689264 0.0877865042477 0.0823500460726 0.0882741983279 0.0784264533239 0.0634912276434
 0.000578414676934 0.00112707287754 0.00279824294757 0.00598622613478 0.0190994491042 0.00592883895785 0.00755780122377 0.102111425558 0.103296560337 0.0826076003519 0.0828177831979 0.111468932753 0.0358403103705 0.0213463207486 0.0248746735887 0.0184309928853 0.0101057602071 0.0114958405237 0.0439447140319 0.0364257689331 0.0320739546436 0.0263050488027 0.0155325690420 0.0268801312204 0.0447078313058 0.213463614297 0.364185557937 0.687044915441 0.602770975304 0.162397924805 0.117898830623 0.374440041064 0.0526423012861 0.0768642817375 0.0626930217162 0.0413853318367 0.0989281469357 0.0814575699908 0.0962615305923 0.117192887901 0.0293545279376 0.145298615027 0.0676493886542 0.0417350120017 0.0428741170052 0.0187482311714 0.00858537808220 0.00441123291572 0.0124887678466 0.0156580088712 0.0213953865869
 2.05113703799e-13 2.18158824339e-13 0.000563342774051 2.35922392733e-13 2.39808173319e-13 2.43138842393e-13 3.56374314392e-06 0.000241822125705 0.00503940287131 0.0312016824229 0.0277024116064 0.0349780792144 0.0784701023802 0.0927556134572 0.123446087919 0.0996682401053 0.0942765664074 0.0974465296214 0.0995598212127 0.0816946543008 0.0665639101415 0.0418533758399 0.00359423974615 2.28150831560e-13 2.60347299275e-13 3.69426711444e-13 4.66571226099e-13 6.94444501903e-13 7.87980791728e-13 3.52057418634e-06 0.000636594363092 0.00442304808792 0.0133214345205 0.0255296127756 0.0446449023491 0.0377820703333 0.0567067220412 0.0854880789902 0.107342987869 0.145055379202 0.136537337730 0.0366755852921 0.0246606442342 0.0250854462007 0.0264783521381 0.0339405808648 0.0202020527830 0.0159097045302 0.0118860986925 0.0106981042223 0.000455459958686
# log_selcoffs_fsh[1]:
 -4.83465977108 -3.68224223096 -2.44178336623 -1.22292490447 -0.283199272701 0.509181204090 1.08552988561 0.893118763165 -0.268574713929
 -4.52412170949 -3.28239140743 -1.96672137803 -0.819645744494 -0.172592665071 0.454615495998 0.949254170583 0.804819422384 0.125744621870
 -4.18923311293 -2.93747643302 -1.71336975797 -0.689556841269 -0.00724186998877 0.531249845615 0.824864094545 0.669847159171 0.277962277841
 -3.78885909560 -2.44808592473 -1.32413144609 -0.524913944378 -0.0468604894569 0.391759450816 0.763071855997 0.686733208070 0.383498466115
 -3.56672072904 -2.13271099417 -0.767941045919 -0.0140673942364 0.207134233874 0.338589339544 0.489862758147 0.497296755825 0.401296622795
 -3.39940329945 -2.04236005074 -0.785931392686 0.0876640934771 0.480997622871 0.466709004541 0.361724843160 0.298143797345 0.257725909959
 -3.23819599381 -1.95346091479 -0.877928061862 -0.0655662543224 0.554890846346 0.677995024085 0.391903753459 0.168632501416 0.0876878935112
 -3.07300009909 -1.76263856322 -0.777820744593 -0.00839036353771 0.595181709573 0.711330920652 0.358502570103 0.0819514909271 -0.0362209567594
 -2.94311356497 -1.62703259462 -0.450075072128 0.200707402480 0.522998076374 0.588225206755 0.381814714815 0.0538735319435 -0.124679210145
 -2.78191559070 -1.36018508434 -0.180970918402 0.223032321438 0.527567675093 0.583375256469 0.298036077128 -0.0446808936656 -0.214739701804
 -2.61904542770 -0.988572269060 0.456276851802 0.447951046242 0.329177655795 0.286520246441 0.0800148003300 -0.158040707512 -0.283686435565
 -2.44698848201 -0.728473528435 0.441224662054 0.480249411181 0.440110583952 0.235416601016 -0.0437699673951 -0.249276542228 -0.349755751970
 -2.33190963875 -0.662176362777 0.474741929616 0.697232245475 0.402608752572 0.0865154314534 -0.188383970348 -0.353830821655 -0.423126184214
 -2.24199275660 -0.697614718089 0.483969588523 0.834294904042 0.396017737152 -0.0167699416761 -0.292646956544 -0.439243982049 -0.493942672255
 -2.36815776444 -0.832998772916 0.627668104080 0.870651267237 0.345606861825 -0.0723635065179 -0.352433801249 -0.510183324789 -0.573588425098
 -2.31845068055 -0.818180012361 0.670606314923 0.796486506995 0.396744260459 -0.0258391100591 -0.351783087189 -0.538033620909 -0.619177988074
 -2.11121134911 -0.590881530130 0.782002237832 0.719333988343 0.307881715023 -0.0638180481803 -0.366056274751 -0.557838819820 -0.650977569013
 -1.76251015193 -0.289310607490 0.571876778344 0.771812213717 0.377789910231 -0.0679894582183 -0.386499468651 -0.577574912970 -0.672719917743
 -1.63680785378 -0.267067163389 0.844915102930 0.727682324151 0.183816455954 -0.200018786274 -0.474341654863 -0.650407984815 -0.740064661863
 -1.38406981339 -0.150755889675 0.824173866305 0.713890590478 0.217615383729 -0.230068803142 -0.534089302474 -0.711423716161 -0.792451173704
 -1.30220957733 -0.0152968777596 0.883938798915 0.711420021561 0.141430177860 -0.316845549791 -0.627812036086 -0.797530019015 -0.864191162344
 -1.24144093494 -0.0864750318320 0.711257993104 0.933069705774 0.247476260609 -0.407715260297 -0.751739008817 -0.898877131953 -0.940348796281
 -1.16149263267 0.180260309440 0.925601561453 0.756469145973 0.0642143542875 -0.512492294984 -0.847902763623 -0.980680950334 -1.00338221109
 -1.30214287017 -0.0202354202038 0.906387990189 0.970652007720 0.00290832782123 -0.611148380747 -0.930749333142 -1.05418532943 -1.06514131049
 -1.44391581525 -0.0808523024802 0.935544295697 0.947563467345 0.0650840558296 -0.568948912490 -0.923172688845 -1.06624385565 -1.08256383614
 -1.39941660770 0.155200294719 0.756215441873 0.855263835360 0.219014664517 -0.364951054888 -0.817220252663 -1.00749904191 -1.02916688944
 -1.40040593453 -0.146035869576 0.606662356986 0.961286434513 0.302948265903 -0.232740890312 -0.690631101396 -0.906032626489 -0.945637697802
 -1.25597562098 0.228249697953 0.470176717957 0.768035486316 0.311741966937 -0.166990570653 -0.554647346572 -0.757027118232 -0.803731832586
 -1.14568315373 0.411661850447 0.629209074119 0.499400394601 0.120159005082 -0.198164726418 -0.454146784872 -0.604697411139 -0.654560801548
 -1.26935920341 0.00405738122600 0.499067803817 0.795768554574 0.145359463243 -0.226553249674 -0.392010599386 -0.474098566732 -0.511293764522
 -1.20482354185 0.398811433305 0.519376234373 0.299071245149 0.0336285755267 -0.135736087356 -0.234166501678 -0.287319941586 -0.312189434025
 -1.17900486492 0.383808775364 0.128152529251 0.163474456426 0.122173578737 0.0308804775028 -0.0478958082899 -0.0965124999585 -0.119138501649
 -1.42670624870 -0.679397672943 -0.195418508355 0.427010170695 0.385520773727 0.227781095207 0.113780410825 0.0451266512321 0.00495176787042
 -1.66662870748 -0.990360015673 -0.378823376241 0.134654591164 0.264817120433 0.384670362380 0.340690589108 0.237093232881 0.152777916788
 -1.42407031535 -0.715206456012 -0.346013050488 0.198860068865 0.177250445280 0.190809830876 0.249439093753 0.279370216496 0.287357527542
 -0.710492187071 -0.136662071512 -0.552955456731 -0.364710761060 -0.127075562549 0.105051600037 0.284911091050 0.392898736467 0.447464587754
 -0.447261362502 -0.669903380779 -0.815835884220 -0.494665203874 -0.203101462058 0.203120803304 0.399505535360 0.463590890233 0.515541548624
# log_selcoffs_fsh[2]:
 -6.48841968017 -5.03738740895 -3.58066935111 -1.96618953276 -0.581107608046 0.325297009062 0.986868928806 1.13611601710 0.519549988274 -0.912094498523
 -6.40210641796 -4.95913021146 -3.46558782750 -2.05001330239 -0.879608137655 0.184757976946 0.976753075592 1.17081645078 0.534836023646 -0.468643360401
 -6.27889200868 -4.89579722548 -3.49674196065 -2.13909104682 -1.02236139963 0.0387137150796 0.919860315258 1.15420598283 0.623417704119 -0.107991468104
 -6.11240048659 -4.76086343759 -3.47149732865 -2.23074936153 -1.15102867893 -0.185817961564 0.761512264731 1.14411481571 0.773583902110 0.227357424585
 -5.94571173655 -4.52641210402 -3.24972746596 -2.21161267646 -1.31917156596 -0.397765222321 0.587357943933 1.08052756157 0.893513120144 0.536444768299
 -5.78880031686 -4.44703902121 -3.15011129291 -1.96443356945 -1.14192349012 -0.523917758607 0.273142557105 0.894139414690 1.01047830077 0.868993428322
 -5.64743742014 -4.37854999409 -3.16869204349 -2.08132555319 -1.15010917367 -0.404518387098 0.167484693337 0.670289418149 0.982945909368 1.10650077404
 -5.53475480688 -4.30983131177 -3.16072449379 -2.15271761103 -1.27945356153 -0.568739030942 0.104857313588 0.586673332678 0.956261070247 1.24390288379
 -5.46041612828 -4.22812915092 -3.07025818410 -2.11411331027 -1.35796676430 -0.677911255311 0.0179882350141 0.608727046550 0.957443486118 1.27756439085
 -5.37451807306 -4.10803430663 -2.92443029399 -1.92658572079 -1.15655942850 -0.587015117325 -0.113265022956 0.476538485165 0.949423996918 1.34061978343
 -5.31937692324 -3.94966138507 -2.64114023663 -1.56008776756 -0.851191072044 -0.335736943408 0.0539526314173 0.369494444823 0.798665626395 1.34226865267
 -5.33460404949 -3.83353985973 -2.41987991558 -1.23352637262 -0.625754079519 -0.202247566597 0.113458722433 0.434649741258 0.854829161611 1.17126106690
 -5.36002546618 -3.68643595211 -2.07793626340 -0.803656312436 -0.263585169780 0.0874694990765 0.261646691577 0.441981189825 0.727047282940 0.960821557312
 -5.38106891852 -3.50241882882 -1.70898497422 -0.526578701274 0.0996996616721 0.286113988259 0.334224617152 0.417811066355 0.579225423332 0.721429258752
 -5.35886797422 -3.29084172919 -1.33275928671 -0.0725354506323 0.356258007621 0.338931778180 0.226966315991 0.270159615353 0.448927290962 0.588494508759
 -5.29717581640 -3.08854798267 -1.02892845812 0.0848668030207 0.333563524931 0.296135998466 0.198053385972 0.230936489281 0.406497875161 0.578028689122
 -5.25527559996 -3.02236655067 -0.919178978317 0.0545368198724 0.314994141657 0.301980298804 0.195401919862 0.210477315480 0.393736332600 0.607499114991
 -5.22762025980 -3.19250469603 -1.27306086455 0.00875266810743 0.405761112703 0.376557230031 0.209625394497 0.191999523863 0.375903613559 0.591061689314
 -5.18899461549 -3.32452668328 -1.56343387789 -0.245960612748 0.459731601718 0.453489859129 0.233490331817 0.196346172289 0.385936983028 0.619866328484
 -5.11355179254 -3.36426151754 -1.68888381183 -0.410005816616 0.249340537929 0.384405144194 0.242302160216 0.237142283479 0.485351939900 0.785069414549
 -5.07416998805 -3.43600978502 -1.89225266141 -0.620799128035 0.139493509311 0.391697165512 0.291843733390 0.246451958364 0.507220241555 0.860813249601
 -5.07322585442 -3.51539403246 -2.05401610000 -0.888425120473 -0.0468177911842 0.422013400940 0.398327187481 0.317615601974 0.534576919720 0.865117111090
 -5.09222777947 -3.58193522110 -2.21555148707 -1.09427954810 -0.260954997076 0.414072724796 0.454034229639 0.398052292331 0.585416723415 0.866917338308
 -5.16194250268 -3.64213278576 -2.24985812289 -1.12072869486 -0.405584330854 0.190124256899 0.508534591257 0.502662388740 0.672099825824 0.869750417671
 -5.23872877677 -3.68666890477 -2.19249617470 -0.903967272268 -0.259078547752 0.00723973588154 0.318222236660 0.535558373940 0.714071041876 0.935559637084
 -5.34869167305 -3.74780416824 -2.27738453928 -1.01617986896 -0.246083011684 0.243997382853 0.346374309290 0.456446525208 0.669315619873 0.917755122215
 -5.55645095556 -3.91754656072 -2.30360077812 -0.936606064969 -0.157794066912 0.394827646649 0.507048220124 0.468147001060 0.574730063581 0.747717483976
 -5.75261375398 -4.07624469841 -2.34907931271 -0.689981342072 0.0608669491505 0.516843175910 0.518434831538 0.395797733515 0.527907206279 0.578287268464
 -5.94254613450 -4.24972730039 -2.56137410682 -0.994179516696 -0.0784474545853 0.766232062818 0.728982866850 0.403608187886 0.432364731027 0.299068026654
 -6.10635660958 -4.37559101665 -2.66014731475 -1.02266491483 0.254664972895 0.867357329350 0.788254330736 0.390949680616 0.161990781365 0.0307133543397
 -6.20375317895 -4.40748310902 -2.56039816315 -0.781436672497 0.359920331714 0.839446177760 0.720339238973 0.365280046732 0.143346196979 0.0509722948344
 -6.23964197561 -4.37917153736 -2.46564924407 -0.713398235227 0.356648436713 0.635832263371 0.650873039608 0.433554734813 0.297601988875 0.252224926293
 -6.23981977220 -4.32501446441 -2.30822090739 -0.594749921646 0.0138674396442 0.342717706056 0.589036646111 0.615363910601 0.509333040281 0.466360001394
 -6.25382321219 -4.38323682755 -2.51079556833 -0.910726971319 -0.0800856641004 0.393187706770 0.620640796322 0.658592292645 0.552023774968 0.450099613873
 -6.22211607510 -4.40890736089 -2.56317259530 -1.06898615999 -0.334976513352 0.214354804678 0.618851785153 0.736404275453 0.657548213486 0.551440287243
 -6.17227891960 -4.47403163066 -2.82610893752 -1.25732587816 -0.335624620922 0.138463174762 0.544749419139 0.746117776500 0.736326252475 0.619626419592
 -6.14506015493 -4.53238147898 -2.98829424392 -1.54175469881 -0.493610158126 0.155187607077 0.573010195545 0.754605092258 0.777434859740 0.624961271998
 -6.12260278182 -4.51803816660 -2.97411607429 -1.59147757644 -0.562781801990 0.131258455172 0.574390244986 0.770278391821 0.771383512187 0.653950851144
# log_selcoffs_fsh[3]:
 -2.34912794407 0.291133116100 1.47732551241 0.0375696505894 -2.12951708264 -3.89135042747 -4.85418442317
 -2.32882089432 0.870170551254 1.29691319640 -0.307014074888 -2.35996527270 -3.94115402712 -4.85437331242
# log_selcoffs_fsh[4]:
 -5.92685456992 -4.79548765420 -3.63966357085 -2.42092972170 -1.14657122004 0.0556308685174 0.928389493921 1.12937381696 0.628547373627
 -5.91361230845 -4.77497589474 -3.60486878239 -2.33543251611 -1.01340986398 0.150104832064 0.935957659435 1.06705282180 0.633137317294
 -5.87781233417 -4.73632982875 -3.57042903185 -2.33295164871 -1.03510541015 0.131082619048 0.919950318536 1.07195335032 0.661542516997
 -5.81046295959 -4.65834080612 -3.50232379291 -2.31283476575 -1.07261398066 0.0647254688661 0.876447421830 1.08527676374 0.735644270539
 -5.73760442539 -4.55898708464 -3.39072116925 -2.23489956195 -1.04108747706 0.0705240627178 0.839085335166 1.05858458776 0.798830170891
 -5.66247788397 -4.49919784040 -3.31961522141 -2.13926444843 -1.02817640727 0.00125993596349 0.792027885831 1.07208588845 0.851536506183
 -5.56511490387 -4.42361661611 -3.25438459238 -2.04941301721 -0.947539630361 0.0195869027531 0.762922091748 1.03406633798 0.897017646570
 -5.43464148327 -4.29455220806 -3.17571484116 -2.01551033222 -0.906955755710 0.00315939180810 0.717683816428 1.02859636806 0.937365035421
 -5.29912497831 -4.11372614498 -3.03562818252 -2.02246558141 -0.992236785963 -0.0263347537005 0.709633426101 1.01853714799 0.974990414175
 -5.16953947967 -3.97789462651 -2.84533512448 -1.82192049061 -0.922400154007 -0.0688932620543 0.628753110076 0.996729031682 1.04383657298
 -5.06706835725 -3.85881228138 -2.71314866360 -1.68054351333 -0.769639690000 -0.00630971173889 0.585960794764 0.934642861660 1.07161627193
 -4.99240310979 -3.73846430490 -2.56837726153 -1.55155832762 -0.666196063196 0.0729435562249 0.581199892705 0.888690348125 1.05479579891
 -4.92954155326 -3.58771293410 -2.34655171905 -1.35300343153 -0.592056445307 0.0730848668067 0.581497354628 0.866967728900 1.03444279089
 -4.86405727270 -3.39721574687 -1.97810001702 -0.971433839576 -0.390741406648 0.0597131737822 0.458897996516 0.814149111512 1.05231432402
 -4.79568159837 -3.25085802013 -1.73595050162 -0.632587693465 -0.133510092168 0.0929208402580 0.351512262376 0.717125837685 1.03083299830
 -4.71109702917 -3.12848937776 -1.52975378128 -0.383142105703 -0.0423588449175 0.0758240414916 0.291205553011 0.655476210837 1.01069817189
 -4.65004624785 -3.10119039413 -1.55377110076 -0.395368050085 -0.0320045228462 0.135368206501 0.333477125657 0.639407627442 0.976795112249
 -4.60205903995 -3.19113464448 -1.90036291788 -0.916574531800 -0.232974981528 0.320865053252 0.571669278075 0.688448022547 0.903045344801
 -4.51896647873 -3.22846703714 -2.06822719750 -1.17165388162 -0.457959999018 0.175479341783 0.587825192173 0.820754226483 0.961854870009
 -4.46175243054 -3.24485525603 -2.16023604574 -1.31677393509 -0.668939824535 -0.0246349945022 0.573658073122 0.935255722477 1.01365613846
 -4.40028596135 -3.18911885228 -2.10671890056 -1.35010017391 -0.777252090050 -0.207599088192 0.441448513511 0.989044002737 1.11509119771
 -4.33189174454 -3.08337918448 -1.83552969325 -1.19548125494 -0.779669807453 -0.228454006593 0.336562047460 0.853869788225 1.24582509053
 -4.29693848422 -3.15479883071 -2.10041948197 -1.31137658694 -0.756273412296 -0.148500086602 0.362447788302 0.821591162862 1.25547894721
 -4.22042636362 -3.13410010130 -2.12984791154 -1.32901114289 -0.744719523029 -0.215462113233 0.294419723589 0.808457086328 1.30572091986
 -4.22129497665 -3.14578135759 -2.05537652804 -1.09352461694 -0.465273336295 0.0504374814384 0.436921226739 0.797153712916 1.10934279227
 -4.04525853814 -2.96390213099 -1.76100876112 -0.946500670994 -0.450669341417 0.00996383920474 0.421109614959 0.786518907801 1.10004580226
 -3.76720308133 -2.80949328844 -1.79697474649 -0.992454985456 -0.472615401540 -0.0155974726585 0.432940437798 0.831034846220 1.07664327986
 -3.28533530011 -2.48791154232 -1.68512899953 -1.04389004076 -0.567198401912 -0.160171153824 0.274664814902 0.775925848381 1.23377922811
 -2.60126837368 -1.99027413697 -1.51993082026 -1.09815092133 -0.817035583966 -0.491817731794 0.0390144448035 0.737630861704 1.39944108207
 -2.64007551128 -2.03117839126 -1.40571053412 -0.991446168525 -0.819283005977 -0.654743130275 -0.165632364777 0.661661122691 1.48964961152
 -2.43346176447 -1.80875802080 -1.53207798023 -1.27004310443 -0.978748262297 -0.720137617712 -0.224892180707 0.623754041070 1.55276507245
 -2.41580115716 -1.89894420755 -1.55378817343 -1.29074433260 -1.03118947666 -0.709848219676 -0.145774271278 0.710226193657 1.51013913117
# log_sel_spl_fsh[1]:
 0.00000000000 0.00000000000 0.00000000000 0.00000000000
 0.00000000000 0.00000000000 0.00000000000 0.00000000000
 0.00000000000 0.00000000000 0.00000000000 0.00000000000
 0.00000000000 0.00000000000 0.00000000000 0.00000000000
 0.00000000000 0.00000000000 0.00000000000 0.00000000000
 0.00000000000 0.00000000000 0.00000000000 0.00000000000
 0.00000000000 0.00000000000 0.00000000000 0.00000000000
 0.00000000000 0.00000000000 0.00000000000 0.00000000000
 0.00000000000 0.00000000000 0.00000000000 0.00000000000
 0.00000000000 0.00000000000 0.00000000000 0.00000000000
 0.00000000000 0.00000000000 0.00000000000 0.00000000000
 0.00000000000 0.00000000000 0.00000000000 0.00000000000
 0.00000000000 0.00000000000 0.00000000000 0.00000000000
 0.00000000000 0.00000000000 0.00000000000 0.00000000000
 0.00000000000 0.00000000000 0.00000000000 0.00000000000
 0.00000000000 0.00000000000 0.00000000000 0.00000000000
 0.00000000000 0.00000000000 0.00000000000 0.00000000000
 0.00000000000 0.00000000000 0.00000000000 0.00000000000
 0.00000000000 0.00000000000 0.00000000000 0.00000000000
 0.00000000000 0.00000000000 0.00000000000 0.00000000000
 0.00000000000 0.00000000000 0.00000000000 0.00000000000
 0.00000000000 0.00000000000 0.00000000000 0.00000000000
 0.00000000000 0.00000000000 0.00000000000 0.00000000000
 0.00000000000 0.00000000000 0.00000000000 0.00000000000
 0.00000000000 0.00000000000 0.00000000000 0.00000000000
 0.00000000000 0.00000000000 0.00000000000 0.00000000000
 0.00000000000 0.00000000000 0.00000000000 0.00000000000
 0.00000000000 0.00000000000 0.00000000000 0.00000000000
 0.00000000000 0.00000000000 0.00000000000 0.00000000000
 0.00000000000 0.00000000000 0.00000000000 0.00000000000
 0.00000000000 0.00000000000 0.00000000000 0.00000000000
 0.00000000000 0.00000000000 0.00000000000 0.00000000000
 0.00000000000 0.00000000000 0.00000000000 0.00000000000
 0.00000000000 0.00000000000 0.00000000000 0.00000000000
 0.00000000000 0.00000000000 0.00000000000 0.00000000000
 0.00000000000 0.00000000000 0.00000000000 0.00000000000
 0.00000000000 0.00000000000 0.00000000000 0.00000000000
# log_sel_spl_fsh[2]:
 0.00000000000 0.00000000000 0.00000000000 0.00000000000
 0.00000000000 0.00000000000 0.00000000000 0.00000000000
 0.00000000000 0.00000000000 0.00000000000 0.00000000000
 0.00000000000 0.00000000000 0.00000000000 0.00000000000
 0.00000000000 0.00000000000 0.00000000000 0.00000000000
 0.00000000000 0.00000000000 0.00000000000 0.00000000000
 0.00000000000 0.00000000000 0.00000000000 0.00000000000
 0.00000000000 0.00000000000 0.00000000000 0.00000000000
 0.00000000000 0.00000000000 0.00000000000 0.00000000000
 0.00000000000 0.00000000000 0.00000000000 0.00000000000
 0.00000000000 0.00000000000 0.00000000000 0.00000000000
 0.00000000000 0.00000000000 0.00000000000 0.00000000000
 0.00000000000 0.00000000000 0.00000000000 0.00000000000
 0.00000000000 0.00000000000 0.00000000000 0.00000000000
 0.00000000000 0.00000000000 0.00000000000 0.00000000000
 0.00000000000 0.00000000000 0.00000000000 0.00000000000
 0.00000000000 0.00000000000 0.00000000000 0.00000000000
 0.00000000000 0.00000000000 0.00000000000 0.00000000000
 0.00000000000 0.00000000000 0.00000000000 0.00000000000
 0.00000000000 0.00000000000 0.00000000000 0.00000000000
 0.00000000000 0.00000000000 0.00000000000 0.00000000000
 0.00000000000 0.00000000000 0.00000000000 0.00000000000
 0.00000000000 0.00000000000 0.00000000000 0.00000000000
 0.00000000000 0.00000000000 0.00000000000 0.00000000000
 0.00000000000 0.00000000000 0.00000000000 0.00000000000
 0.00000000000 0.00000000000 0.00000000000 0.00000000000
 0.00000000000 0.00000000000 0.00000000000 0.00000000000
 0.00000000000 0.00000000000 0.00000000000 0.00000000000
 0.00000000000 0.00000000000 0.00000000000 0.00000000000
 0.00000000000 0.00000000000 0.00000000000 0.00000000000
 0.00000000000 0.00000000000 0.00000000000 0.00000000000
 0.00000000000 0.00000000000 0.00000000000 0.00000000000
 0.00000000000 0.00000000000 0.00000000000 0.00000000000
 0.00000000000 0.00000000000 0.00000000000 0.00000000000
 0.00000000000 0.00000000000 0.00000000000 0.00000000000
 0.00000000000 0.00000000000 0.00000000000 0.00000000000
 0.00000000000 0.00000000000 0.00000000000 0.00000000000
 0.00000000000 0.00000000000 0.00000000000 0.00000000000
# log_sel_spl_fsh[3]:
 0.00000000000 0.00000000000 0.00000000000 0.00000000000
 0.00000000000 0.00000000000 0.00000000000 0.00000000000
# log_sel_spl_fsh[4]:
 0.00000000000 0.00000000000 0.00000000000 0.00000000000
 0.00000000000 0.00000000000 0.00000000000 0.00000000000
 0.00000000000 0.00000000000 0.00000000000 0.00000000000
 0.00000000000 0.00000000000 0.00000000000 0.00000000000
 0.00000000000 0.00000000000 0.00000000000 0.00000000000
 0.00000000000 0.00000000000 0.00000000000 0.00000000000
 0.00000000000 0.00000000000 0.00000000000 0.00000000000
 0.00000000000 0.00000000000 0.00000000000 0.00000000000
 0.00000000000 0.00000000000 0.00000000000 0.00000000000
 0.00000000000 0.00000000000 0.00000000000 0.00000000000
 0.00000000000 0.00000000000 0.00000000000 0.00000000000
 0.00000000000 0.00000000000 0.00000000000 0.00000000000
 0.00000000000 0.00000000000 0.00000000000 0.00000000000
 0.00000000000 0.00000000000 0.00000000000 0.00000000000
 0.00000000000 0.00000000000 0.00000000000 0.00000000000
 0.00000000000 0.00000000000 0.00000000000 0.00000000000
 0.00000000000 0.00000000000 0.00000000000 0.00000000000
 0.00000000000 0.00000000000 0.00000000000 0.00000000000
 0.00000000000 0.00000000000 0.00000000000 0.00000000000
 0.00000000000 0.00000000000 0.00000000000 0.00000000000
 0.00000000000 0.00000000000 0.00000000000 0.00000000000
 0.00000000000 0.00000000000 0.00000000000 0.00000000000
 0.00000000000 0.00000000000 0.00000000000 0.00000000000
 0.00000000000 0.00000000000 0.00000000000 0.00000000000
 0.00000000000 0.00000000000 0.00000000000 0.00000000000
 0.00000000000 0.00000000000 0.00000000000 0.00000000000
 0.00000000000 0.00000000000 0.00000000000 0.00000000000
 0.00000000000 0.00000000000 0.00000000000 0.00000000000
 0.00000000000 0.00000000000 0.00000000000 0.00000000000
 0.00000000000 0.00000000000 0.00000000000 0.00000000000
 0.00000000000 0.00000000000 0.00000000000 0.00000000000
 0.00000000000 0.00000000000 0.00000000000 0.00000000000
# logsel_slope_fsh[1]:
 0.00000000000 0.00000000000 0.00000000000 0.00000000000 0.00000000000 0.00000000000 0.00000000000 0.00000000000 0.00000000000 0.00000000000 0.00000000000 0.00000000000 0.00000000000 0.00000000000 0.00000000000 0.00000000000 0.00000000000 0.00000000000 0.00000000000 0.00000000000 0.00000000000 0.00000000000 0.00000000000 0.00000000000 0.00000000000 0.00000000000 0.00000000000 0.00000000000 0.00000000000 0.00000000000 0.00000000000 0.00000000000 0.00000000000 0.00000000000 0.00000000000 0.00000000000 0.00000000000
# logsel_slope_fsh[2]:
 0.00000000000 0.00000000000 0.00000000000 0.00000000000 0.00000000000 0.00000000000 0.00000000000 0.00000000000 0.00000000000 0.00000000000 0.00000000000 0.00000000000 0.00000000000 0.00000000000 0.00000000000 0.00000000000 0.00000000000 0.00000000000 0.00000000000 0.00000000000 0.00000000000 0.00000000000 0.00000000000 0.00000000000 0.00000000000 0.00000000000 0.00000000000 0.00000000000 0.00000000000 0.00000000000 0.00000000000 0.00000000000 0.00000000000 0.00000000000 0.00000000000 0.00000000000 0.00000000000 0.00000000000
# logsel_slope_fsh[3]:
 0.00000000000 0.00000000000
# logsel_slope_fsh[4]:
 0.00000000000 0.00000000000 0.00000000000 0.00000000000 0.00000000000 0.00000000000 0.00000000000 0.00000000000 0.00000000000 0.00000000000 0.00000000000 0.00000000000 0.00000000000 0.00000000000 0.00000000000 0.00000000000 0.00000000000 0.00000000000 0.00000000000 0.00000000000 0.00000000000 0.00000000000 0.00000000000 0.00000000000 0.00000000000 0.00000000000 0.00000000000 0.00000000000 0.00000000000 0.00000000000 0.00000000000 0.00000000000
# sel50_fsh[1]:
 0.00000000000 0.00000000000 0.00000000000 0.00000000000 0.00000000000 0.00000000000 0.00000000000 0.00000000000 0.00000000000 0.00000000000 0.00000000000 0.00000000000 0.00000000000 0.00000000000 0.00000000000 0.00000000000 0.00000000000 0.00000000000 0.00000000000 0.00000000000 0.00000000000 0.00000000000 0.00000000000 0.00000000000 0.00000000000 0.00000000000 0.00000000000 0.00000000000 0.00000000000 0.00000000000 0.00000000000 0.00000000000 0.00000000000 0.00000000000 0.00000000000 0.00000000000 0.00000000000
# sel50_fsh[2]:
 0.00000000000 0.00000000000 0.00000000000 0.00000000000 0.00000000000 0.00000000000 0.00000000000 0.00000000000 0.00000000000 0.00000000000 0.00000000000 0.00000000000 0.00000000000 0.00000000000 0.00000000000 0.00000000000 0.00000000000 0.00000000000 0.00000000000 0.00000000000 0.00000000000 0.00000000000 0.00000000000 0.00000000000 0.00000000000 0.00000000000 0.00000000000 0.00000000000 0.00000000000 0.00000000000 0.00000000000 0.00000000000 0.00000000000 0.00000000000 0.00000000000 0.00000000000 0.00000000000 0.00000000000
# sel50_fsh[3]:
 0.00000000000 0.00000000000
# sel50_fsh[4]:
 0.00000000000 0.00000000000 0.00000000000 0.00000000000 0.00000000000 0.00000000000 0.00000000000 0.00000000000 0.00000000000 0.00000000000 0.00000000000 0.00000000000 0.00000000000 0.00000000000 0.00000000000 0.00000000000 0.00000000000 0.00000000000 0.00000000000 0.00000000000 0.00000000000 0.00000000000 0.00000000000 0.00000000000 0.00000000000 0.00000000000 0.00000000000 0.00000000000 0.00000000000 0.00000000000 0.00000000000 0.00000000000
# logsel_p1_fsh[1]:
 0.00000000000 0.00000000000 0.00000000000 0.00000000000 0.00000000000 0.00000000000 0.00000000000 0.00000000000 0.00000000000 0.00000000000 0.00000000000 0.00000000000 0.00000000000 0.00000000000 0.00000000000 0.00000000000 0.00000000000 0.00000000000 0.00000000000 0.00000000000 0.00000000000 0.00000000000 0.00000000000 0.00000000000 0.00000000000 0.00000000000 0.00000000000 0.00000000000 0.00000000000 0.00000000000 0.00000000000 0.00000000000 0.00000000000 0.00000000000 0.00000000000 0.00000000000 0.00000000000
# logsel_p1_fsh[2]:
 0.00000000000 0.00000000000 0.00000000000 0.00000000000 0.00000000000 0.00000000000 0.00000000000 0.00000000000 0.00000000000 0.00000000000 0.00000000000 0.00000000000 0.00000000000 0.00000000000 0.00000000000 0.00000000000 0.00000000000 0.00000000000 0.00000000000 0.00000000000 0.00000000000 0.00000000000 0.00000000000 0.00000000000 0.00000000000 0.00000000000 0.00000000000 0.00000000000 0.00000000000 0.00000000000 0.00000000000 0.00000000000 0.00000000000 0.00000000000 0.00000000000 0.00000000000 0.00000000000 0.00000000000
# logsel_p1_fsh[3]:
 0.00000000000 0.00000000000
# logsel_p1_fsh[4]:
 0.00000000000 0.00000000000 0.00000000000 0.00000000000 0.00000000000 0.00000000000 0.00000000000 0.00000000000 0.00000000000 0.00000000000 0.00000000000 0.00000000000 0.00000000000 0.00000000000 0.00000000000 0.00000000000 0.00000000000 0.00000000000 0.00000000000 0.00000000000 0.00000000000 0.00000000000 0.00000000000 0.00000000000 0.00000000000 0.00000000000 0.00000000000 0.00000000000 0.00000000000 0.00000000000 0.00000000000 0.00000000000
# sel_p2_fsh[1]:
 0.00000000000 0.00000000000 0.00000000000 0.00000000000 0.00000000000 0.00000000000 0.00000000000 0.00000000000 0.00000000000 0.00000000000 0.00000000000 0.00000000000 0.00000000000 0.00000000000 0.00000000000 0.00000000000 0.00000000000 0.00000000000 0.00000000000 0.00000000000 0.00000000000 0.00000000000 0.00000000000 0.00000000000 0.00000000000 0.00000000000 0.00000000000 0.00000000000 0.00000000000 0.00000000000 0.00000000000 0.00000000000 0.00000000000 0.00000000000 0.00000000000 0.00000000000 0.00000000000
# sel_p2_fsh[2]:
 0.00000000000 0.00000000000 0.00000000000 0.00000000000 0.00000000000 0.00000000000 0.00000000000 0.00000000000 0.00000000000 0.00000000000 0.00000000000 0.00000000000 0.00000000000 0.00000000000 0.00000000000 0.00000000000 0.00000000000 0.00000000000 0.00000000000 0.00000000000 0.00000000000 0.00000000000 0.00000000000 0.00000000000 0.00000000000 0.00000000000 0.00000000000 0.00000000000 0.00000000000 0.00000000000 0.00000000000 0.00000000000 0.00000000000 0.00000000000 0.00000000000 0.00000000000 0.00000000000 0.00000000000
# sel_p2_fsh[3]:
 0.00000000000 0.00000000000
# sel_p2_fsh[4]:
 0.00000000000 0.00000000000 0.00000000000 0.00000000000 0.00000000000 0.00000000000 0.00000000000 0.00000000000 0.00000000000 0.00000000000 0.00000000000 0.00000000000 0.00000000000 0.00000000000 0.00000000000 0.00000000000 0.00000000000 0.00000000000 0.00000000000 0.00000000000 0.00000000000 0.00000000000 0.00000000000 0.00000000000 0.00000000000 0.00000000000 0.00000000000 0.00000000000 0.00000000000 0.00000000000 0.00000000000 0.00000000000
# logsel_p3_fsh[1]:
 0.00000000000 0.00000000000 0.00000000000 0.00000000000 0.00000000000 0.00000000000 0.00000000000 0.00000000000 0.00000000000 0.00000000000 0.00000000000 0.00000000000 0.00000000000 0.00000000000 0.00000000000 0.00000000000 0.00000000000 0.00000000000 0.00000000000 0.00000000000 0.00000000000 0.00000000000 0.00000000000 0.00000000000 0.00000000000 0.00000000000 0.00000000000 0.00000000000 0.00000000000 0.00000000000 0.00000000000 0.00000000000 0.00000000000 0.00000000000 0.00000000000 0.00000000000 0.00000000000
# logsel_p3_fsh[2]:
 0.00000000000 0.00000000000 0.00000000000 0.00000000000 0.00000000000 0.00000000000 0.00000000000 0.00000000000 0.00000000000 0.00000000000 0.00000000000 0.00000000000 0.00000000000 0.00000000000 0.00000000000 0.00000000000 0.00000000000 0.00000000000 0.00000000000 0.00000000000 0.00000000000 0.00000000000 0.00000000000 0.00000000000 0.00000000000 0.00000000000 0.00000000000 0.00000000000 0.00000000000 0.00000000000 0.00000000000 0.00000000000 0.00000000000 0.00000000000 0.00000000000 0.00000000000 0.00000000000 0.00000000000
# logsel_p3_fsh[3]:
 0.00000000000 0.00000000000
# logsel_p3_fsh[4]:
 0.00000000000 0.00000000000 0.00000000000 0.00000000000 0.00000000000 0.00000000000 0.00000000000 0.00000000000 0.00000000000 0.00000000000 0.00000000000 0.00000000000 0.00000000000 0.00000000000 0.00000000000 0.00000000000 0.00000000000 0.00000000000 0.00000000000 0.00000000000 0.00000000000 0.00000000000 0.00000000000 0.00000000000 0.00000000000 0.00000000000 0.00000000000 0.00000000000 0.00000000000 0.00000000000 0.00000000000 0.00000000000
# rec_dev_future:
 0.00000000000 0.00000000000 0.00000000000 0.00000000000 0.00000000000 0.00000000000 0.00000000000 0.00000000000 0.00000000000 0.00000000000 0.00000000000 0.00000000000 0.00000000000 0.00000000000 0.00000000000 0.00000000000 0.00000000000 0.00000000000 0.00000000000 0.00000000000
 0.00000000000 0.00000000000 0.00000000000 0.00000000000 0.00000000000 0.00000000000 0.00000000000 0.00000000000 0.00000000000 0.00000000000 0.00000000000 0.00000000000 0.00000000000 0.00000000000 0.00000000000 0.00000000000 0.00000000000 0.00000000000 0.00000000000 0.00000000000
# log_q_ind[1]:
-0.0711804731518
# log_q_ind[2]:
-2.99197362212
# log_q_ind[3]:
-9.54294510212
# log_q_ind[4]:
-0.799771800299
# log_q_ind[5]:
-4.04766595410
# log_q_ind[6]:
-6.38070901412
# log_q_ind[7]:
-8.23876034332
# log_q_ind[8]:
-1.02759151351
# log_q_power_ind[1]:
0.00000000000
# log_q_power_ind[2]:
0.00000000000
# log_q_power_ind[3]:
0.00000000000
# log_q_power_ind[4]:
0.00000000000
# log_q_power_ind[5]:
0.00000000000
# log_q_power_ind[6]:
0.00000000000
# log_q_power_ind[7]:
0.00000000000
# log_q_power_ind[8]:
0.00000000000
# log_rw_q_ind[1]:
 -1.22127124986
# log_rw_q_ind[3]:
 -0.310810376049
# log_selcoffs_ind[1]:
 -3.21688433194 -2.09819156840 -1.02814263140 -0.196564678173 0.266937499326 0.458612231289 0.455967708151 0.383364159660 0.322291269786 0.296385784002
 -3.18096909303 -2.24219803920 -1.32823751653 -0.493477946345 0.153265253985 0.500194269324 0.566475779402 0.471457937471 0.361600721066 0.309035320625
# log_selcoffs_ind[2]:
 -0.681889927747 -0.170023387142 0.147172586231 0.251299370498 0.132503032691 -0.00545385093385 -0.0515557358063 -0.00543610205817 0.0525283945296 0.0694704158340
 -0.224630863418 -0.0188811182799 0.0973375848973 0.195579059707 0.199539511999 0.106382603665 -0.0209289009695 -0.117333854513 -0.160126640106 -0.164939387845
 0.141951757441 0.0709120494851 0.107047239214 0.199945651514 0.202667553678 0.0843337190279 -0.0901145755788 -0.243025374945 -0.327362083948 -0.345154480069
# log_selcoffs_ind[3]:
 -0.202940821038 0.0202027052767 0.0202027052767 0.0202027052767 0.0202027052767 0.0202027052767 0.0202027052767 0.0202027052767 0.0202027052767 0.0202027052767
# log_selcoffs_ind[4]:
 -2.40320422885 -1.41048235156 -0.565450593110 -0.0530099132595 0.124477990737 0.206039561373 0.276475532328 0.346897532926 0.404819205639 0.441819648882
 -3.02221388494 -2.16719964616 -1.33280197143 -0.622842118115 -0.110338438003 0.238795079390 0.461942458588 0.573488004490 0.577310138465 0.547291253238
# log_selcoffs_ind[5]:
 -3.04452005677 -0.669616569639 0.101782682789 0.174353368097 0.174353368097 0.174353368097 0.174353368097 0.174353368097 0.174353368097 0.174353368097
# log_selcoffs_ind[6]:
 -3.04452005677 -0.669616569639 0.101782682789 0.174353368097 0.174353368097 0.174353368097 0.174353368097 0.174353368097 0.174353368097 0.174353368097
# log_selcoffs_ind[7]:
 -3.04452005677 -0.669616569639 0.101782682789 0.174353368097 0.174353368097 0.174353368097 0.174353368097 0.174353368097 0.174353368097 0.174353368097
# log_selcoffs_ind[8]:
 -3.04452005677 -0.669616569639 0.101782682789 0.174353368097 0.174353368097 0.174353368097 0.174353368097 0.174353368097 0.174353368097 0.174353368097
# logsel_slope_ind[1]:
 0.00000000000 0.00000000000
# logsel_slope_ind[2]:
 0.00000000000 0.00000000000 0.00000000000
# logsel_slope_ind[3]:
 0.00000000000
# logsel_slope_ind[4]:
 0.00000000000 0.00000000000
# logsel_slope_ind[5]:
 0.00000000000
# logsel_slope_ind[6]:
 0.00000000000
# logsel_slope_ind[7]:
 0.00000000000
# logsel_slope_ind[8]:
 0.00000000000
# sel50_ind[1]:
 0.00000000000 0.00000000000
# sel50_ind[2]:
 0.00000000000 0.00000000000 0.00000000000
# sel50_ind[3]:
 0.00000000000
# sel50_ind[4]:
 0.00000000000 0.00000000000
# sel50_ind[5]:
 0.00000000000
# sel50_ind[6]:
 0.00000000000
# sel50_ind[7]:
 0.00000000000
# sel50_ind[8]:
 0.00000000000
# logsel_p1_ind[1]:
 0.00000000000 0.00000000000
# logsel_p1_ind[2]:
 0.00000000000 0.00000000000 0.00000000000
# logsel_p1_ind[3]:
 0.00000000000
# logsel_p1_ind[4]:
 0.00000000000 0.00000000000
# logsel_p1_ind[5]:
 0.00000000000
# logsel_p1_ind[6]:
 0.00000000000
# logsel_p1_ind[7]:
 0.00000000000
# logsel_p1_ind[8]:
 0.00000000000
# sel_p2_ind[1]:
 0.00000000000 0.00000000000
# sel_p2_ind[2]:
 0.00000000000 0.00000000000 0.00000000000
# sel_p2_ind[3]:
 0.00000000000
# sel_p2_ind[4]:
 0.00000000000 0.00000000000
# sel_p2_ind[5]:
 0.00000000000
# sel_p2_ind[6]:
 0.00000000000
# sel_p2_ind[7]:
 0.00000000000
# sel_p2_ind[8]:
 0.00000000000
# logsel_p3_ind[1]:
 0.00000000000 0.00000000000
# logsel_p3_ind[2]:
 0.00000000000 0.00000000000 0.00000000000
# logsel_p3_ind[3]:
 0.00000000000
# logsel_p3_ind[4]:
 0.00000000000 0.00000000000
# logsel_p3_ind[5]:
 0.00000000000
# logsel_p3_ind[6]:
 0.00000000000
# logsel_p3_ind[7]:
 0.00000000000
# logsel_p3_ind[8]:
 0.00000000000
