# Number of parameters = 1648 Objective function value = 1077.67724548197  Maximum gradient component = 0.000188208269058162
# Mest[1]:
0.280000000000
# Mest[2]:
0.330000000000
# log_Linf[1]:
4.29810139974
# log_Linf[2]:
4.29810139974
# log_k[1]:
-1.83258146375
# log_k[2]:
-1.83258146375
# log_Lo[1]:
2.60712428251
# log_Lo[2]:
2.60712428251
# log_sdage[1]:
-2.40794560865
# log_sdage[2]:
-2.40794560865
# mean_log_rec[1]:
9.51604253950
# mean_log_rec[2]:
7.37646127773
# mean_log_rec[3]:
6.85103868687
# steepness[1]:
0.650000000000
# steepness[2]:
0.650000000000
# steepness[3]:
0.650000000000
# log_Rzero[1]:
9.89266112584
# log_Rzero[2]:
7.61343403737
# log_Rzero[3]:
6.38199420624
# rec_dev:
 -0.0309351159483 -0.0404928032468 -0.0527706354999 -0.0684766285186 -0.0884713569807 -0.113726544323 -0.144785612702 -0.181615085363 -0.225741971697 -0.278493707336 -0.337941269623 -0.392329057633 -0.454500743839 -0.528045932102 -0.647559069911 -0.670401097384 -0.443844482769 -0.302651381805 -0.0984380071644 0.0805952714503 0.0815594005032 0.0755490150102 0.154266843011 0.240125989215 0.761154985573 0.571824527998 0.599086129682 1.41372446419 1.28900087367 0.471432262742 -0.0885694351666 0.193735002598 0.410856781558 0.503434110988 0.0109011887894 0.0435321834747 -0.176926112566 -0.00990012952432 0.0879839918250 0.114035615274 0.201421246778 0.308102751519 0.319319563115 0.229968924459 -0.194480379495 -0.683415955346 -0.537486254965 -0.953070639098 -1.67968883205 -0.757512297003 -0.833043677159 -0.948821877986 -0.906500976598 -0.868787209552 -0.676317700502 -0.135355796769 -0.0402669094991 0.293340559478 0.595049848677 0.931732388895 0.692198458831 0.381718475862 0.823485364387 0.383672393437 -0.149906622695 0.255769717715 0.476258580472
 -0.0143048255745 -0.0193888900474 -0.0259645591246 -0.0343240529877 -0.0447714692930 -0.0574941485004 -0.0727911490551 -0.0912688249190 -0.112162492373 -0.134472688067 -0.160638780529 -0.0148325015142 -0.0410419475540 -0.0766592182420 -0.105697613837 -0.0971079199784 -0.0860624888871 -0.0683762655015 0.406199569076 0.198788959745 -0.0255628460208 -0.408225475384 -0.0260370559569 0.0827451143619 -0.511927759292 -1.20746478688 -0.274451784687 0.239330625629 0.612125155316 0.183423737431 -0.256115679662 -0.835494351627 -0.168143756387 0.0833088310712 -0.111688456923 0.209134957578 1.04234797926 0.408622915345 0.548661125378 0.203346084582 1.75600053091 0.655912622495 0.403269918057 -0.0660590705158 -1.27625711934 0.729344317875 0.403876408316 0.0683090067179 -1.98333660351 -1.63810624055 0.936676168327 0.0543012048936 -1.11481393283 -1.30890939017 -1.75418307717 -1.28350507932 -1.23794098533 0.440996321058 1.66267695375 1.07022514451 0.284758376769 0.157110143755 -0.432582904653 -0.930613060817 -0.453807050267 -0.0594633522800 -0.00101996885322
# log_sigmar[1]:
-0.510825623766
# log_sigmar[2]:
-0.510825623766
# log_sigmar[3]:
-0.510825623766
# fmort:
 -5.06251609408 -4.66110020483 -5.40410395454 -5.09312010972 -4.34318983013 -4.03428869176 -3.72835359989 -3.78034354046 -3.16552177583 -3.31877369227 -3.60497739268 -3.19995523441 -2.47164478026 -3.40350797909 -2.56662750972 -3.11632306949 -5.48349641999 -4.15000242792 -4.44757753440 -4.46959283817 -4.45388820232 -4.07648627559 -3.97416110895 -3.77181113430 -4.20628858563 -3.91311595491 -3.43673296868 -4.48698863453 -5.68661788591 -5.03476926009 -4.57032299992 -3.92482447051 -4.79337419269 -4.35115896967 -4.20352878902 -3.68072407691 -3.56607075203 -3.13800189669 -2.66653473866 -2.98194455254 -2.54937974284 -4.33851010688 -5.44818135852 -5.02913849099 -5.08109779631 -4.86896508097 -5.28640966189 -4.95456142290 -6.19477313044 -6.57488661503 -5.47657746996 -5.49768759633 -5.63574321097 -5.78187565052 -5.44564707297 -5.55800340127
 -7.44310838114 -7.01064852340 -6.54489122906 -5.95347191202 -6.17152526968 -5.46595171142 -4.96049506223 -4.66475672214 -4.23092971716 -4.02344586998 -3.87940909353 -3.11192658639 -2.86193381047 -3.12092794517 -2.83862481223 -2.53359338567 -2.43145580787 -2.20685151930 -2.19145109450 -2.09150989857 -2.01813613236 -1.58500972216 -1.15697529133 -1.08436427928 -0.700491972644 -0.240854508449 -0.101507760586 -0.0364616172624 -0.619593305822 -1.12407906790 -1.43112198829 -1.25460638391 -1.24170848489 -1.37593280465 -1.35577745417 -1.28835879502 -1.10436794568 -0.789814124993 -0.784894288165 -0.258963046437 -0.623829456590 -1.12921277781 -1.57805520624 -1.99417016842 -2.35846608269 -2.42930985460 -2.48320859401 -2.58536699584 -2.71968049004 -2.95177556293 -3.14944466591 -3.35745214993 -3.66122218156 -3.70699368106 -3.37537469280 -3.22710989995
 -6.55901883313 -5.86590412455 -5.00557772693 -4.22499165726 -3.04551821794 -4.20162519376 -3.87347594308 -1.24534032283 -1.08220184591 -1.17956938864 -0.932953693647 -0.299923260407 -1.15967332128 -1.70781146373 -1.69101906314 -2.40588835988 -3.07501739674 -2.99926359631 -1.65609542616 -1.72294543232 -1.61464734593 -1.87431278025 -2.34379580477 -2.05339436542 -1.73575190739 -0.305483876492 0.340322764174 0.682188862181 1.32869324528 -0.0876887771602 -0.255714267289 0.623632026448 -0.877799576446 -0.887136389090 -0.804759177422 -1.37519242571 -0.389036208977 -0.326582273795 -0.344328198185 0.118497669655 -1.36725026194 -0.109793887558 -0.440037002555 -0.701458578781 0.411985752281 -0.00447665143475 -1.28390599511 -2.95504412189 -2.37702395511 -2.70642342658 -3.36300493139 -3.50279191891 -2.87555271533 -2.01510689512 -1.75014221208 -8.09143225061
 -9.99110400494 -9.93912489703 -8.18247429721 -9.83584553599 -9.78007721138 -9.71823608149 -9.61043143988 -8.75863333732 -5.56461324111 -3.49101504378 -3.48608941235 -3.15306592468 -2.51710294693 -2.20061232737 -1.93054761609 -2.14627063221 -2.19413640218 -2.32942753898 -2.48756395955 -2.62033117384 -2.75064091323 -3.26447551140 -5.81290274562 -9.29069488364 -9.08144350367 -8.74777268017 -8.37224603725 -8.06084926737 -7.95773065918 -8.05453292394 -7.48176871891 -5.55156064941 -4.39274297013 -3.78132988636 -3.13208966853 -3.23860891534 -2.69207660905 -2.19544377118 -1.93233373537 -1.63853190986 -1.82360287144 -3.19836040535 -3.80656914407 -3.99966748714 -3.83604189992 -3.87769721765 -4.69538479000 -4.95348563402 -5.17143015280 -5.55997391535 -8.17423586370 -5.78840830270 -5.60325356148 -5.32147431594 -6.44257496619 -7.54345219914
# log_selcoffs_fsh[1]:
 -3.27976106135 -1.64477573113 -0.682522346651 0.204219637403 0.921707758664 0.911404148012 0.173665492177 -0.631371279787 -1.15681457928
 -2.89055164569 -1.24307824614 -0.554949147995 0.158692065245 0.821508694580 0.857957978311 0.247467219136 -0.481920429640 -0.969587231331
 -2.59737907422 -1.16679542959 -0.370960778198 0.358897122901 0.788938686110 0.691678825556 0.183854343519 -0.417150973744 -0.835953434939
 -2.22554542197 -0.975096353213 -0.382312191884 0.187692826324 0.818369658907 0.707138972933 0.166068674352 -0.390843011436 -0.746613992666
 -1.61935480740 -0.121458243243 0.134972470533 0.309561462906 0.461284317336 0.404545134040 0.0717762262087 -0.334773781127 -0.626671142590
 -1.54840694768 -0.369441447382 0.545905468196 0.703114523445 0.288900810449 0.0416740002893 -0.195350280361 -0.459027086185 -0.657529283719
 -1.31249613185 -0.266602431796 0.599588918655 0.770453321057 0.282444314664 -0.110515266609 -0.369185499363 -0.562750554879 -0.692983757483
 -0.959344823501 -0.123043663755 0.630657557166 0.806514324320 0.194360580921 -0.230231656008 -0.498774432364 -0.656325341829 -0.736499294444
 -0.715836528550 0.286296503440 0.518666536992 0.618650391488 0.289278872256 -0.233780798886 -0.565640416818 -0.719683687001 -0.773011791019
 -0.503822610066 0.414524452578 0.601348811675 0.591704520533 0.139997203261 -0.356443231623 -0.671860068873 -0.795396655558 -0.825773939526
 -0.00608516913584 0.939601835238 0.473951536711 0.177922090272 -0.227885565025 -0.571086137951 -0.789324446023 -0.873078735625 -0.884063321318
 0.199690980012 0.880022155995 0.632738241125 0.138203431272 -0.423542325013 -0.726076274045 -0.882032225675 -0.937208823775 -0.934287230067
 -0.0290822047038 1.14891726458 0.654276307830 -0.0881162745441 -0.646020584362 -0.895064191930 -0.991218749941 -1.01332823301 -1.00064489292
 0.216156868962 1.18181357096 0.586336835831 -0.190372827812 -0.774647582629 -0.998904194219 -1.06351332726 -1.06180625202 -1.03801223995
 0.243324111135 1.22738800964 0.561994359547 -0.251875683228 -0.836022851603 -1.06150045056 -1.11852615966 -1.10334319128 -1.07056193897
 -0.154627327488 1.30701651419 0.661397874558 -0.220965623378 -0.870408047785 -1.11012993680 -1.16813492057 -1.14495868947 -1.10440094686
 -0.0570558903942 1.34287503616 0.588253808476 -0.269042009537 -0.902842423496 -1.14354451945 -1.20011976490 -1.17118861945 -1.12329061422
 0.476974493650 1.14014566179 0.627222329712 -0.285679527116 -0.929790212742 -1.16418533509 -1.21533601649 -1.17696592876 -1.12072970735
 0.777684163019 1.12165053874 0.396794018216 -0.387446700453 -0.978639640993 -1.20403264414 -1.24769223617 -1.19693022884 -1.13094434726
 0.503733799958 1.21909778332 0.547912057297 -0.375115330222 -1.02275050720 -1.25033013852 -1.28075245340 -1.21091470396 -1.13207838842
 0.577097410839 1.29676480553 0.384183291680 -0.499800785320 -1.09938332829 -1.30591099459 -1.31905397356 -1.22717602927 -1.13283828912
 0.568691449696 1.28096898811 0.487087227689 -0.566227021736 -1.18542226146 -1.36439355527 -1.34932774834 -1.23207214073 -1.11953303077
 0.734981197999 1.23403271774 0.391340113428 -0.574061377454 -1.20337939889 -1.38761004296 -1.35986822730 -1.22134098398 -1.09085310617
 0.410072198323 1.38659055797 0.381045323331 -0.583558985475 -1.18533319453 -1.37248343867 -1.34653092400 -1.19745165500 -1.05285425298
 0.528826965324 1.29082319067 0.390342460653 -0.500078446775 -1.09601748813 -1.30173537357 -1.28546745304 -1.12989425722 -0.974280227644
 0.566840640844 1.14260778231 0.471304859038 -0.305764481012 -0.979775544021 -1.20704761892 -1.18243728575 -1.02075416216 -0.861788002551
 0.147295326002 1.16975058826 0.561641597846 -0.158132610564 -0.849534586914 -1.07714140987 -1.04704478681 -0.883423613181 -0.733325241504
 0.158411963321 1.15001488274 0.470716045897 -0.252991792779 -0.776239868186 -0.945200204074 -0.891586468773 -0.732159183746 -0.592600465492
 0.950782978660 0.710500525545 0.117187146421 -0.427721745729 -0.753122062113 -0.821292331252 -0.730255040364 -0.569117648819 -0.442598525776
 0.559754653213 0.951962300517 0.103277875983 -0.522458680021 -0.733399948455 -0.703332924141 -0.567362122009 -0.405045293715 -0.290437457410
 0.336630277322 0.950964736004 -0.0197339429506 -0.537700321654 -0.640364673037 -0.558430886137 -0.392008147521 -0.231576461297 -0.129155796481
 0.257263510826 0.623072991727 -0.0441658705014 -0.422541691508 -0.461312257539 -0.347413728852 -0.172993136936 -0.0200061185982 0.0690463558894
 -0.582902856605 0.335398948856 0.0341314079396 -0.191035150957 -0.173544344364 -0.109373576348 0.0410036782919 0.150253019319 0.216193576282
 -0.982333874594 -0.307661585415 -0.290105487227 -0.0907804184740 0.101777133917 0.119012713656 0.285301967784 0.278091187167 0.296175189635
 -0.485090199886 -0.0199833972037 -0.513425640030 -0.492199353640 -0.186001815311 0.0632325941456 0.269885814480 0.374664294327 0.428241276223
 0.172770430073 -0.784742005026 -0.929622024824 -0.636094127433 -0.244103144780 0.0818096304343 0.317982940300 0.440693421553 0.491225296142
 -0.945441026379 -1.06249626796 -0.965086416082 -0.480657800443 -0.0335500109370 0.223235461647 0.459884439928 0.546917194290 0.552529407353
 -1.62321130370 -1.16039249831 -0.917164195662 -0.421875490271 0.0289034176086 0.324301843680 0.462625055192 0.538865669429 0.541869051878
 -1.78228771583 -1.70634348215 -1.38680113352 -0.726093896974 0.0150918017370 0.471369769956 0.639736365305 0.588075283388 0.471662452646
 -2.14154089922 -2.02158290697 -1.57390356891 -0.803444228658 -0.0168747671707 0.558007173415 0.724090299691 0.582106384414 0.413400110854
 -2.15296046539 -1.99778790399 -1.48829660128 -0.760381197669 -0.0566892547862 0.446492387386 0.689724598792 0.653927094314 0.489209856467
 -2.41639211896 -1.93848626803 -1.28519787952 -0.656615232178 -0.0339377947023 0.408245172572 0.626025494545 0.661064433501 0.526981924879
 -2.44969079305 -1.89572060248 -1.25355078023 -0.617562862054 -0.0214479427641 0.400968181426 0.607858400343 0.635636006250 0.555008775678
# log_selcoffs_fsh[2]:
 -1.89803353749 0.0212184668063 0.732306985652 0.947588114782 0.580831087680 -0.0787258585335 -0.613524406486 -0.991568710914 -1.22940560545 -1.37586470538
 -1.85269996818 0.0263743854814 0.0377478094050 0.547549260153 0.857767064384 0.527215092885 -0.155504552008 -0.731192205620 -1.04459348092 -1.17852736340
 -2.31099917795 -0.552458439311 -0.0892525229786 0.434824722479 0.870927591339 0.712302385952 0.0646223933787 -0.540393495181 -0.869063110713 -0.995407361353
 -2.61876494494 -1.08438817699 -0.246701207282 0.260963004567 0.822153018305 0.843161182499 0.210002865298 -0.350542337128 -0.661442391020 -0.784700636743
 -2.13844404315 -0.641193113897 -0.602585816564 -0.154613668289 0.565532934057 0.855287029350 0.428521753847 -0.0355321990429 -0.333872758807 -0.473691227341
 -1.65026021611 -0.527056932198 -0.352106466189 -0.299569447735 0.159344066702 0.524671302479 0.519544821032 0.284344794674 0.0283030884209 -0.137181065049
 -2.32954496840 -1.01878213395 -0.159986353111 -0.0540087692372 0.0182203336533 0.272612008876 0.454156046483 0.422886081996 0.228137875941 0.0514587971785
 -2.94494330018 -1.89600873487 -1.07412680393 -0.371813481150 0.160179299228 0.478643830252 0.630878284041 0.503185236912 0.295898758729 0.0961900231145
 -3.28644777921 -2.24465255515 -1.60057904563 -0.919590749628 -0.152580690711 0.352028359162 0.685164815758 0.750062071240 0.512638121455 0.186337264388
 -3.43859578791 -2.22066274481 -1.51965025309 -1.04219578745 -0.609418133477 -0.0260411044561 0.494030985640 0.919687111132 0.806537959757 0.323798762935
 -3.37504925223 -1.86753460536 -1.14383742756 -0.723766940413 -0.392708602852 -0.153176198485 0.301862452589 0.796655347180 0.831893248558 0.474001566647
 -3.38400053327 -1.89568813739 -1.08686479555 -0.670220415260 -0.329753738735 -0.0201032193468 0.466185476825 0.730609807805 0.680627645833 0.483931864161
 -3.13170049535 -1.34069444956 -0.758123113714 -0.429710379888 -0.189701746465 -0.0987643484794 0.283254975781 0.558854419022 0.647148695175 0.618471823946
 -2.79221208668 -1.03127570957 -0.491540335096 -0.326951215643 -0.255983850699 -0.125012366491 0.161968923594 0.444537755398 0.624314890029 0.688215302433
 -2.43879145396 -0.486628854742 -0.239231011610 -0.369089162826 -0.464408609024 -0.321084285933 0.0379068556983 0.371367260109 0.626635876154 0.744751712205
 -2.05346099609 -0.0971915254103 -0.222892504213 -0.404990629123 -0.550632030183 -0.404591700999 -0.0564830256655 0.292208523073 0.591306467130 0.771263932072
 -1.56430092493 -0.0434447632334 -0.143250632163 -0.345176890124 -0.547790853977 -0.495824036196 -0.175479352317 0.208071470232 0.564533227422 0.807533843730
 -1.86318729814 -0.0902825668093 0.0344238848155 -0.209632297052 -0.489804041108 -0.481145048845 -0.209083305224 0.170056266603 0.519963981603 0.777376226298
 -2.14875378306 -0.353459555533 0.0108297898997 -0.144960495334 -0.404585377105 -0.395475807765 -0.132101468855 0.213702230217 0.537669404848 0.759889447213
 -2.23182936495 -0.611289734891 -0.239747133370 -0.114090786065 -0.279270353246 -0.296888674382 -0.0565039128477 0.278281071068 0.569137494732 0.760286508566
 -2.30486545868 -0.674537109957 -0.180077397210 -0.00105276334295 -0.188553958254 -0.287449534484 -0.0942381981243 0.236920998034 0.538217126953 0.736204303445
 -2.51646238733 -0.810067375692 -0.202993152667 0.0796913759575 -0.0675488561229 -0.178836249569 -0.0443825564929 0.199545685698 0.477223538536 0.700736350028
 -2.83574049919 -1.33138182221 -0.380500473249 0.171480640950 0.147283833609 -0.0212376556176 0.0422801460277 0.208912248775 0.417038883304 0.629130271357
 -3.09198575891 -1.74138351638 -0.812097196980 -0.149230413441 0.201290518107 0.141669478617 0.238275754353 0.364952436845 0.473919930432 0.578328170853
 -3.32915731824 -1.71698336325 -0.919282251522 -0.529873831656 -0.0861991783565 0.190356016910 0.348565115418 0.515522671539 0.563650291068 0.599590359440
 -3.62370751812 -2.24755574894 -1.29886323730 -0.425824497594 -0.00952497133006 0.166745047006 0.334142394854 0.530885613946 0.609750852108 0.605659768878
 -3.91242018190 -2.22667460001 -1.42011131056 -0.408394420292 -0.00292798338287 0.170324069745 0.346063470736 0.579307116821 0.606921362524 0.559549772175
 -4.15819058367 -2.00614612896 -1.38010289013 -0.567217199389 -0.149673785858 0.00854003403153 0.570286893504 0.677047333949 0.579647185530 0.494328982460
 -4.25309200222 -2.57038218457 -1.50763858741 -0.360155210877 0.0846232473261 0.268564349191 0.651883953966 0.517020886409 0.428449617833 0.380371376600
 -4.24514429568 -2.43966345728 -1.07763135093 -0.237440931857 0.375827866912 0.394200539696 0.381183683688 0.337568172084 0.370141973157 0.416435137130
 -3.92917062026 -1.80225010554 -0.590212754094 0.0289548276234 0.140292426654 0.0983287243800 0.230054143855 0.324658593386 0.452624504910 0.567147099399
 -3.70694734845 -1.71267983914 -0.663714109978 -0.132875135509 0.187962347088 0.230997004524 0.170751692800 0.302232707435 0.463297003250 0.593070042579
 -3.11359583507 -1.03909582695 -0.781221684096 -0.460801814885 -0.0773655373521 0.109589905559 0.179202110514 0.354437207061 0.578253695896 0.726207575093
 -3.57760092909 -1.46653756988 -0.758477493410 -0.253728727788 0.0148935668198 0.130510098230 0.207090945835 0.376212518050 0.539697801347 0.662842212797
 -3.75737432881 -1.78286937931 -1.05929535577 -0.553609448197 0.0187355045268 0.253869738014 0.354690067481 0.471887962908 0.567085292733 0.580614254092
 -4.01493328014 -2.01924159687 -0.984054989716 -0.432740942100 0.00430887992381 0.266615937186 0.433219655732 0.513181033723 0.512960868276 0.490896748169
 -4.22482544262 -2.49391015806 -1.33315512071 -0.519334845417 0.145510188391 0.361618618776 0.573948267806 0.592144533324 0.420367722639 0.297359711820
 -4.28374525813 -2.59156020351 -1.69606547009 -0.850391350076 -0.0155321233552 0.489435553274 0.673461687000 0.697766692356 0.421182166956 0.174487059892
 -4.35442845122 -2.70729752914 -1.43451900361 -0.775900593416 -0.0116257601785 0.454856349400 0.691074176543 0.671811536180 0.429386653291 0.154926211840
 -4.36392300080 -2.88609160388 -1.49979419231 -0.530922672979 -0.000767572900143 0.472835608557 0.700930829416 0.668047687754 0.365840734230 0.103178961456
 -4.30719497342 -2.70902416095 -1.28846941018 -0.180683809990 0.302789037328 0.453416867850 0.583894008236 0.519031505929 0.293152968206 0.0659489577173
 -4.25770439206 -2.48705775124 -1.01616391764 -0.110561078320 0.564077403502 0.561011899684 0.434884175249 0.324790034030 0.165561599893 0.0261825338857
 -4.21531407049 -2.49942715544 -0.991522226145 0.0246117944100 0.524933469363 0.599230886552 0.441534056389 0.259002906737 0.116420424469 0.0216739732620
# log_selcoffs_fsh[3]:
 -5.12230372917 -2.32153028788 0.0896873843018 1.21214270770 0.463988138792 -0.582823201734 -1.22867464707
 -5.47275364364 -1.82854652809 0.192178920052 0.978714786605 0.683642097922 -0.403505184073 -1.16098481076
# log_selcoffs_fsh[4]:
 -2.15181335330 -1.74470647841 -1.31982406973 -0.864478821513 -0.387149437048 0.0786544354570 0.478974627387 0.766067238272 0.913907871695
 -2.14508557940 -1.74262991613 -1.32135945124 -0.867694025721 -0.390010682509 0.0769483428360 0.479184407526 0.767175893906 0.914578502838
 -2.13154186402 -1.73905647992 -1.32649418092 -0.874496347855 -0.394284023245 0.0763457228887 0.481498403672 0.768591253736 0.914072148128
 -2.10965388537 -1.72803868747 -1.33177424307 -0.892927211712 -0.405649396211 0.0770605238584 0.486579813458 0.771853934805 0.912465603569
 -2.07425402768 -1.70461121336 -1.32529547919 -0.904159675613 -0.430650171195 0.0654239155068 0.491806314342 0.778325858147 0.912729200876
 -2.02670816867 -1.65719219573 -1.30666830072 -0.914740926792 -0.442449336476 0.0544975087215 0.490263208618 0.781649634050 0.912253201558
 -1.97053845156 -1.60736014425 -1.24173498678 -0.886855404346 -0.452403483966 0.0442658797987 0.484271069239 0.777511951202 0.907843102443
 -1.90123150765 -1.55379780779 -1.19315245957 -0.814019001898 -0.416177882034 0.0397064124224 0.467115825203 0.762578504983 0.897549475837
 -1.79924178064 -1.46940416674 -1.13957509476 -0.776579613957 -0.369651354087 0.0541216556897 0.453145909419 0.739452830881 0.879606292681
 -1.67309351133 -1.34349959612 -1.01503967209 -0.713217847245 -0.360101162859 0.0463835795321 0.427231129174 0.716002885880 0.864839139426
 -1.54704367700 -1.20970892148 -0.874909364206 -0.566459175124 -0.310604301482 0.00807523962611 0.375941388412 0.678941474536 0.848074126812
 -1.43047466935 -1.10199324712 -0.765641465581 -0.443995316740 -0.182524379768 0.0218066018983 0.309140299505 0.616980443676 0.811510046759
 -1.32508699967 -1.00715874216 -0.695666017974 -0.388714884081 -0.117197306327 0.0957235678143 0.301368650942 0.554028622417 0.746912276252
 -1.22081579902 -0.913243495315 -0.615425121881 -0.338441064078 -0.0968380324763 0.110426172455 0.313611435298 0.524351408107 0.677180518461
 -1.11673765485 -0.817770554365 -0.534686314700 -0.283248121110 -0.0683848222005 0.120992460812 0.306536428472 0.486647530818 0.611921973602
 -1.01481132929 -0.721446966753 -0.451426597984 -0.226145506394 -0.0391311384638 0.125011160784 0.287466023576 0.442922201917 0.549321521238
 -0.912500919481 -0.621593689511 -0.362375164105 -0.167093731189 -0.0154427573125 0.117587987406 0.257364745355 0.395583528389 0.489210519282
 -0.825685906403 -0.521496954259 -0.277904386896 -0.111360685461 0.0107023625120 0.107408628678 0.218580652562 0.339614651469 0.434107292831
 -0.763214198588 -0.439817293055 -0.176798287427 -0.0931520496707 -0.00223365318371 0.100701970105 0.189332686182 0.302623834932 0.388734288925
 -0.780202744520 -0.412088107600 -0.108418185835 0.00697413748936 -0.0163920256767 0.0528068238336 0.168793649378 0.274876839189 0.362528586541
 -0.832494877514 -0.453253232185 -0.162834761293 0.0379211441235 0.0703232797018 0.0582172612696 0.149983901354 0.276412652061 0.356339025514
 -0.854589318710 -0.519554348539 -0.233205644067 -0.0447769575296 0.0949767498200 0.123143441622 0.201234507901 0.292736318786 0.363165831274
 -0.959485957132 -0.618382474360 -0.301188288735 -0.0703844843105 0.0859930008802 0.183073617627 0.256473886503 0.323854522667 0.365065521950
 -1.08601021681 -0.716908341635 -0.384068272860 -0.104142697133 0.102423858123 0.230532568287 0.308398173172 0.351135305974 0.366691371201
 -1.21712106637 -0.823756987741 -0.457742883285 -0.141862228688 0.112774298933 0.279418794464 0.355592602961 0.374155424535 0.366140890155
 -1.35185573841 -0.931082660724 -0.546825520536 -0.179218300900 0.126692224559 0.322992325332 0.402204004632 0.396071249432 0.361159381548
 -1.49070916256 -1.01515199804 -0.657182250442 -0.243835091797 0.147216398562 0.371160484717 0.447264413460 0.419261764157 0.348984126118
 -1.48724619986 -1.08887878171 -0.668277777102 -0.134103519455 0.234952070437 0.350000901698 0.400213772197 0.387966236798 0.336673218494
 -0.909098426531 -0.969296458277 -0.693269778031 -0.308412911643 0.0940727955749 0.342611290051 0.429606623979 0.410186317343 0.359211723639
 -1.18036456222 -0.861311862452 -0.681349820306 -0.316823328079 0.109311545487 0.395647971804 0.464206881580 0.397193618761 0.304967388311
 -0.975242070791 -0.549818150619 -0.501328365267 -0.323410641697 -0.0146525681614 0.273234946953 0.430697450129 0.412211119455 0.313565835003
 -0.799139955341 -0.0776347069927 -0.151144320255 -0.271280129892 -0.131036494941 0.103015427303 0.268663203003 0.315437592397 0.291241562654
 -0.975273576927 0.100676847994 0.500006707882 0.124849364962 -0.0675531152143 -0.136286179212 -0.103051268046 -0.0223794979095 0.0469415470775
 -0.963654963084 0.292288050808 0.394299212071 0.228061152725 0.00905401545650 -0.167405628922 -0.190216312224 -0.114188438268 -0.0349154020083
 -1.03050448727 -0.0590900597483 0.428183879676 0.562516807896 0.140277564332 -0.189153245739 -0.283382884896 -0.220927035174 -0.130405344995
 -1.06101955486 -0.123241510575 0.412404478595 0.554844328313 0.302261823420 -0.122131553554 -0.328511282787 -0.302413561459 -0.197527650896
 -0.942830126093 -0.0498507842300 0.402266464951 0.487286056256 0.259399019949 -0.0806841908733 -0.286483342519 -0.289203634946 -0.201372889681
# log_sel_spl_fsh[1]:
 0.00000000000 0.00000000000 0.00000000000 0.00000000000
 0.00000000000 0.00000000000 0.00000000000 0.00000000000
 0.00000000000 0.00000000000 0.00000000000 0.00000000000
 0.00000000000 0.00000000000 0.00000000000 0.00000000000
 0.00000000000 0.00000000000 0.00000000000 0.00000000000
 0.00000000000 0.00000000000 0.00000000000 0.00000000000
 0.00000000000 0.00000000000 0.00000000000 0.00000000000
 0.00000000000 0.00000000000 0.00000000000 0.00000000000
 0.00000000000 0.00000000000 0.00000000000 0.00000000000
 0.00000000000 0.00000000000 0.00000000000 0.00000000000
 0.00000000000 0.00000000000 0.00000000000 0.00000000000
 0.00000000000 0.00000000000 0.00000000000 0.00000000000
 0.00000000000 0.00000000000 0.00000000000 0.00000000000
 0.00000000000 0.00000000000 0.00000000000 0.00000000000
 0.00000000000 0.00000000000 0.00000000000 0.00000000000
 0.00000000000 0.00000000000 0.00000000000 0.00000000000
 0.00000000000 0.00000000000 0.00000000000 0.00000000000
 0.00000000000 0.00000000000 0.00000000000 0.00000000000
 0.00000000000 0.00000000000 0.00000000000 0.00000000000
 0.00000000000 0.00000000000 0.00000000000 0.00000000000
 0.00000000000 0.00000000000 0.00000000000 0.00000000000
 0.00000000000 0.00000000000 0.00000000000 0.00000000000
 0.00000000000 0.00000000000 0.00000000000 0.00000000000
 0.00000000000 0.00000000000 0.00000000000 0.00000000000
 0.00000000000 0.00000000000 0.00000000000 0.00000000000
 0.00000000000 0.00000000000 0.00000000000 0.00000000000
 0.00000000000 0.00000000000 0.00000000000 0.00000000000
 0.00000000000 0.00000000000 0.00000000000 0.00000000000
 0.00000000000 0.00000000000 0.00000000000 0.00000000000
 0.00000000000 0.00000000000 0.00000000000 0.00000000000
 0.00000000000 0.00000000000 0.00000000000 0.00000000000
 0.00000000000 0.00000000000 0.00000000000 0.00000000000
 0.00000000000 0.00000000000 0.00000000000 0.00000000000
 0.00000000000 0.00000000000 0.00000000000 0.00000000000
 0.00000000000 0.00000000000 0.00000000000 0.00000000000
 0.00000000000 0.00000000000 0.00000000000 0.00000000000
 0.00000000000 0.00000000000 0.00000000000 0.00000000000
 0.00000000000 0.00000000000 0.00000000000 0.00000000000
 0.00000000000 0.00000000000 0.00000000000 0.00000000000
 0.00000000000 0.00000000000 0.00000000000 0.00000000000
 0.00000000000 0.00000000000 0.00000000000 0.00000000000
 0.00000000000 0.00000000000 0.00000000000 0.00000000000
 0.00000000000 0.00000000000 0.00000000000 0.00000000000
# log_sel_spl_fsh[2]:
 0.00000000000 0.00000000000 0.00000000000 0.00000000000
 0.00000000000 0.00000000000 0.00000000000 0.00000000000
 0.00000000000 0.00000000000 0.00000000000 0.00000000000
 0.00000000000 0.00000000000 0.00000000000 0.00000000000
 0.00000000000 0.00000000000 0.00000000000 0.00000000000
 0.00000000000 0.00000000000 0.00000000000 0.00000000000
 0.00000000000 0.00000000000 0.00000000000 0.00000000000
 0.00000000000 0.00000000000 0.00000000000 0.00000000000
 0.00000000000 0.00000000000 0.00000000000 0.00000000000
 0.00000000000 0.00000000000 0.00000000000 0.00000000000
 0.00000000000 0.00000000000 0.00000000000 0.00000000000
 0.00000000000 0.00000000000 0.00000000000 0.00000000000
 0.00000000000 0.00000000000 0.00000000000 0.00000000000
 0.00000000000 0.00000000000 0.00000000000 0.00000000000
 0.00000000000 0.00000000000 0.00000000000 0.00000000000
 0.00000000000 0.00000000000 0.00000000000 0.00000000000
 0.00000000000 0.00000000000 0.00000000000 0.00000000000
 0.00000000000 0.00000000000 0.00000000000 0.00000000000
 0.00000000000 0.00000000000 0.00000000000 0.00000000000
 0.00000000000 0.00000000000 0.00000000000 0.00000000000
 0.00000000000 0.00000000000 0.00000000000 0.00000000000
 0.00000000000 0.00000000000 0.00000000000 0.00000000000
 0.00000000000 0.00000000000 0.00000000000 0.00000000000
 0.00000000000 0.00000000000 0.00000000000 0.00000000000
 0.00000000000 0.00000000000 0.00000000000 0.00000000000
 0.00000000000 0.00000000000 0.00000000000 0.00000000000
 0.00000000000 0.00000000000 0.00000000000 0.00000000000
 0.00000000000 0.00000000000 0.00000000000 0.00000000000
 0.00000000000 0.00000000000 0.00000000000 0.00000000000
 0.00000000000 0.00000000000 0.00000000000 0.00000000000
 0.00000000000 0.00000000000 0.00000000000 0.00000000000
 0.00000000000 0.00000000000 0.00000000000 0.00000000000
 0.00000000000 0.00000000000 0.00000000000 0.00000000000
 0.00000000000 0.00000000000 0.00000000000 0.00000000000
 0.00000000000 0.00000000000 0.00000000000 0.00000000000
 0.00000000000 0.00000000000 0.00000000000 0.00000000000
 0.00000000000 0.00000000000 0.00000000000 0.00000000000
 0.00000000000 0.00000000000 0.00000000000 0.00000000000
 0.00000000000 0.00000000000 0.00000000000 0.00000000000
 0.00000000000 0.00000000000 0.00000000000 0.00000000000
 0.00000000000 0.00000000000 0.00000000000 0.00000000000
 0.00000000000 0.00000000000 0.00000000000 0.00000000000
 0.00000000000 0.00000000000 0.00000000000 0.00000000000
# log_sel_spl_fsh[3]:
 0.00000000000 0.00000000000 0.00000000000 0.00000000000
 0.00000000000 0.00000000000 0.00000000000 0.00000000000
# log_sel_spl_fsh[4]:
 0.00000000000 0.00000000000 0.00000000000 0.00000000000
 0.00000000000 0.00000000000 0.00000000000 0.00000000000
 0.00000000000 0.00000000000 0.00000000000 0.00000000000
 0.00000000000 0.00000000000 0.00000000000 0.00000000000
 0.00000000000 0.00000000000 0.00000000000 0.00000000000
 0.00000000000 0.00000000000 0.00000000000 0.00000000000
 0.00000000000 0.00000000000 0.00000000000 0.00000000000
 0.00000000000 0.00000000000 0.00000000000 0.00000000000
 0.00000000000 0.00000000000 0.00000000000 0.00000000000
 0.00000000000 0.00000000000 0.00000000000 0.00000000000
 0.00000000000 0.00000000000 0.00000000000 0.00000000000
 0.00000000000 0.00000000000 0.00000000000 0.00000000000
 0.00000000000 0.00000000000 0.00000000000 0.00000000000
 0.00000000000 0.00000000000 0.00000000000 0.00000000000
 0.00000000000 0.00000000000 0.00000000000 0.00000000000
 0.00000000000 0.00000000000 0.00000000000 0.00000000000
 0.00000000000 0.00000000000 0.00000000000 0.00000000000
 0.00000000000 0.00000000000 0.00000000000 0.00000000000
 0.00000000000 0.00000000000 0.00000000000 0.00000000000
 0.00000000000 0.00000000000 0.00000000000 0.00000000000
 0.00000000000 0.00000000000 0.00000000000 0.00000000000
 0.00000000000 0.00000000000 0.00000000000 0.00000000000
 0.00000000000 0.00000000000 0.00000000000 0.00000000000
 0.00000000000 0.00000000000 0.00000000000 0.00000000000
 0.00000000000 0.00000000000 0.00000000000 0.00000000000
 0.00000000000 0.00000000000 0.00000000000 0.00000000000
 0.00000000000 0.00000000000 0.00000000000 0.00000000000
 0.00000000000 0.00000000000 0.00000000000 0.00000000000
 0.00000000000 0.00000000000 0.00000000000 0.00000000000
 0.00000000000 0.00000000000 0.00000000000 0.00000000000
 0.00000000000 0.00000000000 0.00000000000 0.00000000000
 0.00000000000 0.00000000000 0.00000000000 0.00000000000
 0.00000000000 0.00000000000 0.00000000000 0.00000000000
 0.00000000000 0.00000000000 0.00000000000 0.00000000000
 0.00000000000 0.00000000000 0.00000000000 0.00000000000
 0.00000000000 0.00000000000 0.00000000000 0.00000000000
 0.00000000000 0.00000000000 0.00000000000 0.00000000000
# logsel_slope_fsh[1]:
 0.00000000000 0.00000000000 0.00000000000 0.00000000000 0.00000000000 0.00000000000 0.00000000000 0.00000000000 0.00000000000 0.00000000000 0.00000000000 0.00000000000 0.00000000000 0.00000000000 0.00000000000 0.00000000000 0.00000000000 0.00000000000 0.00000000000 0.00000000000 0.00000000000 0.00000000000 0.00000000000 0.00000000000 0.00000000000 0.00000000000 0.00000000000 0.00000000000 0.00000000000 0.00000000000 0.00000000000 0.00000000000 0.00000000000 0.00000000000 0.00000000000 0.00000000000 0.00000000000 0.00000000000 0.00000000000 0.00000000000 0.00000000000 0.00000000000 0.00000000000
# logsel_slope_fsh[2]:
 0.00000000000 0.00000000000 0.00000000000 0.00000000000 0.00000000000 0.00000000000 0.00000000000 0.00000000000 0.00000000000 0.00000000000 0.00000000000 0.00000000000 0.00000000000 0.00000000000 0.00000000000 0.00000000000 0.00000000000 0.00000000000 0.00000000000 0.00000000000 0.00000000000 0.00000000000 0.00000000000 0.00000000000 0.00000000000 0.00000000000 0.00000000000 0.00000000000 0.00000000000 0.00000000000 0.00000000000 0.00000000000 0.00000000000 0.00000000000 0.00000000000 0.00000000000 0.00000000000 0.00000000000 0.00000000000 0.00000000000 0.00000000000 0.00000000000 0.00000000000
# logsel_slope_fsh[3]:
 0.00000000000 0.00000000000
# logsel_slope_fsh[4]:
 0.00000000000 0.00000000000 0.00000000000 0.00000000000 0.00000000000 0.00000000000 0.00000000000 0.00000000000 0.00000000000 0.00000000000 0.00000000000 0.00000000000 0.00000000000 0.00000000000 0.00000000000 0.00000000000 0.00000000000 0.00000000000 0.00000000000 0.00000000000 0.00000000000 0.00000000000 0.00000000000 0.00000000000 0.00000000000 0.00000000000 0.00000000000 0.00000000000 0.00000000000 0.00000000000 0.00000000000 0.00000000000 0.00000000000 0.00000000000 0.00000000000 0.00000000000 0.00000000000
# sel50_fsh[1]:
 0.00000000000 0.00000000000 0.00000000000 0.00000000000 0.00000000000 0.00000000000 0.00000000000 0.00000000000 0.00000000000 0.00000000000 0.00000000000 0.00000000000 0.00000000000 0.00000000000 0.00000000000 0.00000000000 0.00000000000 0.00000000000 0.00000000000 0.00000000000 0.00000000000 0.00000000000 0.00000000000 0.00000000000 0.00000000000 0.00000000000 0.00000000000 0.00000000000 0.00000000000 0.00000000000 0.00000000000 0.00000000000 0.00000000000 0.00000000000 0.00000000000 0.00000000000 0.00000000000 0.00000000000 0.00000000000 0.00000000000 0.00000000000 0.00000000000 0.00000000000
# sel50_fsh[2]:
 0.00000000000 0.00000000000 0.00000000000 0.00000000000 0.00000000000 0.00000000000 0.00000000000 0.00000000000 0.00000000000 0.00000000000 0.00000000000 0.00000000000 0.00000000000 0.00000000000 0.00000000000 0.00000000000 0.00000000000 0.00000000000 0.00000000000 0.00000000000 0.00000000000 0.00000000000 0.00000000000 0.00000000000 0.00000000000 0.00000000000 0.00000000000 0.00000000000 0.00000000000 0.00000000000 0.00000000000 0.00000000000 0.00000000000 0.00000000000 0.00000000000 0.00000000000 0.00000000000 0.00000000000 0.00000000000 0.00000000000 0.00000000000 0.00000000000 0.00000000000
# sel50_fsh[3]:
 0.00000000000 0.00000000000
# sel50_fsh[4]:
 0.00000000000 0.00000000000 0.00000000000 0.00000000000 0.00000000000 0.00000000000 0.00000000000 0.00000000000 0.00000000000 0.00000000000 0.00000000000 0.00000000000 0.00000000000 0.00000000000 0.00000000000 0.00000000000 0.00000000000 0.00000000000 0.00000000000 0.00000000000 0.00000000000 0.00000000000 0.00000000000 0.00000000000 0.00000000000 0.00000000000 0.00000000000 0.00000000000 0.00000000000 0.00000000000 0.00000000000 0.00000000000 0.00000000000 0.00000000000 0.00000000000 0.00000000000 0.00000000000
# logsel_p1_fsh[1]:
 0.00000000000 0.00000000000 0.00000000000 0.00000000000 0.00000000000 0.00000000000 0.00000000000 0.00000000000 0.00000000000 0.00000000000 0.00000000000 0.00000000000 0.00000000000 0.00000000000 0.00000000000 0.00000000000 0.00000000000 0.00000000000 0.00000000000 0.00000000000 0.00000000000 0.00000000000 0.00000000000 0.00000000000 0.00000000000 0.00000000000 0.00000000000 0.00000000000 0.00000000000 0.00000000000 0.00000000000 0.00000000000 0.00000000000 0.00000000000 0.00000000000 0.00000000000 0.00000000000 0.00000000000 0.00000000000 0.00000000000 0.00000000000 0.00000000000 0.00000000000
# logsel_p1_fsh[2]:
 0.00000000000 0.00000000000 0.00000000000 0.00000000000 0.00000000000 0.00000000000 0.00000000000 0.00000000000 0.00000000000 0.00000000000 0.00000000000 0.00000000000 0.00000000000 0.00000000000 0.00000000000 0.00000000000 0.00000000000 0.00000000000 0.00000000000 0.00000000000 0.00000000000 0.00000000000 0.00000000000 0.00000000000 0.00000000000 0.00000000000 0.00000000000 0.00000000000 0.00000000000 0.00000000000 0.00000000000 0.00000000000 0.00000000000 0.00000000000 0.00000000000 0.00000000000 0.00000000000 0.00000000000 0.00000000000 0.00000000000 0.00000000000 0.00000000000 0.00000000000
# logsel_p1_fsh[3]:
 0.00000000000 0.00000000000
# logsel_p1_fsh[4]:
 0.00000000000 0.00000000000 0.00000000000 0.00000000000 0.00000000000 0.00000000000 0.00000000000 0.00000000000 0.00000000000 0.00000000000 0.00000000000 0.00000000000 0.00000000000 0.00000000000 0.00000000000 0.00000000000 0.00000000000 0.00000000000 0.00000000000 0.00000000000 0.00000000000 0.00000000000 0.00000000000 0.00000000000 0.00000000000 0.00000000000 0.00000000000 0.00000000000 0.00000000000 0.00000000000 0.00000000000 0.00000000000 0.00000000000 0.00000000000 0.00000000000 0.00000000000 0.00000000000
# logsel_p2_fsh[1]:
 0.00000000000 0.00000000000 0.00000000000 0.00000000000 0.00000000000 0.00000000000 0.00000000000 0.00000000000 0.00000000000 0.00000000000 0.00000000000 0.00000000000 0.00000000000 0.00000000000 0.00000000000 0.00000000000 0.00000000000 0.00000000000 0.00000000000 0.00000000000 0.00000000000 0.00000000000 0.00000000000 0.00000000000 0.00000000000 0.00000000000 0.00000000000 0.00000000000 0.00000000000 0.00000000000 0.00000000000 0.00000000000 0.00000000000 0.00000000000 0.00000000000 0.00000000000 0.00000000000 0.00000000000 0.00000000000 0.00000000000 0.00000000000 0.00000000000 0.00000000000
# logsel_p2_fsh[2]:
 0.00000000000 0.00000000000 0.00000000000 0.00000000000 0.00000000000 0.00000000000 0.00000000000 0.00000000000 0.00000000000 0.00000000000 0.00000000000 0.00000000000 0.00000000000 0.00000000000 0.00000000000 0.00000000000 0.00000000000 0.00000000000 0.00000000000 0.00000000000 0.00000000000 0.00000000000 0.00000000000 0.00000000000 0.00000000000 0.00000000000 0.00000000000 0.00000000000 0.00000000000 0.00000000000 0.00000000000 0.00000000000 0.00000000000 0.00000000000 0.00000000000 0.00000000000 0.00000000000 0.00000000000 0.00000000000 0.00000000000 0.00000000000 0.00000000000 0.00000000000
# logsel_p2_fsh[3]:
 0.00000000000 0.00000000000
# logsel_p2_fsh[4]:
 0.00000000000 0.00000000000 0.00000000000 0.00000000000 0.00000000000 0.00000000000 0.00000000000 0.00000000000 0.00000000000 0.00000000000 0.00000000000 0.00000000000 0.00000000000 0.00000000000 0.00000000000 0.00000000000 0.00000000000 0.00000000000 0.00000000000 0.00000000000 0.00000000000 0.00000000000 0.00000000000 0.00000000000 0.00000000000 0.00000000000 0.00000000000 0.00000000000 0.00000000000 0.00000000000 0.00000000000 0.00000000000 0.00000000000 0.00000000000 0.00000000000 0.00000000000 0.00000000000
# logsel_p3_fsh[1]:
 0.00000000000 0.00000000000 0.00000000000 0.00000000000 0.00000000000 0.00000000000 0.00000000000 0.00000000000 0.00000000000 0.00000000000 0.00000000000 0.00000000000 0.00000000000 0.00000000000 0.00000000000 0.00000000000 0.00000000000 0.00000000000 0.00000000000 0.00000000000 0.00000000000 0.00000000000 0.00000000000 0.00000000000 0.00000000000 0.00000000000 0.00000000000 0.00000000000 0.00000000000 0.00000000000 0.00000000000 0.00000000000 0.00000000000 0.00000000000 0.00000000000 0.00000000000 0.00000000000 0.00000000000 0.00000000000 0.00000000000 0.00000000000 0.00000000000 0.00000000000
# logsel_p3_fsh[2]:
 0.00000000000 0.00000000000 0.00000000000 0.00000000000 0.00000000000 0.00000000000 0.00000000000 0.00000000000 0.00000000000 0.00000000000 0.00000000000 0.00000000000 0.00000000000 0.00000000000 0.00000000000 0.00000000000 0.00000000000 0.00000000000 0.00000000000 0.00000000000 0.00000000000 0.00000000000 0.00000000000 0.00000000000 0.00000000000 0.00000000000 0.00000000000 0.00000000000 0.00000000000 0.00000000000 0.00000000000 0.00000000000 0.00000000000 0.00000000000 0.00000000000 0.00000000000 0.00000000000 0.00000000000 0.00000000000 0.00000000000 0.00000000000 0.00000000000 0.00000000000
# logsel_p3_fsh[3]:
 0.00000000000 0.00000000000
# logsel_p3_fsh[4]:
 0.00000000000 0.00000000000 0.00000000000 0.00000000000 0.00000000000 0.00000000000 0.00000000000 0.00000000000 0.00000000000 0.00000000000 0.00000000000 0.00000000000 0.00000000000 0.00000000000 0.00000000000 0.00000000000 0.00000000000 0.00000000000 0.00000000000 0.00000000000 0.00000000000 0.00000000000 0.00000000000 0.00000000000 0.00000000000 0.00000000000 0.00000000000 0.00000000000 0.00000000000 0.00000000000 0.00000000000 0.00000000000 0.00000000000 0.00000000000 0.00000000000 0.00000000000 0.00000000000
# rec_dev_future:
 0.00000000000 0.00000000000 0.00000000000 0.00000000000 0.00000000000 0.00000000000 0.00000000000 0.00000000000 0.00000000000 0.00000000000 0.00000000000 0.00000000000 0.00000000000 0.00000000000 0.00000000000 0.00000000000 0.00000000000 0.00000000000 0.00000000000 0.00000000000
 0.00000000000 0.00000000000 0.00000000000 0.00000000000 0.00000000000 0.00000000000 0.00000000000 0.00000000000 0.00000000000 0.00000000000 0.00000000000 0.00000000000 0.00000000000 0.00000000000 0.00000000000 0.00000000000 0.00000000000 0.00000000000 0.00000000000 0.00000000000
# log_q_ind[1]:
0.561239632149
# log_q_ind[2]:
-2.60295003275
# log_q_ind[3]:
-9.81216801491
# log_q_ind[4]:
-0.100148142995
# log_q_ind[5]:
-2.53400020540
# log_q_ind[6]:
-4.62654880642
# log_q_ind[7]:
-1.89962719980
# log_q_power_ind[1]:
0.00000000000
# log_q_power_ind[2]:
0.00000000000
# log_q_power_ind[3]:
0.00000000000
# log_q_power_ind[4]:
0.00000000000
# log_q_power_ind[5]:
0.00000000000
# log_q_power_ind[6]:
0.00000000000
# log_q_power_ind[7]:
0.00000000000
# log_rw_q_ind[1]:
 -0.875304365186
# log_rw_q_ind[3]:
 -0.288137411194
# log_rw_q_ind[7]:
 -0.890777563689
# log_selcoffs_ind[1]:
 -2.33482064017 -1.53304795060 -0.938808305263 -0.512161475834 -0.207712116158 0.0457673862230 0.274548240009 0.476138355583 0.628859384667 0.711222383261
 -2.96270475401 -2.16232086432 -1.39547617121 -0.731456864300 -0.229786452172 0.126634192582 0.372396242597 0.550024297372 0.665013578076 0.715698907815
# log_selcoffs_ind[2]:
 0.487613090284 0.562786617084 0.331280443105 -0.0387234453490 -0.317450869776 -0.431111654886 -0.425879794138 -0.361430889172 -0.289087331123 -0.242528665094
 0.640262994657 0.272937180950 0.0331742126905 -0.112287839648 -0.186054971504 -0.212022078527 -0.211097456336 -0.205754199117 -0.213642609365 -0.234273931384
 0.766737924001 0.269363774793 0.0630502874207 -0.000153256519493 -0.0871247312442 -0.203084050327 -0.311711064493 -0.386811284370 -0.413396563038 -0.404029356632
# log_selcoffs_ind[3]:
 -0.202940821038 0.0202027052767 0.0202027052767 0.0202027052767 0.0202027052767 0.0202027052767 0.0202027052767 0.0202027052767 0.0202027052767 0.0202027052767
# log_selcoffs_ind[4]:
 -1.08025425425 -0.768095270563 -0.479434157515 -0.242726994929 -0.0575531408326 0.0943560219559 0.222406815848 0.330216841847 0.414167026328 0.467810012842
 -1.65842129321 -1.30996394543 -0.960054777981 -0.607085568547 -0.270490701339 0.0342457572270 0.294336085595 0.495352480415 0.623357750350 0.675790574669
# log_selcoffs_ind[5]:
 -3.04452005677 -0.669616569639 0.101782682789 0.174353368097 0.174353368097 0.174353368097 0.174353368097 0.174353368097 0.174353368097 0.174353368097
# log_selcoffs_ind[6]:
 -3.04452005677 -0.669616569639 0.101782682789 0.174353368097 0.174353368097 0.174353368097 0.174353368097 0.174353368097 0.174353368097 0.174353368097
# log_selcoffs_ind[7]:
 -3.04452005677 -0.669616569639 0.101782682789 0.174353368097 0.174353368097 0.174353368097 0.174353368097 0.174353368097 0.174353368097 0.174353368097
# logsel_slope_ind[1]:
 0.00000000000 0.00000000000
# logsel_slope_ind[2]:
 0.00000000000 0.00000000000 0.00000000000
# logsel_slope_ind[3]:
 0.00000000000
# logsel_slope_ind[4]:
 0.00000000000 0.00000000000
# logsel_slope_ind[5]:
 0.00000000000
# logsel_slope_ind[6]:
 0.00000000000
# logsel_slope_ind[7]:
 0.00000000000
# sel50_ind[1]:
 0.00000000000 0.00000000000
# sel50_ind[2]:
 0.00000000000 0.00000000000 0.00000000000
# sel50_ind[3]:
 0.00000000000
# sel50_ind[4]:
 0.00000000000 0.00000000000
# sel50_ind[5]:
 0.00000000000
# sel50_ind[6]:
 0.00000000000
# sel50_ind[7]:
 0.00000000000
# logsel_p1_ind[1]:
 0.00000000000 0.00000000000
# logsel_p1_ind[2]:
 0.00000000000 0.00000000000 0.00000000000
# logsel_p1_ind[3]:
 0.00000000000
# logsel_p1_ind[4]:
 0.00000000000 0.00000000000
# logsel_p1_ind[5]:
 0.00000000000
# logsel_p1_ind[6]:
 0.00000000000
# logsel_p1_ind[7]:
 0.00000000000
# sel_p2_ind[1]:
 0.00000000000 0.00000000000
# sel_p2_ind[2]:
 0.00000000000 0.00000000000 0.00000000000
# sel_p2_ind[3]:
 0.00000000000
# sel_p2_ind[4]:
 0.00000000000 0.00000000000
# sel_p2_ind[5]:
 0.00000000000
# sel_p2_ind[6]:
 0.00000000000
# sel_p2_ind[7]:
 0.00000000000
# logsel_p3_ind[1]:
 0.00000000000 0.00000000000
# logsel_p3_ind[2]:
 0.00000000000 0.00000000000 0.00000000000
# logsel_p3_ind[3]:
 0.00000000000
# logsel_p3_ind[4]:
 0.00000000000 0.00000000000
# logsel_p3_ind[5]:
 0.00000000000
# logsel_p3_ind[6]:
 0.00000000000
# logsel_p3_ind[7]:
 0.00000000000
