# Number of parameters = 1468 Objective function value = 1073.05310295043  Maximum gradient component = 0.000194031339503507
# Mest[1]:
0.280000000000
# Mest[2]:
0.330000000000
# log_Linf[1]:
4.29810139974
# log_Linf[2]:
4.29810139974
# log_k[1]:
-1.83258146375
# log_k[2]:
-1.83258146375
# log_Lo[1]:
2.60712428251
# log_Lo[2]:
2.60712428251
# log_sdage[1]:
-2.40794560865
# log_sdage[2]:
-2.40794560865
# mean_log_rec[1]:
9.30937839855
# mean_log_rec[2]:
7.92210145440
# mean_log_rec[3]:
7.27584445927
# steepness[1]:
0.650000000000
# steepness[2]:
0.650000000000
# steepness[3]:
0.650000000000
# log_Rzero[1]:
9.27525001698
# log_Rzero[2]:
7.99913702700
# log_Rzero[3]:
6.95981140134
# rec_dev:
 -0.0594829764744 -0.0771662897145 -0.0993757282974 -0.127082712072 -0.161335135529 -0.203049241350 -0.251795724113 -0.306664749928 -0.370026097345 -0.441779149077 -0.515926709278 -0.581569137729 -0.652569560169 -0.730008940350 -0.843971818470 -0.861217673069 -0.617390946633 -0.396662553177 -0.112712536986 0.125163662870 0.169563420597 0.203938142660 0.305131804698 0.391679667992 0.915273457111 0.740937217155 0.780858891091 1.60242275681 1.50028809708 0.704101127802 0.161864852464 0.453263873579 0.680780481565 0.774615068335 0.268826924471 0.292538553763 0.0562220777631 0.214951290360 0.312588962046 0.369945618182 0.494678499727 0.598505202108 0.618616041552 0.530986005467 0.0945273891558 -0.416061744624 -0.302974843485 -0.778479639765 -1.55947953150 -0.673053555397 -0.807749105956 -1.04452868928 -0.956566742779 -0.909042871456 -0.754627839410 -0.219452999089 -0.202608175242 0.0233951744733 0.200696639941 0.751534737665 0.215258711877 -0.603929004700
 -0.000694689513875 -0.000921572320070 -0.00119382545869 -0.00150756528345 -0.00184767847371 -0.00218200944314 -0.00243985262396 -0.00272673028033 -0.00289948168703 -0.00270505420566 -0.00222864442595 0.0383185572076 0.0372779461482 0.0356441839972 0.0336383341946 0.0326235121556 0.0293389180877 0.00331700827107 0.312183194799 0.0210601785941 -0.0831006132685 -0.209610542645 0.260059516008 0.416506904352 -0.130589044582 -0.895212436463 -0.0397586577261 0.344629589843 0.727677733979 0.459754634399 0.0513629476700 -0.589508432938 -0.0826798802722 -0.0844722162822 -0.443004537276 -0.201660637060 0.437133215906 -0.126995200134 0.0405759920469 -0.192447183339 1.23669645747 0.535354846150 0.249932712508 0.211893978609 -1.22250173518 0.625434603734 0.360353772004 -0.294465727375 -2.01813769067 -1.52365282412 0.785795153131 0.0606356330889 -0.697321391872 -0.824163116827 -0.991605895144 -0.514418037888 -0.645083705172 0.695365887479 1.25634841984 0.00989963829959 -0.288497675605 -0.0102067620908
# log_sigmar[1]:
-0.510825623766
# log_sigmar[2]:
-0.510825623766
# log_sigmar[3]:
-0.510825623766
# fmort:
 -4.74138396680 -4.32979335413 -5.06242747267 -4.74183530571 -3.98041033095 -3.65835740860 -3.33730973284 -3.37244977378 -2.73080305090 -2.85612037270 -3.14602758892 -2.76831151191 -2.04130711530 -2.98432408909 -2.12187184232 -2.69337426066 -5.09880584602 -3.82305874157 -4.22001095260 -4.31634637702 -4.35942992318 -4.02358814067 -3.95671385201 -3.78432746418 -4.22972642522 -3.94293987579 -3.47183350569 -4.53011742272 -5.74777878226 -5.12432912970 -4.68785695162 -4.05408302330 -4.93611092518 -4.49999415795 -4.35337591919 -3.81954137808 -3.69437770501 -3.25735306715 -2.81152663176 -3.14152180927 -2.68453154321 -4.40002888829 -5.47646526590 -5.07159000632 -5.13189985920 -4.90402341696 -5.27600352173 -4.89734965108 -6.11359197088 -6.52511459470 -5.27185679820
 -7.12501418699 -6.68554082988 -6.21272568587 -5.61542408254 -5.82860278962 -5.11723634981 -4.59928400525 -4.28786340514 -3.84675131225 -3.64727705089 -3.53052635973 -2.78991948719 -2.55202389234 -2.82329703466 -2.46131297554 -2.08050158836 -1.88671435751 -1.57842459190 -1.39343730699 -1.25642979974 -1.24081722509 -1.00416977707 -0.710761105154 -0.685847609590 -0.466074447065 -0.174012110233 -0.210298331826 -0.238785185342 -0.811534138937 -1.30579659145 -1.72129397515 -1.59518557888 -1.56164777657 -1.66296999431 -1.65306702309 -1.61264730262 -1.51344258406 -1.32795437906 -1.48785844347 -1.19133802895 -1.76512959986 -2.12236276797 -2.38733442120 -2.56283649005 -2.63443177136 -2.49803947998 -2.45115721717 -2.39438283195 -2.31583901179 -2.47720781394 -2.59838874513
 -7.18986373847 -6.51962276012 -5.64232941512 -4.86675932185 -3.69895677815 -4.87442740515 -4.60005690198 -2.01186115671 -1.95717709743 -2.18106257692 -1.98022418334 -1.62066560880 -2.74473577910 -3.31636026900 -3.27964723151 -3.87822762362 -4.32247245128 -4.13408324664 -2.90891937131 -3.01354310784 -2.94004993222 -3.24169046370 -3.60003739120 -3.18872734081 -2.77877440526 -1.39447532121 -0.847945874627 -0.321743979782 -0.0426114451741 -1.33272155148 -1.56281333738 -0.502873724911 -2.43635894900 -2.27066694793 -2.26550619609 -2.81510676373 -1.95055945633 -2.00791665799 -1.99712943964 -1.93014297330 -3.29710107117 -1.80419911330 -2.31272710796 -2.78948712649 -2.55205944527 -3.60262885053 -4.25825341598 -5.13055340421 -4.02377134653 -3.75226858446 -3.57438401381
 -9.61742827680 -9.57947198455 -7.82960299336 -9.48470593675 -9.42549125153 -9.35387671571 -9.22919984161 -8.35299814167 -5.12110548910 -2.97482216119 -2.87688039975 -2.44702599785 -1.67360995167 -1.18057171219 -0.768577016154 -0.958358738371 -1.09849953666 -1.38771205810 -1.71835277065 -2.03831782510 -2.33795657847 -2.96348098017 -5.53210666795 -9.02379404667 -8.82315114055 -8.51595746250 -8.16974894976 -7.86299849951 -7.74365585407 -7.83281708068 -7.26954889962 -5.37351467422 -4.26295662849 -3.72249788871 -3.15421537211 -3.33568815249 -2.88739969251 -2.50600758506 -2.31076537646 -2.04549906782 -2.17076400684 -3.40848709441 -3.83816817602 -3.86525815901 -3.51095653858 -3.39049157605 -3.90117052555 -4.01997871827 -4.09107748038 -4.31964734727 -6.84839420373
# log_selcoffs_fsh[1]:
 -3.61053758790 -1.96795550200 -0.979847020216 -0.0304660492065 0.806992483811 0.969874706006 0.375628359715 -0.337829371944 -0.821289292493
 -3.20103119869 -1.54504869763 -0.844081775769 -0.0928280984789 0.677046321862 0.902873260215 0.457436593641 -0.168133862978 -0.607555986696
 -2.88716127864 -1.44827794513 -0.634000691671 0.131265421518 0.662823178656 0.740328330665 0.390792986780 -0.105288400880 -0.472483470643
 -2.49493607695 -1.23636577723 -0.625546365868 -0.0130177697706 0.710442828370 0.739897218796 0.342095029972 -0.106754001009 -0.403809060383
 -1.85107669627 -0.349817059189 -0.0811936835360 0.132917246535 0.379355127461 0.462778400717 0.264829427090 -0.0396727191061 -0.274688852265
 -1.73563759374 -0.535948513276 0.404377800331 0.594503009331 0.256285095805 0.111780399403 -0.0173549324941 -0.193942507420 -0.340787971192
 -1.46030014959 -0.393942642087 0.496494552718 0.698179081520 0.266835594347 -0.0481024556997 -0.216649499629 -0.333294137350 -0.415869781934
 -1.06873290993 -0.217687044219 0.554828071907 0.756910517383 0.189478765960 -0.175616546304 -0.370403528274 -0.459208667606 -0.495839382542
 -0.790897711493 0.217371327655 0.459901582446 0.578967748912 0.286191243148 -0.187750069312 -0.458642036312 -0.552989473180 -0.565448690353
 -0.547513368057 0.370302932732 0.560295532312 0.562145143653 0.138159523462 -0.319973362521 -0.585994165333 -0.660059357740 -0.653698483621
 -0.0235743285885 0.915747257129 0.446759421684 0.154949942920 -0.230951020551 -0.545665063300 -0.725889422240 -0.769487328506 -0.747729799678
 0.198200977572 0.868945698477 0.611906052554 0.116661625114 -0.431717220137 -0.712721092251 -0.839729662374 -0.863140744376 -0.831601213799
 -0.0206055763551 1.14636921682 0.641375719532 -0.107857102583 -0.660084142564 -0.895244545046 -0.970757898825 -0.968758418534 -0.933603004656
 0.230114877017 1.18519949170 0.575752461661 -0.209143858132 -0.793944356048 -1.01128825377 -1.06320212263 -1.04284689476 -1.00358515417
 0.258640417224 1.23549082261 0.556281482770 -0.269488300044 -0.859371033426 -1.08407023240 -1.13529597775 -1.10919260165 -1.06704445893
 -0.145832259056 1.32050473714 0.662724500119 -0.235215924858 -0.896982964820 -1.14159270976 -1.20030212512 -1.17460346350 -1.13083976681
 -0.0494997233730 1.35759415124 0.596880656074 -0.279124869182 -0.932299327891 -1.18378603374 -1.24719206343 -1.22414969234 -1.17930847351
 0.497916278868 1.15630126087 0.637386161589 -0.295429557934 -0.964234347767 -1.21473308433 -1.27862702319 -1.25422342614 -1.20720680707
 0.802394967040 1.14232322885 0.404436694989 -0.402018280028 -1.02070150240 -1.26604582046 -1.32766728047 -1.29836481017 -1.24724295874
 0.540170441044 1.24330440093 0.556128890767 -0.395428329189 -1.07496902999 -1.32584874473 -1.37906734140 -1.33786348344 -1.27925423919
 0.625955143769 1.32207298291 0.386206753301 -0.528807936310 -1.16383755738 -1.39673540429 -1.43726033144 -1.38060379358 -1.31159503021
 0.634512351617 1.31082143198 0.481165159895 -0.609118082927 -1.26571112303 -1.47310009583 -1.49144626570 -1.41512968494 -1.33295792564
 0.817759121044 1.26465349317 0.376457389401 -0.633222475418 -1.30440943284 -1.51914468915 -1.53077140958 -1.43896323302 -1.34342064674
 0.516192070696 1.42781270851 0.365913335793 -0.652880635102 -1.30723460836 -1.53196557606 -1.55021875739 -1.45376127539 -1.34763998670
 0.652924356122 1.34226246479 0.374712379048 -0.577037435046 -1.23717192453 -1.49311638035 -1.53030707366 -1.43679740819 -1.32429341317
 0.723159738785 1.20911119094 0.459237608446 -0.388709316741 -1.13074922535 -1.41810085037 -1.46458640298 -1.38113119624 -1.27179101356
 0.348792061930 1.27427806545 0.559134247383 -0.245095793560 -1.00806260136 -1.29740413311 -1.35081209839 -1.28712229904 -1.19904970987
 0.357236287055 1.28174816234 0.475166348583 -0.332010545823 -0.931909304378 -1.16777620857 -1.21131094725 -1.16959756988 -1.11238202722
 1.10740475668 0.839581874824 0.158583139057 -0.472628354202 -0.879252857571 -1.02480419015 -1.04855513739 -1.01520689871 -0.977725708201
 0.711184666097 1.09313389221 0.202729409652 -0.504426298960 -0.807407929825 -0.870416159223 -0.868831457621 -0.845851016577 -0.825600876654
 0.511230984296 1.09987445927 0.113047658448 -0.455778092203 -0.648643416188 -0.681084610899 -0.666940541330 -0.660253892071 -0.660854145721
 0.468899395721 0.816704015114 0.126971227956 -0.288391028971 -0.404870097023 -0.418401542066 -0.419665237874 -0.439747808885 -0.466398459845
 -0.300951773345 0.567037949957 0.245894931171 -0.00836164308184 -0.0571642633369 -0.115076319292 -0.155923196667 -0.233482229931 -0.296685797170
 -0.632808267594 -0.0256045991556 -0.0450079625130 0.133259793719 0.263079819731 0.163838301105 0.130765425479 -0.0609614111825 -0.178970744461
 -0.103982767222 0.306185265219 -0.222837771115 -0.234298424940 -0.00303819150378 0.0974629607894 0.0965960764555 0.0125497110594 -0.0663816756550
 0.509150697873 -0.360106208995 -0.534263617942 -0.285244449777 -0.0142846216314 0.115471175224 0.120487527411 0.0628886079404 -0.000585045264194
 -0.462953708666 -0.533015340733 -0.489799465257 0.0130015768030 0.274902403480 0.270710397205 0.234199583319 0.165571087092 0.0830983289277
# log_selcoffs_fsh[2]:
 -2.12887968010 -0.186729871275 0.559201677661 0.836257933896 0.567013279965 0.0334581928569 -0.363086066858 -0.598066973479 -0.708319521045 -0.777655444031
 -2.11698988837 -0.203814058438 -0.180801902134 0.352063720710 0.737109682309 0.555624581521 0.0586174388168 -0.335453224494 -0.493619289808 -0.529871535077
 -2.64243043521 -0.855364079845 -0.366464072552 0.178925743233 0.687066388495 0.691249454464 0.249954796104 -0.148238551225 -0.294108308594 -0.302323966152
 -3.03215863777 -1.48260586781 -0.626869510377 -0.0792778456364 0.572018187105 0.764219981133 0.349302295507 0.0234818847651 -0.0620890064123 -0.0346913492533
 -2.60530652842 -1.08971738120 -1.04722685448 -0.557804052566 0.248117928401 0.649802278456 0.426765451452 0.246237186333 0.250125465745 0.317710009593
 -2.18019537523 -1.09511140944 -0.916546613617 -0.843820579721 -0.346138601829 0.120377481880 0.337972667048 0.461042049250 0.606602839268 0.725208573289
 -2.84634812738 -1.59360580191 -0.758010454898 -0.640388337079 -0.547380645784 -0.224932730528 0.148934994913 0.484434496018 0.746452133320 0.905301456633
 -3.41897141573 -2.41027529507 -1.62045055865 -0.932776212644 -0.381897435773 -0.00366926723977 0.288377670424 0.488132285384 0.754412745217 0.923225593697
 -3.70696992323 -2.68580608799 -2.04709206828 -1.35238505666 -0.551331891909 -0.00189212055990 0.400041471283 0.658703426322 0.796073831693 0.834762011817
 -3.78973569303 -2.58417453919 -1.88451664644 -1.39298619590 -0.919770218704 -0.281490667329 0.291883411912 0.812011654024 0.955149231364 0.769180212097
 -3.61918381429 -2.14214515809 -1.42948944711 -1.00517770283 -0.660141201679 -0.398165163341 0.101477496905 0.702249999892 0.956678057891 0.847550886217
 -3.52175216751 -2.04862375575 -1.25204634317 -0.838053060701 -0.493539723256 -0.174758076245 0.335299596558 0.678425347417 0.786326632310 0.745976239286
 -3.16289861044 -1.36542386124 -0.784716559227 -0.459350402786 -0.228148224418 -0.150038545452 0.224171055976 0.519458068976 0.676351815222 0.722079379057
 -2.73361376115 -0.952441360149 -0.414634323571 -0.257842041917 -0.190777207765 -0.0798180304734 0.167978262814 0.407555692171 0.572904370396 0.645456698831
 -2.33369384321 -0.355629751493 -0.122436039933 -0.269344701633 -0.370090627319 -0.238220330853 0.0766509684806 0.341327959909 0.537762908531 0.629320852184
 -1.97605730172 -0.0114839560709 -0.144713053195 -0.325424600884 -0.470848928791 -0.333902012243 -0.0214997073867 0.274875772843 0.523644716321 0.673684163399
 -1.51299348220 0.000370364115970 -0.0913928206109 -0.266525925449 -0.455434160964 -0.420144762793 -0.132446392178 0.196879254912 0.507787573054 0.719985046929
 -1.72243352367 0.0589344090563 0.182482045134 -0.0693543001682 -0.370891484964 -0.392393451712 -0.163020219114 0.145603439710 0.400628492343 0.566928147192
 -1.97050940199 -0.154991479034 0.196067403792 0.0194744889773 -0.266647893227 -0.293421120332 -0.0789973994488 0.189278264045 0.394527318918 0.494796502546
 -2.06081001598 -0.456930468338 -0.0957222693936 0.0125496246072 -0.161524723197 -0.187396487139 0.0220571197732 0.285791093073 0.459500148191 0.531639725774
 -2.13186021016 -0.563862660953 -0.101149514992 0.0691444271659 -0.116208384722 -0.199806173373 -0.00411801412840 0.277484147497 0.465668930068 0.541762183588
 -2.29815603357 -0.677464194982 -0.122323967268 0.131245089267 -0.0163265617421 -0.108646056240 0.0451660782737 0.258810222095 0.413709398534 0.489611953724
 -2.53264202603 -1.13047429968 -0.263781163821 0.226677073751 0.179327764315 0.0334659842019 0.120091760695 0.265815394908 0.357469616250 0.393971276052
 -2.66981492150 -1.42156688160 -0.576863407961 0.00806165062419 0.282578805557 0.200367041146 0.304586037643 0.388302611060 0.359545871439 0.268523933213
 -2.76232632261 -1.24277677473 -0.525523849737 -0.210413309348 0.129268116732 0.280144283186 0.381011484737 0.483591722657 0.377003981777 0.216641524723
 -2.90315898016 -1.60820208365 -0.756335425060 0.0247311088293 0.361842000995 0.380817865514 0.341107177739 0.379292218339 0.294172859405 0.132130499619
 -3.05056204971 -1.41315506571 -0.716210771013 0.180929837550 0.492309762149 0.527765246422 0.411605445340 0.255487009703 0.0284801283612 -0.148601154912
 -3.21092267701 -1.02745926073 -0.502572179459 0.153444027090 0.436013155641 0.422374172328 0.643903130282 0.319670456222 -0.178276505855 -0.443853697913
 -3.36488032502 -1.65987035719 -0.708447897114 0.279937229822 0.622601432295 0.557293768087 0.651666375275 0.143789038514 -0.320367160897 -0.596300560094
 -3.48944816677 -1.63543044278 -0.268077237694 0.443774687854 0.845331536592 0.529610630353 0.241904911942 -0.105607304810 -0.390063560066 -0.555647881820
 -3.36240880323 -1.22689914428 0.00326282950828 0.608362066535 0.567682309507 0.278367613478 0.153982920300 -0.00589343437733 -0.170736832534 -0.297494035750
 -3.30335585580 -1.36823226236 -0.361988695223 0.169443178056 0.492402632356 0.424249194970 0.226852265537 0.219115402083 0.139540915763 0.0136050771872
 -2.81521607140 -0.844624603707 -0.604340479558 -0.308491446758 0.0935757255192 0.295164332160 0.301091104163 0.376325175792 0.439630681382 0.355975592323
 -3.29407004566 -1.25413149703 -0.598009355022 -0.115739552431 0.144902936422 0.275982919288 0.325508186446 0.392556202002 0.394422500226 0.346554335403
 -3.49715147057 -1.57830132541 -0.929393630467 -0.472392266106 0.0785144922592 0.315402488870 0.425703545386 0.503344139684 0.489962380712 0.388951870538
 -3.82739138109 -1.90632956162 -0.967788671839 -0.501564781205 -0.119650547147 0.185873157751 0.409455333878 0.561523427083 0.581954159354 0.532822020577
 -3.97977744455 -2.45619900871 -1.30178908862 -0.528353251856 0.0685173952379 0.255172125390 0.511043263814 0.608994314808 0.508217353201 0.408388178205
 -3.92303682726 -2.48752334850 -1.82498224211 -0.862978148963 -0.0527368224073 0.397925293687 0.568459872939 0.705603123372 0.519372172558 0.340059687874
# log_selcoffs_fsh[3]:
 -3.92454267629 -1.46558807429 0.675985635668 1.33315343588 -0.167808000881 -2.15892498890 -3.52723590246
 -4.00835598241 -0.531657630969 1.10866719584 0.984089192443 -0.579504015971 -2.31345277380 -3.52606390905
# log_selcoffs_fsh[4]:
 -3.30630861193 -2.79070825685 -2.24334339227 -1.63119823468 -0.948538517484 -0.234059463987 0.426354525162 0.932918572529 1.20835447891
 -3.29542059071 -2.78631759504 -2.24527695055 -1.63769386597 -0.956334122633 -0.240019637747 0.424696736959 0.934422855478 1.21050894835
 -3.27420976340 -2.77770834887 -2.24987708232 -1.65023247372 -0.969549575205 -0.247707678903 0.424701789463 0.936838538730 1.21244018244
 -3.24239616306 -2.76013764783 -2.25356114301 -1.67438057032 -0.992717086636 -0.255837739424 0.427629607428 0.942238014684 1.21224654229
 -3.19565683820 -2.72535586593 -2.23983634864 -1.68687404825 -1.02740934790 -0.275982693465 0.434095218110 0.950606352310 1.21026139801
 -3.13220715054 -2.66075375847 -2.20204023962 -1.68274564523 -1.02650058761 -0.277139039663 0.441710978509 0.956656524795 1.19860547800
 -3.05872057644 -2.58227632761 -2.09880576985 -1.61625905843 -0.999918665981 -0.243441651776 0.472327182164 0.957672259787 1.16159540711
 -2.96793169416 -2.49270544529 -2.00336327945 -1.48128708208 -0.904793941215 -0.207554003532 0.475769871119 0.943308705994 1.13422579089
 -2.84044652992 -2.36501590932 -1.89010761490 -1.37285193249 -0.778879450347 -0.133584509111 0.485302367917 0.911353242843 1.09760755386
 -2.69217235726 -2.18471232844 -1.68587934630 -1.21969136507 -0.691715138512 -0.0877123193287 0.473795132031 0.878772134752 1.06760084367
 -2.54457802450 -2.00063874582 -1.45812589372 -0.959344907438 -0.546930754285 -0.0823817391153 0.427954218010 0.830759538192 1.04437020862
 -2.41058562628 -1.85484951943 -1.29038921795 -0.750343665492 -0.317077565067 -0.0135740477780 0.363605817422 0.754947435169 1.00268640315
 -2.29797894726 -1.73970296793 -1.18879145986 -0.659156313111 -0.205826104780 0.114435615920 0.378398269504 0.686708960017 0.924165560392
 -2.19106766515 -1.63373993698 -1.09087934791 -0.589791041686 -0.169339108107 0.152841845226 0.419118894062 0.667926733877 0.842629574386
 -2.08451150370 -1.52800172231 -0.993365753566 -0.513160646651 -0.116386597486 0.191234724182 0.436230433830 0.637466129936 0.765613489730
 -1.98163500965 -1.42380422576 -0.894897257932 -0.432690191846 -0.0578793708216 0.226265736601 0.440656189299 0.598983203335 0.689281231094
 -1.88194317685 -1.31830954385 -0.791821264417 -0.348020277252 -0.00113302592964 0.252477584258 0.435382851815 0.557104272957 0.611813435045
 -1.78812169594 -1.19996729853 -0.665394404096 -0.234530940304 0.0789546455974 0.277266053956 0.408266416992 0.487114931401 0.526510991200
 -1.71462587399 -1.09447707691 -0.525132021145 -0.133135753981 0.144648788471 0.313545709196 0.377481705932 0.414606640862 0.420121937546
 -1.67173881196 -1.02553925053 -0.414961692446 0.0255434995882 0.206573653778 0.317058851686 0.351786028948 0.326548952465 0.305215103947
 -1.63947237153 -0.981100853308 -0.403599195679 0.0714415401506 0.312869645877 0.323147399101 0.308069396411 0.270791082937 0.237790618564
 -1.62927977757 -0.966565698932 -0.393622349436 0.00141942326114 0.300807249237 0.368327401635 0.339447145868 0.274288868947 0.208219157253
 -1.63628056844 -1.02924777082 -0.469804572870 -0.0570346027488 0.201010632658 0.348459326197 0.378884163296 0.347812484122 0.309096924023
 -1.68104166184 -1.13091550163 -0.625778872661 -0.200076740848 0.116358877459 0.322528988039 0.417008055407 0.444185226957 0.442710718144
 -1.72505766826 -1.21786065148 -0.739227879770 -0.314631793892 0.0429917383248 0.294785976396 0.430599869265 0.509056161768 0.547986346020
 -1.77704843236 -1.31189057042 -0.877082712820 -0.441374308281 -0.0489220769704 0.249507145729 0.446698982876 0.574924460675 0.655766284400
 -1.82706263761 -1.37746410756 -1.03537243561 -0.592211400802 -0.128162248715 0.200456999637 0.439213545221 0.634692056285 0.760385550901
 -1.85357699782 -1.53777444555 -1.17335767146 -0.635462256656 -0.213440296422 0.0358052081805 0.336913265418 0.675256782860 0.947804532690
 -1.25791817350 -1.43942634108 -1.26914880403 -0.936080136020 -0.504884853471 -0.106187972858 0.295805715497 0.721951038912 1.06470149707
 -1.60996179050 -1.38231006466 -1.33048145075 -1.05149668934 -0.612559085637 -0.149204511818 0.294325360715 0.751715966946 1.12139445323
 -1.37693184677 -1.20056427117 -1.28127007628 -1.19938959718 -0.876868995951 -0.396795126185 0.199631384967 0.777688690038 1.21835416136
 -1.08486731407 -0.738088399108 -1.08636533383 -1.24961920969 -1.01562399458 -0.522096120416 0.0955290332809 0.741421397507 1.22535131989
# log_sel_spl_fsh[1]:
 0.00000000000 0.00000000000 0.00000000000 0.00000000000
 0.00000000000 0.00000000000 0.00000000000 0.00000000000
 0.00000000000 0.00000000000 0.00000000000 0.00000000000
 0.00000000000 0.00000000000 0.00000000000 0.00000000000
 0.00000000000 0.00000000000 0.00000000000 0.00000000000
 0.00000000000 0.00000000000 0.00000000000 0.00000000000
 0.00000000000 0.00000000000 0.00000000000 0.00000000000
 0.00000000000 0.00000000000 0.00000000000 0.00000000000
 0.00000000000 0.00000000000 0.00000000000 0.00000000000
 0.00000000000 0.00000000000 0.00000000000 0.00000000000
 0.00000000000 0.00000000000 0.00000000000 0.00000000000
 0.00000000000 0.00000000000 0.00000000000 0.00000000000
 0.00000000000 0.00000000000 0.00000000000 0.00000000000
 0.00000000000 0.00000000000 0.00000000000 0.00000000000
 0.00000000000 0.00000000000 0.00000000000 0.00000000000
 0.00000000000 0.00000000000 0.00000000000 0.00000000000
 0.00000000000 0.00000000000 0.00000000000 0.00000000000
 0.00000000000 0.00000000000 0.00000000000 0.00000000000
 0.00000000000 0.00000000000 0.00000000000 0.00000000000
 0.00000000000 0.00000000000 0.00000000000 0.00000000000
 0.00000000000 0.00000000000 0.00000000000 0.00000000000
 0.00000000000 0.00000000000 0.00000000000 0.00000000000
 0.00000000000 0.00000000000 0.00000000000 0.00000000000
 0.00000000000 0.00000000000 0.00000000000 0.00000000000
 0.00000000000 0.00000000000 0.00000000000 0.00000000000
 0.00000000000 0.00000000000 0.00000000000 0.00000000000
 0.00000000000 0.00000000000 0.00000000000 0.00000000000
 0.00000000000 0.00000000000 0.00000000000 0.00000000000
 0.00000000000 0.00000000000 0.00000000000 0.00000000000
 0.00000000000 0.00000000000 0.00000000000 0.00000000000
 0.00000000000 0.00000000000 0.00000000000 0.00000000000
 0.00000000000 0.00000000000 0.00000000000 0.00000000000
 0.00000000000 0.00000000000 0.00000000000 0.00000000000
 0.00000000000 0.00000000000 0.00000000000 0.00000000000
 0.00000000000 0.00000000000 0.00000000000 0.00000000000
 0.00000000000 0.00000000000 0.00000000000 0.00000000000
 0.00000000000 0.00000000000 0.00000000000 0.00000000000
# log_sel_spl_fsh[2]:
 0.00000000000 0.00000000000 0.00000000000 0.00000000000
 0.00000000000 0.00000000000 0.00000000000 0.00000000000
 0.00000000000 0.00000000000 0.00000000000 0.00000000000
 0.00000000000 0.00000000000 0.00000000000 0.00000000000
 0.00000000000 0.00000000000 0.00000000000 0.00000000000
 0.00000000000 0.00000000000 0.00000000000 0.00000000000
 0.00000000000 0.00000000000 0.00000000000 0.00000000000
 0.00000000000 0.00000000000 0.00000000000 0.00000000000
 0.00000000000 0.00000000000 0.00000000000 0.00000000000
 0.00000000000 0.00000000000 0.00000000000 0.00000000000
 0.00000000000 0.00000000000 0.00000000000 0.00000000000
 0.00000000000 0.00000000000 0.00000000000 0.00000000000
 0.00000000000 0.00000000000 0.00000000000 0.00000000000
 0.00000000000 0.00000000000 0.00000000000 0.00000000000
 0.00000000000 0.00000000000 0.00000000000 0.00000000000
 0.00000000000 0.00000000000 0.00000000000 0.00000000000
 0.00000000000 0.00000000000 0.00000000000 0.00000000000
 0.00000000000 0.00000000000 0.00000000000 0.00000000000
 0.00000000000 0.00000000000 0.00000000000 0.00000000000
 0.00000000000 0.00000000000 0.00000000000 0.00000000000
 0.00000000000 0.00000000000 0.00000000000 0.00000000000
 0.00000000000 0.00000000000 0.00000000000 0.00000000000
 0.00000000000 0.00000000000 0.00000000000 0.00000000000
 0.00000000000 0.00000000000 0.00000000000 0.00000000000
 0.00000000000 0.00000000000 0.00000000000 0.00000000000
 0.00000000000 0.00000000000 0.00000000000 0.00000000000
 0.00000000000 0.00000000000 0.00000000000 0.00000000000
 0.00000000000 0.00000000000 0.00000000000 0.00000000000
 0.00000000000 0.00000000000 0.00000000000 0.00000000000
 0.00000000000 0.00000000000 0.00000000000 0.00000000000
 0.00000000000 0.00000000000 0.00000000000 0.00000000000
 0.00000000000 0.00000000000 0.00000000000 0.00000000000
 0.00000000000 0.00000000000 0.00000000000 0.00000000000
 0.00000000000 0.00000000000 0.00000000000 0.00000000000
 0.00000000000 0.00000000000 0.00000000000 0.00000000000
 0.00000000000 0.00000000000 0.00000000000 0.00000000000
 0.00000000000 0.00000000000 0.00000000000 0.00000000000
 0.00000000000 0.00000000000 0.00000000000 0.00000000000
# log_sel_spl_fsh[3]:
 0.00000000000 0.00000000000 0.00000000000 0.00000000000
 0.00000000000 0.00000000000 0.00000000000 0.00000000000
# log_sel_spl_fsh[4]:
 0.00000000000 0.00000000000 0.00000000000 0.00000000000
 0.00000000000 0.00000000000 0.00000000000 0.00000000000
 0.00000000000 0.00000000000 0.00000000000 0.00000000000
 0.00000000000 0.00000000000 0.00000000000 0.00000000000
 0.00000000000 0.00000000000 0.00000000000 0.00000000000
 0.00000000000 0.00000000000 0.00000000000 0.00000000000
 0.00000000000 0.00000000000 0.00000000000 0.00000000000
 0.00000000000 0.00000000000 0.00000000000 0.00000000000
 0.00000000000 0.00000000000 0.00000000000 0.00000000000
 0.00000000000 0.00000000000 0.00000000000 0.00000000000
 0.00000000000 0.00000000000 0.00000000000 0.00000000000
 0.00000000000 0.00000000000 0.00000000000 0.00000000000
 0.00000000000 0.00000000000 0.00000000000 0.00000000000
 0.00000000000 0.00000000000 0.00000000000 0.00000000000
 0.00000000000 0.00000000000 0.00000000000 0.00000000000
 0.00000000000 0.00000000000 0.00000000000 0.00000000000
 0.00000000000 0.00000000000 0.00000000000 0.00000000000
 0.00000000000 0.00000000000 0.00000000000 0.00000000000
 0.00000000000 0.00000000000 0.00000000000 0.00000000000
 0.00000000000 0.00000000000 0.00000000000 0.00000000000
 0.00000000000 0.00000000000 0.00000000000 0.00000000000
 0.00000000000 0.00000000000 0.00000000000 0.00000000000
 0.00000000000 0.00000000000 0.00000000000 0.00000000000
 0.00000000000 0.00000000000 0.00000000000 0.00000000000
 0.00000000000 0.00000000000 0.00000000000 0.00000000000
 0.00000000000 0.00000000000 0.00000000000 0.00000000000
 0.00000000000 0.00000000000 0.00000000000 0.00000000000
 0.00000000000 0.00000000000 0.00000000000 0.00000000000
 0.00000000000 0.00000000000 0.00000000000 0.00000000000
 0.00000000000 0.00000000000 0.00000000000 0.00000000000
 0.00000000000 0.00000000000 0.00000000000 0.00000000000
 0.00000000000 0.00000000000 0.00000000000 0.00000000000
# logsel_slope_fsh[1]:
 0.00000000000 0.00000000000 0.00000000000 0.00000000000 0.00000000000 0.00000000000 0.00000000000 0.00000000000 0.00000000000 0.00000000000 0.00000000000 0.00000000000 0.00000000000 0.00000000000 0.00000000000 0.00000000000 0.00000000000 0.00000000000 0.00000000000 0.00000000000 0.00000000000 0.00000000000 0.00000000000 0.00000000000 0.00000000000 0.00000000000 0.00000000000 0.00000000000 0.00000000000 0.00000000000 0.00000000000 0.00000000000 0.00000000000 0.00000000000 0.00000000000 0.00000000000 0.00000000000
# logsel_slope_fsh[2]:
 0.00000000000 0.00000000000 0.00000000000 0.00000000000 0.00000000000 0.00000000000 0.00000000000 0.00000000000 0.00000000000 0.00000000000 0.00000000000 0.00000000000 0.00000000000 0.00000000000 0.00000000000 0.00000000000 0.00000000000 0.00000000000 0.00000000000 0.00000000000 0.00000000000 0.00000000000 0.00000000000 0.00000000000 0.00000000000 0.00000000000 0.00000000000 0.00000000000 0.00000000000 0.00000000000 0.00000000000 0.00000000000 0.00000000000 0.00000000000 0.00000000000 0.00000000000 0.00000000000 0.00000000000
# logsel_slope_fsh[3]:
 0.00000000000 0.00000000000
# logsel_slope_fsh[4]:
 0.00000000000 0.00000000000 0.00000000000 0.00000000000 0.00000000000 0.00000000000 0.00000000000 0.00000000000 0.00000000000 0.00000000000 0.00000000000 0.00000000000 0.00000000000 0.00000000000 0.00000000000 0.00000000000 0.00000000000 0.00000000000 0.00000000000 0.00000000000 0.00000000000 0.00000000000 0.00000000000 0.00000000000 0.00000000000 0.00000000000 0.00000000000 0.00000000000 0.00000000000 0.00000000000 0.00000000000 0.00000000000
# sel50_fsh[1]:
 0.00000000000 0.00000000000 0.00000000000 0.00000000000 0.00000000000 0.00000000000 0.00000000000 0.00000000000 0.00000000000 0.00000000000 0.00000000000 0.00000000000 0.00000000000 0.00000000000 0.00000000000 0.00000000000 0.00000000000 0.00000000000 0.00000000000 0.00000000000 0.00000000000 0.00000000000 0.00000000000 0.00000000000 0.00000000000 0.00000000000 0.00000000000 0.00000000000 0.00000000000 0.00000000000 0.00000000000 0.00000000000 0.00000000000 0.00000000000 0.00000000000 0.00000000000 0.00000000000
# sel50_fsh[2]:
 0.00000000000 0.00000000000 0.00000000000 0.00000000000 0.00000000000 0.00000000000 0.00000000000 0.00000000000 0.00000000000 0.00000000000 0.00000000000 0.00000000000 0.00000000000 0.00000000000 0.00000000000 0.00000000000 0.00000000000 0.00000000000 0.00000000000 0.00000000000 0.00000000000 0.00000000000 0.00000000000 0.00000000000 0.00000000000 0.00000000000 0.00000000000 0.00000000000 0.00000000000 0.00000000000 0.00000000000 0.00000000000 0.00000000000 0.00000000000 0.00000000000 0.00000000000 0.00000000000 0.00000000000
# sel50_fsh[3]:
 0.00000000000 0.00000000000
# sel50_fsh[4]:
 0.00000000000 0.00000000000 0.00000000000 0.00000000000 0.00000000000 0.00000000000 0.00000000000 0.00000000000 0.00000000000 0.00000000000 0.00000000000 0.00000000000 0.00000000000 0.00000000000 0.00000000000 0.00000000000 0.00000000000 0.00000000000 0.00000000000 0.00000000000 0.00000000000 0.00000000000 0.00000000000 0.00000000000 0.00000000000 0.00000000000 0.00000000000 0.00000000000 0.00000000000 0.00000000000 0.00000000000 0.00000000000
# logsel_p1_fsh[1]:
 0.00000000000 0.00000000000 0.00000000000 0.00000000000 0.00000000000 0.00000000000 0.00000000000 0.00000000000 0.00000000000 0.00000000000 0.00000000000 0.00000000000 0.00000000000 0.00000000000 0.00000000000 0.00000000000 0.00000000000 0.00000000000 0.00000000000 0.00000000000 0.00000000000 0.00000000000 0.00000000000 0.00000000000 0.00000000000 0.00000000000 0.00000000000 0.00000000000 0.00000000000 0.00000000000 0.00000000000 0.00000000000 0.00000000000 0.00000000000 0.00000000000 0.00000000000 0.00000000000
# logsel_p1_fsh[2]:
 0.00000000000 0.00000000000 0.00000000000 0.00000000000 0.00000000000 0.00000000000 0.00000000000 0.00000000000 0.00000000000 0.00000000000 0.00000000000 0.00000000000 0.00000000000 0.00000000000 0.00000000000 0.00000000000 0.00000000000 0.00000000000 0.00000000000 0.00000000000 0.00000000000 0.00000000000 0.00000000000 0.00000000000 0.00000000000 0.00000000000 0.00000000000 0.00000000000 0.00000000000 0.00000000000 0.00000000000 0.00000000000 0.00000000000 0.00000000000 0.00000000000 0.00000000000 0.00000000000 0.00000000000
# logsel_p1_fsh[3]:
 0.00000000000 0.00000000000
# logsel_p1_fsh[4]:
 0.00000000000 0.00000000000 0.00000000000 0.00000000000 0.00000000000 0.00000000000 0.00000000000 0.00000000000 0.00000000000 0.00000000000 0.00000000000 0.00000000000 0.00000000000 0.00000000000 0.00000000000 0.00000000000 0.00000000000 0.00000000000 0.00000000000 0.00000000000 0.00000000000 0.00000000000 0.00000000000 0.00000000000 0.00000000000 0.00000000000 0.00000000000 0.00000000000 0.00000000000 0.00000000000 0.00000000000 0.00000000000
# logsel_p2_fsh[1]:
 0.00000000000 0.00000000000 0.00000000000 0.00000000000 0.00000000000 0.00000000000 0.00000000000 0.00000000000 0.00000000000 0.00000000000 0.00000000000 0.00000000000 0.00000000000 0.00000000000 0.00000000000 0.00000000000 0.00000000000 0.00000000000 0.00000000000 0.00000000000 0.00000000000 0.00000000000 0.00000000000 0.00000000000 0.00000000000 0.00000000000 0.00000000000 0.00000000000 0.00000000000 0.00000000000 0.00000000000 0.00000000000 0.00000000000 0.00000000000 0.00000000000 0.00000000000 0.00000000000
# logsel_p2_fsh[2]:
 0.00000000000 0.00000000000 0.00000000000 0.00000000000 0.00000000000 0.00000000000 0.00000000000 0.00000000000 0.00000000000 0.00000000000 0.00000000000 0.00000000000 0.00000000000 0.00000000000 0.00000000000 0.00000000000 0.00000000000 0.00000000000 0.00000000000 0.00000000000 0.00000000000 0.00000000000 0.00000000000 0.00000000000 0.00000000000 0.00000000000 0.00000000000 0.00000000000 0.00000000000 0.00000000000 0.00000000000 0.00000000000 0.00000000000 0.00000000000 0.00000000000 0.00000000000 0.00000000000 0.00000000000
# logsel_p2_fsh[3]:
 0.00000000000 0.00000000000
# logsel_p2_fsh[4]:
 0.00000000000 0.00000000000 0.00000000000 0.00000000000 0.00000000000 0.00000000000 0.00000000000 0.00000000000 0.00000000000 0.00000000000 0.00000000000 0.00000000000 0.00000000000 0.00000000000 0.00000000000 0.00000000000 0.00000000000 0.00000000000 0.00000000000 0.00000000000 0.00000000000 0.00000000000 0.00000000000 0.00000000000 0.00000000000 0.00000000000 0.00000000000 0.00000000000 0.00000000000 0.00000000000 0.00000000000 0.00000000000
# logsel_p3_fsh[1]:
 0.00000000000 0.00000000000 0.00000000000 0.00000000000 0.00000000000 0.00000000000 0.00000000000 0.00000000000 0.00000000000 0.00000000000 0.00000000000 0.00000000000 0.00000000000 0.00000000000 0.00000000000 0.00000000000 0.00000000000 0.00000000000 0.00000000000 0.00000000000 0.00000000000 0.00000000000 0.00000000000 0.00000000000 0.00000000000 0.00000000000 0.00000000000 0.00000000000 0.00000000000 0.00000000000 0.00000000000 0.00000000000 0.00000000000 0.00000000000 0.00000000000 0.00000000000 0.00000000000
# logsel_p3_fsh[2]:
 0.00000000000 0.00000000000 0.00000000000 0.00000000000 0.00000000000 0.00000000000 0.00000000000 0.00000000000 0.00000000000 0.00000000000 0.00000000000 0.00000000000 0.00000000000 0.00000000000 0.00000000000 0.00000000000 0.00000000000 0.00000000000 0.00000000000 0.00000000000 0.00000000000 0.00000000000 0.00000000000 0.00000000000 0.00000000000 0.00000000000 0.00000000000 0.00000000000 0.00000000000 0.00000000000 0.00000000000 0.00000000000 0.00000000000 0.00000000000 0.00000000000 0.00000000000 0.00000000000 0.00000000000
# logsel_p3_fsh[3]:
 0.00000000000 0.00000000000
# logsel_p3_fsh[4]:
 0.00000000000 0.00000000000 0.00000000000 0.00000000000 0.00000000000 0.00000000000 0.00000000000 0.00000000000 0.00000000000 0.00000000000 0.00000000000 0.00000000000 0.00000000000 0.00000000000 0.00000000000 0.00000000000 0.00000000000 0.00000000000 0.00000000000 0.00000000000 0.00000000000 0.00000000000 0.00000000000 0.00000000000 0.00000000000 0.00000000000 0.00000000000 0.00000000000 0.00000000000 0.00000000000 0.00000000000 0.00000000000
# rec_dev_future:
 0.00000000000 0.00000000000 0.00000000000 0.00000000000 0.00000000000 0.00000000000 0.00000000000 0.00000000000 0.00000000000 0.00000000000 0.00000000000 0.00000000000 0.00000000000 0.00000000000 0.00000000000 0.00000000000 0.00000000000 0.00000000000 0.00000000000 0.00000000000
 0.00000000000 0.00000000000 0.00000000000 0.00000000000 0.00000000000 0.00000000000 0.00000000000 0.00000000000 0.00000000000 0.00000000000 0.00000000000 0.00000000000 0.00000000000 0.00000000000 0.00000000000 0.00000000000 0.00000000000 0.00000000000 0.00000000000 0.00000000000
# log_q_ind[1]:
0.116764808180
# log_q_ind[2]:
-2.66755224039
# log_q_ind[3]:
-9.43854520267
# log_q_ind[4]:
-0.553331835870
# log_q_ind[5]:
-3.72150234628
# log_q_ind[6]:
-6.14633265068
# log_q_ind[7]:
-1.07884240942
# log_q_power_ind[1]:
0.00000000000
# log_q_power_ind[2]:
0.00000000000
# log_q_power_ind[3]:
0.00000000000
# log_q_power_ind[4]:
0.00000000000
# log_q_power_ind[5]:
0.00000000000
# log_q_power_ind[6]:
0.00000000000
# log_q_power_ind[7]:
0.00000000000
# log_rw_q_ind[1]:
 -0.973543543560
# log_rw_q_ind[3]:
 -0.689298642743
# log_selcoffs_ind[1]:
 -1.71610336434 -0.963596276843 -0.419963265735 -0.0581029023178 0.149054602523 0.259733734900 0.304731705428 0.308463587590 0.293035316937 0.279666163881
 -2.25215917697 -1.50978892256 -0.806767861937 -0.221938871519 0.173636549756 0.381746801593 0.434029597318 0.403329774476 0.340406499338 0.282438932821
# log_selcoffs_ind[2]:
 -0.493311551349 -0.768718581498 -1.14595800283 -1.39825968013 -1.40764675841 -1.12518485274 -0.583797625387 0.124412356262 0.844478476442 1.32827134187
 0.490423105482 -0.0467185997816 -0.483882989328 -0.792531831151 -0.915790818398 -0.802290540573 -0.460867101890 0.0177811032473 0.489012739581 0.795555593796
 1.00226426624 0.439397415200 -0.149052318082 -0.632050937467 -0.887347064657 -0.892563370617 -0.688289825776 -0.354198946606 0.00459630171882 0.262850199691
# log_selcoffs_ind[3]:
 -0.202940821038 0.0202027052767 0.0202027052767 0.0202027052767 0.0202027052767 0.0202027052767 0.0202027052767 0.0202027052767 0.0202027052767 0.0202027052767
# log_selcoffs_ind[4]:
 -0.345032607980 -0.248040348824 -0.159035616679 -0.0923527562725 -0.0394879947605 0.0169514454709 0.0808311033179 0.148521373469 0.210419519182 0.254523095573
 -1.04520601935 -0.822857124430 -0.597434085662 -0.360940061255 -0.128311658871 0.0842339750309 0.262798088704 0.392734168288 0.464158964409 0.483805372496
# log_selcoffs_ind[5]:
 -3.04452005677 -0.669616569639 0.101782682789 0.174353368097 0.174353368097 0.174353368097 0.174353368097 0.174353368097 0.174353368097 0.174353368097
# log_selcoffs_ind[6]:
 -3.04452005677 -0.669616569639 0.101782682789 0.174353368097 0.174353368097 0.174353368097 0.174353368097 0.174353368097 0.174353368097 0.174353368097
# log_selcoffs_ind[7]:
 -3.04452005677 -0.669616569639 0.101782682789 0.174353368097 0.174353368097 0.174353368097 0.174353368097 0.174353368097 0.174353368097 0.174353368097
# logsel_slope_ind[1]:
 0.00000000000 0.00000000000
# logsel_slope_ind[2]:
 0.00000000000 0.00000000000 0.00000000000
# logsel_slope_ind[3]:
 0.00000000000
# logsel_slope_ind[4]:
 0.00000000000 0.00000000000
# logsel_slope_ind[5]:
 0.00000000000
# logsel_slope_ind[6]:
 0.00000000000
# logsel_slope_ind[7]:
 0.00000000000
# sel50_ind[1]:
 0.00000000000 0.00000000000
# sel50_ind[2]:
 0.00000000000 0.00000000000 0.00000000000
# sel50_ind[3]:
 0.00000000000
# sel50_ind[4]:
 0.00000000000 0.00000000000
# sel50_ind[5]:
 0.00000000000
# sel50_ind[6]:
 0.00000000000
# sel50_ind[7]:
 0.00000000000
# logsel_p1_ind[1]:
 0.00000000000 0.00000000000
# logsel_p1_ind[2]:
 0.00000000000 0.00000000000 0.00000000000
# logsel_p1_ind[3]:
 0.00000000000
# logsel_p1_ind[4]:
 0.00000000000 0.00000000000
# logsel_p1_ind[5]:
 0.00000000000
# logsel_p1_ind[6]:
 0.00000000000
# logsel_p1_ind[7]:
 0.00000000000
# sel_p2_ind[1]:
 0.00000000000 0.00000000000
# sel_p2_ind[2]:
 0.00000000000 0.00000000000 0.00000000000
# sel_p2_ind[3]:
 0.00000000000
# sel_p2_ind[4]:
 0.00000000000 0.00000000000
# sel_p2_ind[5]:
 0.00000000000
# sel_p2_ind[6]:
 0.00000000000
# sel_p2_ind[7]:
 0.00000000000
# logsel_p3_ind[1]:
 0.00000000000 0.00000000000
# logsel_p3_ind[2]:
 0.00000000000 0.00000000000 0.00000000000
# logsel_p3_ind[3]:
 0.00000000000
# logsel_p3_ind[4]:
 0.00000000000 0.00000000000
# logsel_p3_ind[5]:
 0.00000000000
# logsel_p3_ind[6]:
 0.00000000000
# logsel_p3_ind[7]:
 0.00000000000
