# Number of parameters = 1366 Objective function value = 982.775525330833  Maximum gradient component = 0.000217083676131036
# Mest[1]:
0.280000000000
# Mest[2]:
0.330000000000
# log_Linf[1]:
4.29810139974
# log_Linf[2]:
4.29810139974
# log_k[1]:
-1.83258146375
# log_k[2]:
-1.83258146375
# log_Lo[1]:
2.60712428251
# log_Lo[2]:
2.60712428251
# log_sdage[1]:
-2.40794560865
# log_sdage[2]:
-2.40794560865
# mean_log_rec[1]:
9.38920566099
# mean_log_rec[2]:
7.94321222307
# mean_log_rec[3]:
7.10713113011
# steepness[1]:
0.650000000000
# steepness[2]:
0.650000000000
# steepness[3]:
0.650000000000
# log_Rzero[1]:
9.23192254953
# log_Rzero[2]:
8.01694200615
# log_Rzero[3]:
7.06734308395
# rec_dev:
 -0.0552831618302 -0.0718130487112 -0.0926529250943 -0.118748044427 -0.151149467753 -0.190849808270 -0.237689077348 -0.290843460839 -0.352430074691 -0.422844071535 -0.496746137428 -0.562823431031 -0.634464176946 -0.711685477423 -0.824058115238 -0.838018642471 -0.593562540988 -0.392241335329 -0.131221281295 0.0899848429849 0.123749353674 0.149948894860 0.245657104327 0.330595977419 0.853777588377 0.674619563485 0.702575291830 1.51186968642 1.40403919991 0.609863051726 0.0754823175459 0.371638355193 0.602042112377 0.699627414100 0.201683418954 0.233093745020 0.00683151023038 0.181563392454 0.304389823045 0.377224229208 0.498965987435 0.586998765233 0.580402404541 0.464218761527 0.00197838147094 -0.538497258208 -0.450961608857 -0.931332721567 -1.68108738972 -0.745516383513 -0.769790058121 -0.838450419563 -0.607338677176 -0.561432535463 -0.483229261052 0.109011700062 -0.0666896143939 0.212249852254 0.551731477746
 -0.000635453744328 -0.000841296443214 -0.00108789499083 -0.00136894523683 -0.00167069807800 -0.00195921174666 -0.00216017588611 -0.00237759335284 -0.00246503095568 -0.00216930051904 -0.00156264337063 0.0371509595765 0.0362833568596 0.0348211673718 0.0327886404998 0.0311017117489 0.0267193596298 -0.00238379497892 0.305814795140 0.0170289746129 -0.0810550284957 -0.199093904551 0.270237282764 0.430232424114 -0.117625910850 -0.884118136337 -0.0281573630242 0.352141944341 0.731553357957 0.466815974494 0.0591548272409 -0.579329762558 -0.0793243602183 -0.0889082418976 -0.456850104002 -0.218994768461 0.410606406508 -0.148374474038 0.0330070305320 -0.187759314544 1.40482905078 0.720939864203 0.455087920368 0.411464784815 -1.02478858943 0.828853703266 0.562570050912 -0.107183221725 -1.81630618977 -1.33391559435 0.996503708240 0.247086623353 -0.482156571101 -0.627526306469 -0.818136274033 -0.373682658603 -0.448015805400 0.671798499312 0.00672853183723
# log_sigmar[1]:
-0.510825623766
# log_sigmar[2]:
-0.510825623766
# log_sigmar[3]:
-0.510825623766
# fmort:
 -4.81905168471 -4.41125790887 -5.14681675535 -4.82832000563 -4.06923698244 -3.75019903793 -3.43365498368 -3.47556978108 -2.84587558996 -2.98558793191 -3.28096445761 -2.90037677618 -2.18030500848 -3.12821339160 -2.27981666833 -2.84880213957 -5.24048291866 -3.94073131917 -4.30025258882 -4.36953279944 -4.39677102529 -4.05523204413 -3.98588007197 -3.81266971034 -4.26238038882 -3.98431129531 -3.53202540527 -4.62209181103 -5.87070723826 -5.26057390236 -4.82045530482 -4.16701564176 -5.02943867866 -4.56270175572 -4.38932067170 -3.83183027399 -3.68900746075 -3.25706912151 -2.84499272965 -3.23463431460 -2.89704950751 -4.77470511486 -5.94501640569 -5.55636635690 -5.66644784976 -5.53406092406 -5.95502676932 -5.56375634226
 -7.20153534806 -6.76491007127 -6.29435357797 -5.69867875767 -5.91357847656 -5.20529457148 -4.69384705000 -4.39102706590 -3.95622317617 -3.75792173425 -3.63628323854 -2.89025745841 -2.65357675065 -2.92557572373 -2.59124934917 -2.22284582270 -2.03109098572 -1.71959288440 -1.53089033975 -1.38483259207 -1.36149536291 -1.11378946742 -0.815721596722 -0.800971556517 -0.574459264360 -0.283921410629 -0.321693622666 -0.362397777440 -0.955504128799 -1.46838532307 -1.91301853130 -1.80109413487 -1.78481865637 -1.89595870919 -1.88609481570 -1.83973103513 -1.73307420554 -1.54509734231 -1.68838184881 -1.36848406858 -1.96587571997 -2.35444290918 -2.65254284853 -2.87184784233 -2.94831527277 -2.80376041170 -2.81865232345 -2.85250341802
 -7.21028283892 -6.54021011867 -5.66262359347 -4.88643515205 -3.71976138936 -4.89511655606 -4.62014372585 -2.03833120325 -1.99044017412 -2.21280632973 -2.01219727613 -1.66624918077 -2.79536908802 -3.36075642250 -3.31998331716 -3.91636811410 -4.35893870236 -4.17279973570 -2.94707383572 -3.05001088515 -2.97354070372 -3.27641020000 -3.63417781484 -3.22441691881 -2.80846785772 -1.42913583997 -0.889423585716 -0.352882475684 -0.0908910007001 -1.38564940816 -1.62533906890 -0.577270371441 -2.49801230719 -2.32717719705 -2.32101112360 -2.88490695159 -2.01127784803 -2.07115337515 -2.06759240999 -2.03017304795 -3.39548670543 -1.86522019923 -2.37660231568 -2.85652665242 -2.61400033547 -3.69645033353 -4.34864816803 -5.18739230406
 -9.67018400352 -9.64302505732 -7.90209230227 -9.56447553104 -9.51192216807 -9.44684712389 -9.32881928301 -8.45874635306 -5.23370203474 -3.09826142610 -3.00988406649 -2.58792656705 -1.83322429430 -1.34707272550 -0.899160032957 -1.00417505438 -1.02085948686 -1.21676126000 -1.49692839141 -1.79154957083 -2.08808347985 -2.73144676719 -5.33619587999 -8.84748708978 -8.63945483876 -8.30100306337 -7.94605938441 -7.66158268437 -7.56874884973 -7.67800357947 -7.09217294146 -5.17391671824 -4.04892363507 -3.50367790458 -2.98632513482 -3.22784828829 -2.81463716548 -2.47565301032 -2.30402085064 -2.05724508898 -2.17132254528 -3.38983622734 -3.81674119208 -3.85214634612 -3.52583706601 -3.46237773816 -4.03153934315 -4.30100640063
# log_selcoffs_fsh[1]:
 -3.49417172995 -1.86169319517 -0.885313389700 0.0432438986099 0.842260814695 0.950411233322 0.318197479778 -0.409027023198 -0.891323761618
 -3.08337219598 -1.43787903865 -0.746297275275 -0.0111232616140 0.719723225633 0.885326944780 0.397987957799 -0.244164810938 -0.685413713329
 -2.76794905725 -1.34215336002 -0.543420021949 0.205235878892 0.700553733346 0.718675312423 0.330828661338 -0.182029819236 -0.553256093791
 -2.37643316478 -1.13108496673 -0.538788647910 0.0497980467412 0.738971259086 0.723483589826 0.292062926486 -0.176742455090 -0.482308244051
 -1.74751598573 -0.251764681843 -0.000129796011450 0.187114248842 0.395405095118 0.435377539778 0.206049558434 -0.118564051638 -0.363570350843
 -1.65577261824 -0.463992887866 0.462278978782 0.629113589749 0.257470093462 0.0802085668130 -0.0759532982816 -0.271890920208 -0.429722867806
 -1.40247995444 -0.342687352483 0.538645232598 0.724123881966 0.266573976881 -0.0752904249845 -0.269782780059 -0.406838660513 -0.502044344782
 -1.03042774394 -0.183182027356 0.584517098496 0.777497659371 0.190898215068 -0.197033079797 -0.416920811454 -0.528184805543 -0.579573404993
 -0.765963942049 0.241391782713 0.483139385715 0.597634679475 0.291066076975 -0.203302924695 -0.499255701680 -0.617910922297 -0.647812007865
 -0.531300941207 0.388128430425 0.578903274561 0.577954201433 0.142426588625 -0.333315364778 -0.622924507924 -0.721612265713 -0.734973859385
 -0.0136560817649 0.929819572725 0.463327076007 0.168807638198 -0.228877625297 -0.560004192144 -0.761879845617 -0.829120554798 -0.829167853698
 0.204956520644 0.881528058726 0.628354053501 0.130058045972 -0.431727401914 -0.729686698297 -0.877654227255 -0.924230075380 -0.915080844972
 -0.0139452786697 1.15766280077 0.656033716924 -0.0969521927532 -0.663143924318 -0.915225584688 -1.01129230812 -1.03238390647 -1.01868796439
 0.238614637965 1.19932620287 0.588624513767 -0.203471376952 -0.803555617746 -1.03729696605 -1.10885808243 -1.11353320523 -1.09437101975
 0.273237357321 1.25183257031 0.567211200497 -0.271172427651 -0.878484847603 -1.11899970076 -1.18885179349 -1.18820715746 -1.16520483324
 -0.118125812032 1.34006782297 0.669362535725 -0.245664459921 -0.926825693848 -1.18707597430 -1.26334097125 -1.26224606597 -1.23687302364
 -0.00800384708768 1.38081816640 0.596975590693 -0.300625310591 -0.974816076331 -1.24179846495 -1.32208093259 -1.32264152337 -1.29569024116
 0.551160227224 1.18166303115 0.630174141362 -0.330286215021 -1.02151379167 -1.28735613785 -1.36769936062 -1.36657813654 -1.33724070474
 0.858796466407 1.16331225094 0.389667407884 -0.448096451857 -1.09110725852 -1.35201378806 -1.42990780128 -1.42362835041 -1.38990168126
 0.603175723556 1.27137235913 0.541985111913 -0.446818913854 -1.15497403308 -1.42330523599 -1.49362746503 -1.47592589419 -1.43480980230
 0.683661487980 1.34754253183 0.372030856403 -0.582818140742 -1.25048852572 -1.50366592935 -1.56319894032 -1.53141486375 -1.48038207736
 0.690560327100 1.33604435760 0.470212655799 -0.661192116716 -1.35529600998 -1.58687861850 -1.62748057575 -1.57896899760 -1.51601644200
 0.866782434346 1.28836594678 0.367777645431 -0.680574252397 -1.39254058357 -1.63653303318 -1.67510914864 -1.61592689235 -1.54195085042
 0.548013182766 1.45607641364 0.370423788646 -0.686625570534 -1.38664237006 -1.64658868164 -1.69829383657 -1.64108025278 -1.56024589070
 0.660148857560 1.37353068770 0.400675490184 -0.588030794477 -1.30110398649 -1.60037890556 -1.67900414759 -1.63422397067 -1.55266634549
 0.705861040436 1.24157274251 0.510288551563 -0.368969822277 -1.17178550063 -1.51124312186 -1.60777288845 -1.58314632295 -1.51399478969
 0.297501764043 1.29908571612 0.626503148302 -0.198302091404 -1.02684992584 -1.37574541952 -1.48735570157 -1.49059440889 -1.45074882502
 0.291745314990 1.30189864582 0.567792342209 -0.259326054194 -0.932670908014 -1.23605834128 -1.34797398880 -1.37789588597 -1.37386728707
 1.08210539918 0.895943491613 0.262984200380 -0.388713780289 -0.874640873020 -1.09637139104 -1.19885813636 -1.24761566173 -1.26970714930
 0.746460882908 1.13128178024 0.282972968629 -0.436486590795 -0.812028432212 -0.957994759053 -1.04743905762 -1.11762726996 -1.16484388531
 0.616952275751 1.16137972668 0.173758626384 -0.411990224831 -0.672709807660 -0.789435594440 -0.881184276601 -0.981103500236 -1.05935889447
 0.611219367419 0.956894687335 0.217585233765 -0.261997064744 -0.456278848067 -0.558464678967 -0.676546216040 -0.824143531338 -0.945628550788
 -0.0187631257266 0.810078359976 0.404311198299 0.0291492505347 -0.112455090053 -0.267582237797 -0.439679038183 -0.668844025551 -0.850392478525
 -0.346531487883 0.581352090785 0.158302312729 0.150610914808 0.236538556441 0.0180659874010 -0.161530419894 -0.537092423325 -0.798570528939
# log_selcoffs_fsh[2]:
 -2.04944021744 -0.117871949758 0.616256711654 0.871698484379 0.565379764547 -0.0190467839419 -0.456602951595 -0.704809880983 -0.805058106546 -0.859234250195
 -2.01858376138 -0.116953633467 -0.103736064832 0.413345800416 0.760245024573 0.521483038611 -0.0217222382050 -0.429950850630 -0.576992217553 -0.597406440988
 -2.52512327718 -0.755753377024 -0.285301118748 0.246660315002 0.724188506132 0.671122651554 0.183997333656 -0.227117731966 -0.360679267094 -0.352068559948
 -2.89806250890 -1.36503829751 -0.532154596478 -0.0106235426985 0.613234042790 0.757992350703 0.299293062327 -0.0403093116899 -0.114902843361 -0.0709614288057
 -2.46530114049 -0.958268216597 -0.934840407472 -0.473502236458 0.293006709028 0.652146772699 0.390382602244 0.195747468739 0.206489359676 0.287255683764
 -2.04651033715 -0.963098350208 -0.795873453921 -0.743890633172 -0.278824273888 0.140450542841 0.318016563660 0.420984011797 0.565769120590 0.691412197990
 -2.72853646053 -1.47534035165 -0.643958476437 -0.539839444829 -0.467416278146 -0.177491629981 0.153860686656 0.458985288317 0.705313317341 0.858945227569
 -3.31772781819 -2.30872767119 -1.52013435928 -0.838850553524 -0.302012230341 0.0589772677605 0.322812037994 0.483688620303 0.715278505151 0.861031400886
 -3.62055497085 -2.59906893053 -1.96150837690 -1.27091734324 -0.478362450098 0.0583538135553 0.445937313348 0.673621237560 0.761967521657 0.757066957734
 -3.71253993469 -2.50526706301 -1.80566475233 -1.31637288872 -0.849224422690 -0.221371942017 0.338252982531 0.834720433354 0.928445623110 0.690672739014
 -3.55373545319 -2.07005920495 -1.35419445889 -0.929940224328 -0.586026755739 -0.328567804013 0.157289360323 0.728057565480 0.928535452039 0.762577857850
 -3.46814005582 -1.98889950993 -1.18732197289 -0.770410992544 -0.426155714013 -0.109278253144 0.389960097161 0.698571208054 0.745810424306 0.651634771301
 -3.12084108119 -1.31907450123 -0.733657782487 -0.404720661293 -0.168715739543 -0.0904054052721 0.275326891177 0.536946871722 0.633254145243 0.626690815026
 -2.69989961386 -0.915483526543 -0.380818405956 -0.217677274036 -0.146278273259 -0.0309231817384 0.210380682295 0.420810657730 0.533648119207 0.558944242703
 -2.30496638836 -0.331181128768 -0.0992116622946 -0.246478662036 -0.336067814327 -0.199540968868 0.111957766936 0.354073851711 0.508812549828 0.562321526705
 -1.93898084601 0.00740207485042 -0.136066661197 -0.310740643417 -0.447032850141 -0.300552367999 0.00864799529710 0.287464814035 0.504052261974 0.623772745267
 -1.45181234924 0.0364184849489 -0.0831239441888 -0.257979519569 -0.437464983832 -0.395753676298 -0.107687101438 0.205188989353 0.488432379893 0.673784917765
 -1.61323103386 0.140357135776 0.225473405891 -0.0535177997837 -0.362157060663 -0.383106480236 -0.157024276947 0.135051931980 0.359586789253 0.494292381604
 -1.82007049552 -0.0404987717868 0.267934658964 0.0472297568412 -0.263657006068 -0.298822476844 -0.0908328041938 0.162398518959 0.342254730201 0.415088291147
 -1.87060309107 -0.299488565559 0.0148478684847 0.0716935811211 -0.148581701827 -0.200893411733 -0.00521830665152 0.244964490800 0.399338759178 0.452570227135
 -1.91521616595 -0.371249218774 0.0498404014203 0.161801213097 -0.0814896985151 -0.214046226845 -0.0519901700734 0.208420334438 0.381180037421 0.445938154646
 -2.06801970087 -0.463720105650 0.0579077681432 0.257933495896 0.0416330943375 -0.112598112637 -0.0142152335556 0.160991025140 0.297780661166 0.369704546968
 -2.30247000239 -0.903467066865 -0.0633480048611 0.379644738014 0.264928287718 0.0432637743686 0.0626980320507 0.149923631206 0.213188569501 0.249064036351
 -2.45893863381 -1.18870045787 -0.358376320743 0.181565292137 0.392355221920 0.234393049441 0.257902159439 0.277245810066 0.208532847084 0.114914286498
 -2.59804965004 -1.02557922923 -0.292687534984 -0.0159446712837 0.260000703719 0.330291787847 0.348961735957 0.365203759909 0.216129385185 0.0474416000818
 -2.80646002333 -1.45535605972 -0.565019955127 0.206000363699 0.485884005753 0.428898275115 0.310573878617 0.272944244412 0.120466455624 -0.0598264676415
 -3.04010847680 -1.33556101554 -0.597244055182 0.307495941044 0.576424180310 0.550946659411 0.375141268766 0.171617674707 -0.105576280593 -0.325683710627
 -3.28454253707 -1.04033943708 -0.447557210582 0.236255461478 0.495378513272 0.435780323930 0.610920556602 0.267558303017 -0.244738709644 -0.537121011584
 -3.49581542509 -1.75710647471 -0.740838367905 0.316507155764 0.665232588772 0.566080390310 0.627527669990 0.113714208709 -0.340778890395 -0.621426496771
 -3.60911450067 -1.78174645384 -0.370102966523 0.404618371663 0.852597721296 0.546443553088 0.256154080677 -0.0790885016898 -0.337917742096 -0.489079405227
 -3.42455457829 -1.35089264194 -0.159694522143 0.506740622305 0.525646687877 0.281972348304 0.201162447325 0.0890468325092 -0.0245840069269 -0.119700961105
 -3.30426567944 -1.42344211346 -0.495128140882 -0.0163440381449 0.346121274482 0.339013182371 0.219056913705 0.312863365803 0.333827197364 0.265002533252
 -2.69990747552 -0.877283998304 -0.659736398489 -0.452216221657 -0.125729322499 0.0934516047308 0.174692991323 0.383914202486 0.611081948506 0.632620917727
 -3.07896361004 -1.11221291290 -0.608311748890 -0.155430967434 0.0159805979898 0.0727289341379 0.158879299559 0.349940642324 0.527276245919 0.614000449338
 -3.15343986875 -1.30699965339 -0.761221964985 -0.465617017228 0.0900000755485 0.204564802871 0.234049395057 0.397166797734 0.546836141922 0.583090683292
# log_selcoffs_fsh[3]:
 -3.86191693028 -1.43871817239 0.687307275617 1.32516490066 -0.167504799196 -2.15613490489 -3.53920538510
 -3.87951748617 -0.449488813224 1.09881414640 0.960122935375 -0.513854791149 -2.28812178094 -3.53634333060
# log_selcoffs_fsh[4]:
 -3.79310937798 -3.16306302171 -2.50822283913 -1.80365010313 -1.04818778153 -0.280131170331 0.419190080200 0.953166800438 1.24362754667
 -3.78492669347 -3.16031515233 -2.51076683417 -1.81003400820 -1.05563481851 -0.285897401044 0.417378161555 0.954466662782 1.24572403742
 -3.76922908501 -3.15515780610 -2.51661397535 -1.82279287439 -1.06893664929 -0.294005524490 0.416664891054 0.956693521350 1.24800217781
 -3.74625671853 -3.14480791922 -2.52359526764 -1.84634068690 -1.09198750933 -0.303689657878 0.418056901841 0.961668298146 1.24893607989
 -3.71398013288 -3.12413967889 -2.52060998676 -1.86444042296 -1.12697671659 -0.325178898533 0.421787321838 0.969824866146 1.24923544096
 -3.67265673764 -3.08631744089 -2.50373301959 -1.87375801763 -1.13844201528 -0.334028927117 0.426080681272 0.977570642351 1.24358110270
 -3.62899290361 -3.04065983187 -2.44542116920 -1.84280180364 -1.13550594655 -0.316295320144 0.452339039184 0.984340949087 1.21860167394
 -3.57099889041 -2.98263442089 -2.38311256237 -1.75379057311 -1.07655167016 -0.298549565406 0.454758532758 0.979446662987 1.20429161321
 -3.49071636473 -2.89879246263 -2.30674055169 -1.67973533726 -0.984529726840 -0.241579831196 0.466297120730 0.960025207579 1.18282435452
 -3.39431358689 -2.77334331173 -2.15719487002 -1.56358899583 -0.918890110109 -0.205112189797 0.459517172354 0.941682828423 1.16870766698
 -3.29296213946 -2.63839901564 -1.97927507315 -1.34717785628 -0.791590805387 -0.201249333355 0.421983074304 0.909841780467 1.16735899072
 -3.19744102302 -2.52894330157 -1.84592663323 -1.16808092451 -0.576776312490 -0.130031810200 0.365212516181 0.853654059995 1.15742902098
 -3.12079951592 -2.44917223648 -1.77420268012 -1.10286038522 -0.486862321408 -0.00311621539002 0.391605453395 0.805549055704 1.11161241057
 -3.04805762598 -2.37934093058 -1.71290484998 -1.06557073159 -0.476432335397 0.0196106366357 0.440796779323 0.812339280666 1.06026926238
 -2.97093139926 -2.30830267507 -1.65255920725 -1.02287996915 -0.448627825115 0.0478733061436 0.468309419805 0.808959124415 1.01805108068
 -2.89266785979 -2.23780690000 -1.59285960783 -0.977818389138 -0.414769836979 0.0757540198849 0.485945612416 0.800468559148 0.980924548340
 -2.81391220838 -2.16699430888 -1.53231503256 -0.931195757899 -0.381825476806 0.0978466896177 0.497181308783 0.792383268015 0.946722610827
 -2.73627380999 -2.09105205995 -1.46155942864 -0.866957341876 -0.326111411250 0.131400271622 0.502245788158 0.767431561837 0.912574075383
 -2.66948648131 -2.02614030823 -1.39381471281 -0.818133010985 -0.284991893981 0.175876410237 0.513481116275 0.751884050942 0.864190917134
 -2.60948104065 -1.97544539828 -1.34189316872 -0.751763462681 -0.256236403873 0.192170814666 0.539153755470 0.734581649561 0.819709927455
 -2.53885514420 -1.92470607713 -1.32055229208 -0.728062526578 -0.206786357556 0.191691738478 0.516515604560 0.726018882190 0.814386490291
 -2.47523536998 -1.88973884846 -1.31528246445 -0.770697161221 -0.231877905547 0.203131963730 0.530728537048 0.733803847032 0.802996698701
 -2.39403286863 -1.86039532288 -1.32547545935 -0.809124089436 -0.319286002602 0.138280597041 0.504091373116 0.750207437413 0.873098515218
 -2.32642861189 -1.84938012444 -1.37210012384 -0.889362967297 -0.408420368273 0.0548657107253 0.460079559817 0.775673341285 0.956732897633
 -2.24665107691 -1.82145660327 -1.39476877828 -0.951518292819 -0.487793859183 -0.0251081734826 0.407149272296 0.787694116020 1.03260741429
 -2.16136853607 -1.78562408513 -1.41984190528 -1.01139026440 -0.568605838543 -0.116723687188 0.345029814383 0.792257455916 1.11025138481
 -2.04938522334 -1.70890781425 -1.43094982509 -1.04465836293 -0.602656147768 -0.186463311473 0.262988147887 0.770857199377 1.18159042956
 -1.94141308797 -1.71821859310 -1.44370095367 -0.950715373083 -0.586918530971 -0.340104261452 0.0975651316784 0.712495055802 1.29344049120
 -1.17512596537 -1.52004608210 -1.39323825168 -1.10569975084 -0.747369466751 -0.410537940659 0.0576217114841 0.707154436436 1.29987520304
# log_sel_spl_fsh[1]:
 0.00000000000 0.00000000000 0.00000000000 0.00000000000
 0.00000000000 0.00000000000 0.00000000000 0.00000000000
 0.00000000000 0.00000000000 0.00000000000 0.00000000000
 0.00000000000 0.00000000000 0.00000000000 0.00000000000
 0.00000000000 0.00000000000 0.00000000000 0.00000000000
 0.00000000000 0.00000000000 0.00000000000 0.00000000000
 0.00000000000 0.00000000000 0.00000000000 0.00000000000
 0.00000000000 0.00000000000 0.00000000000 0.00000000000
 0.00000000000 0.00000000000 0.00000000000 0.00000000000
 0.00000000000 0.00000000000 0.00000000000 0.00000000000
 0.00000000000 0.00000000000 0.00000000000 0.00000000000
 0.00000000000 0.00000000000 0.00000000000 0.00000000000
 0.00000000000 0.00000000000 0.00000000000 0.00000000000
 0.00000000000 0.00000000000 0.00000000000 0.00000000000
 0.00000000000 0.00000000000 0.00000000000 0.00000000000
 0.00000000000 0.00000000000 0.00000000000 0.00000000000
 0.00000000000 0.00000000000 0.00000000000 0.00000000000
 0.00000000000 0.00000000000 0.00000000000 0.00000000000
 0.00000000000 0.00000000000 0.00000000000 0.00000000000
 0.00000000000 0.00000000000 0.00000000000 0.00000000000
 0.00000000000 0.00000000000 0.00000000000 0.00000000000
 0.00000000000 0.00000000000 0.00000000000 0.00000000000
 0.00000000000 0.00000000000 0.00000000000 0.00000000000
 0.00000000000 0.00000000000 0.00000000000 0.00000000000
 0.00000000000 0.00000000000 0.00000000000 0.00000000000
 0.00000000000 0.00000000000 0.00000000000 0.00000000000
 0.00000000000 0.00000000000 0.00000000000 0.00000000000
 0.00000000000 0.00000000000 0.00000000000 0.00000000000
 0.00000000000 0.00000000000 0.00000000000 0.00000000000
 0.00000000000 0.00000000000 0.00000000000 0.00000000000
 0.00000000000 0.00000000000 0.00000000000 0.00000000000
 0.00000000000 0.00000000000 0.00000000000 0.00000000000
 0.00000000000 0.00000000000 0.00000000000 0.00000000000
 0.00000000000 0.00000000000 0.00000000000 0.00000000000
# log_sel_spl_fsh[2]:
 0.00000000000 0.00000000000 0.00000000000 0.00000000000
 0.00000000000 0.00000000000 0.00000000000 0.00000000000
 0.00000000000 0.00000000000 0.00000000000 0.00000000000
 0.00000000000 0.00000000000 0.00000000000 0.00000000000
 0.00000000000 0.00000000000 0.00000000000 0.00000000000
 0.00000000000 0.00000000000 0.00000000000 0.00000000000
 0.00000000000 0.00000000000 0.00000000000 0.00000000000
 0.00000000000 0.00000000000 0.00000000000 0.00000000000
 0.00000000000 0.00000000000 0.00000000000 0.00000000000
 0.00000000000 0.00000000000 0.00000000000 0.00000000000
 0.00000000000 0.00000000000 0.00000000000 0.00000000000
 0.00000000000 0.00000000000 0.00000000000 0.00000000000
 0.00000000000 0.00000000000 0.00000000000 0.00000000000
 0.00000000000 0.00000000000 0.00000000000 0.00000000000
 0.00000000000 0.00000000000 0.00000000000 0.00000000000
 0.00000000000 0.00000000000 0.00000000000 0.00000000000
 0.00000000000 0.00000000000 0.00000000000 0.00000000000
 0.00000000000 0.00000000000 0.00000000000 0.00000000000
 0.00000000000 0.00000000000 0.00000000000 0.00000000000
 0.00000000000 0.00000000000 0.00000000000 0.00000000000
 0.00000000000 0.00000000000 0.00000000000 0.00000000000
 0.00000000000 0.00000000000 0.00000000000 0.00000000000
 0.00000000000 0.00000000000 0.00000000000 0.00000000000
 0.00000000000 0.00000000000 0.00000000000 0.00000000000
 0.00000000000 0.00000000000 0.00000000000 0.00000000000
 0.00000000000 0.00000000000 0.00000000000 0.00000000000
 0.00000000000 0.00000000000 0.00000000000 0.00000000000
 0.00000000000 0.00000000000 0.00000000000 0.00000000000
 0.00000000000 0.00000000000 0.00000000000 0.00000000000
 0.00000000000 0.00000000000 0.00000000000 0.00000000000
 0.00000000000 0.00000000000 0.00000000000 0.00000000000
 0.00000000000 0.00000000000 0.00000000000 0.00000000000
 0.00000000000 0.00000000000 0.00000000000 0.00000000000
 0.00000000000 0.00000000000 0.00000000000 0.00000000000
 0.00000000000 0.00000000000 0.00000000000 0.00000000000
# log_sel_spl_fsh[3]:
 0.00000000000 0.00000000000 0.00000000000 0.00000000000
 0.00000000000 0.00000000000 0.00000000000 0.00000000000
# log_sel_spl_fsh[4]:
 0.00000000000 0.00000000000 0.00000000000 0.00000000000
 0.00000000000 0.00000000000 0.00000000000 0.00000000000
 0.00000000000 0.00000000000 0.00000000000 0.00000000000
 0.00000000000 0.00000000000 0.00000000000 0.00000000000
 0.00000000000 0.00000000000 0.00000000000 0.00000000000
 0.00000000000 0.00000000000 0.00000000000 0.00000000000
 0.00000000000 0.00000000000 0.00000000000 0.00000000000
 0.00000000000 0.00000000000 0.00000000000 0.00000000000
 0.00000000000 0.00000000000 0.00000000000 0.00000000000
 0.00000000000 0.00000000000 0.00000000000 0.00000000000
 0.00000000000 0.00000000000 0.00000000000 0.00000000000
 0.00000000000 0.00000000000 0.00000000000 0.00000000000
 0.00000000000 0.00000000000 0.00000000000 0.00000000000
 0.00000000000 0.00000000000 0.00000000000 0.00000000000
 0.00000000000 0.00000000000 0.00000000000 0.00000000000
 0.00000000000 0.00000000000 0.00000000000 0.00000000000
 0.00000000000 0.00000000000 0.00000000000 0.00000000000
 0.00000000000 0.00000000000 0.00000000000 0.00000000000
 0.00000000000 0.00000000000 0.00000000000 0.00000000000
 0.00000000000 0.00000000000 0.00000000000 0.00000000000
 0.00000000000 0.00000000000 0.00000000000 0.00000000000
 0.00000000000 0.00000000000 0.00000000000 0.00000000000
 0.00000000000 0.00000000000 0.00000000000 0.00000000000
 0.00000000000 0.00000000000 0.00000000000 0.00000000000
 0.00000000000 0.00000000000 0.00000000000 0.00000000000
 0.00000000000 0.00000000000 0.00000000000 0.00000000000
 0.00000000000 0.00000000000 0.00000000000 0.00000000000
 0.00000000000 0.00000000000 0.00000000000 0.00000000000
 0.00000000000 0.00000000000 0.00000000000 0.00000000000
# logsel_slope_fsh[1]:
 0.00000000000 0.00000000000 0.00000000000 0.00000000000 0.00000000000 0.00000000000 0.00000000000 0.00000000000 0.00000000000 0.00000000000 0.00000000000 0.00000000000 0.00000000000 0.00000000000 0.00000000000 0.00000000000 0.00000000000 0.00000000000 0.00000000000 0.00000000000 0.00000000000 0.00000000000 0.00000000000 0.00000000000 0.00000000000 0.00000000000 0.00000000000 0.00000000000 0.00000000000 0.00000000000 0.00000000000 0.00000000000 0.00000000000 0.00000000000
# logsel_slope_fsh[2]:
 0.00000000000 0.00000000000 0.00000000000 0.00000000000 0.00000000000 0.00000000000 0.00000000000 0.00000000000 0.00000000000 0.00000000000 0.00000000000 0.00000000000 0.00000000000 0.00000000000 0.00000000000 0.00000000000 0.00000000000 0.00000000000 0.00000000000 0.00000000000 0.00000000000 0.00000000000 0.00000000000 0.00000000000 0.00000000000 0.00000000000 0.00000000000 0.00000000000 0.00000000000 0.00000000000 0.00000000000 0.00000000000 0.00000000000 0.00000000000 0.00000000000
# logsel_slope_fsh[3]:
 0.00000000000 0.00000000000
# logsel_slope_fsh[4]:
 0.00000000000 0.00000000000 0.00000000000 0.00000000000 0.00000000000 0.00000000000 0.00000000000 0.00000000000 0.00000000000 0.00000000000 0.00000000000 0.00000000000 0.00000000000 0.00000000000 0.00000000000 0.00000000000 0.00000000000 0.00000000000 0.00000000000 0.00000000000 0.00000000000 0.00000000000 0.00000000000 0.00000000000 0.00000000000 0.00000000000 0.00000000000 0.00000000000 0.00000000000
# sel50_fsh[1]:
 0.00000000000 0.00000000000 0.00000000000 0.00000000000 0.00000000000 0.00000000000 0.00000000000 0.00000000000 0.00000000000 0.00000000000 0.00000000000 0.00000000000 0.00000000000 0.00000000000 0.00000000000 0.00000000000 0.00000000000 0.00000000000 0.00000000000 0.00000000000 0.00000000000 0.00000000000 0.00000000000 0.00000000000 0.00000000000 0.00000000000 0.00000000000 0.00000000000 0.00000000000 0.00000000000 0.00000000000 0.00000000000 0.00000000000 0.00000000000
# sel50_fsh[2]:
 0.00000000000 0.00000000000 0.00000000000 0.00000000000 0.00000000000 0.00000000000 0.00000000000 0.00000000000 0.00000000000 0.00000000000 0.00000000000 0.00000000000 0.00000000000 0.00000000000 0.00000000000 0.00000000000 0.00000000000 0.00000000000 0.00000000000 0.00000000000 0.00000000000 0.00000000000 0.00000000000 0.00000000000 0.00000000000 0.00000000000 0.00000000000 0.00000000000 0.00000000000 0.00000000000 0.00000000000 0.00000000000 0.00000000000 0.00000000000 0.00000000000
# sel50_fsh[3]:
 0.00000000000 0.00000000000
# sel50_fsh[4]:
 0.00000000000 0.00000000000 0.00000000000 0.00000000000 0.00000000000 0.00000000000 0.00000000000 0.00000000000 0.00000000000 0.00000000000 0.00000000000 0.00000000000 0.00000000000 0.00000000000 0.00000000000 0.00000000000 0.00000000000 0.00000000000 0.00000000000 0.00000000000 0.00000000000 0.00000000000 0.00000000000 0.00000000000 0.00000000000 0.00000000000 0.00000000000 0.00000000000 0.00000000000
# logsel_p1_fsh[1]:
 0.00000000000 0.00000000000 0.00000000000 0.00000000000 0.00000000000 0.00000000000 0.00000000000 0.00000000000 0.00000000000 0.00000000000 0.00000000000 0.00000000000 0.00000000000 0.00000000000 0.00000000000 0.00000000000 0.00000000000 0.00000000000 0.00000000000 0.00000000000 0.00000000000 0.00000000000 0.00000000000 0.00000000000 0.00000000000 0.00000000000 0.00000000000 0.00000000000 0.00000000000 0.00000000000 0.00000000000 0.00000000000 0.00000000000 0.00000000000
# logsel_p1_fsh[2]:
 0.00000000000 0.00000000000 0.00000000000 0.00000000000 0.00000000000 0.00000000000 0.00000000000 0.00000000000 0.00000000000 0.00000000000 0.00000000000 0.00000000000 0.00000000000 0.00000000000 0.00000000000 0.00000000000 0.00000000000 0.00000000000 0.00000000000 0.00000000000 0.00000000000 0.00000000000 0.00000000000 0.00000000000 0.00000000000 0.00000000000 0.00000000000 0.00000000000 0.00000000000 0.00000000000 0.00000000000 0.00000000000 0.00000000000 0.00000000000 0.00000000000
# logsel_p1_fsh[3]:
 0.00000000000 0.00000000000
# logsel_p1_fsh[4]:
 0.00000000000 0.00000000000 0.00000000000 0.00000000000 0.00000000000 0.00000000000 0.00000000000 0.00000000000 0.00000000000 0.00000000000 0.00000000000 0.00000000000 0.00000000000 0.00000000000 0.00000000000 0.00000000000 0.00000000000 0.00000000000 0.00000000000 0.00000000000 0.00000000000 0.00000000000 0.00000000000 0.00000000000 0.00000000000 0.00000000000 0.00000000000 0.00000000000 0.00000000000
# logsel_p2_fsh[1]:
 0.00000000000 0.00000000000 0.00000000000 0.00000000000 0.00000000000 0.00000000000 0.00000000000 0.00000000000 0.00000000000 0.00000000000 0.00000000000 0.00000000000 0.00000000000 0.00000000000 0.00000000000 0.00000000000 0.00000000000 0.00000000000 0.00000000000 0.00000000000 0.00000000000 0.00000000000 0.00000000000 0.00000000000 0.00000000000 0.00000000000 0.00000000000 0.00000000000 0.00000000000 0.00000000000 0.00000000000 0.00000000000 0.00000000000 0.00000000000
# logsel_p2_fsh[2]:
 0.00000000000 0.00000000000 0.00000000000 0.00000000000 0.00000000000 0.00000000000 0.00000000000 0.00000000000 0.00000000000 0.00000000000 0.00000000000 0.00000000000 0.00000000000 0.00000000000 0.00000000000 0.00000000000 0.00000000000 0.00000000000 0.00000000000 0.00000000000 0.00000000000 0.00000000000 0.00000000000 0.00000000000 0.00000000000 0.00000000000 0.00000000000 0.00000000000 0.00000000000 0.00000000000 0.00000000000 0.00000000000 0.00000000000 0.00000000000 0.00000000000
# logsel_p2_fsh[3]:
 0.00000000000 0.00000000000
# logsel_p2_fsh[4]:
 0.00000000000 0.00000000000 0.00000000000 0.00000000000 0.00000000000 0.00000000000 0.00000000000 0.00000000000 0.00000000000 0.00000000000 0.00000000000 0.00000000000 0.00000000000 0.00000000000 0.00000000000 0.00000000000 0.00000000000 0.00000000000 0.00000000000 0.00000000000 0.00000000000 0.00000000000 0.00000000000 0.00000000000 0.00000000000 0.00000000000 0.00000000000 0.00000000000 0.00000000000
# logsel_p3_fsh[1]:
 0.00000000000 0.00000000000 0.00000000000 0.00000000000 0.00000000000 0.00000000000 0.00000000000 0.00000000000 0.00000000000 0.00000000000 0.00000000000 0.00000000000 0.00000000000 0.00000000000 0.00000000000 0.00000000000 0.00000000000 0.00000000000 0.00000000000 0.00000000000 0.00000000000 0.00000000000 0.00000000000 0.00000000000 0.00000000000 0.00000000000 0.00000000000 0.00000000000 0.00000000000 0.00000000000 0.00000000000 0.00000000000 0.00000000000 0.00000000000
# logsel_p3_fsh[2]:
 0.00000000000 0.00000000000 0.00000000000 0.00000000000 0.00000000000 0.00000000000 0.00000000000 0.00000000000 0.00000000000 0.00000000000 0.00000000000 0.00000000000 0.00000000000 0.00000000000 0.00000000000 0.00000000000 0.00000000000 0.00000000000 0.00000000000 0.00000000000 0.00000000000 0.00000000000 0.00000000000 0.00000000000 0.00000000000 0.00000000000 0.00000000000 0.00000000000 0.00000000000 0.00000000000 0.00000000000 0.00000000000 0.00000000000 0.00000000000 0.00000000000
# logsel_p3_fsh[3]:
 0.00000000000 0.00000000000
# logsel_p3_fsh[4]:
 0.00000000000 0.00000000000 0.00000000000 0.00000000000 0.00000000000 0.00000000000 0.00000000000 0.00000000000 0.00000000000 0.00000000000 0.00000000000 0.00000000000 0.00000000000 0.00000000000 0.00000000000 0.00000000000 0.00000000000 0.00000000000 0.00000000000 0.00000000000 0.00000000000 0.00000000000 0.00000000000 0.00000000000 0.00000000000 0.00000000000 0.00000000000 0.00000000000 0.00000000000
# rec_dev_future:
 0.00000000000 0.00000000000 0.00000000000 0.00000000000 0.00000000000 0.00000000000 0.00000000000 0.00000000000 0.00000000000 0.00000000000 0.00000000000 0.00000000000 0.00000000000 0.00000000000 0.00000000000 0.00000000000 0.00000000000 0.00000000000 0.00000000000 0.00000000000
 0.00000000000 0.00000000000 0.00000000000 0.00000000000 0.00000000000 0.00000000000 0.00000000000 0.00000000000 0.00000000000 0.00000000000 0.00000000000 0.00000000000 0.00000000000 0.00000000000 0.00000000000 0.00000000000 0.00000000000 0.00000000000 0.00000000000 0.00000000000
# log_q_ind[1]:
-0.0909888493558
# log_q_ind[2]:
-3.08176913438
# log_q_ind[3]:
-9.56070967965
# log_q_ind[4]:
-0.792678250653
# log_q_ind[5]:
-3.76131074561
# log_q_ind[6]:
-6.21613738543
# log_q_ind[7]:
-1.05476326856
# log_q_power_ind[1]:
0.00000000000
# log_q_power_ind[2]:
0.00000000000
# log_q_power_ind[3]:
0.00000000000
# log_q_power_ind[4]:
0.00000000000
# log_q_power_ind[5]:
0.00000000000
# log_q_power_ind[6]:
0.00000000000
# log_q_power_ind[7]:
0.00000000000
# log_rw_q_ind[1]:
 -0.967938938822
# log_rw_q_ind[3]:
 -0.787452347580
# log_selcoffs_ind[1]:
 -1.51833498544 -0.795199927550 -0.282542659403 0.0461546419178 0.216884427795 0.286539877128 0.284937143122 0.240119377941 0.182261418605 0.142638588351
 -2.05739751991 -1.31944295713 -0.626303546869 -0.0647340331859 0.288413196629 0.437580556770 0.421787441740 0.323013589983 0.203151532718 0.112040954908
# log_selcoffs_ind[2]:
 -0.138197339692 -0.413838053887 -0.820551539620 -1.12003400671 -1.18098601482 -0.958936541448 -0.496179349326 0.116007194249 0.738131169406 1.15919069537
 0.553513356586 -0.0167043866023 -0.456257233288 -0.739021973160 -0.832882441482 -0.714506128101 -0.403908559281 0.0172915530226 0.429596583744 0.703081730839
 0.833204561266 0.229818582017 -0.282225253526 -0.624883211638 -0.758119072045 -0.689445668159 -0.460904245693 -0.141670024084 0.178376265852 0.396911700242
# log_selcoffs_ind[3]:
 -0.202940821038 0.0202027052767 0.0202027052767 0.0202027052767 0.0202027052767 0.0202027052767 0.0202027052767 0.0202027052767 0.0202027052767 0.0202027052767
# log_selcoffs_ind[4]:
 -0.0873259030435 -0.0628418619777 -0.0406498303354 -0.0331207321863 -0.0318780886440 -0.0201194145726 0.00628388998987 0.0444709035593 0.0859678702191 0.119281276113
 -0.763725732096 -0.585042518926 -0.406959587187 -0.223388319828 -0.0481215474943 0.105419189824 0.227655279854 0.309303729145 0.345930570633 0.347756859478
# log_selcoffs_ind[5]:
 -3.04452005677 -0.669616569639 0.101782682789 0.174353368097 0.174353368097 0.174353368097 0.174353368097 0.174353368097 0.174353368097 0.174353368097
# log_selcoffs_ind[6]:
 -3.04452005677 -0.669616569639 0.101782682789 0.174353368097 0.174353368097 0.174353368097 0.174353368097 0.174353368097 0.174353368097 0.174353368097
# log_selcoffs_ind[7]:
 -3.04452005677 -0.669616569639 0.101782682789 0.174353368097 0.174353368097 0.174353368097 0.174353368097 0.174353368097 0.174353368097 0.174353368097
# logsel_slope_ind[1]:
 0.00000000000 0.00000000000
# logsel_slope_ind[2]:
 0.00000000000 0.00000000000 0.00000000000
# logsel_slope_ind[3]:
 0.00000000000
# logsel_slope_ind[4]:
 0.00000000000 0.00000000000
# logsel_slope_ind[5]:
 0.00000000000
# logsel_slope_ind[6]:
 0.00000000000
# logsel_slope_ind[7]:
 0.00000000000
# sel50_ind[1]:
 0.00000000000 0.00000000000
# sel50_ind[2]:
 0.00000000000 0.00000000000 0.00000000000
# sel50_ind[3]:
 0.00000000000
# sel50_ind[4]:
 0.00000000000 0.00000000000
# sel50_ind[5]:
 0.00000000000
# sel50_ind[6]:
 0.00000000000
# sel50_ind[7]:
 0.00000000000
# logsel_p1_ind[1]:
 0.00000000000 0.00000000000
# logsel_p1_ind[2]:
 0.00000000000 0.00000000000 0.00000000000
# logsel_p1_ind[3]:
 0.00000000000
# logsel_p1_ind[4]:
 0.00000000000 0.00000000000
# logsel_p1_ind[5]:
 0.00000000000
# logsel_p1_ind[6]:
 0.00000000000
# logsel_p1_ind[7]:
 0.00000000000
# sel_p2_ind[1]:
 0.00000000000 0.00000000000
# sel_p2_ind[2]:
 0.00000000000 0.00000000000 0.00000000000
# sel_p2_ind[3]:
 0.00000000000
# sel_p2_ind[4]:
 0.00000000000 0.00000000000
# sel_p2_ind[5]:
 0.00000000000
# sel_p2_ind[6]:
 0.00000000000
# sel_p2_ind[7]:
 0.00000000000
# logsel_p3_ind[1]:
 0.00000000000 0.00000000000
# logsel_p3_ind[2]:
 0.00000000000 0.00000000000 0.00000000000
# logsel_p3_ind[3]:
 0.00000000000
# logsel_p3_ind[4]:
 0.00000000000 0.00000000000
# logsel_p3_ind[5]:
 0.00000000000
# logsel_p3_ind[6]:
 0.00000000000
# logsel_p3_ind[7]:
 0.00000000000
