# Number of parameters = 1322 Objective function value = 1144.12819700065  Maximum gradient component = 0.0171380779926008
# Mest[1]:
0.230000000000
# Mest[2]:
0.330000000000
# log_Linf[1]:
4.30945594184
# log_Linf[2]:
4.38701417618
# log_k[1]:
-1.83258146375
# log_k[2]:
-1.83258146375
# log_Lo[1]:
2.89037175790
# log_Lo[2]:
2.89037175790
# log_sdage[1]:
-2.40794560865
# log_sdage[2]:
-2.40794560865
# mean_log_rec[1]:
9.49870028541
# mean_log_rec[2]:
8.25668337860
# mean_log_rec[3]:
7.41314943681
# steepness[1]:
0.650000000000
# steepness[2]:
0.650000000000
# steepness[3]:
0.650000000000
# log_Rzero[1]:
9.13988759499
# log_Rzero[2]:
8.30651461307
# log_Rzero[3]:
7.40753303488
# rec_dev:
 -0.408997573981 -0.478503600038 -0.554420187673 -0.637616804714 -0.725829589910 -0.815036536083 -0.779823630079 -0.782105037779 -0.541173216983 -0.401263845889 -0.323921019981 -0.218972625641 -0.345923771704 -0.393060312597 -0.423363033570 -0.343585601123 -0.0589614093677 0.257850835032 0.347918291615 0.366560666048 0.463548266823 0.477424924926 0.846181922740 0.858372818262 0.692787431799 1.48255413285 1.61776320682 0.697151198546 0.152033545723 0.383352625514 0.727801268052 0.746792971850 0.529732112768 0.301717791663 0.188170870825 0.241905477811 0.326452320313 0.451332008175 0.588616476854 0.561388923217 0.717149793429 0.643175545641 0.485939325302 -0.175987782834 -0.452068360361 -0.742007658395 -1.49323250695 -0.951257094912 -0.736273015287 -0.661070662775 -0.867593929466 -0.711797425556 -0.442411304702 0.108791599845 0.0723397187499 -0.290225484065 -0.263854016523 -0.258678176791
 -0.000343572884596 -0.000452424025310 -0.000580299172768 -0.000723221457214 -0.000867528251156 -0.000986248689216 -0.00102732506340 -0.000882369493324 -0.000706475666073 -0.000227891215872 0.000576576263647 0.0266649892293 0.0268390929646 0.0267635355865 0.0259831034072 0.0215495554569 0.0114628284472 -0.00384853898963 -0.0591943754921 0.342821940708 -0.0261525631802 -0.149395336439 -0.0437070597677 0.375122992231 -0.0714225176573 -0.283940116289 -0.565434156559 -0.0794341822662 0.353416755614 0.879288727881 0.237248877026 0.196008818176 -0.504237102297 -0.0262416858222 -0.428964111375 -0.621055718729 0.0726500156156 0.192056296186 0.115831221854 -0.0911859929668 0.812466047909 1.44146900713 -0.136778185522 0.840920049672 -0.563884615088 0.00616678354907 0.872586586817 0.183383064232 -1.07454101612 -1.79309398604 -0.235169716729 1.04592337369 -0.494458301107 -0.0395563469159 -1.38996677514 -0.182286463881 0.00501664929994 -0.0812915962264
# log_sigmar[1]:
-0.510825623766
# log_sigmar[2]:
-0.510825623766
# log_sigmar[3]:
-0.510825623766
# fmort:
 0.0113036279530 0.0164951732481 0.00734352159942 0.00898670777996 0.0167968679161 0.0205750971963 0.0255898199305 0.0231981811834 0.0488572888465 0.0434590857142 0.0302718869832 0.0444602447278 0.0897330640826 0.0349053808182 0.0841968676993 0.0519176572022 0.00495398716196 0.0223763577790 0.0168234281133 0.0153278481910 0.0138708047017 0.0194945396764 0.0213259577982 0.0259977404283 0.0156321119794 0.0210047854536 0.0343850694905 0.0127686435401 0.00407651448883 0.00671736929095 0.0104608484953 0.0211894806293 0.00844415190333 0.0124333898555 0.0138648908120 0.0218739410031 0.0277072633478 0.0422107330319 0.0561751053699 0.0498122571915 0.0745736162596 0.0113335332845 0.00409152252841 0.00464191867148 0.00438690451800 0.00568288430046 0.00387807344841
 0.00139598065775 0.00206725578180 0.00302395008896 0.00482341863701 0.00338212817605 0.00613699282399 0.00827048956075 0.0125976914976 0.0218327177767 0.0271652233373 0.0305726908452 0.0620566035224 0.0841544320905 0.0610543776801 0.0769657930458 0.103329900088 0.118177696803 0.168569533671 0.200228186075 0.225797012340 0.226589867152 0.285423283774 0.363228345443 0.360717139640 0.467280876357 0.628667960098 0.613419536648 0.624471574381 0.378257445141 0.239678654212 0.178797583572 0.208075802845 0.211268939879 0.193768546672 0.191771058196 0.194232726954 0.207416044041 0.251890380605 0.217202385220 0.311317024026 0.191158547853 0.131638653108 0.0999419710864 0.0816283149755 0.0737099929570 0.0761099567240 0.0711142809449
 0.000634335913188 0.00123697092067 0.00306330610465 0.00657059532053 0.0210578680672 0.00654719936858 0.00836993243377 0.115663669810 0.122496639662 0.100595203544 0.101520001768 0.139333029906 0.0447497336043 0.0258827054059 0.0295021164766 0.0212934904953 0.0115969187563 0.0131535988652 0.0513648854005 0.0425261851809 0.0370745370368 0.0303723886482 0.0180307728653 0.0309825224056 0.0516475178429 0.246200904878 0.426572519032 0.795833591077 0.709341987177 0.199464322488 0.142947051099 0.470896230416 0.0666169621263 0.0894693866952 0.0720582547363 0.0465914258267 0.123815634155 0.103289143346 0.112086713211 0.132716956044 0.0342734639085 0.172916223140 0.0789545899350 0.0486293950478 0.0504677834408 0.0200922344840 0.00813850008863
 2.13162820728e-13 2.24542606730e-13 0.000568298397826 2.30926389122e-13 2.28705943073e-13 2.24542606730e-13 3.31815636467e-06 0.000226197922936 0.00491760127725 0.0312422765318 0.0292228411209 0.0380330939739 0.0899549531823 0.106905339120 0.145356516276 0.119550747477 0.110445234048 0.108856631004 0.102890611629 0.0798201533489 0.0643112710528 0.0408453070550 0.00347922215428 2.17048601314e-13 2.56183962932e-13 3.60544927247e-13 4.55468995852e-13 6.85562717706e-13 7.96029908656e-13 3.63559949201e-06 0.000674084412433 0.00475897777796 0.0144533072073 0.0279740222990 0.0489280849246 0.0413983807277 0.0625204775376 0.0965059211434 0.126110037558 0.177498435338 0.182823630771 0.0506180600183 0.0332511308491 0.0308802982593 0.0298688161704 0.0325965725453 0.0159797945599
# log_selcoffs_fsh[1]:
 -5.18636810555 -3.97035867413 -2.66143581607 -1.37433642972 -0.366466699078 0.505968561257 1.11892268155 0.920226451535 -0.315392534656
 -4.91764306250 -3.62858995087 -2.26225277687 -1.06521956203 -0.274499253619 0.447173693014 1.00518131478 0.852979979853 0.108398365337
 -4.63254119451 -3.35761050842 -2.07477108247 -0.953209595726 -0.133686478733 0.545039879908 0.903697152192 0.728457968224 0.265610229241
 -4.30310300326 -2.98705916479 -1.81747080197 -0.818092614013 -0.171799260111 0.418393596715 0.896779291303 0.751456533798 0.335673747632
 -4.01292899917 -2.64425552235 -1.26714196684 -0.284111344495 0.184315398951 0.447942908521 0.617285345051 0.570658890695 0.395911493955
 -3.78768276457 -2.51055630314 -1.35150465070 -0.372337033378 0.519815798121 0.711964031667 0.474441682547 0.316681610944 0.222156201496
 -3.55801623039 -2.30390108484 -1.20189311112 -0.277514033687 0.545297396492 0.771804685418 0.474945274021 0.203029945689 0.0875735840348
 -3.32683668200 -1.99763388969 -0.973476477209 -0.119401313296 0.603631619173 0.761524484407 0.402416060750 0.112164523445 -0.0214260668032
 -3.13194118365 -1.76309399652 -0.569547693110 0.144157807152 0.532057012992 0.630624272529 0.409758285929 0.0718373998939 -0.103298200780
 -2.92980041323 -1.44773055835 -0.225188694814 0.213711574471 0.549562957308 0.582777399907 0.309212430612 -0.0338615726670 -0.195650727980
 -2.74249553703 -1.07513653870 0.405800666090 0.466515151443 0.367262408111 0.292361185568 0.0863491263502 -0.148407354885 -0.269478618046
 -2.55987209291 -0.820552057375 0.389103329084 0.515299066751 0.477644748186 0.241383154510 -0.0458427766102 -0.246085614804 -0.341966495635
 -2.44921699852 -0.868683587579 0.411182325997 0.765096764317 0.464664412888 0.0828961415122 -0.204577052264 -0.367094942017 -0.429725105663
 -2.29940444099 -0.775308926498 0.435234367416 0.834737565611 0.439619503626 0.0172126226746 -0.280006960138 -0.433268759617 -0.484601612754
 -2.40471632698 -0.828655906381 0.589513564810 0.853467712751 0.370332755757 -0.0382419158903 -0.325479524353 -0.488383219523 -0.552181475459
 -2.37204523488 -0.858665452020 0.604631592464 0.812330375814 0.425551120865 -0.00312455722535 -0.325358190914 -0.513334639925 -0.595705111278
 -2.19265395608 -0.664630436010 0.735579547043 0.708211273303 0.353959759315 -0.0170679442529 -0.328095289045 -0.525481740324 -0.620771665033
 -1.87874638031 -0.389082106167 0.499396885399 0.781547892701 0.432659110146 -0.0236349079961 -0.345208091290 -0.540415666187 -0.637922384111
 -1.79727595205 -0.372920143940 0.784977609202 0.737982742172 0.251945490463 -0.133782664076 -0.421138972209 -0.605151693530 -0.697428765327
 -1.62118989937 -0.300785388144 0.714937635757 0.759590970355 0.337571568479 -0.141956508758 -0.475739006927 -0.662866120454 -0.745193506818
 -1.51142792644 -0.148787754705 0.851551898899 0.741372447195 0.194266365759 -0.256376436507 -0.570193966574 -0.741872141738 -0.808218975300
 -1.40814202057 -0.152856593770 0.687250165751 0.931521266000 0.274740321712 -0.355764680548 -0.690227869875 -0.833611567399 -0.872809796899
 -1.32699376085 0.122765088354 0.895143163106 0.770663299783 0.0944769307560 -0.452623321768 -0.778200304489 -0.906099104550 -0.924193329479
 -1.48102214905 -0.0804364889021 0.871912215285 0.970655144400 0.0547982953110 -0.541775623022 -0.853693721294 -0.972031648828 -0.976747373745
 -1.59964695612 -0.210856516260 0.868644011891 0.974164510136 0.142179647313 -0.484818369855 -0.834004412411 -0.972665705117 -0.982058895510
 -1.54520326338 -0.00301627146006 0.711202062648 0.872113473738 0.273472936851 -0.288474841444 -0.717311852598 -0.896271519470 -0.913129515127
 -1.67387410019 -0.343131803297 0.603682769770 0.949654725369 0.336569519625 -0.163631005169 -0.594024015749 -0.793878139041 -0.830349694232
 -1.68388973849 -0.298428211124 0.668155232557 0.809504447473 0.309140497927 -0.130684036782 -0.476184057645 -0.658718098981 -0.700123569376
 -1.54511602779 0.267855515435 0.626063588554 0.498638992811 0.158401349879 -0.132840089782 -0.346720746192 -0.479105382303 -0.528887272842
 -1.68442839774 -0.0602791573850 0.546888730207 0.692834459381 0.146353974182 -0.152390515497 -0.277584981218 -0.353737681085 -0.400812964730
 -1.76546953148 -0.174227231695 0.748040641722 0.379673463334 0.0394890578112 -0.0900588666627 -0.138409014740 -0.202791641937 -0.257764952525
 -1.70989069433 -0.239439879144 0.414664269571 0.266780853049 0.111061475520 0.0937332600917 0.0836135257639 -0.00346642779151 -0.0910735758941
 -1.78488706702 -0.844952047841 -0.178941499543 0.298600175710 0.206099399417 0.329562651103 0.372555940270 0.149370719369 -0.0133867483950
# log_selcoffs_fsh[2]:
 -5.91592821710 -3.99467284046 -2.31272754070 -0.941509887066 0.0967975164475 0.563023035568 0.910530258759 0.907163200449 0.243748496278 -0.933177203297
 -5.83730014058 -3.85676964777 -1.84833567471 -0.627892383673 -0.167269622672 0.382382522751 0.872614202820 0.913408903335 0.352675362974 -0.409240271643
 -5.71889175859 -3.93603756012 -2.21032684633 -0.826362165997 -0.141891087484 0.316293914748 0.776666664657 0.877018602145 0.486491969413 -0.0145013859437
 -5.56292699816 -3.88616619154 -2.39393133084 -1.20508360156 -0.362508775806 0.166029228068 0.675028498064 0.886362826253 0.646124423839 0.343346253671
 -5.44193267262 -3.69369118283 -2.07534249493 -1.07127516291 -0.599771378500 -0.142273766876 0.469821623215 0.811763916827 0.791128335222 0.707500459665
 -5.32740522497 -3.71258903798 -2.15782617263 -0.979769424458 -0.410523740477 -0.298811988249 0.0953099085371 0.549891985823 0.866328904616 1.05205297681
 -5.25996901169 -3.81311114405 -2.44810392599 -1.29700774721 -0.421477262692 -0.212126523947 -0.0277110007079 0.356754363072 0.838458522950 1.23367526734
 -5.24206700522 -3.92477144553 -2.70995990020 -1.72042224432 -0.984444545610 -0.471524193105 0.0582985335858 0.476822851475 0.890132639080 1.28793838282
 -5.24133171676 -3.97749936515 -2.80051022226 -1.88589481974 -1.21248328952 -0.646266154499 -0.0273108281903 0.523940398924 0.958755309527 1.30070128665
 -5.21417247440 -3.94224426289 -2.75835233310 -1.77301080571 -1.04287858409 -0.582907194251 -0.153987238222 0.385108258980 0.935071705625 1.37542931731
 -5.22670548354 -3.87034530417 -2.56858051184 -1.49315222320 -0.758103938706 -0.315896144558 0.0101911675324 0.305949677477 0.780761286347 1.36698159345
 -5.30950960248 -3.84165462903 -2.47239576928 -1.31631881535 -0.575736141281 -0.186649454504 0.120435691543 0.406330022851 0.846781791741 1.18407218499
 -5.40012984553 -3.75445419170 -2.16999490460 -0.837775746737 -0.207762203686 0.103011683334 0.277007244522 0.395065193817 0.714145937480 0.977655911712
 -5.48491144450 -3.61850218687 -1.81313461874 -0.517913277770 0.139021763164 0.290097256616 0.312392440178 0.383685461348 0.577632256385 0.745847836040
 -5.52949069100 -3.47339532223 -1.49022020803 -0.0650736708406 0.377947859423 0.338885639599 0.215674325483 0.261235198542 0.457748898514 0.598993548964
 -5.52907936373 -3.30993491236 -1.15479885534 0.121441568209 0.368718553655 0.297284700311 0.176694718891 0.217550285295 0.412347369866 0.574664527827
 -5.51022192479 -3.26471884694 -1.06029778453 0.112290930587 0.377343494577 0.307336637077 0.166977101623 0.189883127013 0.385955625800 0.594705793385
 -5.48587662968 -3.38239963912 -1.32734100030 0.0898505513404 0.429310042946 0.338894536109 0.168808944417 0.181105333759 0.381923653724 0.596398906891
 -5.43979388052 -3.47127273541 -1.56954456904 -0.0979616871852 0.439668424381 0.356739942841 0.183609620622 0.205661566302 0.422058353068 0.649153467617
 -5.36673014402 -3.51575454153 -1.72509208903 -0.337535602145 0.224724145216 0.346213337818 0.219111909919 0.253827164100 0.513213628213 0.790123967784
 -5.32036400043 -3.56512955414 -1.90074939256 -0.573065297335 0.160387591522 0.371030921321 0.259008756691 0.246993065244 0.521139099629 0.863147637605
 -5.31278493594 -3.63590320039 -2.05977881674 -0.771486315213 0.0222508645026 0.368716845709 0.335350559440 0.325410053071 0.556855407761 0.868075245806
 -5.32994379757 -3.69502349484 -2.22665258439 -1.01000455770 -0.187553310055 0.343130391530 0.425100704365 0.420005625872 0.608576734070 0.863031894847
 -5.39160970039 -3.76258004857 -2.28366039459 -1.10550830948 -0.376017437215 0.169901203876 0.488020726669 0.523140512909 0.688558555240 0.858763196616
 -5.46611608811 -3.83793292339 -2.28974472583 -0.977388636335 -0.275681212412 -0.00196317978674 0.340490614222 0.568222489510 0.723746411093 0.918946345629
 -5.57665187682 -3.92220209039 -2.42110632399 -1.13285028636 -0.319813830431 0.224351497618 0.382452230213 0.504721571272 0.691369636948 0.903747526846
 -5.76826118730 -4.10973766317 -2.47650270998 -1.08800398250 -0.267048471053 0.360712222444 0.518667794153 0.517676387048 0.620440237898 0.761689882004
 -5.94130151493 -4.30875000504 -2.62759832147 -0.944395822523 -0.127848614167 0.426142549549 0.539038188803 0.472561064195 0.632009123911 0.647934263329
 -6.10048770474 -4.49648894299 -2.90643879855 -1.42345903911 -0.349321520355 0.586191304829 0.751282648176 0.534422953034 0.578794264250 0.456599849609
 -6.22996409705 -4.63454483773 -3.02726842698 -1.43451035909 -0.168207140976 0.623698603092 0.925930681243 0.545469069444 0.348365178165 0.280855239136
 -6.23633498719 -4.62045024585 -2.94562103070 -1.23859694008 -0.00968770999864 0.560721106315 0.672018014256 0.518734218909 0.466763415179 0.513201705818
 -6.16227966276 -4.48661743589 -2.83167051751 -1.29634105688 -0.291423509720 0.240577964485 0.454110224789 0.551480076609 0.669852825172 0.863085608456
 -6.08228185830 -4.28189148618 -2.42444798491 -0.951949523478 -0.452796536481 -0.0887316208869 0.227537284159 0.408818893425 0.723286414352 1.14317368536
 -6.10166718935 -4.27697110833 -2.48616083838 -1.06058857037 -0.405444218354 0.0541058966935 0.285891210570 0.438243319697 0.684738741046 1.08786652906
# log_selcoffs_fsh[3]:
 -2.46957331977 0.209981985846 1.46929519694 0.143825026366 -1.92665156023 -3.66809628577 -4.63457359471
 -2.54803364441 0.735357983263 1.27825365500 0.0836505037038 -2.08757447689 -3.71872923948 -4.63865901846
# log_selcoffs_fsh[4]:
 -6.24792993096 -5.05075419854 -3.81811555567 -2.50119547038 -1.11671304289 0.156444148857 1.00902240569 1.10906490981 0.480303483696
 -6.23498124114 -5.03473556762 -3.79597729806 -2.44336758685 -1.02409917714 0.226430366618 1.02282584206 1.05515494263 0.479648110443
 -6.19066154350 -4.99259720890 -3.76811848909 -2.46495281068 -1.08985203530 0.161818713398 1.00155550678 1.08255111805 0.528524184601
 -6.10732283814 -4.90509281701 -3.69729367574 -2.45543520619 -1.15344604305 0.0595243102991 0.932709943066 1.11773924952 0.643720214493
 -6.01482567732 -4.79235301825 -3.57988566072 -2.37445275560 -1.12917005315 0.0499262828925 0.877358460853 1.08900099378 0.750463592978
 -5.92368317623 -4.71913883294 -3.50092759774 -2.27804817989 -1.11181824582 -0.0335422037047 0.811283066383 1.09928384585 0.835932612917
 -5.81268755915 -4.63232773475 -3.42368774773 -2.18016752238 -1.02927902691 -0.00586079518572 0.762529978801 1.05572629408 0.905225128294
 -5.68116059657 -4.49970155346 -3.34448933155 -2.14221163701 -0.987364854601 -0.0208730317186 0.735677328549 1.03931524093 0.942632404182
 -5.55067820408 -4.31588337258 -3.19604725994 -2.14955618073 -1.07024765685 -0.0549588075312 0.723800883500 1.04100828129 0.971356544040
 -5.42300534665 -4.17197293294 -2.98551319480 -1.92138923516 -0.985824615940 -0.0833914344013 0.641018683456 1.01170610389 1.04430456692
 -5.32747885321 -4.04986114402 -2.84021120946 -1.75316231814 -0.802978130016 -0.0121502217495 0.602572202837 0.941483256680 1.07143674356
 -5.26295904156 -3.92928991098 -2.68768197006 -1.61238836754 -0.682825887035 0.0803795116304 0.588246172417 0.894977096473 1.05456308031
 -5.21095461374 -3.77660251904 -2.45760029386 -1.40600913259 -0.608978985721 0.0776302512566 0.587555294329 0.864980110879 1.04440668998
 -5.16147342888 -3.58968470584 -2.08366984542 -1.01626480793 -0.415660133868 0.0428816419398 0.453524183765 0.820463481120 1.07538546804
 -5.12199177831 -3.45766723147 -1.85014567698 -0.691841730688 -0.162079545648 0.0673169152638 0.335821919537 0.727895356184 1.06981817305
 -5.07833020505 -3.36380769424 -1.65696514149 -0.457566086876 -0.0884639018515 0.0462945585124 0.273096832964 0.668977172430 1.06699829995
 -5.06641035294 -3.38178571061 -1.71629916869 -0.483887417707 -0.0932902343365 0.0957946120297 0.316331002127 0.656220088228 1.04821563855
 -5.07593267814 -3.52921614274 -2.11756526967 -1.04708696036 -0.309620579948 0.276437752931 0.549327304234 0.705598669662 0.987251437444
 -5.04996681870 -3.62213723099 -2.33921098189 -1.34627689923 -0.569239220713 0.106864544282 0.549164097563 0.832838375013 1.06466680629
 -5.04418741302 -3.68603365350 -2.47551224671 -1.53341223436 -0.815575254280 -0.125368696473 0.505352216526 0.916922113079 1.15840815100
 -5.05891137153 -3.70523356093 -2.49457033168 -1.63568671060 -0.981403255454 -0.353327597496 0.350445461757 0.982799400561 1.25929744791
 -5.07522131400 -3.67441153906 -2.30010086196 -1.55717465418 -1.05945019961 -0.422696173126 0.233756792806 0.862231891910 1.39220297464
 -5.13016870375 -3.82114453309 -2.62565694952 -1.74135151303 -1.10120121483 -0.406789087548 0.227760517377 0.842654614999 1.42261215226
 -5.14852311835 -3.87841048138 -2.71838154285 -1.81017209707 -1.16444438539 -0.546697810378 0.100857610809 0.818872252397 1.49937457579
 -5.22795848329 -3.93648840501 -2.68045577272 -1.60715195607 -0.912121582604 -0.343386967398 0.188480024921 0.818678452612 1.41589688564
 -5.20162358183 -3.82308735799 -2.42020714783 -1.48840341493 -0.907973429624 -0.380945194673 0.119459763005 0.763054052454 1.45855353628
 -5.20092569497 -3.82915782581 -2.52583589742 -1.57077768382 -0.926518019587 -0.360804382933 0.209316593593 0.817149682938 1.40975886501
 -5.19100645497 -3.83341503336 -2.58870064265 -1.62568427318 -0.934050614119 -0.354628341200 0.236066138315 0.864630282783 1.37778938702
# log_sel_spl_fsh[1]:
 0.00000000000 0.00000000000 0.00000000000 0.00000000000
 0.00000000000 0.00000000000 0.00000000000 0.00000000000
 0.00000000000 0.00000000000 0.00000000000 0.00000000000
 0.00000000000 0.00000000000 0.00000000000 0.00000000000
 0.00000000000 0.00000000000 0.00000000000 0.00000000000
 0.00000000000 0.00000000000 0.00000000000 0.00000000000
 0.00000000000 0.00000000000 0.00000000000 0.00000000000
 0.00000000000 0.00000000000 0.00000000000 0.00000000000
 0.00000000000 0.00000000000 0.00000000000 0.00000000000
 0.00000000000 0.00000000000 0.00000000000 0.00000000000
 0.00000000000 0.00000000000 0.00000000000 0.00000000000
 0.00000000000 0.00000000000 0.00000000000 0.00000000000
 0.00000000000 0.00000000000 0.00000000000 0.00000000000
 0.00000000000 0.00000000000 0.00000000000 0.00000000000
 0.00000000000 0.00000000000 0.00000000000 0.00000000000
 0.00000000000 0.00000000000 0.00000000000 0.00000000000
 0.00000000000 0.00000000000 0.00000000000 0.00000000000
 0.00000000000 0.00000000000 0.00000000000 0.00000000000
 0.00000000000 0.00000000000 0.00000000000 0.00000000000
 0.00000000000 0.00000000000 0.00000000000 0.00000000000
 0.00000000000 0.00000000000 0.00000000000 0.00000000000
 0.00000000000 0.00000000000 0.00000000000 0.00000000000
 0.00000000000 0.00000000000 0.00000000000 0.00000000000
 0.00000000000 0.00000000000 0.00000000000 0.00000000000
 0.00000000000 0.00000000000 0.00000000000 0.00000000000
 0.00000000000 0.00000000000 0.00000000000 0.00000000000
 0.00000000000 0.00000000000 0.00000000000 0.00000000000
 0.00000000000 0.00000000000 0.00000000000 0.00000000000
 0.00000000000 0.00000000000 0.00000000000 0.00000000000
 0.00000000000 0.00000000000 0.00000000000 0.00000000000
 0.00000000000 0.00000000000 0.00000000000 0.00000000000
 0.00000000000 0.00000000000 0.00000000000 0.00000000000
 0.00000000000 0.00000000000 0.00000000000 0.00000000000
# log_sel_spl_fsh[2]:
 0.00000000000 0.00000000000 0.00000000000 0.00000000000
 0.00000000000 0.00000000000 0.00000000000 0.00000000000
 0.00000000000 0.00000000000 0.00000000000 0.00000000000
 0.00000000000 0.00000000000 0.00000000000 0.00000000000
 0.00000000000 0.00000000000 0.00000000000 0.00000000000
 0.00000000000 0.00000000000 0.00000000000 0.00000000000
 0.00000000000 0.00000000000 0.00000000000 0.00000000000
 0.00000000000 0.00000000000 0.00000000000 0.00000000000
 0.00000000000 0.00000000000 0.00000000000 0.00000000000
 0.00000000000 0.00000000000 0.00000000000 0.00000000000
 0.00000000000 0.00000000000 0.00000000000 0.00000000000
 0.00000000000 0.00000000000 0.00000000000 0.00000000000
 0.00000000000 0.00000000000 0.00000000000 0.00000000000
 0.00000000000 0.00000000000 0.00000000000 0.00000000000
 0.00000000000 0.00000000000 0.00000000000 0.00000000000
 0.00000000000 0.00000000000 0.00000000000 0.00000000000
 0.00000000000 0.00000000000 0.00000000000 0.00000000000
 0.00000000000 0.00000000000 0.00000000000 0.00000000000
 0.00000000000 0.00000000000 0.00000000000 0.00000000000
 0.00000000000 0.00000000000 0.00000000000 0.00000000000
 0.00000000000 0.00000000000 0.00000000000 0.00000000000
 0.00000000000 0.00000000000 0.00000000000 0.00000000000
 0.00000000000 0.00000000000 0.00000000000 0.00000000000
 0.00000000000 0.00000000000 0.00000000000 0.00000000000
 0.00000000000 0.00000000000 0.00000000000 0.00000000000
 0.00000000000 0.00000000000 0.00000000000 0.00000000000
 0.00000000000 0.00000000000 0.00000000000 0.00000000000
 0.00000000000 0.00000000000 0.00000000000 0.00000000000
 0.00000000000 0.00000000000 0.00000000000 0.00000000000
 0.00000000000 0.00000000000 0.00000000000 0.00000000000
 0.00000000000 0.00000000000 0.00000000000 0.00000000000
 0.00000000000 0.00000000000 0.00000000000 0.00000000000
 0.00000000000 0.00000000000 0.00000000000 0.00000000000
 0.00000000000 0.00000000000 0.00000000000 0.00000000000
# log_sel_spl_fsh[3]:
 0.00000000000 0.00000000000 0.00000000000 0.00000000000
 0.00000000000 0.00000000000 0.00000000000 0.00000000000
# log_sel_spl_fsh[4]:
 0.00000000000 0.00000000000 0.00000000000 0.00000000000
 0.00000000000 0.00000000000 0.00000000000 0.00000000000
 0.00000000000 0.00000000000 0.00000000000 0.00000000000
 0.00000000000 0.00000000000 0.00000000000 0.00000000000
 0.00000000000 0.00000000000 0.00000000000 0.00000000000
 0.00000000000 0.00000000000 0.00000000000 0.00000000000
 0.00000000000 0.00000000000 0.00000000000 0.00000000000
 0.00000000000 0.00000000000 0.00000000000 0.00000000000
 0.00000000000 0.00000000000 0.00000000000 0.00000000000
 0.00000000000 0.00000000000 0.00000000000 0.00000000000
 0.00000000000 0.00000000000 0.00000000000 0.00000000000
 0.00000000000 0.00000000000 0.00000000000 0.00000000000
 0.00000000000 0.00000000000 0.00000000000 0.00000000000
 0.00000000000 0.00000000000 0.00000000000 0.00000000000
 0.00000000000 0.00000000000 0.00000000000 0.00000000000
 0.00000000000 0.00000000000 0.00000000000 0.00000000000
 0.00000000000 0.00000000000 0.00000000000 0.00000000000
 0.00000000000 0.00000000000 0.00000000000 0.00000000000
 0.00000000000 0.00000000000 0.00000000000 0.00000000000
 0.00000000000 0.00000000000 0.00000000000 0.00000000000
 0.00000000000 0.00000000000 0.00000000000 0.00000000000
 0.00000000000 0.00000000000 0.00000000000 0.00000000000
 0.00000000000 0.00000000000 0.00000000000 0.00000000000
 0.00000000000 0.00000000000 0.00000000000 0.00000000000
 0.00000000000 0.00000000000 0.00000000000 0.00000000000
 0.00000000000 0.00000000000 0.00000000000 0.00000000000
 0.00000000000 0.00000000000 0.00000000000 0.00000000000
 0.00000000000 0.00000000000 0.00000000000 0.00000000000
# logsel_slope_fsh[1]:
 0.00000000000 0.00000000000 0.00000000000 0.00000000000 0.00000000000 0.00000000000 0.00000000000 0.00000000000 0.00000000000 0.00000000000 0.00000000000 0.00000000000 0.00000000000 0.00000000000 0.00000000000 0.00000000000 0.00000000000 0.00000000000 0.00000000000 0.00000000000 0.00000000000 0.00000000000 0.00000000000 0.00000000000 0.00000000000 0.00000000000 0.00000000000 0.00000000000 0.00000000000 0.00000000000 0.00000000000 0.00000000000 0.00000000000
# logsel_slope_fsh[2]:
 0.00000000000 0.00000000000 0.00000000000 0.00000000000 0.00000000000 0.00000000000 0.00000000000 0.00000000000 0.00000000000 0.00000000000 0.00000000000 0.00000000000 0.00000000000 0.00000000000 0.00000000000 0.00000000000 0.00000000000 0.00000000000 0.00000000000 0.00000000000 0.00000000000 0.00000000000 0.00000000000 0.00000000000 0.00000000000 0.00000000000 0.00000000000 0.00000000000 0.00000000000 0.00000000000 0.00000000000 0.00000000000 0.00000000000 0.00000000000
# logsel_slope_fsh[3]:
 0.00000000000 0.00000000000
# logsel_slope_fsh[4]:
 0.00000000000 0.00000000000 0.00000000000 0.00000000000 0.00000000000 0.00000000000 0.00000000000 0.00000000000 0.00000000000 0.00000000000 0.00000000000 0.00000000000 0.00000000000 0.00000000000 0.00000000000 0.00000000000 0.00000000000 0.00000000000 0.00000000000 0.00000000000 0.00000000000 0.00000000000 0.00000000000 0.00000000000 0.00000000000 0.00000000000 0.00000000000 0.00000000000
# sel50_fsh[1]:
 0.00000000000 0.00000000000 0.00000000000 0.00000000000 0.00000000000 0.00000000000 0.00000000000 0.00000000000 0.00000000000 0.00000000000 0.00000000000 0.00000000000 0.00000000000 0.00000000000 0.00000000000 0.00000000000 0.00000000000 0.00000000000 0.00000000000 0.00000000000 0.00000000000 0.00000000000 0.00000000000 0.00000000000 0.00000000000 0.00000000000 0.00000000000 0.00000000000 0.00000000000 0.00000000000 0.00000000000 0.00000000000 0.00000000000
# sel50_fsh[2]:
 0.00000000000 0.00000000000 0.00000000000 0.00000000000 0.00000000000 0.00000000000 0.00000000000 0.00000000000 0.00000000000 0.00000000000 0.00000000000 0.00000000000 0.00000000000 0.00000000000 0.00000000000 0.00000000000 0.00000000000 0.00000000000 0.00000000000 0.00000000000 0.00000000000 0.00000000000 0.00000000000 0.00000000000 0.00000000000 0.00000000000 0.00000000000 0.00000000000 0.00000000000 0.00000000000 0.00000000000 0.00000000000 0.00000000000 0.00000000000
# sel50_fsh[3]:
 0.00000000000 0.00000000000
# sel50_fsh[4]:
 0.00000000000 0.00000000000 0.00000000000 0.00000000000 0.00000000000 0.00000000000 0.00000000000 0.00000000000 0.00000000000 0.00000000000 0.00000000000 0.00000000000 0.00000000000 0.00000000000 0.00000000000 0.00000000000 0.00000000000 0.00000000000 0.00000000000 0.00000000000 0.00000000000 0.00000000000 0.00000000000 0.00000000000 0.00000000000 0.00000000000 0.00000000000 0.00000000000
# logsel_p1_fsh[1]:
 0.00000000000 0.00000000000 0.00000000000 0.00000000000 0.00000000000 0.00000000000 0.00000000000 0.00000000000 0.00000000000 0.00000000000 0.00000000000 0.00000000000 0.00000000000 0.00000000000 0.00000000000 0.00000000000 0.00000000000 0.00000000000 0.00000000000 0.00000000000 0.00000000000 0.00000000000 0.00000000000 0.00000000000 0.00000000000 0.00000000000 0.00000000000 0.00000000000 0.00000000000 0.00000000000 0.00000000000 0.00000000000 0.00000000000
# logsel_p1_fsh[2]:
 0.00000000000 0.00000000000 0.00000000000 0.00000000000 0.00000000000 0.00000000000 0.00000000000 0.00000000000 0.00000000000 0.00000000000 0.00000000000 0.00000000000 0.00000000000 0.00000000000 0.00000000000 0.00000000000 0.00000000000 0.00000000000 0.00000000000 0.00000000000 0.00000000000 0.00000000000 0.00000000000 0.00000000000 0.00000000000 0.00000000000 0.00000000000 0.00000000000 0.00000000000 0.00000000000 0.00000000000 0.00000000000 0.00000000000 0.00000000000
# logsel_p1_fsh[3]:
 0.00000000000 0.00000000000
# logsel_p1_fsh[4]:
 0.00000000000 0.00000000000 0.00000000000 0.00000000000 0.00000000000 0.00000000000 0.00000000000 0.00000000000 0.00000000000 0.00000000000 0.00000000000 0.00000000000 0.00000000000 0.00000000000 0.00000000000 0.00000000000 0.00000000000 0.00000000000 0.00000000000 0.00000000000 0.00000000000 0.00000000000 0.00000000000 0.00000000000 0.00000000000 0.00000000000 0.00000000000 0.00000000000
# sel_p2_fsh[1]:
 0.00000000000 0.00000000000 0.00000000000 0.00000000000 0.00000000000 0.00000000000 0.00000000000 0.00000000000 0.00000000000 0.00000000000 0.00000000000 0.00000000000 0.00000000000 0.00000000000 0.00000000000 0.00000000000 0.00000000000 0.00000000000 0.00000000000 0.00000000000 0.00000000000 0.00000000000 0.00000000000 0.00000000000 0.00000000000 0.00000000000 0.00000000000 0.00000000000 0.00000000000 0.00000000000 0.00000000000 0.00000000000 0.00000000000
# sel_p2_fsh[2]:
 0.00000000000 0.00000000000 0.00000000000 0.00000000000 0.00000000000 0.00000000000 0.00000000000 0.00000000000 0.00000000000 0.00000000000 0.00000000000 0.00000000000 0.00000000000 0.00000000000 0.00000000000 0.00000000000 0.00000000000 0.00000000000 0.00000000000 0.00000000000 0.00000000000 0.00000000000 0.00000000000 0.00000000000 0.00000000000 0.00000000000 0.00000000000 0.00000000000 0.00000000000 0.00000000000 0.00000000000 0.00000000000 0.00000000000 0.00000000000
# sel_p2_fsh[3]:
 0.00000000000 0.00000000000
# sel_p2_fsh[4]:
 0.00000000000 0.00000000000 0.00000000000 0.00000000000 0.00000000000 0.00000000000 0.00000000000 0.00000000000 0.00000000000 0.00000000000 0.00000000000 0.00000000000 0.00000000000 0.00000000000 0.00000000000 0.00000000000 0.00000000000 0.00000000000 0.00000000000 0.00000000000 0.00000000000 0.00000000000 0.00000000000 0.00000000000 0.00000000000 0.00000000000 0.00000000000 0.00000000000
# logsel_p3_fsh[1]:
 0.00000000000 0.00000000000 0.00000000000 0.00000000000 0.00000000000 0.00000000000 0.00000000000 0.00000000000 0.00000000000 0.00000000000 0.00000000000 0.00000000000 0.00000000000 0.00000000000 0.00000000000 0.00000000000 0.00000000000 0.00000000000 0.00000000000 0.00000000000 0.00000000000 0.00000000000 0.00000000000 0.00000000000 0.00000000000 0.00000000000 0.00000000000 0.00000000000 0.00000000000 0.00000000000 0.00000000000 0.00000000000 0.00000000000
# logsel_p3_fsh[2]:
 0.00000000000 0.00000000000 0.00000000000 0.00000000000 0.00000000000 0.00000000000 0.00000000000 0.00000000000 0.00000000000 0.00000000000 0.00000000000 0.00000000000 0.00000000000 0.00000000000 0.00000000000 0.00000000000 0.00000000000 0.00000000000 0.00000000000 0.00000000000 0.00000000000 0.00000000000 0.00000000000 0.00000000000 0.00000000000 0.00000000000 0.00000000000 0.00000000000 0.00000000000 0.00000000000 0.00000000000 0.00000000000 0.00000000000 0.00000000000
# logsel_p3_fsh[3]:
 0.00000000000 0.00000000000
# logsel_p3_fsh[4]:
 0.00000000000 0.00000000000 0.00000000000 0.00000000000 0.00000000000 0.00000000000 0.00000000000 0.00000000000 0.00000000000 0.00000000000 0.00000000000 0.00000000000 0.00000000000 0.00000000000 0.00000000000 0.00000000000 0.00000000000 0.00000000000 0.00000000000 0.00000000000 0.00000000000 0.00000000000 0.00000000000 0.00000000000 0.00000000000 0.00000000000 0.00000000000 0.00000000000
# rec_dev_future:
 0.00000000000 0.00000000000 0.00000000000 0.00000000000 0.00000000000 0.00000000000 0.00000000000 0.00000000000 0.00000000000 0.00000000000 0.00000000000 0.00000000000 0.00000000000 0.00000000000 0.00000000000 0.00000000000 0.00000000000 0.00000000000 0.00000000000 0.00000000000
 0.00000000000 0.00000000000 0.00000000000 0.00000000000 0.00000000000 0.00000000000 0.00000000000 0.00000000000 0.00000000000 0.00000000000 0.00000000000 0.00000000000 0.00000000000 0.00000000000 0.00000000000 0.00000000000 0.00000000000 0.00000000000 0.00000000000 0.00000000000
# log_q_ind[1]:
-0.0502025396435
# log_q_ind[2]:
-3.33290614189
# log_q_ind[3]:
-9.54765357494
# log_q_ind[4]:
-0.725162804787
# log_q_ind[5]:
-3.90784323567
# log_q_ind[6]:
-6.25901012799
# log_q_ind[7]:
-0.574533945305
# log_q_power_ind[1]:
0.00000000000
# log_q_power_ind[2]:
0.00000000000
# log_q_power_ind[3]:
0.00000000000
# log_q_power_ind[4]:
0.00000000000
# log_q_power_ind[5]:
0.00000000000
# log_q_power_ind[6]:
0.00000000000
# log_q_power_ind[7]:
0.00000000000
# log_rw_q_ind[1]:
 -1.06921461546
# log_rw_q_ind[3]:
 -0.292565492666
# log_selcoffs_ind[1]:
 -3.27498572280 -2.11821407243 -1.01448363533 -0.166015023301 0.299158711138 0.473746199975 0.457906151955 0.369109796120 0.294689832408 0.268249582111
 -3.32027932475 -2.40061666053 -1.50059200604 -0.667836530728 0.00405925850719 0.416977106145 0.574737186251 0.547332291944 0.469152128655 0.413438468785
# log_selcoffs_ind[2]:
 -1.12342315543 -0.390023574367 0.136315206471 0.365148609299 0.289318856409 0.128934909188 0.0173855022841 -0.0191407657429 -0.0268406442720 -0.0348041983428
 -1.00431748748 -0.342611097701 0.0535300343805 0.310470817475 0.364499350850 0.253902739984 0.0839071368309 -0.0547376563749 -0.128725378226 -0.148014144841
# log_selcoffs_ind[3]:
 -0.202940821038 0.0202027052767 0.0202027052767 0.0202027052767 0.0202027052767 0.0202027052767 0.0202027052767 0.0202027052767 0.0202027052767 0.0202027052767
# log_selcoffs_ind[4]:
 -2.50313696575 -1.49470584627 -0.636278493101 -0.106145431214 0.0910761928273 0.189650473231 0.278729389973 0.369126394117 0.444105887443 0.491098372955
 -3.15932704209 -2.27009337741 -1.40574751664 -0.672248165812 -0.146825400666 0.211758999620 0.449705133219 0.580914357190 0.607449505036 0.592187993435
# log_selcoffs_ind[5]:
 -3.04452005677 -0.669616569639 0.101782682789 0.174353368097 0.174353368097 0.174353368097 0.174353368097 0.174353368097 0.174353368097 0.174353368097
# log_selcoffs_ind[6]:
 -3.04452005677 -0.669616569639 0.101782682789 0.174353368097 0.174353368097 0.174353368097 0.174353368097 0.174353368097 0.174353368097 0.174353368097
# log_selcoffs_ind[7]:
 -3.04452005677 -0.669616569639 0.101782682789 0.174353368097 0.174353368097 0.174353368097 0.174353368097 0.174353368097 0.174353368097 0.174353368097
# logsel_slope_ind[1]:
 0.00000000000 0.00000000000
# logsel_slope_ind[2]:
 0.00000000000 0.00000000000
# logsel_slope_ind[3]:
 0.00000000000
# logsel_slope_ind[4]:
 0.00000000000 0.00000000000
# logsel_slope_ind[5]:
 0.00000000000
# logsel_slope_ind[6]:
 0.00000000000
# logsel_slope_ind[7]:
 0.00000000000
# sel50_ind[1]:
 0.00000000000 0.00000000000
# sel50_ind[2]:
 0.00000000000 0.00000000000
# sel50_ind[3]:
 0.00000000000
# sel50_ind[4]:
 0.00000000000 0.00000000000
# sel50_ind[5]:
 0.00000000000
# sel50_ind[6]:
 0.00000000000
# sel50_ind[7]:
 0.00000000000
# logsel_p1_ind[1]:
 0.00000000000 0.00000000000
# logsel_p1_ind[2]:
 0.00000000000 0.00000000000
# logsel_p1_ind[3]:
 0.00000000000
# logsel_p1_ind[4]:
 0.00000000000 0.00000000000
# logsel_p1_ind[5]:
 0.00000000000
# logsel_p1_ind[6]:
 0.00000000000
# logsel_p1_ind[7]:
 0.00000000000
# sel_p2_ind[1]:
 0.00000000000 0.00000000000
# sel_p2_ind[2]:
 0.00000000000 0.00000000000
# sel_p2_ind[3]:
 0.00000000000
# sel_p2_ind[4]:
 0.00000000000 0.00000000000
# sel_p2_ind[5]:
 0.00000000000
# sel_p2_ind[6]:
 0.00000000000
# sel_p2_ind[7]:
 0.00000000000
# logsel_p3_ind[1]:
 0.00000000000 0.00000000000
# logsel_p3_ind[2]:
 0.00000000000 0.00000000000
# logsel_p3_ind[3]:
 0.00000000000
# logsel_p3_ind[4]:
 0.00000000000 0.00000000000
# logsel_p3_ind[5]:
 0.00000000000
# logsel_p3_ind[6]:
 0.00000000000
# logsel_p3_ind[7]:
 0.00000000000
