# Number of parameters = 1580 Objective function value = 1128.28513311983  Maximum gradient component = 0.000205183534245714
# Mest[1]:
0.280000000000
# Mest[2]:
0.330000000000
# log_Linf[1]:
4.29810139974
# log_Linf[2]:
4.29810139974
# log_k[1]:
-1.83258146375
# log_k[2]:
-1.83258146375
# log_Lo[1]:
2.60712428251
# log_Lo[2]:
2.60712428251
# log_sdage[1]:
-2.40794560865
# log_sdage[2]:
-2.40794560865
# mean_log_rec[1]:
9.30128551086
# mean_log_rec[2]:
7.57524774252
# mean_log_rec[3]:
7.10419872869
# steepness[1]:
0.650000000000
# steepness[2]:
0.650000000000
# steepness[3]:
0.650000000000
# log_Rzero[1]:
9.48740210604
# log_Rzero[2]:
7.70976123233
# log_Rzero[3]:
6.56830326942
# rec_dev:
 -0.0412294337804 -0.0537756561296 -0.0697349028099 -0.0899255940665 -0.115312188076 -0.146876303170 -0.184711991892 -0.228315011744 -0.279689658696 -0.339678583211 -0.404704869976 -0.462664319069 -0.527414382469 -0.600049548568 -0.711449490996 -0.723282909578 -0.481417772536 -0.297054516867 -0.0442595234324 0.170998986503 0.196857559457 0.211263164849 0.296951131073 0.383490726809 0.916438652601 0.740522466778 0.794116584015 1.64350737847 1.53856011148 0.732404237931 0.180635685492 0.473086804002 0.682326110873 0.756382374323 0.248094502540 0.269375162889 0.0334253301251 0.187551329170 0.269114970515 0.288976041922 0.379901018969 0.492606882622 0.510865904658 0.433205717481 0.0223161495614 -0.466840926951 -0.323044701222 -0.706231345439 -1.40977008986 -0.475510049433 -0.635313330729 -0.984630606141 -1.14623458134 -1.20474567860 -1.05922371284 -0.584404147720 -0.517940332282 -0.190181856990 0.156047585869 0.562870012556 0.344295582815 -0.0889313577912 0.457654530010 -0.274564111146 -0.429871468227
 -0.00525302649196 -0.00712458213178 -0.00954359081003 -0.0126148425167 -0.0164513843350 -0.0211421916528 -0.0267878214478 -0.0337950845860 -0.0421298895768 -0.0515703117207 -0.0636317957083 0.0169868117505 0.00300305136915 -0.0157911243456 -0.0359753126267 -0.0352840943189 -0.0291081514387 -0.0268926741853 0.395295548694 0.119153461135 -0.0592803756431 -0.341940531437 0.0792983869417 0.223447192777 -0.336287331159 -1.05995874402 -0.171676659065 0.290605844272 0.646216375659 0.281740168952 -0.145029273501 -0.748011976419 -0.162126302797 0.000300600565852 -0.266993969294 0.0121300628897 0.758469517642 0.160247307669 0.305300307591 0.0224857891415 1.42047431581 0.550555603279 0.204895548487 -0.0779986943372 -1.39213254367 0.487596451572 0.291259478021 -0.318743685950 -2.08739546369 -1.60363321483 0.768759168300 -0.213676148178 -0.909872879355 -1.25163619371 -1.35484461227 -0.883875047749 -0.864052920562 0.460616410438 1.13853133102 0.956621739627 0.459882881335 0.182416310271 -0.327988869532 -0.360131573576 -0.0130549023111
# log_sigmar[1]:
-0.510825623766
# log_sigmar[2]:
-0.510825623766
# log_sigmar[3]:
-0.510825623766
# fmort:
 -4.80396938496 -4.39730446247 -5.13574778206 -4.82135894993 -4.06645683623 -3.75119109372 -3.43780090455 -3.48230893182 -2.85500486471 -2.99533982561 -3.28596023267 -2.89587293390 -2.15990052144 -3.08719109851 -2.22814117111 -2.77889675289 -5.17088753723 -3.89613370715 -4.27890215781 -4.36659356842 -4.39567824012 -4.04427124226 -3.96024879249 -3.77353593502 -4.20871787890 -3.91229364311 -3.42840148748 -4.46278173262 -5.64915664035 -4.99134972887 -4.52639348995 -3.88476501760 -4.75730310533 -4.32218876694 -4.17374600629 -3.64283672053 -3.51935080810 -3.07456558489 -2.58500627301 -2.87230396518 -2.34047981751 -3.95443565997 -4.94274202091 -4.43828240737 -4.38470161428 -4.05611438050 -4.37789773244 -3.95662167276 -5.13082974955 -5.44061903605 -4.29705631829 -4.33109354181 -4.50050445383 -4.68927740178
 -7.19734857963 -6.76200629857 -6.29391026731 -5.70130663135 -5.91906246956 -5.21313284123 -4.70347011143 -4.40089420123 -3.96328557394 -3.75873172705 -3.62744589297 -2.87170138500 -2.61846297153 -2.87313030971 -2.51811837163 -2.13260053386 -1.94419955416 -1.63172932248 -1.44334821705 -1.29088157634 -1.27711601482 -1.03587768482 -0.742379884627 -0.722561523034 -0.501639879278 -0.203610004544 -0.223480078668 -0.225457817593 -0.750954753495 -1.14238807642 -1.32337647684 -1.11296569833 -1.02960025209 -1.10570356074 -1.11368890002 -1.11217906718 -1.04902049761 -0.815112576652 -0.888914433067 -0.497708206395 -0.951408009209 -1.31357075417 -1.70417710759 -1.87366751502 -1.88349506274 -1.73452554226 -1.73121725065 -1.68010538361 -1.53196422586 -1.67284679720 -1.75740309526 -1.79143753379 -1.90788844953 -1.84954333069
 -6.81568428802 -6.13522702478 -5.26694746831 -4.48685020480 -3.30598295930 -4.46676595686 -4.16497432579 -1.53499822917 -1.38688594305 -1.56489378749 -1.35376943395 -0.844930052457 -1.84192590129 -2.43001850987 -2.42415072164 -3.10044589930 -3.67836694699 -3.54213541315 -2.23562570419 -2.31604147100 -2.21413746890 -2.49925530813 -2.92191899203 -2.57516925029 -2.20115068918 -0.819026580443 -0.252363316246 0.212276816367 0.601390507386 -0.700361398609 -0.876371526088 0.210784918235 -1.50026396133 -1.44841541525 -1.41684447869 -2.02894757521 -1.08277469495 -1.03639968665 -1.03183247176 -0.970107912158 -2.47832651529 -0.938326246649 -1.31629052810 -1.81339454673 -1.63559485455 -2.68708184980 -3.39985691304 -4.41269309459 -3.28161439021 -3.10763489605 -3.44211841904 -3.55670239655 -3.04536222253 -2.23263527733
 -9.69878230533 -9.65131623815 -7.89621970079 -9.54946617747 -9.49089604611 -9.42346668898 -9.30768144837 -8.44773206459 -5.24388236038 -3.15264530064 -3.13378573062 -2.79172269020 -2.13046366552 -1.80613920464 -1.55241373250 -1.81457165743 -1.99680272120 -2.26195150358 -2.49941663745 -2.66802044653 -2.80968215850 -3.33373078712 -5.90970497972 -9.40560270360 -9.23001236447 -8.94605906785 -8.63425393022 -8.38256030866 -8.30668149236 -8.39361617471 -7.83657938090 -5.91160322756 -4.75194887647 -4.08445214928 -3.32151117842 -3.38933754063 -2.82433860028 -2.26611990266 -2.24141979587 -2.11785819725 -2.18916138213 -3.33032480705 -3.64261269545 -3.62298820327 -3.22909422997 -3.07417314403 -3.58307655913 -3.65364859822 -3.67653555657 -3.85483456589 -6.36723304440 -4.06109178646 -4.02297031649 -3.78605269282
# log_selcoffs_fsh[1]:
 -3.52203885624 -1.86284968344 -0.874049303262 0.0593246080451 0.860560075901 0.960080825198 0.301286945658 -0.461498971369 -0.971470496853
 -3.13739765780 -1.46518616106 -0.752332719548 0.000441081324825 0.746889509118 0.904580346288 0.383125824099 -0.298850829117 -0.767849787114
 -2.84787578366 -1.38847887317 -0.558171972918 0.214520532673 0.728736751394 0.742094865303 0.321520489705 -0.229809346448 -0.626692397854
 -2.47439764668 -1.19335022103 -0.562146376996 0.0592181271963 0.768081004446 0.745743438963 0.285619282395 -0.215481153969 -0.542628484536
 -1.83923036611 -0.324430204052 -0.0308110090647 0.200775223722 0.437832874350 0.471523440767 0.214513712514 -0.140810418998 -0.405835573702
 -1.72290527557 -0.519636574671 0.429149873320 0.636036483918 0.292329285418 0.115508645960 -0.0588085390694 -0.276330909653 -0.448870236145
 -1.44490467438 -0.376582554626 0.514769618003 0.721032422547 0.288850076373 -0.0465194777066 -0.248040552724 -0.396945675342 -0.500736295408
 -1.05278038370 -0.199751783172 0.572556910176 0.770010738839 0.197308808092 -0.179382521411 -0.395778246383 -0.508052321164 -0.560737783618
 -0.775276998200 0.232212405580 0.474946118590 0.589530644247 0.286425760981 -0.197401496378 -0.480762770142 -0.589715985674 -0.613135467359
 -0.533692554613 0.380870959888 0.568127934760 0.567848071812 0.136553816774 -0.330121189321 -0.603893922957 -0.684721568343 -0.684152901165
 -0.0153751339903 0.921591096517 0.448543880014 0.154230336679 -0.234578898075 -0.552964558973 -0.736908218646 -0.782451567178 -0.761082011580
 0.201675148810 0.870653967502 0.611377271839 0.113245047643 -0.435617229612 -0.716166496858 -0.842346155577 -0.863274431859 -0.827276702311
 -0.0230588809737 1.14422127420 0.638154059082 -0.111121483480 -0.661469887066 -0.893182242755 -0.963449775974 -0.953062654171 -0.910282015872
 0.222979319445 1.17771313013 0.571936591535 -0.210294674024 -0.789788764205 -1.00096969594 -1.04391392077 -1.00948649211 -0.958986701568
 0.249202422397 1.22356436913 0.549344373805 -0.268334901159 -0.848235082619 -1.06343183643 -1.10218106628 -1.05703176420 -1.00000740396
 -0.153857122788 1.30399159985 0.652443548143 -0.232790190776 -0.878613385040 -1.10970863541 -1.15228565663 -1.10278274388 -1.04068498203
 -0.0632915698911 1.33843863808 0.582820260107 -0.275653210280 -0.906329944141 -1.13977639495 -1.18288554196 -1.13091049649 -1.06403981495
 0.465948032115 1.13446059908 0.625010543050 -0.287116847590 -0.928532370791 -1.15677263437 -1.19589505293 -1.13660855008 -1.06328642583
 0.765551500731 1.11634335519 0.396696120366 -0.385395538235 -0.974258534976 -1.19437223379 -1.22711914690 -1.15704039957 -1.07543401796
 0.487455696141 1.21378479819 0.549404742128 -0.371794713901 -1.01795664364 -1.24087679783 -1.26069993919 -1.17205263196 -1.07803343037
 0.560016137630 1.29273058891 0.387936037657 -0.495764307103 -1.09591404370 -1.29854553828 -1.30066431144 -1.18952628987 -1.07980909695
 0.552258655314 1.27788579414 0.490442010875 -0.563919798237 -1.18581988933 -1.36188596078 -1.33353710454 -1.19586846174 -1.06678169113
 0.712741307050 1.23543889994 0.398635395572 -0.572502723161 -1.20883780494 -1.39113534728 -1.34844349753 -1.18673210365 -1.03722370789
 0.371582984198 1.39020298365 0.393248337979 -0.582925890937 -1.19763890901 -1.38452643194 -1.34139451850 -1.16519413086 -0.998134237568
 0.480292257681 1.29883750124 0.411812303654 -0.502580764320 -1.11834078154 -1.32360671137 -1.28590684813 -1.09732897966 -0.914430121536
 0.511638393902 1.15573927896 0.496667088088 -0.314465552415 -1.01554137392 -1.24045345164 -1.18759314806 -0.985249923663 -0.793114477229
 0.140545850982 1.18150448442 0.552866646811 -0.196432676693 -0.903716336068 -1.12279936054 -1.05555795445 -0.842030030493 -0.652626851986
 0.217303687080 1.16102786580 0.420662522191 -0.328564746112 -0.849815252817 -0.999145389386 -0.897102371105 -0.678485681077 -0.493778284534
 1.00675058140 0.695435593980 0.0408511320115 -0.533290161283 -0.849775471349 -0.888751638293 -0.739844925305 -0.511233936102 -0.335846293969
 0.602129018144 0.944619188671 0.0335290376140 -0.629677605271 -0.837873154355 -0.769113519961 -0.567244507925 -0.329378100875 -0.159238778147
 0.345893836432 0.932031809932 -0.0869260949737 -0.640711070622 -0.742772687181 -0.619941424947 -0.379310856951 -0.134367550133 0.0305784434113
 0.230596096910 0.563960151332 -0.129653671605 -0.525950892964 -0.557742282473 -0.400354382668 -0.146658326553 0.101968035392 0.262455073185
 -0.672045037376 0.242426762917 -0.0825328468968 -0.311309647872 -0.271746799922 -0.156601653836 0.0764930303146 0.284936182396 0.428834364895
 -1.15862685889 -0.466266492853 -0.437691036142 -0.235532052790 -0.0115948763040 0.0692932584941 0.324576518082 0.415198568414 0.509662182475
 -0.758049819804 -0.252123426355 -0.714194708913 -0.661762885741 -0.314101215263 0.0115210097321 0.321007345651 0.530217903407 0.656946568019
 -0.180693104228 -1.08237247282 -1.18333899125 -0.843585582784 -0.387128781858 0.0276558539275 0.377394496720 0.611449637866 0.733075045636
 -1.34598428297 -1.44217563950 -1.29977542018 -0.754366653240 -0.227462327989 0.136647330096 0.495092356420 0.697986370645 0.773378061059
 -1.98558465842 -1.56783218336 -1.31875964083 -0.763833746801 -0.216214491084 0.209230384080 0.500992712742 0.708473538284 0.789057341532
 -2.10832726682 -2.08953200023 -1.81358611639 -1.12536153397 -0.288674953885 0.314377422914 0.662352600414 0.764162327822 0.723678268587
 -2.31607568488 -2.37522754348 -2.00972806410 -1.22659976566 -0.359971531860 0.364330610577 0.735077516313 0.766419468648 0.696190809130
 -2.16812235166 -2.31936719695 -1.98258755499 -1.21159240597 -0.413552684446 0.220756414175 0.672060913240 0.833612829477 0.780989621353
# log_selcoffs_fsh[2]:
 -2.07341023753 -0.123247448623 0.614280910638 0.873046469815 0.574739566870 -0.00106674102227 -0.442952590105 -0.710115307301 -0.833235801653 -0.907056404274
 -2.09090251354 -0.168291141396 -0.132655014305 0.406845577219 0.780961033873 0.556546517930 0.00129844341174 -0.433107276787 -0.603335276245 -0.637719702411
 -2.64035951338 -0.832611416024 -0.328073559828 0.231176227069 0.739402875950 0.709520141353 0.208834194694 -0.232320285083 -0.386209861744 -0.384045614609
 -3.04744570237 -1.47440167917 -0.595749315642 -0.0332693003517 0.624227444128 0.793663788868 0.323774877428 -0.0445387555130 -0.135073858470 -0.0894176706462
 -2.62779265251 -1.10233643751 -1.03480442287 -0.528531827652 0.283981577354 0.679887845752 0.421657161406 0.208016584349 0.212533522199 0.304768127713
 -2.19809738021 -1.11511942958 -0.924422352027 -0.828206216398 -0.318180892163 0.144053425437 0.337975913022 0.437077237258 0.589570731627 0.737931087980
 -2.85275663302 -1.60549154592 -0.771835749282 -0.645570615712 -0.535770500265 -0.210455544276 0.147271911960 0.464637219379 0.736147267375 0.924886533340
 -3.40906324577 -2.40360722777 -1.61748587316 -0.936028527448 -0.386260556296 0.00312512474402 0.287300537553 0.466548893931 0.742545874949 0.945713174744
 -3.68329105160 -2.66421411035 -2.03055237568 -1.34614604533 -0.559620685368 -0.0158148371679 0.394731880612 0.647168631012 0.787699455713 0.860998570373
 -3.75543411847 -2.55353688761 -1.85923722363 -1.37432549285 -0.919168152300 -0.304141727327 0.264804383496 0.800157732156 0.957626471667 0.796976605307
 -3.57650978357 -2.10070042029 -1.39461460392 -0.977356992196 -0.638519164938 -0.394144766702 0.0764559532184 0.666544658555 0.952213250800 0.877426516673
 -3.47858351197 -2.00594295465 -1.21356982638 -0.806899344614 -0.470460037783 -0.159876474750 0.330220970503 0.648733263651 0.769371124278 0.766154757403
 -3.12471822850 -1.32532222432 -0.747197444534 -0.428096264164 -0.205862107720 -0.138332110153 0.222242378804 0.499077126246 0.655085861238 0.722101690009
 -2.69988328770 -0.914740299052 -0.370174418049 -0.219793248685 -0.162068152123 -0.0670612492645 0.162742870516 0.385972974154 0.547240334585 0.629723092553
 -2.30326652159 -0.317916467236 -0.0788201108133 -0.226020602290 -0.344712449192 -0.225898620403 0.0693906538299 0.315025060061 0.508100547834 0.609762459369
 -1.95596376040 0.0193664052799 -0.112175415341 -0.311743019038 -0.472910684882 -0.346584070621 -0.0356881867270 0.252784790599 0.506918662694 0.678012993421
 -1.54931054287 -0.0221040259464 -0.121943766442 -0.326116370620 -0.530791340136 -0.485522203274 -0.181629513417 0.184309795948 0.540858420445 0.808818517803
 -1.93931877186 -0.180922220995 -0.0496837814140 -0.275492762754 -0.534160444611 -0.515262537041 -0.239691261501 0.158613426663 0.555795637551 0.885988902771
 -2.25930207807 -0.456511376351 -0.0893082828634 -0.242035882517 -0.493257825977 -0.471299137501 -0.187010142529 0.202647336766 0.597412462917 0.898609209397
 -2.38497805692 -0.770264509595 -0.397353857444 -0.268241985844 -0.422729321479 -0.420221392744 -0.141310816186 0.263739498176 0.659470500955 0.952532235890
 -2.46696918726 -0.873821642294 -0.385073835236 -0.201858600152 -0.373082021025 -0.447126113961 -0.209023072061 0.214105848915 0.657253001253 0.990472764221
 -2.63753145173 -0.964190517832 -0.367178853008 -0.0873479757044 -0.231417361998 -0.327528949871 -0.157848715724 0.165710195970 0.584931290099 0.953562812986
 -2.89805283242 -1.40888271844 -0.476369377177 0.0610541746233 0.0334567657558 -0.129365256505 -0.0444790417891 0.177627506890 0.493350685165 0.839459968484
 -3.10009846537 -1.73293276130 -0.800826905153 -0.148062768856 0.190412173938 0.115728367488 0.204118305740 0.339053137749 0.481852851580 0.634078448846
 -3.26138291909 -1.61950289604 -0.813784337331 -0.454954916822 -0.0351998494883 0.222776087381 0.359124267289 0.502362024128 0.522043907421 0.531155259326
 -3.46808884503 -2.04564178357 -1.09004241103 -0.249987207024 0.110959384156 0.245567990920 0.370471343556 0.511430433908 0.512162294409 0.434265428502
 -3.63699177081 -1.91449918698 -1.10542645863 -0.104605992795 0.251671441816 0.328968823152 0.407599178461 0.513742761254 0.398792439459 0.226363475023
 -3.75368630198 -1.55797205851 -0.967873430068 -0.227294568743 0.169174527713 0.245373859441 0.642811877815 0.580865624876 0.299776904074 0.0843780613768
 -3.80686140960 -2.12296855896 -1.13531097691 -0.0925899532364 0.340867437426 0.426333739155 0.688162987905 0.411090194535 0.163965381119 0.0106697887582
 -3.84098706281 -1.95862934045 -0.590202791018 0.189481392954 0.700585598115 0.467619033517 0.301681429330 0.119034600499 0.0107091853101 -0.0261275765189
 -3.64700727913 -1.46569358269 -0.236756965702 0.335196258356 0.369770846998 0.189480674544 0.170779166217 0.170165445037 0.209294564301 0.258551390909
 -3.56296637843 -1.60226625898 -0.579607061145 -0.0651303005331 0.232156693000 0.239379977540 0.153605543584 0.285726096117 0.428536830815 0.536256507426
 -3.11418797280 -1.06469056984 -0.832943982453 -0.523086099488 -0.123163955588 0.0767943216848 0.162230650000 0.364477782371 0.619081256708 0.763718293432
 -3.70205558108 -1.52682398298 -0.775110314451 -0.299849073616 -0.00931953617227 0.152752032462 0.239190823854 0.401915898468 0.548222065373 0.644838639967
 -4.04134225776 -1.98542431779 -1.20625234937 -0.644092222912 -0.0705922350423 0.223159156556 0.389558000600 0.527955554407 0.612163985265 0.600251859743
 -4.46673268780 -2.47296818722 -1.40292450750 -0.799178690020 -0.284257551151 0.0588810921393 0.365592484831 0.601351017025 0.702456298781 0.747033370355
 -4.80759323353 -3.07537810978 -1.86127562387 -0.962989018504 -0.200781824870 0.152469494914 0.467091383826 0.665270019040 0.672967477616 0.655045487673
 -4.95545563170 -3.28724574788 -2.36887138499 -1.44469317302 -0.490316617345 0.163774161680 0.533405260908 0.736895935185 0.722676594956 0.683958434481
 -5.07439952016 -3.47461508402 -2.23351812790 -1.54692664542 -0.689136509717 -0.0711551354343 0.381366399558 0.674409211559 0.819105920743 0.921781526509
 -5.09210515752 -3.73041822532 -2.38403653118 -1.44611854307 -0.898146277928 -0.290987940956 0.183936490037 0.560677135645 0.849562156952 1.16156902048
 -5.04515315015 -3.62437150633 -2.29183790172 -1.12985754717 -0.726397326160 -0.500824625403 -0.0987642211631 0.316005983614 0.826542032748 1.35842400047
# log_selcoffs_fsh[3]:
 -4.44691632903 -1.88703971989 0.385725880013 1.27619827204 0.261905982597 -1.02921193466 -2.06831065050
 -4.58211101345 -1.09561353985 0.629309806510 0.923837027544 0.490079992050 -0.707123055339 -2.00490869865
# log_selcoffs_fsh[4]:
 -2.03016420640 -1.67946763727 -1.30139665145 -0.874270574948 -0.404857496388 0.0671713001606 0.476052359557 0.766656668166 0.913919973593
 -2.01878580880 -1.67450296707 -1.30157868189 -0.877011249132 -0.407386375938 0.0657806869359 0.476524346930 0.767462136911 0.913694183594
 -1.99603000305 -1.66544885003 -1.30476770600 -0.882831771961 -0.410135733783 0.0672459229041 0.480349975692 0.767989945113 0.910267456179
 -1.95941444143 -1.64302817218 -1.30557624971 -0.902932696691 -0.421130686040 0.0718570863225 0.488629971611 0.770376276140 0.903328524969
 -1.89979362526 -1.59876867139 -1.28496563537 -0.908876134116 -0.448848400030 0.0604902034115 0.497464820515 0.776174973796 0.896172672856
 -1.81883798251 -1.51488148213 -1.24375970933 -0.909523836650 -0.453938230694 0.0514522977451 0.496040628721 0.775767685751 0.885646335770
 -1.71903845846 -1.42851264879 -1.13351197564 -0.854154423475 -0.453319669954 0.0447617264051 0.486230481166 0.762299842112 0.868311729580
 -1.59023890317 -1.33175530132 -1.05068968453 -0.739152554098 -0.391963816276 0.0444926789523 0.459166322762 0.731906628308 0.842374750903
 -1.40568701998 -1.18556685006 -0.959946402274 -0.676991001097 -0.324790727115 0.0609771212441 0.432164439593 0.689663853348 0.806022421743
 -1.18879012357 -0.991163942037 -0.783964825600 -0.591328467932 -0.311528268663 0.0461988897434 0.387623627880 0.643310253558 0.769287825704
 -0.971940824657 -0.795407697625 -0.606327220997 -0.422343148344 -0.265324186833 -0.0103350766847 0.311345174817 0.578000175514 0.725125186361
 -0.761384883703 -0.635349324194 -0.477196413876 -0.299005668846 -0.148119228581 -0.0213746363457 0.215758601964 0.485949144453 0.659308160628
 -0.556881100022 -0.485045792866 -0.396606668141 -0.261896609187 -0.111704635806 0.0199278738482 0.177055779100 0.398059340549 0.572155453012
 -0.351529084143 -0.339665985685 -0.307864336032 -0.237076124891 -0.133868594965 -0.00816209785647 0.152407792249 0.341323188637 0.483916034882
 -0.144478489588 -0.198053216496 -0.229435078494 -0.217273294669 -0.155016169448 -0.0461122097201 0.104521736940 0.271581992950 0.392686052751
 0.0632121109643 -0.0626292585843 -0.161285304851 -0.207771142803 -0.184136736785 -0.0965787547102 0.0395415885880 0.189222639380 0.295359516030
 0.277818719878 0.0646639121642 -0.106503931290 -0.213889353223 -0.229472779710 -0.164791060316 -0.0431178914463 0.0935324789588 0.188697274508
 0.476216387191 0.182226428286 -0.0782349125407 -0.240955266610 -0.283781663377 -0.239877134571 -0.135719076728 -0.0138485216959 0.0774503377901
 0.655149904841 0.249277291042 -0.0514934666458 -0.306797314171 -0.367189564038 -0.308930053588 -0.216959006784 -0.104947942498 -0.0267377470819
 0.693061527805 0.273715327660 -0.0269026123116 -0.261232842466 -0.392101715990 -0.352168922628 -0.245744144307 -0.148694360546 -0.0844457380313
 0.626476864086 0.267951161431 -0.0766238524187 -0.240016783234 -0.315701664148 -0.313976440477 -0.217804425550 -0.110493439344 -0.0519581164781
 0.452404703551 0.137881977287 -0.117086159778 -0.244707457562 -0.237655982538 -0.194066686389 -0.0925173806557 0.00848266343627 0.0726934036432
 0.160864214605 -0.0327332832634 -0.151729136257 -0.201490939057 -0.166512807916 -0.0695758779128 0.0399750148458 0.137177528367 0.193696631423
 -0.258974994497 -0.273469269709 -0.269168818306 -0.199601286930 -0.0804032734384 0.0578599056450 0.179466173656 0.275096622048 0.328442502534
 -0.634127788977 -0.504191689856 -0.362406464434 -0.202855006380 -0.0138768849033 0.151619233225 0.263253580516 0.349366662066 0.394707787516
 -1.06277269643 -0.804225130882 -0.562138591355 -0.281658484924 -0.00283748310430 0.217877770355 0.362619605478 0.449442169734 0.493122310984
 -1.47685190722 -1.06672073084 -0.792886357180 -0.406414986102 0.00985246209804 0.270163364331 0.427839948333 0.527200536111 0.565731748780
 -1.79235744712 -1.40512680912 -0.996583842381 -0.456085534831 -0.0418056060785 0.167543104888 0.384297026960 0.606630514870 0.761237746049
 -1.39521686494 -1.43901781218 -1.14995840838 -0.742553157227 -0.296184455641 0.0746801700723 0.394306812039 0.684671555675 0.889884011674
 -1.84516375285 -1.50699654365 -1.30480068652 -0.906853095214 -0.405687032124 0.0367043803376 0.407070017859 0.739783664598 0.972145429693
 -1.78434074442 -1.39462351230 -1.33042798524 -1.11240794496 -0.721757417830 -0.235747203915 0.304491408569 0.802325944078 1.14055330544
 -1.62778175988 -1.03319978805 -1.10782078295 -1.14490219630 -0.911342518706 -0.455662078578 0.130536757089 0.762455285776 1.24710443249
 -1.66830285090 -0.636247312219 -0.295911676881 -0.665515364576 -0.767965629733 -0.583359015496 -0.0784901560856 0.610792300915 1.17431279658
 -1.57411598722 -0.352361564120 -0.289452497507 -0.497161547064 -0.680009714792 -0.610612493929 -0.138885939863 0.558185879440 1.12017757905
 -1.60159448308 -0.590826353031 -0.184678531153 -0.111690100934 -0.584328597055 -0.665497766414 -0.216225056819 0.501861707886 1.09527933271
# log_sel_spl_fsh[1]:
 0.00000000000 0.00000000000 0.00000000000 0.00000000000
 0.00000000000 0.00000000000 0.00000000000 0.00000000000
 0.00000000000 0.00000000000 0.00000000000 0.00000000000
 0.00000000000 0.00000000000 0.00000000000 0.00000000000
 0.00000000000 0.00000000000 0.00000000000 0.00000000000
 0.00000000000 0.00000000000 0.00000000000 0.00000000000
 0.00000000000 0.00000000000 0.00000000000 0.00000000000
 0.00000000000 0.00000000000 0.00000000000 0.00000000000
 0.00000000000 0.00000000000 0.00000000000 0.00000000000
 0.00000000000 0.00000000000 0.00000000000 0.00000000000
 0.00000000000 0.00000000000 0.00000000000 0.00000000000
 0.00000000000 0.00000000000 0.00000000000 0.00000000000
 0.00000000000 0.00000000000 0.00000000000 0.00000000000
 0.00000000000 0.00000000000 0.00000000000 0.00000000000
 0.00000000000 0.00000000000 0.00000000000 0.00000000000
 0.00000000000 0.00000000000 0.00000000000 0.00000000000
 0.00000000000 0.00000000000 0.00000000000 0.00000000000
 0.00000000000 0.00000000000 0.00000000000 0.00000000000
 0.00000000000 0.00000000000 0.00000000000 0.00000000000
 0.00000000000 0.00000000000 0.00000000000 0.00000000000
 0.00000000000 0.00000000000 0.00000000000 0.00000000000
 0.00000000000 0.00000000000 0.00000000000 0.00000000000
 0.00000000000 0.00000000000 0.00000000000 0.00000000000
 0.00000000000 0.00000000000 0.00000000000 0.00000000000
 0.00000000000 0.00000000000 0.00000000000 0.00000000000
 0.00000000000 0.00000000000 0.00000000000 0.00000000000
 0.00000000000 0.00000000000 0.00000000000 0.00000000000
 0.00000000000 0.00000000000 0.00000000000 0.00000000000
 0.00000000000 0.00000000000 0.00000000000 0.00000000000
 0.00000000000 0.00000000000 0.00000000000 0.00000000000
 0.00000000000 0.00000000000 0.00000000000 0.00000000000
 0.00000000000 0.00000000000 0.00000000000 0.00000000000
 0.00000000000 0.00000000000 0.00000000000 0.00000000000
 0.00000000000 0.00000000000 0.00000000000 0.00000000000
 0.00000000000 0.00000000000 0.00000000000 0.00000000000
 0.00000000000 0.00000000000 0.00000000000 0.00000000000
 0.00000000000 0.00000000000 0.00000000000 0.00000000000
 0.00000000000 0.00000000000 0.00000000000 0.00000000000
 0.00000000000 0.00000000000 0.00000000000 0.00000000000
 0.00000000000 0.00000000000 0.00000000000 0.00000000000
 0.00000000000 0.00000000000 0.00000000000 0.00000000000
# log_sel_spl_fsh[2]:
 0.00000000000 0.00000000000 0.00000000000 0.00000000000
 0.00000000000 0.00000000000 0.00000000000 0.00000000000
 0.00000000000 0.00000000000 0.00000000000 0.00000000000
 0.00000000000 0.00000000000 0.00000000000 0.00000000000
 0.00000000000 0.00000000000 0.00000000000 0.00000000000
 0.00000000000 0.00000000000 0.00000000000 0.00000000000
 0.00000000000 0.00000000000 0.00000000000 0.00000000000
 0.00000000000 0.00000000000 0.00000000000 0.00000000000
 0.00000000000 0.00000000000 0.00000000000 0.00000000000
 0.00000000000 0.00000000000 0.00000000000 0.00000000000
 0.00000000000 0.00000000000 0.00000000000 0.00000000000
 0.00000000000 0.00000000000 0.00000000000 0.00000000000
 0.00000000000 0.00000000000 0.00000000000 0.00000000000
 0.00000000000 0.00000000000 0.00000000000 0.00000000000
 0.00000000000 0.00000000000 0.00000000000 0.00000000000
 0.00000000000 0.00000000000 0.00000000000 0.00000000000
 0.00000000000 0.00000000000 0.00000000000 0.00000000000
 0.00000000000 0.00000000000 0.00000000000 0.00000000000
 0.00000000000 0.00000000000 0.00000000000 0.00000000000
 0.00000000000 0.00000000000 0.00000000000 0.00000000000
 0.00000000000 0.00000000000 0.00000000000 0.00000000000
 0.00000000000 0.00000000000 0.00000000000 0.00000000000
 0.00000000000 0.00000000000 0.00000000000 0.00000000000
 0.00000000000 0.00000000000 0.00000000000 0.00000000000
 0.00000000000 0.00000000000 0.00000000000 0.00000000000
 0.00000000000 0.00000000000 0.00000000000 0.00000000000
 0.00000000000 0.00000000000 0.00000000000 0.00000000000
 0.00000000000 0.00000000000 0.00000000000 0.00000000000
 0.00000000000 0.00000000000 0.00000000000 0.00000000000
 0.00000000000 0.00000000000 0.00000000000 0.00000000000
 0.00000000000 0.00000000000 0.00000000000 0.00000000000
 0.00000000000 0.00000000000 0.00000000000 0.00000000000
 0.00000000000 0.00000000000 0.00000000000 0.00000000000
 0.00000000000 0.00000000000 0.00000000000 0.00000000000
 0.00000000000 0.00000000000 0.00000000000 0.00000000000
 0.00000000000 0.00000000000 0.00000000000 0.00000000000
 0.00000000000 0.00000000000 0.00000000000 0.00000000000
 0.00000000000 0.00000000000 0.00000000000 0.00000000000
 0.00000000000 0.00000000000 0.00000000000 0.00000000000
 0.00000000000 0.00000000000 0.00000000000 0.00000000000
 0.00000000000 0.00000000000 0.00000000000 0.00000000000
# log_sel_spl_fsh[3]:
 0.00000000000 0.00000000000 0.00000000000 0.00000000000
 0.00000000000 0.00000000000 0.00000000000 0.00000000000
# log_sel_spl_fsh[4]:
 0.00000000000 0.00000000000 0.00000000000 0.00000000000
 0.00000000000 0.00000000000 0.00000000000 0.00000000000
 0.00000000000 0.00000000000 0.00000000000 0.00000000000
 0.00000000000 0.00000000000 0.00000000000 0.00000000000
 0.00000000000 0.00000000000 0.00000000000 0.00000000000
 0.00000000000 0.00000000000 0.00000000000 0.00000000000
 0.00000000000 0.00000000000 0.00000000000 0.00000000000
 0.00000000000 0.00000000000 0.00000000000 0.00000000000
 0.00000000000 0.00000000000 0.00000000000 0.00000000000
 0.00000000000 0.00000000000 0.00000000000 0.00000000000
 0.00000000000 0.00000000000 0.00000000000 0.00000000000
 0.00000000000 0.00000000000 0.00000000000 0.00000000000
 0.00000000000 0.00000000000 0.00000000000 0.00000000000
 0.00000000000 0.00000000000 0.00000000000 0.00000000000
 0.00000000000 0.00000000000 0.00000000000 0.00000000000
 0.00000000000 0.00000000000 0.00000000000 0.00000000000
 0.00000000000 0.00000000000 0.00000000000 0.00000000000
 0.00000000000 0.00000000000 0.00000000000 0.00000000000
 0.00000000000 0.00000000000 0.00000000000 0.00000000000
 0.00000000000 0.00000000000 0.00000000000 0.00000000000
 0.00000000000 0.00000000000 0.00000000000 0.00000000000
 0.00000000000 0.00000000000 0.00000000000 0.00000000000
 0.00000000000 0.00000000000 0.00000000000 0.00000000000
 0.00000000000 0.00000000000 0.00000000000 0.00000000000
 0.00000000000 0.00000000000 0.00000000000 0.00000000000
 0.00000000000 0.00000000000 0.00000000000 0.00000000000
 0.00000000000 0.00000000000 0.00000000000 0.00000000000
 0.00000000000 0.00000000000 0.00000000000 0.00000000000
 0.00000000000 0.00000000000 0.00000000000 0.00000000000
 0.00000000000 0.00000000000 0.00000000000 0.00000000000
 0.00000000000 0.00000000000 0.00000000000 0.00000000000
 0.00000000000 0.00000000000 0.00000000000 0.00000000000
 0.00000000000 0.00000000000 0.00000000000 0.00000000000
 0.00000000000 0.00000000000 0.00000000000 0.00000000000
 0.00000000000 0.00000000000 0.00000000000 0.00000000000
# logsel_slope_fsh[1]:
 0.00000000000 0.00000000000 0.00000000000 0.00000000000 0.00000000000 0.00000000000 0.00000000000 0.00000000000 0.00000000000 0.00000000000 0.00000000000 0.00000000000 0.00000000000 0.00000000000 0.00000000000 0.00000000000 0.00000000000 0.00000000000 0.00000000000 0.00000000000 0.00000000000 0.00000000000 0.00000000000 0.00000000000 0.00000000000 0.00000000000 0.00000000000 0.00000000000 0.00000000000 0.00000000000 0.00000000000 0.00000000000 0.00000000000 0.00000000000 0.00000000000 0.00000000000 0.00000000000 0.00000000000 0.00000000000 0.00000000000 0.00000000000
# logsel_slope_fsh[2]:
 0.00000000000 0.00000000000 0.00000000000 0.00000000000 0.00000000000 0.00000000000 0.00000000000 0.00000000000 0.00000000000 0.00000000000 0.00000000000 0.00000000000 0.00000000000 0.00000000000 0.00000000000 0.00000000000 0.00000000000 0.00000000000 0.00000000000 0.00000000000 0.00000000000 0.00000000000 0.00000000000 0.00000000000 0.00000000000 0.00000000000 0.00000000000 0.00000000000 0.00000000000 0.00000000000 0.00000000000 0.00000000000 0.00000000000 0.00000000000 0.00000000000 0.00000000000 0.00000000000 0.00000000000 0.00000000000 0.00000000000 0.00000000000
# logsel_slope_fsh[3]:
 0.00000000000 0.00000000000
# logsel_slope_fsh[4]:
 0.00000000000 0.00000000000 0.00000000000 0.00000000000 0.00000000000 0.00000000000 0.00000000000 0.00000000000 0.00000000000 0.00000000000 0.00000000000 0.00000000000 0.00000000000 0.00000000000 0.00000000000 0.00000000000 0.00000000000 0.00000000000 0.00000000000 0.00000000000 0.00000000000 0.00000000000 0.00000000000 0.00000000000 0.00000000000 0.00000000000 0.00000000000 0.00000000000 0.00000000000 0.00000000000 0.00000000000 0.00000000000 0.00000000000 0.00000000000 0.00000000000
# sel50_fsh[1]:
 0.00000000000 0.00000000000 0.00000000000 0.00000000000 0.00000000000 0.00000000000 0.00000000000 0.00000000000 0.00000000000 0.00000000000 0.00000000000 0.00000000000 0.00000000000 0.00000000000 0.00000000000 0.00000000000 0.00000000000 0.00000000000 0.00000000000 0.00000000000 0.00000000000 0.00000000000 0.00000000000 0.00000000000 0.00000000000 0.00000000000 0.00000000000 0.00000000000 0.00000000000 0.00000000000 0.00000000000 0.00000000000 0.00000000000 0.00000000000 0.00000000000 0.00000000000 0.00000000000 0.00000000000 0.00000000000 0.00000000000 0.00000000000
# sel50_fsh[2]:
 0.00000000000 0.00000000000 0.00000000000 0.00000000000 0.00000000000 0.00000000000 0.00000000000 0.00000000000 0.00000000000 0.00000000000 0.00000000000 0.00000000000 0.00000000000 0.00000000000 0.00000000000 0.00000000000 0.00000000000 0.00000000000 0.00000000000 0.00000000000 0.00000000000 0.00000000000 0.00000000000 0.00000000000 0.00000000000 0.00000000000 0.00000000000 0.00000000000 0.00000000000 0.00000000000 0.00000000000 0.00000000000 0.00000000000 0.00000000000 0.00000000000 0.00000000000 0.00000000000 0.00000000000 0.00000000000 0.00000000000 0.00000000000
# sel50_fsh[3]:
 0.00000000000 0.00000000000
# sel50_fsh[4]:
 0.00000000000 0.00000000000 0.00000000000 0.00000000000 0.00000000000 0.00000000000 0.00000000000 0.00000000000 0.00000000000 0.00000000000 0.00000000000 0.00000000000 0.00000000000 0.00000000000 0.00000000000 0.00000000000 0.00000000000 0.00000000000 0.00000000000 0.00000000000 0.00000000000 0.00000000000 0.00000000000 0.00000000000 0.00000000000 0.00000000000 0.00000000000 0.00000000000 0.00000000000 0.00000000000 0.00000000000 0.00000000000 0.00000000000 0.00000000000 0.00000000000
# logsel_p1_fsh[1]:
 0.00000000000 0.00000000000 0.00000000000 0.00000000000 0.00000000000 0.00000000000 0.00000000000 0.00000000000 0.00000000000 0.00000000000 0.00000000000 0.00000000000 0.00000000000 0.00000000000 0.00000000000 0.00000000000 0.00000000000 0.00000000000 0.00000000000 0.00000000000 0.00000000000 0.00000000000 0.00000000000 0.00000000000 0.00000000000 0.00000000000 0.00000000000 0.00000000000 0.00000000000 0.00000000000 0.00000000000 0.00000000000 0.00000000000 0.00000000000 0.00000000000 0.00000000000 0.00000000000 0.00000000000 0.00000000000 0.00000000000 0.00000000000
# logsel_p1_fsh[2]:
 0.00000000000 0.00000000000 0.00000000000 0.00000000000 0.00000000000 0.00000000000 0.00000000000 0.00000000000 0.00000000000 0.00000000000 0.00000000000 0.00000000000 0.00000000000 0.00000000000 0.00000000000 0.00000000000 0.00000000000 0.00000000000 0.00000000000 0.00000000000 0.00000000000 0.00000000000 0.00000000000 0.00000000000 0.00000000000 0.00000000000 0.00000000000 0.00000000000 0.00000000000 0.00000000000 0.00000000000 0.00000000000 0.00000000000 0.00000000000 0.00000000000 0.00000000000 0.00000000000 0.00000000000 0.00000000000 0.00000000000 0.00000000000
# logsel_p1_fsh[3]:
 0.00000000000 0.00000000000
# logsel_p1_fsh[4]:
 0.00000000000 0.00000000000 0.00000000000 0.00000000000 0.00000000000 0.00000000000 0.00000000000 0.00000000000 0.00000000000 0.00000000000 0.00000000000 0.00000000000 0.00000000000 0.00000000000 0.00000000000 0.00000000000 0.00000000000 0.00000000000 0.00000000000 0.00000000000 0.00000000000 0.00000000000 0.00000000000 0.00000000000 0.00000000000 0.00000000000 0.00000000000 0.00000000000 0.00000000000 0.00000000000 0.00000000000 0.00000000000 0.00000000000 0.00000000000 0.00000000000
# logsel_p2_fsh[1]:
 0.00000000000 0.00000000000 0.00000000000 0.00000000000 0.00000000000 0.00000000000 0.00000000000 0.00000000000 0.00000000000 0.00000000000 0.00000000000 0.00000000000 0.00000000000 0.00000000000 0.00000000000 0.00000000000 0.00000000000 0.00000000000 0.00000000000 0.00000000000 0.00000000000 0.00000000000 0.00000000000 0.00000000000 0.00000000000 0.00000000000 0.00000000000 0.00000000000 0.00000000000 0.00000000000 0.00000000000 0.00000000000 0.00000000000 0.00000000000 0.00000000000 0.00000000000 0.00000000000 0.00000000000 0.00000000000 0.00000000000 0.00000000000
# logsel_p2_fsh[2]:
 0.00000000000 0.00000000000 0.00000000000 0.00000000000 0.00000000000 0.00000000000 0.00000000000 0.00000000000 0.00000000000 0.00000000000 0.00000000000 0.00000000000 0.00000000000 0.00000000000 0.00000000000 0.00000000000 0.00000000000 0.00000000000 0.00000000000 0.00000000000 0.00000000000 0.00000000000 0.00000000000 0.00000000000 0.00000000000 0.00000000000 0.00000000000 0.00000000000 0.00000000000 0.00000000000 0.00000000000 0.00000000000 0.00000000000 0.00000000000 0.00000000000 0.00000000000 0.00000000000 0.00000000000 0.00000000000 0.00000000000 0.00000000000
# logsel_p2_fsh[3]:
 0.00000000000 0.00000000000
# logsel_p2_fsh[4]:
 0.00000000000 0.00000000000 0.00000000000 0.00000000000 0.00000000000 0.00000000000 0.00000000000 0.00000000000 0.00000000000 0.00000000000 0.00000000000 0.00000000000 0.00000000000 0.00000000000 0.00000000000 0.00000000000 0.00000000000 0.00000000000 0.00000000000 0.00000000000 0.00000000000 0.00000000000 0.00000000000 0.00000000000 0.00000000000 0.00000000000 0.00000000000 0.00000000000 0.00000000000 0.00000000000 0.00000000000 0.00000000000 0.00000000000 0.00000000000 0.00000000000
# logsel_p3_fsh[1]:
 0.00000000000 0.00000000000 0.00000000000 0.00000000000 0.00000000000 0.00000000000 0.00000000000 0.00000000000 0.00000000000 0.00000000000 0.00000000000 0.00000000000 0.00000000000 0.00000000000 0.00000000000 0.00000000000 0.00000000000 0.00000000000 0.00000000000 0.00000000000 0.00000000000 0.00000000000 0.00000000000 0.00000000000 0.00000000000 0.00000000000 0.00000000000 0.00000000000 0.00000000000 0.00000000000 0.00000000000 0.00000000000 0.00000000000 0.00000000000 0.00000000000 0.00000000000 0.00000000000 0.00000000000 0.00000000000 0.00000000000 0.00000000000
# logsel_p3_fsh[2]:
 0.00000000000 0.00000000000 0.00000000000 0.00000000000 0.00000000000 0.00000000000 0.00000000000 0.00000000000 0.00000000000 0.00000000000 0.00000000000 0.00000000000 0.00000000000 0.00000000000 0.00000000000 0.00000000000 0.00000000000 0.00000000000 0.00000000000 0.00000000000 0.00000000000 0.00000000000 0.00000000000 0.00000000000 0.00000000000 0.00000000000 0.00000000000 0.00000000000 0.00000000000 0.00000000000 0.00000000000 0.00000000000 0.00000000000 0.00000000000 0.00000000000 0.00000000000 0.00000000000 0.00000000000 0.00000000000 0.00000000000 0.00000000000
# logsel_p3_fsh[3]:
 0.00000000000 0.00000000000
# logsel_p3_fsh[4]:
 0.00000000000 0.00000000000 0.00000000000 0.00000000000 0.00000000000 0.00000000000 0.00000000000 0.00000000000 0.00000000000 0.00000000000 0.00000000000 0.00000000000 0.00000000000 0.00000000000 0.00000000000 0.00000000000 0.00000000000 0.00000000000 0.00000000000 0.00000000000 0.00000000000 0.00000000000 0.00000000000 0.00000000000 0.00000000000 0.00000000000 0.00000000000 0.00000000000 0.00000000000 0.00000000000 0.00000000000 0.00000000000 0.00000000000 0.00000000000 0.00000000000
# rec_dev_future:
 0.00000000000 0.00000000000 0.00000000000 0.00000000000 0.00000000000 0.00000000000 0.00000000000 0.00000000000 0.00000000000 0.00000000000 0.00000000000 0.00000000000 0.00000000000 0.00000000000 0.00000000000 0.00000000000 0.00000000000 0.00000000000 0.00000000000 0.00000000000
 0.00000000000 0.00000000000 0.00000000000 0.00000000000 0.00000000000 0.00000000000 0.00000000000 0.00000000000 0.00000000000 0.00000000000 0.00000000000 0.00000000000 0.00000000000 0.00000000000 0.00000000000 0.00000000000 0.00000000000 0.00000000000 0.00000000000 0.00000000000
# log_q_ind[1]:
0.453144800493
# log_q_ind[2]:
-2.35298142449
# log_q_ind[3]:
-9.46936571517
# log_q_ind[4]:
-0.0100057486945
# log_q_ind[5]:
-3.06752215672
# log_q_ind[6]:
-5.38568745834
# log_q_ind[7]:
-1.21780184762
# log_q_power_ind[1]:
0.00000000000
# log_q_power_ind[2]:
0.00000000000
# log_q_power_ind[3]:
0.00000000000
# log_q_power_ind[4]:
0.00000000000
# log_q_power_ind[5]:
0.00000000000
# log_q_power_ind[6]:
0.00000000000
# log_q_power_ind[7]:
0.00000000000
# log_rw_q_ind[1]:
 -0.820910781539
# log_rw_q_ind[3]:
 -0.0314866126681
# log_rw_q_ind[7]:
 0.00620891964715
# log_selcoffs_ind[1]:
 -2.19071793482 -1.38748443658 -0.794092804545 -0.376955752554 -0.0958338050908 0.118593074471 0.296471850771 0.443571819161 0.549467602930 0.604479024399
 -2.80324765816 -1.99011646179 -1.21750882368 -0.562225712886 -0.0879005968436 0.222334846311 0.407227076401 0.518760369055 0.576560168861 0.593031856432
# log_selcoffs_ind[2]:
 0.490916039688 0.672918873766 0.515294225622 0.149408693883 -0.193434125521 -0.421621757060 -0.557219627526 -0.636247103007 -0.687924963448 -0.721215140580
 0.861137799344 0.534745871309 0.293550215183 0.0782700977199 -0.136311652009 -0.348769977922 -0.541908000785 -0.702447669952 -0.822172101961 -0.891772092408
 0.920311707285 0.565253947367 0.353873506497 0.156665179613 -0.119158672279 -0.422186734873 -0.702265048886 -0.914920790397 -1.03553606511 -1.07432281795
# log_selcoffs_ind[3]:
 -0.202940821038 0.0202027052767 0.0202027052767 0.0202027052767 0.0202027052767 0.0202027052767 0.0202027052767 0.0202027052767 0.0202027052767 0.0202027052767
# log_selcoffs_ind[4]:
 -1.27963109317 -0.926681612536 -0.597574627357 -0.321642366595 -0.0997330016933 0.0856404985818 0.243192414836 0.375385058182 0.476583558575 0.539396145424
 -1.81439698705 -1.44446014576 -1.07424864648 -0.702414916595 -0.344986150756 -0.0149626266055 0.276693872239 0.513832558699 0.675624593163 0.749131182598
# log_selcoffs_ind[5]:
 -3.04452005677 -0.669616569639 0.101782682789 0.174353368097 0.174353368097 0.174353368097 0.174353368097 0.174353368097 0.174353368097 0.174353368097
# log_selcoffs_ind[6]:
 -3.04452005677 -0.669616569639 0.101782682789 0.174353368097 0.174353368097 0.174353368097 0.174353368097 0.174353368097 0.174353368097 0.174353368097
# log_selcoffs_ind[7]:
 -3.04452005677 -0.669616569639 0.101782682789 0.174353368097 0.174353368097 0.174353368097 0.174353368097 0.174353368097 0.174353368097 0.174353368097
# logsel_slope_ind[1]:
 0.00000000000 0.00000000000
# logsel_slope_ind[2]:
 0.00000000000 0.00000000000 0.00000000000
# logsel_slope_ind[3]:
 0.00000000000
# logsel_slope_ind[4]:
 0.00000000000 0.00000000000
# logsel_slope_ind[5]:
 0.00000000000
# logsel_slope_ind[6]:
 0.00000000000
# logsel_slope_ind[7]:
 0.00000000000
# sel50_ind[1]:
 0.00000000000 0.00000000000
# sel50_ind[2]:
 0.00000000000 0.00000000000 0.00000000000
# sel50_ind[3]:
 0.00000000000
# sel50_ind[4]:
 0.00000000000 0.00000000000
# sel50_ind[5]:
 0.00000000000
# sel50_ind[6]:
 0.00000000000
# sel50_ind[7]:
 0.00000000000
# logsel_p1_ind[1]:
 0.00000000000 0.00000000000
# logsel_p1_ind[2]:
 0.00000000000 0.00000000000 0.00000000000
# logsel_p1_ind[3]:
 0.00000000000
# logsel_p1_ind[4]:
 0.00000000000 0.00000000000
# logsel_p1_ind[5]:
 0.00000000000
# logsel_p1_ind[6]:
 0.00000000000
# logsel_p1_ind[7]:
 0.00000000000
# sel_p2_ind[1]:
 0.00000000000 0.00000000000
# sel_p2_ind[2]:
 0.00000000000 0.00000000000 0.00000000000
# sel_p2_ind[3]:
 0.00000000000
# sel_p2_ind[4]:
 0.00000000000 0.00000000000
# sel_p2_ind[5]:
 0.00000000000
# sel_p2_ind[6]:
 0.00000000000
# sel_p2_ind[7]:
 0.00000000000
# logsel_p3_ind[1]:
 0.00000000000 0.00000000000
# logsel_p3_ind[2]:
 0.00000000000 0.00000000000 0.00000000000
# logsel_p3_ind[3]:
 0.00000000000
# logsel_p3_ind[4]:
 0.00000000000 0.00000000000
# logsel_p3_ind[5]:
 0.00000000000
# logsel_p3_ind[6]:
 0.00000000000
# logsel_p3_ind[7]:
 0.00000000000
