# Number of parameters = 1581 Objective function value = 1205.96136453523  Maximum gradient component = 0.000264689594515191
# Mest[1]:
0.280000000000
# Mest[2]:
0.330000000000
# log_Linf[1]:
4.29810139974
# log_Linf[2]:
4.29810139974
# log_k[1]:
-1.83258146375
# log_k[2]:
-1.83258146375
# log_Lo[1]:
2.60712428251
# log_Lo[2]:
2.60712428251
# log_sdage[1]:
-2.40794560865
# log_sdage[2]:
-2.40794560865
# mean_log_rec[1]:
9.21482997307
# mean_log_rec[2]:
7.62620300284
# mean_log_rec[3]:
7.16037344601
# steepness[1]:
0.650000000000
# steepness[2]:
0.650000000000
# steepness[3]:
0.650000000000
# log_Rzero[1]:
9.27057760592
# log_Rzero[2]:
7.74834440156
# log_Rzero[3]:
6.68177707751
# rec_dev:
 -0.0654172698811 -0.0847002341313 -0.108798160382 -0.138695734556 -0.175419266682 -0.219747901710 -0.270878225419 -0.327839029768 -0.393292861462 -0.466359893291 -0.540103481656 -0.604216302534 -0.673679922669 -0.751299036410 -0.866292284539 -0.884557033153 -0.634869694968 -0.387738470577 -0.0757619664814 0.179965449214 0.233597872577 0.272688257726 0.377855095139 0.469761407048 0.999417291337 0.828080161748 0.874412099957 1.70410336080 1.60517118759 0.807249393476 0.259627585336 0.550871547402 0.779419874978 0.871317010618 0.358884307457 0.377615381990 0.139658465481 0.299900891334 0.393323854759 0.431386644156 0.536771925108 0.642610804970 0.675731675991 0.608533007419 0.178708467760 -0.330467521463 -0.216936937696 -0.701859997093 -1.49417802976 -0.614446768164 -0.767132217528 -1.06015727908 -1.03307705904 -1.02866088376 -0.890377011432 -0.431467656547 -0.428812403581 -0.186219380642 0.0691101713679 0.462933646013 0.197247435075 -0.381425359100 0.265647279337 -0.149387800628 -0.613721632617
 -0.00376106954664 -0.00509303036512 -0.00680660190818 -0.00897011985846 -0.0116507007683 -0.0149035528712 -0.0187702051548 -0.0235733177940 -0.0292980103041 -0.0357482098718 -0.0440188104750 0.0270065411121 0.0167208670170 0.00299663352901 -0.0124192172162 -0.0125004052254 -0.00820208678324 -0.0135993391159 0.384538040552 0.0994651176407 -0.0701735986783 -0.337539545992 0.0934036696828 0.239517421570 -0.321472826054 -1.03856701688 -0.162974804936 0.291046185333 0.654100151210 0.297696011113 -0.130729795309 -0.732774002921 -0.162594494466 -0.0142315827703 -0.284575564501 -0.00470279852084 0.725848344932 0.123568097738 0.258484214383 -0.0192687798589 1.35363122269 0.483323938174 0.154764118853 -0.0908087959587 -1.40767787273 0.457780970817 0.242886241333 -0.356105926513 -2.09974541407 -1.61397370764 0.734198876517 -0.262576271629 -0.911906839665 -1.27573523474 -1.36260073429 -0.885603418791 -0.939253235404 0.413216912084 1.13336483182 0.928487378986 0.394257332941 0.299831855246 -0.265256207215 -0.361994116298 -0.0129973963817
# log_sigmar[1]:
-0.510825623766
# log_sigmar[2]:
-0.510825623766
# log_sigmar[3]:
-0.510825623766
# fmort:
 -4.64671165411 -4.23122841587 -4.96094350321 -4.63844276476 -3.87494038255 -3.55006442110 -3.22467607990 -3.25345947345 -2.59998798591 -2.71020820856 -2.99561230151 -2.62252313952 -1.88617414129 -2.82199383782 -1.93980402289 -2.51759009898 -4.94192791814 -3.69391102093 -4.13186097586 -4.25765130913 -4.31868141632 -3.99177959712 -3.93078441482 -3.76244462685 -4.20672176162 -3.91652850726 -3.44058309760 -4.49413703679 -5.70383491565 -5.06718384205 -4.61642854138 -3.98342084797 -4.87204953900 -4.44996194075 -4.31169638018 -3.77863394238 -3.65006973668 -3.19690690443 -2.72704450907 -3.02884880384 -2.52500769061 -4.17905461133 -5.20971668252 -4.75403020458 -4.74386944605 -4.43104956907 -4.73346012392 -4.28903714121 -5.43546695662 -5.72596609535 -4.54299621797 -4.50854508622 -4.63171094646 -4.78508321013
 -7.04234785977 -6.60117804227 -6.12698876704 -5.52892978239 -5.74126937873 -5.02742816065 -4.50255726661 -4.17933471792 -3.72553759815 -3.51570230347 -3.39589384805 -2.65529883320 -2.40924234056 -2.67556337264 -2.26550620852 -1.86877036469 -1.67575926567 -1.37486405984 -1.19715034141 -1.07843376387 -1.07752511907 -0.862316169189 -0.585942016985 -0.558584589213 -0.353373686826 -0.0665439746275 -0.108881772960 -0.132661434662 -0.686435169762 -1.13812644798 -1.45368363748 -1.30038519721 -1.25098542592 -1.34713383510 -1.35053925252 -1.33351305303 -1.25708498173 -1.05405574042 -1.21341328660 -0.935536036864 -1.50858227488 -1.84389975462 -2.11223949037 -2.27806913199 -2.33266423541 -2.19883815885 -2.14959657307 -2.07811333242 -1.96679721443 -2.09400419186 -2.16320870046 -2.20588704868 -2.32451458371 -2.17478353112
 -6.88091878674 -6.20334071016 -5.33305711302 -4.55464825686 -3.37591547118 -4.53946721994 -4.24638481804 -1.61495375923 -1.46202374339 -1.64617506687 -1.43632239466 -0.935733052495 -1.94868178672 -2.55324425666 -2.55443397922 -3.22555426948 -3.78531990442 -3.63350329494 -2.33497647544 -2.42599219889 -2.33391786201 -2.62081990308 -3.02781154320 -2.66490692836 -2.28270558035 -0.900001034386 -0.325671553583 0.132595528934 0.506002119640 -0.791997095782 -0.972751084691 0.139137203524 -1.57473102073 -1.52528199676 -1.50208269079 -2.12106896754 -1.17839431338 -1.14403298437 -1.14873980649 -1.10306239010 -2.59652721160 -1.05334163004 -1.46535983633 -2.03415173569 -1.82291174329 -2.90933449810 -3.64233392450 -4.59800514059 -3.42087779643 -3.28222102455 -3.62260203300 -3.73480906563 -3.21709060493 -2.55391580525
 -9.54100147153 -9.49422368409 -7.73671685757 -9.38534775458 -9.31993579972 -9.24171212365 -9.10943635702 -8.22489368880 -4.98137402283 -2.81229754400 -2.68616310206 -2.22590094180 -1.40028413129 -0.855638235679 -0.447641428141 -0.699551810522 -0.926501897441 -1.27626903170 -1.64558302209 -1.99339476473 -2.30769656253 -2.93666915479 -5.50541460051 -8.99906849110 -8.80084392464 -8.49543930851 -8.14727227270 -7.83205055325 -7.70328886195 -7.78548719139 -7.21547250586 -5.30952889319 -4.19083078841 -3.64441813897 -3.06881204865 -3.24233652317 -2.77919620985 -2.37371532106 -2.16117626288 -1.87511791326 -1.97677992891 -3.19138048913 -3.61256314662 -3.64175918979 -3.28526574660 -3.15219725752 -3.66220079414 -3.77691737387 -3.83780893723 -4.07472531488 -6.68167201597 -4.21556674716 -4.36771352818 -4.76609599667
# log_selcoffs_fsh[1]:
 -3.73676967899 -2.08492367907 -1.08652685159 -0.118961761863 0.756413560346 0.983052089752 0.441922739306 -0.245602029625 -0.722630444693
 -3.32766821427 -1.66498821113 -0.955935899967 -0.189835348969 0.618832462159 0.912039322865 0.522525894513 -0.0746318482424 -0.506065246606
 -3.01295689443 -1.56649602140 -0.740618179523 0.0402800616401 0.609762843948 0.756046298461 0.456364937360 -0.0135764503658 -0.371815504167
 -2.61740359592 -1.35079657662 -0.727051477276 -0.0937688191975 0.667835886827 0.753811506870 0.397947028669 -0.0241856901869 -0.308998006054
 -1.95485600921 -0.451989348818 -0.172609114858 0.0621807210355 0.346438378448 0.483059137695 0.326808366719 0.0503093748807 -0.170488415060
 -1.81484939714 -0.608889657704 0.341390216827 0.549232104212 0.243125105042 0.137076793193 0.0438167063776 -0.106201885118 -0.238028795400
 -1.51808633166 -0.445405924423 0.452404141699 0.665751138807 0.258448958552 -0.0265454136784 -0.162754889934 -0.252713738407 -0.318756347333
 -1.10807113417 -0.252736311728 0.524040736271 0.732845018557 0.182024538198 -0.158820718948 -0.324325736786 -0.385776552491 -0.404108854911
 -0.817366617602 0.192582988095 0.436239249941 0.558608616773 0.277730280972 -0.175858643099 -0.419651755975 -0.486724167829 -0.477819968953
 -0.564850610444 0.352136992105 0.541969182452 0.546039302292 0.131664043218 -0.309963505839 -0.552219509589 -0.600462860909 -0.570516211009
 -0.0343914253005 0.902212441551 0.431346546577 0.141428632640 -0.235065063263 -0.535281870163 -0.694626297836 -0.713868801886 -0.668497115245
 0.190109181242 0.857831060535 0.597813952453 0.104225973363 -0.434369406323 -0.701401485415 -0.809032539021 -0.808764421510 -0.754327191143
 -0.0302507530673 1.13721674653 0.630461691894 -0.117537984201 -0.661006573783 -0.883527401087 -0.941435114489 -0.914353499031 -0.858875393157
 0.217619550776 1.17483821194 0.567986293749 -0.214276974654 -0.790761105175 -0.996565823226 -1.03169909455 -0.986347426304 -0.927729844992
 0.246855655936 1.22360944445 0.548842249962 -0.270971928436 -0.851384718020 -1.06484599256 -1.10001282327 -1.04948761822 -0.988602914489
 -0.152266214247 1.30768259149 0.653331923051 -0.235987474263 -0.885529851004 -1.11811011441 -1.16092678783 -1.11130034213 -1.04924539243
 -0.0555676859082 1.34559671907 0.584651186952 -0.280730804261 -0.918456849449 -1.15634032179 -1.20325357439 -1.15604866801 -1.09283514039
 0.482765367857 1.14447594328 0.626927242108 -0.295385017715 -0.947353759523 -1.18292810364 -1.22921930051 -1.17950308896 -1.11333401686
 0.779494831031 1.13135677185 0.400808981326 -0.396143986114 -0.999774912080 -1.23020074146 -1.27338214936 -1.21749225495 -1.14640467129
 0.509643423825 1.22957393691 0.556285688265 -0.384212704704 -1.04959410016 -1.28589485624 -1.31980125721 -1.25026087402 -1.17034353285
 0.600423105295 1.30675653039 0.386915022025 -0.514609930385 -1.13488313909 -1.35284855046 -1.37288367882 -1.28585111168 -1.19395806172
 0.613659691393 1.29527208190 0.476216848746 -0.597638491495 -1.23622149742 -1.42678624067 -1.42160999441 -1.31223869772 -1.20514290020
 0.800534657595 1.24954179364 0.367559859459 -0.627943780059 -1.27811996980 -1.47266055811 -1.45558639489 -1.32660981502 -1.20358434108
 0.502294163588 1.41256880831 0.353169371781 -0.654535623226 -1.28761137796 -1.48831911417 -1.47258293940 -1.33225417544 -1.19451535558
 0.637687818487 1.32699566533 0.359132758592 -0.584640675739 -1.22425687518 -1.45357951372 -1.45205896740 -1.30421477130 -1.15320503923
 0.703439500689 1.19227263160 0.443483307475 -0.398682841927 -1.12234881966 -1.38216827471 -1.38631178704 -1.23852535455 -1.08156244921
 0.332383876538 1.25401719581 0.536842263929 -0.261324216670 -1.00409459250 -1.26380311518 -1.27074730362 -1.13672933224 -0.993578545208
 0.350755018897 1.26031547387 0.440245056510 -0.365346658534 -0.940151953595 -1.14072334826 -1.12843811977 -1.01052516657 -0.895114982659
 1.09914919341 0.801075737626 0.106264825565 -0.522978923951 -0.903241987828 -1.00668556159 -0.958415648133 -0.837427426378 -0.736932559310
 0.697686879374 1.05308143486 0.136717112459 -0.573503271448 -0.848307987582 -0.860965102430 -0.767991297491 -0.644521259904 -0.554032868809
 0.479410346715 1.04915344909 0.0316286635772 -0.548233017500 -0.712051842745 -0.679566152366 -0.556054385406 -0.433910685276 -0.355775214004
 0.422163361997 0.727258687423 0.0124386568467 -0.410204098918 -0.493460544891 -0.425500761501 -0.295717837834 -0.181909676667 -0.119138395718
 -0.404993425997 0.453450359907 0.0937515170046 -0.167850091053 -0.173832520557 -0.137729510205 -0.0260858195627 0.0435646065060 0.0815499626469
 -0.822731596626 -0.203822907441 -0.234625865069 -0.0714286894669 0.107922479228 0.118346896376 0.262980526924 0.222670674528 0.209796854050
 -0.383273948681 0.0479475335096 -0.483524695613 -0.486708617459 -0.190636962133 0.0610927419351 0.262645368283 0.342459531023 0.364506341346
 0.194922450504 -0.753457012884 -0.915306981596 -0.636978267275 -0.245953473657 0.0879990547763 0.327392403851 0.433888090943 0.457568712030
 -0.957423653063 -1.09389792602 -0.989980748985 -0.498715797458 -0.0406139442381 0.235463259472 0.482371907788 0.556206352212 0.538051578788
 -1.61904618163 -1.23219534780 -1.01075231013 -0.485024270306 0.00622896595606 0.342703042819 0.503430690652 0.562224845799 0.534547480537
 -1.83185370976 -1.77842363624 -1.50939110563 -0.845555114417 -0.0389934183174 0.492179596019 0.694846110594 0.616793066216 0.448910209852
 -2.20095326364 -2.13344957901 -1.71959512779 -0.942003204953 -0.0994903109054 0.594242683443 0.803470577960 0.600650363367 0.356519923293
# log_selcoffs_fsh[2]:
 -2.24830871178 -0.291866162644 0.464128357795 0.761016402007 0.531718735794 0.0720104920955 -0.234726441839 -0.404397930359 -0.490124080653 -0.563455640430
 -2.26637600675 -0.350652491038 -0.316487969902 0.233266554702 0.662976520126 0.567092798799 0.168583202066 -0.159356432192 -0.294973762873 -0.333937576377
 -2.80969926217 -1.01411151538 -0.511465169995 0.0493661931963 0.594677090286 0.682113684059 0.334154484351 -0.00392461282901 -0.131168616586 -0.143386392947
 -3.21089485818 -1.65137661199 -0.779827973356 -0.210585971640 0.474293233140 0.735686868394 0.406054276070 0.135471493860 0.0658757504141 0.0875087074470
 -2.78265779109 -1.26286361458 -1.20742830032 -0.697198471574 0.144493096160 0.602962767124 0.452728552288 0.323705686055 0.345930974284 0.410265522611
 -2.34644024139 -1.26089703883 -1.07566228341 -0.989843608953 -0.467277803682 0.0473184921457 0.328310469695 0.505350168337 0.676609347450 0.797345259409
 -2.99364482346 -1.74029451046 -0.901452257642 -0.775852655684 -0.669715516255 -0.318133885549 0.108883971021 0.503269240378 0.805612007855 0.978911505525
 -3.54741309426 -2.53755109272 -1.74634796920 -1.05429889877 -0.493754920941 -0.101104149222 0.224838217315 0.484532408791 0.808094106467 1.00648304481
 -3.81766528476 -2.79533109697 -2.15451452282 -1.45601542565 -0.647658689255 -0.0863790595852 0.333017064567 0.635193254450 0.839987843437 0.927583051635
 -3.88727913455 -2.68075998522 -1.97967735905 -1.48522438320 -1.00466380993 -0.354666346548 0.232894929574 0.780405388522 0.983653756182 0.858675343061
 -3.70293706968 -2.22816309514 -1.51700784638 -1.09206728465 -0.745269087041 -0.478159236652 0.0357421261185 0.668074170797 0.983197257885 0.939361945456
 -3.59338318217 -2.12009938753 -1.32564353132 -0.914043142248 -0.569651536065 -0.248683480895 0.272070196678 0.650273865361 0.824665495317 0.846096362591
 -3.22599709390 -1.42365750593 -0.843269815197 -0.520385400272 -0.294521562500 -0.218204477652 0.164170349321 0.493712531879 0.717297503310 0.824315576204
 -2.79452705126 -1.00646927615 -0.460283449631 -0.306130640041 -0.242926191965 -0.137760489006 0.115238834773 0.386664756731 0.614120126355 0.745778972733
 -2.39600424757 -0.413059408293 -0.170700051470 -0.311460185227 -0.418401103095 -0.287571783710 0.0319150524016 0.324565913400 0.578330483990 0.725006727346
 -2.04059146795 -0.0770644219914 -0.207970596653 -0.388808567048 -0.533046002239 -0.392302587493 -0.0623156200592 0.266181609588 0.571410763391 0.777712033694
 -1.59745382316 -0.0845291001659 -0.187805909489 -0.373103275087 -0.558606037584 -0.504771235872 -0.189223772110 0.193459956575 0.576877135135 0.860402888864
 -1.88683540007 -0.117883290440 0.00188677243365 -0.241763632558 -0.515582093277 -0.501734459888 -0.225061591492 0.164676796997 0.537570756333 0.824422900812
 -2.17247279298 -0.353501393619 0.00281186942694 -0.169281869920 -0.439541722535 -0.430437282866 -0.155517809236 0.211067741007 0.555466082577 0.792320563834
 -2.28475191857 -0.670822970179 -0.294866082914 -0.177330016935 -0.345130187294 -0.352102417692 -0.0871852962588 0.284470700001 0.613694910668 0.833183985683
 -2.35555400828 -0.787795619455 -0.306202807250 -0.114923515126 -0.288506423041 -0.361209606299 -0.128388578772 0.256004651684 0.615776166419 0.856142827298
 -2.50987892595 -0.893829582229 -0.331406269539 -0.0508373251452 -0.171348700479 -0.245543693090 -0.0599124736870 0.239175917269 0.561489728376 0.811441553488
 -2.73032787893 -1.33396674945 -0.467013420919 0.0367063029845 0.0262205500112 -0.0820189750713 0.0462690840998 0.272880445494 0.507837032262 0.711231446915
 -2.85807357754 -1.61595213417 -0.773207855594 -0.184751991888 0.109753303000 0.0794204503090 0.252044374960 0.424159769177 0.523929418766 0.558934272147
 -2.93103613928 -1.42425857202 -0.716583312451 -0.408096343218 -0.0684689925183 0.114440546323 0.303952628996 0.535405766987 0.564092647215 0.516631802592
 -3.04492516904 -1.75928447740 -0.914984231687 -0.140812014940 0.192786139828 0.223831785047 0.241751803311 0.416012164025 0.509582719135 0.465991619371
 -3.16794095385 -1.53924020354 -0.839371848534 0.0669013070173 0.387667610339 0.429990425783 0.343485049046 0.276430757707 0.230656023506 0.218104633809
 -3.30831693418 -1.13634940915 -0.609834884373 0.0598977265879 0.376150621462 0.381576633441 0.629170737764 0.347007358139 -0.0385764237303 -0.147378747352
 -3.43283426636 -1.75108476637 -0.808455542824 0.186227542018 0.559111180178 0.537138943074 0.660492795330 0.192378487517 -0.190123753792 -0.344007431050
 -3.52611982037 -1.68894210579 -0.341566182477 0.378499981513 0.812010578691 0.520756023912 0.258585272466 -0.0563407019412 -0.282970160511 -0.377564162875
 -3.36836817400 -1.24905473624 -0.0348501559464 0.549849576389 0.526991936666 0.269835852254 0.162346862710 0.0292267368615 -0.0873994892001 -0.157566354334
 -3.27978811985 -1.37201782372 -0.378313487673 0.143561781406 0.456262660386 0.402979313898 0.223746690419 0.223080094798 0.174473984961 0.0986137521037
 -2.78498519882 -0.799984010064 -0.600718099712 -0.310938479518 0.0944192192620 0.292756892007 0.302080797128 0.370575807278 0.425066404728 0.363036951673
 -3.29886782218 -1.20993534135 -0.534500182550 -0.0950436295963 0.167055870073 0.306499378655 0.343806512529 0.386060908156 0.353040555530 0.280818654569
 -3.56266354670 -1.57921983951 -0.885024745157 -0.402892402506 0.120050788439 0.365929669805 0.474228415716 0.509403546426 0.429661966903 0.267883669032
 -3.95203083835 -1.98527085794 -0.979452204198 -0.464230278669 -0.0371553224514 0.250075695924 0.483150314282 0.601876749493 0.522966384600 0.377008455188
 -4.25612438844 -2.55359556944 -1.37103196935 -0.543464486919 0.117176476463 0.359759205764 0.578756740022 0.631854108048 0.445896537066 0.254128537710
 -4.37994463556 -2.74343271134 -1.85725234667 -0.964287943874 -0.0822990413169 0.453726004008 0.675694608054 0.717454940051 0.476291607670 0.235787065586
 -4.51975898336 -2.92896376936 -1.72208307535 -1.06629753112 -0.222935597460 0.328673098073 0.646038983370 0.723778745757 0.577812738486 0.385993924329
 -4.57102740955 -3.22542391968 -1.89542720602 -1.01718740691 -0.456623539445 0.179549339022 0.588907398803 0.764933543854 0.657675348232 0.546259798825
 -4.52320187066 -3.17502582396 -1.91436105596 -0.953293572534 -0.376454961144 0.0469327382802 0.459070389291 0.720027166711 0.740851454470 0.665413117702
# log_selcoffs_fsh[3]:
 -4.37349421673 -1.83116446663 0.425817617654 1.29199957535 0.244992957826 -1.23888851243 -2.41970159695
 -4.50590376508 -1.03281641237 0.678488351711 0.986325963883 0.433977725363 -1.05979569531 -2.39930316088
# log_selcoffs_fsh[4]:
 -3.31795608879 -2.83057664914 -2.30611242109 -1.70460469292 -1.01587426828 -0.279810852973 0.409796619186 0.942539076894 1.23322729370
 -3.30509251527 -2.82489624733 -2.30768486214 -1.71167107860 -1.02472529692 -0.286644193512 0.407910645532 0.944197047310 1.23542470611
 -3.27997177641 -2.81352706009 -2.31131834994 -1.72493681287 -1.03941203685 -0.295297555452 0.407983049842 0.946808378429 1.23716722299
 -3.24235110540 -2.79089209573 -2.31292667928 -1.75092097310 -1.06530654799 -0.304468469659 0.411611360060 0.953035434001 1.23605875060
 -3.18645227441 -2.74642077893 -2.29265981658 -1.76238795285 -1.10475734277 -0.328141109821 0.419280717865 0.963083015120 1.23247634827
 -3.10944922698 -2.66171770614 -2.23983065831 -1.75150774265 -1.09883961991 -0.328404973539 0.426723964804 0.969161560048 1.21913686937
 -3.02143731692 -2.56411651204 -2.10385647140 -1.65990377015 -1.05839652144 -0.285404595313 0.459349415177 0.966007153883 1.17955958886
 -2.92237999781 -2.46653835266 -1.99697610592 -1.49789129657 -0.941094302186 -0.240136181019 0.463425066419 0.949335679841 1.14795701668
 -2.78622543886 -2.32753192806 -1.87351977647 -1.37632637266 -0.796220090059 -0.155383524665 0.472592283859 0.912849747805 1.10923787285
 -2.63150884806 -2.13485552321 -1.65111645873 -1.20887635225 -0.699299087858 -0.104232006137 0.458838119621 0.875651210639 1.07799394630
 -2.48072568752 -1.94485805199 -1.41165819657 -0.931228885450 -0.544951315815 -0.0975825138023 0.408824085333 0.823048071857 1.05296145994
 -2.34600671392 -1.80039517234 -1.24562721752 -0.719126067615 -0.307778123007 -0.0258380295949 0.344402057759 0.744001458044 1.00760059040
 -2.23332207294 -1.68823880488 -1.15061075803 -0.634800785973 -0.197776598718 0.105483325589 0.362662704852 0.677098301611 0.925998920122
 -2.12624724997 -1.58555521068 -1.05892058888 -0.573203208794 -0.166872006518 0.144560242144 0.407676085194 0.661198680312 0.842886528793
 -2.01901626267 -1.48268804409 -0.967268441547 -0.503535977874 -0.118608960753 0.183009320627 0.427947030835 0.633023852150 0.765140017569
 -1.91494295014 -1.38089183249 -0.874376036696 -0.430026957103 -0.0647611347815 0.217818428279 0.435349844745 0.596910338716 0.688650952921
 -1.81324262777 -1.27714744376 -0.776925892822 -0.353394931664 -0.0138745067546 0.243819680028 0.433876568869 0.558127917112 0.611375634496
 -1.71186898691 -1.15363696422 -0.652143658998 -0.251571563948 0.0480392100717 0.255989025146 0.407832832010 0.499400143350 0.538386493844
 -1.62741727665 -1.03671935763 -0.503897678466 -0.157072822835 0.0953178671042 0.271586819002 0.369910723732 0.440247194851 0.455768379643
 -1.57841277623 -0.954793805762 -0.380691272686 0.0101693731208 0.155640600625 0.264233519090 0.328925663613 0.350439302164 0.361298582070
 -1.54547461934 -0.910333911718 -0.361699620924 0.0748170332118 0.283450689746 0.285604939253 0.283752329870 0.271727652256 0.271261057585
 -1.53051782825 -0.881330798227 -0.337552085440 0.0188001459341 0.296793831521 0.349438896270 0.319614628569 0.252634161784 0.189821436711
 -1.53481124667 -0.942290688268 -0.401792969816 -0.0206383378175 0.210075807961 0.340847794916 0.359339988588 0.316044145078 0.263972103769
 -1.58112816422 -1.04292658444 -0.556860246944 -0.152514886285 0.142798025873 0.328763798345 0.402275980704 0.406247123198 0.386037608501
 -1.62818808100 -1.12649115399 -0.657962063417 -0.250833062397 0.0883606097360 0.317122306709 0.421012537812 0.463042157383 0.473455251527
 -1.68445630135 -1.21782656641 -0.786314484614 -0.358365156621 0.0170490531059 0.289738186743 0.446745916913 0.524260212596 0.564486908159
 -1.74205875213 -1.27956852144 -0.941130117344 -0.498678192076 -0.0398185700312 0.262025481062 0.454101478588 0.584370930463 0.652335765257
 -1.79744969460 -1.44700336864 -1.06129041306 -0.524647212143 -0.106106882329 0.122824333403 0.372913988175 0.633389650929 0.830851377831
 -1.23540503449 -1.35380354122 -1.13233204590 -0.775167124364 -0.353698538815 0.0143093526944 0.354041736618 0.684024332833 0.934118301361
 -1.58552678093 -1.30032456407 -1.16775908961 -0.846756270331 -0.415969531720 -0.00411091741415 0.362395180726 0.712726071786 0.974914987121
 -1.43090594261 -1.06624950666 -1.03965210012 -0.915758416426 -0.628933194450 -0.221392830396 0.275866903297 0.741934900113 1.06835591151
 -1.19098619355 -0.565758905372 -0.638757990067 -0.796260055953 -0.696716830769 -0.351540851176 0.137883466348 0.661883900854 1.05120105709
 -1.21911107618 -0.339895442842 -0.0979153929627 -0.527851546803 -0.605079560698 -0.378202245884 0.0548988658151 0.545892336822 0.909210266824
 -0.801823314863 0.217274284312 0.00989328739307 -0.332648926709 -0.427868170807 -0.311870342968 -0.00246596539461 0.347983112454 0.578925806808
 -0.601237634183 0.0196327889050 0.00324250144567 -0.251744694284 -0.391204533864 -0.294234099840 0.00271049666832 0.351619695284 0.591072216798
# log_sel_spl_fsh[1]:
 0.00000000000 0.00000000000 0.00000000000 0.00000000000
 0.00000000000 0.00000000000 0.00000000000 0.00000000000
 0.00000000000 0.00000000000 0.00000000000 0.00000000000
 0.00000000000 0.00000000000 0.00000000000 0.00000000000
 0.00000000000 0.00000000000 0.00000000000 0.00000000000
 0.00000000000 0.00000000000 0.00000000000 0.00000000000
 0.00000000000 0.00000000000 0.00000000000 0.00000000000
 0.00000000000 0.00000000000 0.00000000000 0.00000000000
 0.00000000000 0.00000000000 0.00000000000 0.00000000000
 0.00000000000 0.00000000000 0.00000000000 0.00000000000
 0.00000000000 0.00000000000 0.00000000000 0.00000000000
 0.00000000000 0.00000000000 0.00000000000 0.00000000000
 0.00000000000 0.00000000000 0.00000000000 0.00000000000
 0.00000000000 0.00000000000 0.00000000000 0.00000000000
 0.00000000000 0.00000000000 0.00000000000 0.00000000000
 0.00000000000 0.00000000000 0.00000000000 0.00000000000
 0.00000000000 0.00000000000 0.00000000000 0.00000000000
 0.00000000000 0.00000000000 0.00000000000 0.00000000000
 0.00000000000 0.00000000000 0.00000000000 0.00000000000
 0.00000000000 0.00000000000 0.00000000000 0.00000000000
 0.00000000000 0.00000000000 0.00000000000 0.00000000000
 0.00000000000 0.00000000000 0.00000000000 0.00000000000
 0.00000000000 0.00000000000 0.00000000000 0.00000000000
 0.00000000000 0.00000000000 0.00000000000 0.00000000000
 0.00000000000 0.00000000000 0.00000000000 0.00000000000
 0.00000000000 0.00000000000 0.00000000000 0.00000000000
 0.00000000000 0.00000000000 0.00000000000 0.00000000000
 0.00000000000 0.00000000000 0.00000000000 0.00000000000
 0.00000000000 0.00000000000 0.00000000000 0.00000000000
 0.00000000000 0.00000000000 0.00000000000 0.00000000000
 0.00000000000 0.00000000000 0.00000000000 0.00000000000
 0.00000000000 0.00000000000 0.00000000000 0.00000000000
 0.00000000000 0.00000000000 0.00000000000 0.00000000000
 0.00000000000 0.00000000000 0.00000000000 0.00000000000
 0.00000000000 0.00000000000 0.00000000000 0.00000000000
 0.00000000000 0.00000000000 0.00000000000 0.00000000000
 0.00000000000 0.00000000000 0.00000000000 0.00000000000
 0.00000000000 0.00000000000 0.00000000000 0.00000000000
 0.00000000000 0.00000000000 0.00000000000 0.00000000000
 0.00000000000 0.00000000000 0.00000000000 0.00000000000
# log_sel_spl_fsh[2]:
 0.00000000000 0.00000000000 0.00000000000 0.00000000000
 0.00000000000 0.00000000000 0.00000000000 0.00000000000
 0.00000000000 0.00000000000 0.00000000000 0.00000000000
 0.00000000000 0.00000000000 0.00000000000 0.00000000000
 0.00000000000 0.00000000000 0.00000000000 0.00000000000
 0.00000000000 0.00000000000 0.00000000000 0.00000000000
 0.00000000000 0.00000000000 0.00000000000 0.00000000000
 0.00000000000 0.00000000000 0.00000000000 0.00000000000
 0.00000000000 0.00000000000 0.00000000000 0.00000000000
 0.00000000000 0.00000000000 0.00000000000 0.00000000000
 0.00000000000 0.00000000000 0.00000000000 0.00000000000
 0.00000000000 0.00000000000 0.00000000000 0.00000000000
 0.00000000000 0.00000000000 0.00000000000 0.00000000000
 0.00000000000 0.00000000000 0.00000000000 0.00000000000
 0.00000000000 0.00000000000 0.00000000000 0.00000000000
 0.00000000000 0.00000000000 0.00000000000 0.00000000000
 0.00000000000 0.00000000000 0.00000000000 0.00000000000
 0.00000000000 0.00000000000 0.00000000000 0.00000000000
 0.00000000000 0.00000000000 0.00000000000 0.00000000000
 0.00000000000 0.00000000000 0.00000000000 0.00000000000
 0.00000000000 0.00000000000 0.00000000000 0.00000000000
 0.00000000000 0.00000000000 0.00000000000 0.00000000000
 0.00000000000 0.00000000000 0.00000000000 0.00000000000
 0.00000000000 0.00000000000 0.00000000000 0.00000000000
 0.00000000000 0.00000000000 0.00000000000 0.00000000000
 0.00000000000 0.00000000000 0.00000000000 0.00000000000
 0.00000000000 0.00000000000 0.00000000000 0.00000000000
 0.00000000000 0.00000000000 0.00000000000 0.00000000000
 0.00000000000 0.00000000000 0.00000000000 0.00000000000
 0.00000000000 0.00000000000 0.00000000000 0.00000000000
 0.00000000000 0.00000000000 0.00000000000 0.00000000000
 0.00000000000 0.00000000000 0.00000000000 0.00000000000
 0.00000000000 0.00000000000 0.00000000000 0.00000000000
 0.00000000000 0.00000000000 0.00000000000 0.00000000000
 0.00000000000 0.00000000000 0.00000000000 0.00000000000
 0.00000000000 0.00000000000 0.00000000000 0.00000000000
 0.00000000000 0.00000000000 0.00000000000 0.00000000000
 0.00000000000 0.00000000000 0.00000000000 0.00000000000
 0.00000000000 0.00000000000 0.00000000000 0.00000000000
 0.00000000000 0.00000000000 0.00000000000 0.00000000000
 0.00000000000 0.00000000000 0.00000000000 0.00000000000
# log_sel_spl_fsh[3]:
 0.00000000000 0.00000000000 0.00000000000 0.00000000000
 0.00000000000 0.00000000000 0.00000000000 0.00000000000
# log_sel_spl_fsh[4]:
 0.00000000000 0.00000000000 0.00000000000 0.00000000000
 0.00000000000 0.00000000000 0.00000000000 0.00000000000
 0.00000000000 0.00000000000 0.00000000000 0.00000000000
 0.00000000000 0.00000000000 0.00000000000 0.00000000000
 0.00000000000 0.00000000000 0.00000000000 0.00000000000
 0.00000000000 0.00000000000 0.00000000000 0.00000000000
 0.00000000000 0.00000000000 0.00000000000 0.00000000000
 0.00000000000 0.00000000000 0.00000000000 0.00000000000
 0.00000000000 0.00000000000 0.00000000000 0.00000000000
 0.00000000000 0.00000000000 0.00000000000 0.00000000000
 0.00000000000 0.00000000000 0.00000000000 0.00000000000
 0.00000000000 0.00000000000 0.00000000000 0.00000000000
 0.00000000000 0.00000000000 0.00000000000 0.00000000000
 0.00000000000 0.00000000000 0.00000000000 0.00000000000
 0.00000000000 0.00000000000 0.00000000000 0.00000000000
 0.00000000000 0.00000000000 0.00000000000 0.00000000000
 0.00000000000 0.00000000000 0.00000000000 0.00000000000
 0.00000000000 0.00000000000 0.00000000000 0.00000000000
 0.00000000000 0.00000000000 0.00000000000 0.00000000000
 0.00000000000 0.00000000000 0.00000000000 0.00000000000
 0.00000000000 0.00000000000 0.00000000000 0.00000000000
 0.00000000000 0.00000000000 0.00000000000 0.00000000000
 0.00000000000 0.00000000000 0.00000000000 0.00000000000
 0.00000000000 0.00000000000 0.00000000000 0.00000000000
 0.00000000000 0.00000000000 0.00000000000 0.00000000000
 0.00000000000 0.00000000000 0.00000000000 0.00000000000
 0.00000000000 0.00000000000 0.00000000000 0.00000000000
 0.00000000000 0.00000000000 0.00000000000 0.00000000000
 0.00000000000 0.00000000000 0.00000000000 0.00000000000
 0.00000000000 0.00000000000 0.00000000000 0.00000000000
 0.00000000000 0.00000000000 0.00000000000 0.00000000000
 0.00000000000 0.00000000000 0.00000000000 0.00000000000
 0.00000000000 0.00000000000 0.00000000000 0.00000000000
 0.00000000000 0.00000000000 0.00000000000 0.00000000000
 0.00000000000 0.00000000000 0.00000000000 0.00000000000
# logsel_slope_fsh[1]:
 0.00000000000 0.00000000000 0.00000000000 0.00000000000 0.00000000000 0.00000000000 0.00000000000 0.00000000000 0.00000000000 0.00000000000 0.00000000000 0.00000000000 0.00000000000 0.00000000000 0.00000000000 0.00000000000 0.00000000000 0.00000000000 0.00000000000 0.00000000000 0.00000000000 0.00000000000 0.00000000000 0.00000000000 0.00000000000 0.00000000000 0.00000000000 0.00000000000 0.00000000000 0.00000000000 0.00000000000 0.00000000000 0.00000000000 0.00000000000 0.00000000000 0.00000000000 0.00000000000 0.00000000000 0.00000000000 0.00000000000
# logsel_slope_fsh[2]:
 0.00000000000 0.00000000000 0.00000000000 0.00000000000 0.00000000000 0.00000000000 0.00000000000 0.00000000000 0.00000000000 0.00000000000 0.00000000000 0.00000000000 0.00000000000 0.00000000000 0.00000000000 0.00000000000 0.00000000000 0.00000000000 0.00000000000 0.00000000000 0.00000000000 0.00000000000 0.00000000000 0.00000000000 0.00000000000 0.00000000000 0.00000000000 0.00000000000 0.00000000000 0.00000000000 0.00000000000 0.00000000000 0.00000000000 0.00000000000 0.00000000000 0.00000000000 0.00000000000 0.00000000000 0.00000000000 0.00000000000 0.00000000000
# logsel_slope_fsh[3]:
 0.00000000000 0.00000000000
# logsel_slope_fsh[4]:
 0.00000000000 0.00000000000 0.00000000000 0.00000000000 0.00000000000 0.00000000000 0.00000000000 0.00000000000 0.00000000000 0.00000000000 0.00000000000 0.00000000000 0.00000000000 0.00000000000 0.00000000000 0.00000000000 0.00000000000 0.00000000000 0.00000000000 0.00000000000 0.00000000000 0.00000000000 0.00000000000 0.00000000000 0.00000000000 0.00000000000 0.00000000000 0.00000000000 0.00000000000 0.00000000000 0.00000000000 0.00000000000 0.00000000000 0.00000000000 0.00000000000
# sel50_fsh[1]:
 0.00000000000 0.00000000000 0.00000000000 0.00000000000 0.00000000000 0.00000000000 0.00000000000 0.00000000000 0.00000000000 0.00000000000 0.00000000000 0.00000000000 0.00000000000 0.00000000000 0.00000000000 0.00000000000 0.00000000000 0.00000000000 0.00000000000 0.00000000000 0.00000000000 0.00000000000 0.00000000000 0.00000000000 0.00000000000 0.00000000000 0.00000000000 0.00000000000 0.00000000000 0.00000000000 0.00000000000 0.00000000000 0.00000000000 0.00000000000 0.00000000000 0.00000000000 0.00000000000 0.00000000000 0.00000000000 0.00000000000
# sel50_fsh[2]:
 0.00000000000 0.00000000000 0.00000000000 0.00000000000 0.00000000000 0.00000000000 0.00000000000 0.00000000000 0.00000000000 0.00000000000 0.00000000000 0.00000000000 0.00000000000 0.00000000000 0.00000000000 0.00000000000 0.00000000000 0.00000000000 0.00000000000 0.00000000000 0.00000000000 0.00000000000 0.00000000000 0.00000000000 0.00000000000 0.00000000000 0.00000000000 0.00000000000 0.00000000000 0.00000000000 0.00000000000 0.00000000000 0.00000000000 0.00000000000 0.00000000000 0.00000000000 0.00000000000 0.00000000000 0.00000000000 0.00000000000 0.00000000000
# sel50_fsh[3]:
 0.00000000000 0.00000000000
# sel50_fsh[4]:
 0.00000000000 0.00000000000 0.00000000000 0.00000000000 0.00000000000 0.00000000000 0.00000000000 0.00000000000 0.00000000000 0.00000000000 0.00000000000 0.00000000000 0.00000000000 0.00000000000 0.00000000000 0.00000000000 0.00000000000 0.00000000000 0.00000000000 0.00000000000 0.00000000000 0.00000000000 0.00000000000 0.00000000000 0.00000000000 0.00000000000 0.00000000000 0.00000000000 0.00000000000 0.00000000000 0.00000000000 0.00000000000 0.00000000000 0.00000000000 0.00000000000
# logsel_p1_fsh[1]:
 0.00000000000 0.00000000000 0.00000000000 0.00000000000 0.00000000000 0.00000000000 0.00000000000 0.00000000000 0.00000000000 0.00000000000 0.00000000000 0.00000000000 0.00000000000 0.00000000000 0.00000000000 0.00000000000 0.00000000000 0.00000000000 0.00000000000 0.00000000000 0.00000000000 0.00000000000 0.00000000000 0.00000000000 0.00000000000 0.00000000000 0.00000000000 0.00000000000 0.00000000000 0.00000000000 0.00000000000 0.00000000000 0.00000000000 0.00000000000 0.00000000000 0.00000000000 0.00000000000 0.00000000000 0.00000000000 0.00000000000
# logsel_p1_fsh[2]:
 0.00000000000 0.00000000000 0.00000000000 0.00000000000 0.00000000000 0.00000000000 0.00000000000 0.00000000000 0.00000000000 0.00000000000 0.00000000000 0.00000000000 0.00000000000 0.00000000000 0.00000000000 0.00000000000 0.00000000000 0.00000000000 0.00000000000 0.00000000000 0.00000000000 0.00000000000 0.00000000000 0.00000000000 0.00000000000 0.00000000000 0.00000000000 0.00000000000 0.00000000000 0.00000000000 0.00000000000 0.00000000000 0.00000000000 0.00000000000 0.00000000000 0.00000000000 0.00000000000 0.00000000000 0.00000000000 0.00000000000 0.00000000000
# logsel_p1_fsh[3]:
 0.00000000000 0.00000000000
# logsel_p1_fsh[4]:
 0.00000000000 0.00000000000 0.00000000000 0.00000000000 0.00000000000 0.00000000000 0.00000000000 0.00000000000 0.00000000000 0.00000000000 0.00000000000 0.00000000000 0.00000000000 0.00000000000 0.00000000000 0.00000000000 0.00000000000 0.00000000000 0.00000000000 0.00000000000 0.00000000000 0.00000000000 0.00000000000 0.00000000000 0.00000000000 0.00000000000 0.00000000000 0.00000000000 0.00000000000 0.00000000000 0.00000000000 0.00000000000 0.00000000000 0.00000000000 0.00000000000
# logsel_p2_fsh[1]:
 0.00000000000 0.00000000000 0.00000000000 0.00000000000 0.00000000000 0.00000000000 0.00000000000 0.00000000000 0.00000000000 0.00000000000 0.00000000000 0.00000000000 0.00000000000 0.00000000000 0.00000000000 0.00000000000 0.00000000000 0.00000000000 0.00000000000 0.00000000000 0.00000000000 0.00000000000 0.00000000000 0.00000000000 0.00000000000 0.00000000000 0.00000000000 0.00000000000 0.00000000000 0.00000000000 0.00000000000 0.00000000000 0.00000000000 0.00000000000 0.00000000000 0.00000000000 0.00000000000 0.00000000000 0.00000000000 0.00000000000
# logsel_p2_fsh[2]:
 0.00000000000 0.00000000000 0.00000000000 0.00000000000 0.00000000000 0.00000000000 0.00000000000 0.00000000000 0.00000000000 0.00000000000 0.00000000000 0.00000000000 0.00000000000 0.00000000000 0.00000000000 0.00000000000 0.00000000000 0.00000000000 0.00000000000 0.00000000000 0.00000000000 0.00000000000 0.00000000000 0.00000000000 0.00000000000 0.00000000000 0.00000000000 0.00000000000 0.00000000000 0.00000000000 0.00000000000 0.00000000000 0.00000000000 0.00000000000 0.00000000000 0.00000000000 0.00000000000 0.00000000000 0.00000000000 0.00000000000 0.00000000000
# logsel_p2_fsh[3]:
 0.00000000000 0.00000000000
# logsel_p2_fsh[4]:
 0.00000000000 0.00000000000 0.00000000000 0.00000000000 0.00000000000 0.00000000000 0.00000000000 0.00000000000 0.00000000000 0.00000000000 0.00000000000 0.00000000000 0.00000000000 0.00000000000 0.00000000000 0.00000000000 0.00000000000 0.00000000000 0.00000000000 0.00000000000 0.00000000000 0.00000000000 0.00000000000 0.00000000000 0.00000000000 0.00000000000 0.00000000000 0.00000000000 0.00000000000 0.00000000000 0.00000000000 0.00000000000 0.00000000000 0.00000000000 0.00000000000
# logsel_p3_fsh[1]:
 0.00000000000 0.00000000000 0.00000000000 0.00000000000 0.00000000000 0.00000000000 0.00000000000 0.00000000000 0.00000000000 0.00000000000 0.00000000000 0.00000000000 0.00000000000 0.00000000000 0.00000000000 0.00000000000 0.00000000000 0.00000000000 0.00000000000 0.00000000000 0.00000000000 0.00000000000 0.00000000000 0.00000000000 0.00000000000 0.00000000000 0.00000000000 0.00000000000 0.00000000000 0.00000000000 0.00000000000 0.00000000000 0.00000000000 0.00000000000 0.00000000000 0.00000000000 0.00000000000 0.00000000000 0.00000000000 0.00000000000
# logsel_p3_fsh[2]:
 0.00000000000 0.00000000000 0.00000000000 0.00000000000 0.00000000000 0.00000000000 0.00000000000 0.00000000000 0.00000000000 0.00000000000 0.00000000000 0.00000000000 0.00000000000 0.00000000000 0.00000000000 0.00000000000 0.00000000000 0.00000000000 0.00000000000 0.00000000000 0.00000000000 0.00000000000 0.00000000000 0.00000000000 0.00000000000 0.00000000000 0.00000000000 0.00000000000 0.00000000000 0.00000000000 0.00000000000 0.00000000000 0.00000000000 0.00000000000 0.00000000000 0.00000000000 0.00000000000 0.00000000000 0.00000000000 0.00000000000 0.00000000000
# logsel_p3_fsh[3]:
 0.00000000000 0.00000000000
# logsel_p3_fsh[4]:
 0.00000000000 0.00000000000 0.00000000000 0.00000000000 0.00000000000 0.00000000000 0.00000000000 0.00000000000 0.00000000000 0.00000000000 0.00000000000 0.00000000000 0.00000000000 0.00000000000 0.00000000000 0.00000000000 0.00000000000 0.00000000000 0.00000000000 0.00000000000 0.00000000000 0.00000000000 0.00000000000 0.00000000000 0.00000000000 0.00000000000 0.00000000000 0.00000000000 0.00000000000 0.00000000000 0.00000000000 0.00000000000 0.00000000000 0.00000000000 0.00000000000
# rec_dev_future:
 0.00000000000 0.00000000000 0.00000000000 0.00000000000 0.00000000000 0.00000000000 0.00000000000 0.00000000000 0.00000000000 0.00000000000 0.00000000000 0.00000000000 0.00000000000 0.00000000000 0.00000000000 0.00000000000 0.00000000000 0.00000000000 0.00000000000 0.00000000000
 0.00000000000 0.00000000000 0.00000000000 0.00000000000 0.00000000000 0.00000000000 0.00000000000 0.00000000000 0.00000000000 0.00000000000 0.00000000000 0.00000000000 0.00000000000 0.00000000000 0.00000000000 0.00000000000 0.00000000000 0.00000000000 0.00000000000 0.00000000000
# log_q_ind[1]:
0.0656215700204
# log_q_ind[2]:
-2.03199784127
# log_q_ind[3]:
-9.20222280469
# log_q_ind[4]:
-0.336399309802
# log_q_ind[5]:
-3.16293633249
# log_q_ind[6]:
-5.41824540371
# log_q_ind[7]:
-0.855452320300
# log_q_power_ind[1]:
0.00000000000
# log_q_power_ind[2]:
0.00000000000
# log_q_power_ind[3]:
0.00000000000
# log_q_power_ind[4]:
0.00000000000
# log_q_power_ind[5]:
0.00000000000
# log_q_power_ind[6]:
0.00000000000
# log_q_power_ind[7]:
0.00000000000
# log_rw_q_ind[1]:
 -1.08445820733 -0.835698484885
# log_rw_q_ind[3]:
 -0.366045901692
# log_selcoffs_ind[1]:
 -1.43899347494 -0.740495273869 -0.249314166744 0.0515429987827 0.187094935094 0.227317992425 0.222893176730 0.212622294051 0.216840744850 0.234285168425
 -1.92956967665 -1.30112883080 -0.709402799359 -0.227515649743 0.0881852491462 0.254025752424 0.320939885982 0.364636958450 0.414459925057 0.457902433653
 -1.61139654398 -1.08150733519 -0.766486577372 -0.736065188138 -0.706040165770 -0.501438662586 -0.0969455028979 0.394533093346 0.813872763708 1.01902379051
# log_selcoffs_ind[2]:
 -1.06400283514 -1.32285382348 -1.65378436037 -1.82625032072 -1.74030442163 -1.35619726006 -0.706932036507 0.113363347731 0.941084467150 1.48775713866
 0.0287501810736 -0.442894342048 -0.766678816940 -0.938214631223 -0.937960434390 -0.731753079563 -0.324845697460 0.197495927115 0.686454666173 0.983067188471
 0.531437073242 0.207355601970 -0.0421716890435 -0.257917203937 -0.444033632920 -0.509827922074 -0.411554954224 -0.174134661261 0.129174991882 0.374390734670
# log_selcoffs_ind[3]:
 -0.202940821038 0.0202027052767 0.0202027052767 0.0202027052767 0.0202027052767 0.0202027052767 0.0202027052767 0.0202027052767 0.0202027052767 0.0202027052767
# log_selcoffs_ind[4]:
 -0.694078038681 -0.498401546696 -0.318327413799 -0.173764255460 -0.0577839188424 0.0490691912511 0.153121971941 0.252069191213 0.335857751837 0.391816121156
 -1.34667432135 -1.07753223174 -0.804253973532 -0.519051042183 -0.235612029771 0.0317681945907 0.269233149327 0.457146883242 0.576511152115 0.623931392383
# log_selcoffs_ind[5]:
 -3.04452005677 -0.669616569639 0.101782682789 0.174353368097 0.174353368097 0.174353368097 0.174353368097 0.174353368097 0.174353368097 0.174353368097
# log_selcoffs_ind[6]:
 -3.04452005677 -0.669616569639 0.101782682789 0.174353368097 0.174353368097 0.174353368097 0.174353368097 0.174353368097 0.174353368097 0.174353368097
# log_selcoffs_ind[7]:
 -3.04452005677 -0.669616569639 0.101782682789 0.174353368097 0.174353368097 0.174353368097 0.174353368097 0.174353368097 0.174353368097 0.174353368097
# logsel_slope_ind[1]:
 0.00000000000 0.00000000000 0.00000000000
# logsel_slope_ind[2]:
 0.00000000000 0.00000000000 0.00000000000
# logsel_slope_ind[3]:
 0.00000000000
# logsel_slope_ind[4]:
 0.00000000000 0.00000000000
# logsel_slope_ind[5]:
 0.00000000000
# logsel_slope_ind[6]:
 0.00000000000
# logsel_slope_ind[7]:
 0.00000000000
# sel50_ind[1]:
 0.00000000000 0.00000000000 0.00000000000
# sel50_ind[2]:
 0.00000000000 0.00000000000 0.00000000000
# sel50_ind[3]:
 0.00000000000
# sel50_ind[4]:
 0.00000000000 0.00000000000
# sel50_ind[5]:
 0.00000000000
# sel50_ind[6]:
 0.00000000000
# sel50_ind[7]:
 0.00000000000
# logsel_p1_ind[1]:
 0.00000000000 0.00000000000 0.00000000000
# logsel_p1_ind[2]:
 0.00000000000 0.00000000000 0.00000000000
# logsel_p1_ind[3]:
 0.00000000000
# logsel_p1_ind[4]:
 0.00000000000 0.00000000000
# logsel_p1_ind[5]:
 0.00000000000
# logsel_p1_ind[6]:
 0.00000000000
# logsel_p1_ind[7]:
 0.00000000000
# sel_p2_ind[1]:
 0.00000000000 0.00000000000 0.00000000000
# sel_p2_ind[2]:
 0.00000000000 0.00000000000 0.00000000000
# sel_p2_ind[3]:
 0.00000000000
# sel_p2_ind[4]:
 0.00000000000 0.00000000000
# sel_p2_ind[5]:
 0.00000000000
# sel_p2_ind[6]:
 0.00000000000
# sel_p2_ind[7]:
 0.00000000000
# logsel_p3_ind[1]:
 0.00000000000 0.00000000000 0.00000000000
# logsel_p3_ind[2]:
 0.00000000000 0.00000000000 0.00000000000
# logsel_p3_ind[3]:
 0.00000000000
# logsel_p3_ind[4]:
 0.00000000000 0.00000000000
# logsel_p3_ind[5]:
 0.00000000000
# logsel_p3_ind[6]:
 0.00000000000
# logsel_p3_ind[7]:
 0.00000000000
