# Number of parameters = 1434 Objective function value = 1255.33865884750  Maximum gradient component = 0.0240473566725887
# Mest[1]:
0.230000000000
# Mest[2]:
0.330000000000
# log_Linf[1]:
4.30945594184
# log_Linf[2]:
4.38701417618
# log_k[1]:
-1.83258146375
# log_k[2]:
-1.83258146375
# log_Lo[1]:
2.89037175790
# log_Lo[2]:
2.89037175790
# log_sdage[1]:
-2.40794560865
# log_sdage[2]:
-2.40794560865
# mean_log_rec[1]:
9.49736813888
# mean_log_rec[2]:
8.35308031112
# mean_log_rec[3]:
7.71384752540
# steepness[1]:
0.650000000000
# steepness[2]:
0.650000000000
# steepness[3]:
0.650000000000
# log_Rzero[1]:
9.13616962799
# log_Rzero[2]:
8.40037948670
# log_Rzero[3]:
7.43140182660
# rec_dev:
 -0.416423946668 -0.486763182143 -0.563475501391 -0.647444749674 -0.736339866119 -0.826137231444 -0.792166770270 -0.795551272697 -0.557487588936 -0.418663181640 -0.339949773678 -0.233374312743 -0.358521628998 -0.404096566770 -0.433173877592 -0.352089076637 -0.0660211757487 0.252062162909 0.343176296238 0.362900537913 0.461223384645 0.476027208375 0.845430472861 0.857678494936 0.692627282642 1.48361933336 1.62006316842 0.700427355058 0.155272167738 0.388008264779 0.734291156082 0.754241159259 0.537386419244 0.308524251488 0.193167332520 0.245537278294 0.331096705894 0.458403744014 0.597795388779 0.570374283051 0.726320268965 0.654412339564 0.504372262321 -0.157063334370 -0.442093123947 -0.737255440863 -1.49293817272 -0.965962228613 -0.804573380393 -0.852106636535 -1.14062248938 -1.04047095283 -0.792481108668 -0.358831303133 -0.307409836514 -0.231498296743 -0.285913636360 0.163714014278 0.529403807223 -0.131061786789 -0.149216184219
 -0.000158235011087 -0.000198647189501 -0.000236308606077 -0.000260977800703 -0.000253480508453 -0.000179964925410 1.69490777182e-05 0.000452645568744 0.000982365902788 0.00187119622217 0.00315404948459 0.0272631026738 0.0279118283157 0.0283935808403 0.0284836866403 0.0264752070352 0.0190950053091 0.00617384373486 -0.0489378560135 0.357329674843 -0.0165698346029 -0.113637285246 -0.00127133835582 0.415041883158 -0.0358127558605 -0.243693083815 -0.533347128135 -0.0449293011541 0.370319928756 0.896887871468 0.274608266890 0.241416673289 -0.461020720246 -0.00207434732478 -0.448981880416 -0.671725217489 -0.00577421287054 0.0711284341273 0.0344340165429 -0.115480759418 0.570463183172 1.18454250181 -0.338166795189 0.650709004930 -0.704828734698 -0.195397022397 0.717113735690 0.0150772206408 -1.23494839444 -2.00047549204 -0.491997618041 0.843941764353 -0.609824145000 -0.197118498347 -1.56602910463 -0.461731314319 -0.679745897116 -0.199631822549 1.26527357599 0.288735047379 -0.0373536061390
# log_sigmar[1]:
-0.510825623766
# log_sigmar[2]:
-0.510825623766
# log_sigmar[3]:
-0.510825623766
# fmort:
 0.0113921361855 0.0166519312156 0.00742864649419 0.00911097967727 0.0170553411180 0.0209021868304 0.0259917638666 0.0235499455427 0.0495953498207 0.0441437176824 0.0307598105766 0.0451832964004 0.0913310260594 0.0355520878671 0.0860666497300 0.0530801535456 0.00506035086255 0.0227898156080 0.0170532512931 0.0154762736953 0.0139679092091 0.0195952373317 0.0213829337789 0.0260014150991 0.0156054711952 0.0209531035529 0.0342785158358 0.0126938826498 0.00403880031744 0.00663511295691 0.0103112906487 0.0208619505955 0.00830146153060 0.0121984603436 0.0135797542806 0.0215284895131 0.0274188036580 0.0418742064694 0.0562380784909 0.0505107821339 0.0795250730051 0.0132233555613 0.00505501601063 0.00607401451766 0.00592597406544 0.00789606384704 0.00590786731226 0.00849042354365 0.00273018614522 0.00179042505268
 0.00141026159628 0.00209233847662 0.00306680943867 0.00489947501090 0.00343845973530 0.00623973538183 0.00840284577501 0.0127944252878 0.0221590682656 0.0275811498707 0.0310376442346 0.0629911438000 0.0854632489521 0.0620540733921 0.0784148104949 0.105376760793 0.120802078114 0.172135077835 0.203777129830 0.229152205741 0.229904420251 0.289068200255 0.367726323315 0.365966911436 0.473842900529 0.636183398577 0.618548028792 0.627722245536 0.379224975553 0.238937891001 0.175753976924 0.203290771631 0.205648898052 0.188273027237 0.186315922870 0.188452181230 0.200277865610 0.239497390440 0.202130087641 0.280917307684 0.165129900765 0.115532828987 0.0951656342935 0.0813972411272 0.0734085659630 0.0785579839352 0.0817215741057 0.0793782883359 0.0807905977430 0.0724473689671
 0.000580820034259 0.00113186538434 0.00280986458060 0.00601274563969 0.0191836635475 0.00595830754524 0.00760058660853 0.102605584987 0.104307047377 0.0839294017575 0.0842948151078 0.113152299762 0.0363680916349 0.0216570215258 0.0252013974761 0.0184990828780 0.0101418867958 0.0115302871916 0.0441278957996 0.0365631960482 0.0322495491535 0.0264011238775 0.0156317964966 0.0269733767920 0.0450621238484 0.213534414848 0.364192799291 0.688543129096 0.604399985327 0.162689357080 0.118131817427 0.370392371865 0.0537069598776 0.0735792454321 0.0631190462847 0.0409270979296 0.100138377171 0.0838952660412 0.0945946735571 0.113034841190 0.0289643691846 0.141429498400 0.0681178959393 0.0414394498998 0.0444934941674 0.0183343350612 0.00879942431510 0.00427955909502 0.0118701699024 0.0167997351485
 2.13995487996e-13 2.25375273999e-13 0.000573496694951 2.35367281221e-13 2.30371277610e-13 2.28428387317e-13 3.36638931064e-06 0.000229716810514 0.00499323253880 0.0317653813392 0.0297492879342 0.0387722321440 0.0920887427979 0.109950645827 0.150351131797 0.124026720976 0.114501012900 0.112214598899 0.105196609649 0.0809341575711 0.0647386814592 0.0409280666497 0.00349675477929 2.18713935851e-13 2.57571741713e-13 3.59712259979e-13 4.54081217072e-13 6.79456491071e-13 7.90201237777e-13 3.57943899715e-06 0.000655036753593 0.00456619003995 0.0137263706323 0.0264050253870 0.0462268978531 0.0391740653381 0.0589483196867 0.0896092149399 0.113630136816 0.154544628055 0.147078966471 0.0394794797074 0.0261493551619 0.0255407407679 0.0262429360850 0.0325770697272 0.0186917178139 0.0143063179153 0.0100272363152 0.00811306649409
# log_selcoffs_fsh[1]:
 -5.19912556166 -3.98269790795 -2.67292961445 -1.38439616307 -0.374583403952 0.500747408866 1.11822298702 0.925245863744 -0.305319705951
 -4.92901332572 -3.64006420323 -2.27378983628 -1.07667680782 -0.285150177963 0.439204651254 1.00381005364 0.859483474467 0.121239811990
 -4.64338561854 -3.36903481081 -2.08645506240 -0.964696246368 -0.144135198485 0.537462595532 0.902730010223 0.735262294593 0.278344956200
 -4.31358894236 -2.99856643378 -1.82947319627 -0.829653425163 -0.181990746937 0.411399093910 0.895988936612 0.757473860797 0.347046356496
 -4.02225944109 -2.65445654604 -1.27794768344 -0.294530242527 0.175448323354 0.442572391171 0.617886848032 0.577504059764 0.407585229065
 -3.79671370335 -2.51996931941 -1.36083310986 -0.380582495351 0.513641073299 0.709102792713 0.476067552087 0.323445692748 0.232727574953
 -3.56652551591 -2.31248572438 -1.21003114508 -0.284302222211 0.540786123252 0.770161553912 0.476714046866 0.208894641077 0.0966224997648
 -3.33438284128 -2.00518445137 -0.980468049859 -0.125017666919 0.600032458767 0.760742572887 0.404595610114 0.117566131820 -0.0134739468529
 -3.13815897772 -1.76943616926 -0.575536855390 0.139461923434 0.529286766746 0.630289205744 0.412155186645 0.0769513458467 -0.0962713371911
 -2.93441704708 -1.45248977795 -0.229827533677 0.210059656682 0.547647865745 0.582950634086 0.311492979291 -0.0292835355420 -0.189553376688
 -2.74537258612 -1.07795604779 0.402993523762 0.464187762772 0.366206369518 0.292893387328 0.0885931886559 -0.144457034081 -0.264244764477
 -2.56124003514 -0.821643601295 0.387829211013 0.513841095066 0.476722165994 0.241535806373 -0.0443598995205 -0.243340980169 -0.338271155886
 -2.44950247289 -0.868367652783 0.411501903177 0.764724569283 0.463950702286 0.0824898383950 -0.204334084219 -0.366158994372 -0.428281806436
 -2.29891248155 -0.774155343508 0.436809863701 0.835436062050 0.439046563649 0.0160868734629 -0.281290852888 -0.434563600074 -0.485877176609
 -2.40320356049 -0.826896218992 0.591729312259 0.855031680047 0.370054664626 -0.0399059894493 -0.328207189970 -0.491973373872 -0.556377854179
 -2.36887055666 -0.855813220326 0.607636323773 0.814756476430 0.425701895203 -0.00521052911496 -0.329548732027 -0.519371774249 -0.603024238283
 -2.18747834300 -0.660238582396 0.739478572331 0.711304453735 0.354361357069 -0.0197229783452 -0.333982765611 -0.534324051356 -0.631654431512
 -1.87132731104 -0.383250967396 0.504629141850 0.785533990101 0.433378785089 -0.0269823014665 -0.353043285705 -0.552440351548 -0.652848606479
 -1.78654080368 -0.366243871677 0.790174321918 0.742162299076 0.252590719117 -0.137838371659 -0.430853415834 -0.620283811938 -0.716348661101
 -1.60416168002 -0.292545423089 0.720456525270 0.764302452595 0.338447639431 -0.146837812615 -0.487624684754 -0.681568833836 -0.768722414298
 -1.48477348459 -0.136295502797 0.856251103741 0.745305878892 0.194365767312 -0.262779120526 -0.584752807238 -0.764450607180 -0.836619296896
 -1.36877012732 -0.133212973644 0.694130963394 0.933165323506 0.272282079281 -0.365285007000 -0.708739522409 -0.860995052610 -0.906768566540
 -1.27139568623 0.149816202401 0.903615231366 0.768631523105 0.0848547653761 -0.469278826038 -0.803854131162 -0.940814312833 -0.965761881356
 -1.40483087910 -0.0420552314077 0.883989819495 0.968938111363 0.0401177769419 -0.566935031628 -0.888479295280 -1.01537100039 -1.02624987995
 -1.49227563819 -0.156033255770 0.887296089231 0.971952094130 0.121335968058 -0.520318396583 -0.881504970346 -1.02808698823 -1.04193761877
 -1.39544711225 0.0850156937912 0.742059923238 0.864406035413 0.237017539851 -0.341352107103 -0.781015551823 -0.966565259414 -0.985933931690
 -1.49806098566 -0.212021480350 0.666883777289 0.945788408855 0.285696932893 -0.237008690395 -0.677016064321 -0.878556944229 -0.913037454412
 -1.50776297279 -0.151049235300 0.763779779731 0.806994843316 0.234879757041 -0.230873886916 -0.586017679142 -0.764583784417 -0.797196865925
 -1.39164713481 0.396114431936 0.708345775482 0.507882325689 0.0850796838972 -0.246906519175 -0.472923822149 -0.598675527859 -0.634569872307
 -1.55241603751 0.0504795966467 0.630158981592 0.724627008410 0.102674875635 -0.252542280918 -0.400612463328 -0.465693407467 -0.490933587110
 -1.68706829005 -0.0677985853551 0.827496156878 0.425765251057 0.0136367514404 -0.186264923810 -0.269038842532 -0.311476414352 -0.325892327354
 -1.68998580087 -0.157591586666 0.532922322742 0.360198846119 0.118049818596 -0.0155153035537 -0.0744649911678 -0.107033422750 -0.119775114531
 -1.72570702532 -0.768679728691 -0.0702292108969 0.483531145797 0.296314993732 0.178524237762 0.143194312724 0.0718312625859 0.0349648729860
 -1.78597096315 -0.945385832010 -0.307286893373 0.151604206362 0.183650274055 0.301368804488 0.371767327470 0.270986547462 0.206884792468
 -1.48732291664 -0.587317220244 -0.280021732150 0.229099547239 0.0595693693764 0.0920051590261 0.237946453436 0.307042869084 0.350080677929
 -0.749880610864 -0.230013864378 -0.671854360997 -0.272544558427 -0.110046994556 0.0986449128190 0.285751451065 0.390890346866 0.502186475515
# log_selcoffs_fsh[2]:
 -5.92714067123 -4.00501298773 -2.32209210793 -0.949641502394 0.0903801062144 0.559074148586 0.910114529933 0.910845600035 0.249844641323 -0.927195400010
 -5.84816942703 -3.86687643308 -1.85768923495 -0.636397457806 -0.174304944811 0.377794403622 0.871943792773 0.916665540051 0.358218886106 -0.402586492448
 -5.72952727433 -3.94596553246 -2.21938045380 -0.834061698450 -0.148123910716 0.311690250556 0.775369068768 0.879436338561 0.490995086293 -0.00850701055946
 -5.57338292752 -3.89611124126 -2.40318622225 -1.21306017624 -0.368752990073 0.162006531849 0.673683340556 0.887858203637 0.648873889754 0.347799821514
 -5.45302514869 -3.70391207157 -2.08435231494 -1.07900703162 -0.605771523647 -0.144047247312 0.471275427405 0.813550608147 0.792067666456 0.707726490918
 -5.33810683459 -3.72235491625 -2.16596368787 -0.985746579413 -0.415306542465 -0.301349959586 0.0959156082900 0.551923211483 0.867767301840 1.05236519529
 -5.26986670255 -3.82250057440 -2.45617862952 -1.30251133050 -0.424009122527 -0.213482231972 -0.0283851220263 0.357097761336 0.839233465429 1.23471722933
 -5.25100520278 -3.93399286268 -2.71864774678 -1.72730715060 -0.988961190213 -0.473451716140 0.0577886390157 0.476254686170 0.890501683224 1.28944715312
 -5.24921846420 -3.98656395939 -2.80997595201 -1.89437560928 -1.21885359919 -0.649721862559 -0.0275801195565 0.524578527581 0.958850829188 1.30197926395
 -5.22058083661 -3.95073361969 -2.76808528779 -1.78246645871 -1.05087777585 -0.588500333932 -0.155762828096 0.386822309659 0.936269411400 1.37651030652
 -5.23031252376 -3.87694132167 -2.57734837581 -1.50261844974 -0.766897412366 -0.323050238306 0.00525727323067 0.304551279367 0.783834979511 1.37013476744
 -5.30979939629 -3.84586845414 -2.47936284932 -1.32427140728 -0.583571989642 -0.193913556610 0.114713375432 0.403430721287 0.848531660093 1.19014178248
 -5.39676064313 -3.75627187453 -2.17521086949 -0.844243977687 -0.214468149999 0.0960998343429 0.270523458305 0.391517841773 0.716639408662 0.987075959542
 -5.47736463195 -3.61818990196 -1.81743937096 -0.523962824567 0.131994934377 0.282769409709 0.305778689869 0.380308210622 0.581957589840 0.759178755363
 -5.51706456278 -3.47132175698 -1.49525878520 -0.0726590204334 0.369428103563 0.331126321026 0.210315671231 0.259998505239 0.464216724297 0.614964987903
 -5.51044843577 -3.30489615446 -1.16032749322 0.111394040512 0.358503878815 0.289800336704 0.172697359684 0.218134439289 0.420283913617 0.591132143966
 -5.48526998801 -3.25429947663 -1.06155397745 0.106142507932 0.370260036181 0.302594056488 0.164530265762 0.189891215673 0.390576282242 0.605452586588
 -5.45601815428 -3.36587288787 -1.31739084570 0.0996772674313 0.436646732821 0.340937657601 0.166421297026 0.176385078182 0.376134719585 0.590097292959
 -5.40034622186 -3.44791994576 -1.55535446066 -0.0849259400154 0.451194310835 0.363955497459 0.184739429547 0.201280375272 0.412649796878 0.635567492906
 -5.31413931495 -3.48464843182 -1.70873752488 -0.325694347302 0.236369279609 0.356086540119 0.224916948198 0.253245153151 0.504839713219 0.774627229715
 -5.25170030339 -3.52307555609 -1.88118826851 -0.563346961986 0.168527635164 0.379857455172 0.266410095617 0.250040076409 0.515481368637 0.847632825634
 -5.22532885465 -3.57819236751 -2.03065260557 -0.762937942459 0.0254828211066 0.372618930094 0.340957389139 0.329875226825 0.554880341254 0.855686489942
 -5.22243327954 -3.61757244860 -2.18068412703 -0.991730848137 -0.186016352641 0.342408790664 0.425839778823 0.422206213684 0.607976423233 0.855416721968
 -5.26439789079 -3.66227449317 -2.21468964086 -1.06769926361 -0.362185536660 0.166429178657 0.481244398234 0.518658036657 0.686677443103 0.856104715715
 -5.32181381228 -3.71411926231 -2.19336788817 -0.914468415419 -0.240372076318 0.0110450638367 0.329901426008 0.550546140384 0.712429668852 0.915113006501
 -5.41945880472 -3.77313490028 -2.29517134164 -1.04313912626 -0.269013692298 0.247955938738 0.385864829144 0.483623345701 0.665274538744 0.890403473121
 -5.60440319362 -3.93207798665 -2.31048508269 -0.966030520115 -0.195848015207 0.383062393671 0.519146270178 0.501088308145 0.585925525742 0.732484781465
 -5.78928635667 -4.11518836241 -2.41782770338 -0.774306127721 -0.0229365538148 0.480691151084 0.545767994068 0.450309534087 0.576399724863 0.566228898278
 -5.97462216025 -4.30361208909 -2.66710606143 -1.18667418532 -0.184298184130 0.673612298222 0.787131008290 0.507332075211 0.484866136026 0.288449730854
 -6.12927368964 -4.44798786231 -2.77858853733 -1.17830274480 0.0351627174587 0.723346955244 0.938425128827 0.500211857720 0.216631164202 0.0696887131187
 -6.21056418635 -4.48556204017 -2.72561782856 -0.985099329637 0.224762936652 0.744431964908 0.747223032458 0.475250345834 0.265328949955 0.154553283287
 -6.23458286614 -4.43747104994 -2.65576796271 -1.05564564504 -0.0342617844654 0.498968807247 0.678495283753 0.628380933308 0.485981342862 0.394342176545
 -6.23237772279 -4.34017546629 -2.33670471053 -0.716366243563 -0.204067658373 0.179169554168 0.525077316225 0.629922423096 0.638813568818 0.655400603909
 -6.27441039085 -4.41194512996 -2.53634146586 -0.921657116952 -0.170299869603 0.261070723601 0.539172610140 0.654256614008 0.635956826283 0.609825622850
 -6.27489610076 -4.47665185003 -2.65555348450 -1.01741700758 -0.293643902222 0.131758611402 0.525953136963 0.702439055034 0.710730094910 0.653556369745
 -6.24896159208 -4.53747483091 -2.82779189615 -1.14228786570 -0.241517109989 0.162060360864 0.475707502447 0.659077428917 0.734097260806 0.704091351438
 -6.24545498336 -4.59300019640 -2.99370733748 -1.42715023185 -0.333075269008 0.206550353501 0.557514296268 0.661438928279 0.738332880272 0.680745752690
# log_selcoffs_fsh[3]:
 -2.35083441522 0.286904530990 1.47053537038 0.0650803838691 -2.08031932847 -3.86621940444 -4.85662809252
 -2.31612002414 0.890453943830 1.23740959683 -0.119611533511 -2.26855293155 -3.91503495390 -4.85764212845
# log_selcoffs_fsh[4]:
 -6.21797957459 -5.03796678707 -3.81954337307 -2.51088977804 -1.12802868230 0.148212879771 1.00611812147 1.11216489786 0.488001561177
 -6.20344926328 -5.02097401001 -3.79702299930 -2.45320279399 -1.03592489622 0.217429755596 1.01934582193 1.05883312969 0.489047568202
 -6.15634659688 -4.97727322022 -3.76874448966 -2.47535236927 -1.10297406411 0.151280953886 0.996845069039 1.08623783383 0.539845619362
 -6.06858030177 -4.88724684357 -3.69706320570 -2.46642967610 -1.16841360409 0.0463452844457 0.925768206133 1.12114984962 0.657508306622
 -5.97013393110 -4.77093127919 -3.57830364833 -2.38571265931 -1.14569542894 0.0343387880655 0.868109304104 1.09223386427 0.766751491575
 -5.87228103508 -4.69373293506 -3.49771354732 -2.28936127103 -1.12939808716 -0.0509331336602 0.800512256381 1.10181374094 0.852951408904
 -5.75269788124 -4.60238144939 -3.41820904148 -2.19032308158 -1.04592016935 -0.0225598194915 0.751780668184 1.05801444262 0.920946428851
 -5.60944528782 -4.46298583715 -3.33610226102 -2.15047582594 -1.00205119017 -0.0352349514171 0.726493573834 1.04108227266 0.955589452318
 -5.46525423725 -4.26916342288 -3.18231607913 -2.15502409657 -1.08222121187 -0.0660730222112 0.717405974353 1.04233982900 0.980025866664
 -5.32197176155 -4.11357023414 -2.96316691741 -1.92136560638 -0.993410143015 -0.0907317665371 0.637346342508 1.01260706267 1.04833889777
 -5.20840818128 -3.97868757752 -2.80849725606 -1.74566455942 -0.804315143321 -0.0140216058690 0.601748382609 0.941581256957 1.07096162809
 -5.12272567301 -3.84444863552 -2.64721814410 -1.59792554554 -0.678396935158 0.0833204939720 0.590722906251 0.894138096709 1.04894508414
 -5.04581272733 -3.67678883981 -2.40880676982 -1.38478240564 -0.597872528744 0.0854520052901 0.592677194273 0.863530039382 1.03262455104
 -4.96732550361 -3.47335360768 -2.02577755267 -0.986352235382 -0.394678393636 0.0592321392405 0.462286940397 0.815572744833 1.05574320575
 -4.88945512071 -3.31653344400 -1.77892878386 -0.653341162292 -0.133605982592 0.0900136657109 0.347399657520 0.719480176632 1.03999437644
 -4.79769998794 -3.18875295065 -1.56627722183 -0.409389256539 -0.0541556952364 0.0731775102927 0.286902055878 0.657661780556 1.02671438135
 -4.73120047360 -3.16134265746 -1.59545300695 -0.421601074536 -0.0538911424487 0.124435685206 0.331425223419 0.643348550698 0.998484262233
 -4.67943244406 -3.25330717262 -1.94830261333 -0.951956635862 -0.255772340383 0.307785364045 0.564959649063 0.691592821994 0.929234959387
 -4.59205618251 -3.29248455640 -2.12199715699 -1.21325856312 -0.488231550546 0.157180115522 0.575771641443 0.822587175799 0.992097840451
 -4.52915079521 -3.30834972108 -2.21939141087 -1.36691811017 -0.706988531366 -0.0506936644254 0.559961887858 0.931140889145 1.04989881532
 -4.45945700430 -3.24997234424 -2.16727375316 -1.40742754473 -0.822430920300 -0.245912826323 0.413278333081 0.984880708566 1.15681319066
 -4.39042703358 -3.13958323141 -1.89478204897 -1.25416715621 -0.838144915828 -0.273869402914 0.307913226337 0.852745299937 1.28344012455
 -4.35439378515 -3.20917750893 -2.14965634136 -1.36448668737 -0.809305683632 -0.202553393399 0.328186184619 0.823944587871 1.29335442799
 -4.26635331520 -3.18722701003 -2.17846003241 -1.37058938265 -0.798628552246 -0.269969448842 0.251462554258 0.805042332393 1.34585339308
 -4.23979556522 -3.17952091744 -2.10242922226 -1.13890003218 -0.509579110321 -0.00825179426808 0.389408531738 0.798418671739 1.16657971131
 -4.04679115543 -2.96738254708 -1.78862241822 -0.996312844469 -0.493862881550 -0.0288103891537 0.370834006844 0.779968726288 1.15764926851
 -3.75985144571 -2.78618130259 -1.78180241683 -1.01792116573 -0.525374895211 -0.0719266650736 0.388374255646 0.824608255014 1.13393928773
 -3.31253461432 -2.44524302737 -1.61926474517 -0.992679582437 -0.575344832310 -0.205101250119 0.235867869562 0.768939179294 1.25495650541
 -2.70814294137 -1.96935637015 -1.38767272318 -0.951261489071 -0.712231989154 -0.456047589427 0.0311166842250 0.716410448739 1.37494878561
 -2.84274375781 -2.10508486924 -1.24127256077 -0.702320720624 -0.592346395775 -0.499839559468 -0.0931708792829 0.648211993754 1.39936747729
 -2.85695985054 -2.07034587503 -1.30627000645 -0.803500224825 -0.612087612243 -0.447672218519 -0.0159463244320 0.703737907710 1.36379857332
# log_sel_spl_fsh[1]:
 0.00000000000 0.00000000000 0.00000000000 0.00000000000
 0.00000000000 0.00000000000 0.00000000000 0.00000000000
 0.00000000000 0.00000000000 0.00000000000 0.00000000000
 0.00000000000 0.00000000000 0.00000000000 0.00000000000
 0.00000000000 0.00000000000 0.00000000000 0.00000000000
 0.00000000000 0.00000000000 0.00000000000 0.00000000000
 0.00000000000 0.00000000000 0.00000000000 0.00000000000
 0.00000000000 0.00000000000 0.00000000000 0.00000000000
 0.00000000000 0.00000000000 0.00000000000 0.00000000000
 0.00000000000 0.00000000000 0.00000000000 0.00000000000
 0.00000000000 0.00000000000 0.00000000000 0.00000000000
 0.00000000000 0.00000000000 0.00000000000 0.00000000000
 0.00000000000 0.00000000000 0.00000000000 0.00000000000
 0.00000000000 0.00000000000 0.00000000000 0.00000000000
 0.00000000000 0.00000000000 0.00000000000 0.00000000000
 0.00000000000 0.00000000000 0.00000000000 0.00000000000
 0.00000000000 0.00000000000 0.00000000000 0.00000000000
 0.00000000000 0.00000000000 0.00000000000 0.00000000000
 0.00000000000 0.00000000000 0.00000000000 0.00000000000
 0.00000000000 0.00000000000 0.00000000000 0.00000000000
 0.00000000000 0.00000000000 0.00000000000 0.00000000000
 0.00000000000 0.00000000000 0.00000000000 0.00000000000
 0.00000000000 0.00000000000 0.00000000000 0.00000000000
 0.00000000000 0.00000000000 0.00000000000 0.00000000000
 0.00000000000 0.00000000000 0.00000000000 0.00000000000
 0.00000000000 0.00000000000 0.00000000000 0.00000000000
 0.00000000000 0.00000000000 0.00000000000 0.00000000000
 0.00000000000 0.00000000000 0.00000000000 0.00000000000
 0.00000000000 0.00000000000 0.00000000000 0.00000000000
 0.00000000000 0.00000000000 0.00000000000 0.00000000000
 0.00000000000 0.00000000000 0.00000000000 0.00000000000
 0.00000000000 0.00000000000 0.00000000000 0.00000000000
 0.00000000000 0.00000000000 0.00000000000 0.00000000000
 0.00000000000 0.00000000000 0.00000000000 0.00000000000
 0.00000000000 0.00000000000 0.00000000000 0.00000000000
 0.00000000000 0.00000000000 0.00000000000 0.00000000000
# log_sel_spl_fsh[2]:
 0.00000000000 0.00000000000 0.00000000000 0.00000000000
 0.00000000000 0.00000000000 0.00000000000 0.00000000000
 0.00000000000 0.00000000000 0.00000000000 0.00000000000
 0.00000000000 0.00000000000 0.00000000000 0.00000000000
 0.00000000000 0.00000000000 0.00000000000 0.00000000000
 0.00000000000 0.00000000000 0.00000000000 0.00000000000
 0.00000000000 0.00000000000 0.00000000000 0.00000000000
 0.00000000000 0.00000000000 0.00000000000 0.00000000000
 0.00000000000 0.00000000000 0.00000000000 0.00000000000
 0.00000000000 0.00000000000 0.00000000000 0.00000000000
 0.00000000000 0.00000000000 0.00000000000 0.00000000000
 0.00000000000 0.00000000000 0.00000000000 0.00000000000
 0.00000000000 0.00000000000 0.00000000000 0.00000000000
 0.00000000000 0.00000000000 0.00000000000 0.00000000000
 0.00000000000 0.00000000000 0.00000000000 0.00000000000
 0.00000000000 0.00000000000 0.00000000000 0.00000000000
 0.00000000000 0.00000000000 0.00000000000 0.00000000000
 0.00000000000 0.00000000000 0.00000000000 0.00000000000
 0.00000000000 0.00000000000 0.00000000000 0.00000000000
 0.00000000000 0.00000000000 0.00000000000 0.00000000000
 0.00000000000 0.00000000000 0.00000000000 0.00000000000
 0.00000000000 0.00000000000 0.00000000000 0.00000000000
 0.00000000000 0.00000000000 0.00000000000 0.00000000000
 0.00000000000 0.00000000000 0.00000000000 0.00000000000
 0.00000000000 0.00000000000 0.00000000000 0.00000000000
 0.00000000000 0.00000000000 0.00000000000 0.00000000000
 0.00000000000 0.00000000000 0.00000000000 0.00000000000
 0.00000000000 0.00000000000 0.00000000000 0.00000000000
 0.00000000000 0.00000000000 0.00000000000 0.00000000000
 0.00000000000 0.00000000000 0.00000000000 0.00000000000
 0.00000000000 0.00000000000 0.00000000000 0.00000000000
 0.00000000000 0.00000000000 0.00000000000 0.00000000000
 0.00000000000 0.00000000000 0.00000000000 0.00000000000
 0.00000000000 0.00000000000 0.00000000000 0.00000000000
 0.00000000000 0.00000000000 0.00000000000 0.00000000000
 0.00000000000 0.00000000000 0.00000000000 0.00000000000
 0.00000000000 0.00000000000 0.00000000000 0.00000000000
# log_sel_spl_fsh[3]:
 0.00000000000 0.00000000000 0.00000000000 0.00000000000
 0.00000000000 0.00000000000 0.00000000000 0.00000000000
# log_sel_spl_fsh[4]:
 0.00000000000 0.00000000000 0.00000000000 0.00000000000
 0.00000000000 0.00000000000 0.00000000000 0.00000000000
 0.00000000000 0.00000000000 0.00000000000 0.00000000000
 0.00000000000 0.00000000000 0.00000000000 0.00000000000
 0.00000000000 0.00000000000 0.00000000000 0.00000000000
 0.00000000000 0.00000000000 0.00000000000 0.00000000000
 0.00000000000 0.00000000000 0.00000000000 0.00000000000
 0.00000000000 0.00000000000 0.00000000000 0.00000000000
 0.00000000000 0.00000000000 0.00000000000 0.00000000000
 0.00000000000 0.00000000000 0.00000000000 0.00000000000
 0.00000000000 0.00000000000 0.00000000000 0.00000000000
 0.00000000000 0.00000000000 0.00000000000 0.00000000000
 0.00000000000 0.00000000000 0.00000000000 0.00000000000
 0.00000000000 0.00000000000 0.00000000000 0.00000000000
 0.00000000000 0.00000000000 0.00000000000 0.00000000000
 0.00000000000 0.00000000000 0.00000000000 0.00000000000
 0.00000000000 0.00000000000 0.00000000000 0.00000000000
 0.00000000000 0.00000000000 0.00000000000 0.00000000000
 0.00000000000 0.00000000000 0.00000000000 0.00000000000
 0.00000000000 0.00000000000 0.00000000000 0.00000000000
 0.00000000000 0.00000000000 0.00000000000 0.00000000000
 0.00000000000 0.00000000000 0.00000000000 0.00000000000
 0.00000000000 0.00000000000 0.00000000000 0.00000000000
 0.00000000000 0.00000000000 0.00000000000 0.00000000000
 0.00000000000 0.00000000000 0.00000000000 0.00000000000
 0.00000000000 0.00000000000 0.00000000000 0.00000000000
 0.00000000000 0.00000000000 0.00000000000 0.00000000000
 0.00000000000 0.00000000000 0.00000000000 0.00000000000
 0.00000000000 0.00000000000 0.00000000000 0.00000000000
 0.00000000000 0.00000000000 0.00000000000 0.00000000000
 0.00000000000 0.00000000000 0.00000000000 0.00000000000
# logsel_slope_fsh[1]:
 0.00000000000 0.00000000000 0.00000000000 0.00000000000 0.00000000000 0.00000000000 0.00000000000 0.00000000000 0.00000000000 0.00000000000 0.00000000000 0.00000000000 0.00000000000 0.00000000000 0.00000000000 0.00000000000 0.00000000000 0.00000000000 0.00000000000 0.00000000000 0.00000000000 0.00000000000 0.00000000000 0.00000000000 0.00000000000 0.00000000000 0.00000000000 0.00000000000 0.00000000000 0.00000000000 0.00000000000 0.00000000000 0.00000000000 0.00000000000 0.00000000000 0.00000000000
# logsel_slope_fsh[2]:
 0.00000000000 0.00000000000 0.00000000000 0.00000000000 0.00000000000 0.00000000000 0.00000000000 0.00000000000 0.00000000000 0.00000000000 0.00000000000 0.00000000000 0.00000000000 0.00000000000 0.00000000000 0.00000000000 0.00000000000 0.00000000000 0.00000000000 0.00000000000 0.00000000000 0.00000000000 0.00000000000 0.00000000000 0.00000000000 0.00000000000 0.00000000000 0.00000000000 0.00000000000 0.00000000000 0.00000000000 0.00000000000 0.00000000000 0.00000000000 0.00000000000 0.00000000000 0.00000000000
# logsel_slope_fsh[3]:
 0.00000000000 0.00000000000
# logsel_slope_fsh[4]:
 0.00000000000 0.00000000000 0.00000000000 0.00000000000 0.00000000000 0.00000000000 0.00000000000 0.00000000000 0.00000000000 0.00000000000 0.00000000000 0.00000000000 0.00000000000 0.00000000000 0.00000000000 0.00000000000 0.00000000000 0.00000000000 0.00000000000 0.00000000000 0.00000000000 0.00000000000 0.00000000000 0.00000000000 0.00000000000 0.00000000000 0.00000000000 0.00000000000 0.00000000000 0.00000000000 0.00000000000
# sel50_fsh[1]:
 0.00000000000 0.00000000000 0.00000000000 0.00000000000 0.00000000000 0.00000000000 0.00000000000 0.00000000000 0.00000000000 0.00000000000 0.00000000000 0.00000000000 0.00000000000 0.00000000000 0.00000000000 0.00000000000 0.00000000000 0.00000000000 0.00000000000 0.00000000000 0.00000000000 0.00000000000 0.00000000000 0.00000000000 0.00000000000 0.00000000000 0.00000000000 0.00000000000 0.00000000000 0.00000000000 0.00000000000 0.00000000000 0.00000000000 0.00000000000 0.00000000000 0.00000000000
# sel50_fsh[2]:
 0.00000000000 0.00000000000 0.00000000000 0.00000000000 0.00000000000 0.00000000000 0.00000000000 0.00000000000 0.00000000000 0.00000000000 0.00000000000 0.00000000000 0.00000000000 0.00000000000 0.00000000000 0.00000000000 0.00000000000 0.00000000000 0.00000000000 0.00000000000 0.00000000000 0.00000000000 0.00000000000 0.00000000000 0.00000000000 0.00000000000 0.00000000000 0.00000000000 0.00000000000 0.00000000000 0.00000000000 0.00000000000 0.00000000000 0.00000000000 0.00000000000 0.00000000000 0.00000000000
# sel50_fsh[3]:
 0.00000000000 0.00000000000
# sel50_fsh[4]:
 0.00000000000 0.00000000000 0.00000000000 0.00000000000 0.00000000000 0.00000000000 0.00000000000 0.00000000000 0.00000000000 0.00000000000 0.00000000000 0.00000000000 0.00000000000 0.00000000000 0.00000000000 0.00000000000 0.00000000000 0.00000000000 0.00000000000 0.00000000000 0.00000000000 0.00000000000 0.00000000000 0.00000000000 0.00000000000 0.00000000000 0.00000000000 0.00000000000 0.00000000000 0.00000000000 0.00000000000
# logsel_p1_fsh[1]:
 0.00000000000 0.00000000000 0.00000000000 0.00000000000 0.00000000000 0.00000000000 0.00000000000 0.00000000000 0.00000000000 0.00000000000 0.00000000000 0.00000000000 0.00000000000 0.00000000000 0.00000000000 0.00000000000 0.00000000000 0.00000000000 0.00000000000 0.00000000000 0.00000000000 0.00000000000 0.00000000000 0.00000000000 0.00000000000 0.00000000000 0.00000000000 0.00000000000 0.00000000000 0.00000000000 0.00000000000 0.00000000000 0.00000000000 0.00000000000 0.00000000000 0.00000000000
# logsel_p1_fsh[2]:
 0.00000000000 0.00000000000 0.00000000000 0.00000000000 0.00000000000 0.00000000000 0.00000000000 0.00000000000 0.00000000000 0.00000000000 0.00000000000 0.00000000000 0.00000000000 0.00000000000 0.00000000000 0.00000000000 0.00000000000 0.00000000000 0.00000000000 0.00000000000 0.00000000000 0.00000000000 0.00000000000 0.00000000000 0.00000000000 0.00000000000 0.00000000000 0.00000000000 0.00000000000 0.00000000000 0.00000000000 0.00000000000 0.00000000000 0.00000000000 0.00000000000 0.00000000000 0.00000000000
# logsel_p1_fsh[3]:
 0.00000000000 0.00000000000
# logsel_p1_fsh[4]:
 0.00000000000 0.00000000000 0.00000000000 0.00000000000 0.00000000000 0.00000000000 0.00000000000 0.00000000000 0.00000000000 0.00000000000 0.00000000000 0.00000000000 0.00000000000 0.00000000000 0.00000000000 0.00000000000 0.00000000000 0.00000000000 0.00000000000 0.00000000000 0.00000000000 0.00000000000 0.00000000000 0.00000000000 0.00000000000 0.00000000000 0.00000000000 0.00000000000 0.00000000000 0.00000000000 0.00000000000
# sel_p2_fsh[1]:
 0.00000000000 0.00000000000 0.00000000000 0.00000000000 0.00000000000 0.00000000000 0.00000000000 0.00000000000 0.00000000000 0.00000000000 0.00000000000 0.00000000000 0.00000000000 0.00000000000 0.00000000000 0.00000000000 0.00000000000 0.00000000000 0.00000000000 0.00000000000 0.00000000000 0.00000000000 0.00000000000 0.00000000000 0.00000000000 0.00000000000 0.00000000000 0.00000000000 0.00000000000 0.00000000000 0.00000000000 0.00000000000 0.00000000000 0.00000000000 0.00000000000 0.00000000000
# sel_p2_fsh[2]:
 0.00000000000 0.00000000000 0.00000000000 0.00000000000 0.00000000000 0.00000000000 0.00000000000 0.00000000000 0.00000000000 0.00000000000 0.00000000000 0.00000000000 0.00000000000 0.00000000000 0.00000000000 0.00000000000 0.00000000000 0.00000000000 0.00000000000 0.00000000000 0.00000000000 0.00000000000 0.00000000000 0.00000000000 0.00000000000 0.00000000000 0.00000000000 0.00000000000 0.00000000000 0.00000000000 0.00000000000 0.00000000000 0.00000000000 0.00000000000 0.00000000000 0.00000000000 0.00000000000
# sel_p2_fsh[3]:
 0.00000000000 0.00000000000
# sel_p2_fsh[4]:
 0.00000000000 0.00000000000 0.00000000000 0.00000000000 0.00000000000 0.00000000000 0.00000000000 0.00000000000 0.00000000000 0.00000000000 0.00000000000 0.00000000000 0.00000000000 0.00000000000 0.00000000000 0.00000000000 0.00000000000 0.00000000000 0.00000000000 0.00000000000 0.00000000000 0.00000000000 0.00000000000 0.00000000000 0.00000000000 0.00000000000 0.00000000000 0.00000000000 0.00000000000 0.00000000000 0.00000000000
# logsel_p3_fsh[1]:
 0.00000000000 0.00000000000 0.00000000000 0.00000000000 0.00000000000 0.00000000000 0.00000000000 0.00000000000 0.00000000000 0.00000000000 0.00000000000 0.00000000000 0.00000000000 0.00000000000 0.00000000000 0.00000000000 0.00000000000 0.00000000000 0.00000000000 0.00000000000 0.00000000000 0.00000000000 0.00000000000 0.00000000000 0.00000000000 0.00000000000 0.00000000000 0.00000000000 0.00000000000 0.00000000000 0.00000000000 0.00000000000 0.00000000000 0.00000000000 0.00000000000 0.00000000000
# logsel_p3_fsh[2]:
 0.00000000000 0.00000000000 0.00000000000 0.00000000000 0.00000000000 0.00000000000 0.00000000000 0.00000000000 0.00000000000 0.00000000000 0.00000000000 0.00000000000 0.00000000000 0.00000000000 0.00000000000 0.00000000000 0.00000000000 0.00000000000 0.00000000000 0.00000000000 0.00000000000 0.00000000000 0.00000000000 0.00000000000 0.00000000000 0.00000000000 0.00000000000 0.00000000000 0.00000000000 0.00000000000 0.00000000000 0.00000000000 0.00000000000 0.00000000000 0.00000000000 0.00000000000 0.00000000000
# logsel_p3_fsh[3]:
 0.00000000000 0.00000000000
# logsel_p3_fsh[4]:
 0.00000000000 0.00000000000 0.00000000000 0.00000000000 0.00000000000 0.00000000000 0.00000000000 0.00000000000 0.00000000000 0.00000000000 0.00000000000 0.00000000000 0.00000000000 0.00000000000 0.00000000000 0.00000000000 0.00000000000 0.00000000000 0.00000000000 0.00000000000 0.00000000000 0.00000000000 0.00000000000 0.00000000000 0.00000000000 0.00000000000 0.00000000000 0.00000000000 0.00000000000 0.00000000000 0.00000000000
# rec_dev_future:
 0.00000000000 0.00000000000 0.00000000000 0.00000000000 0.00000000000 0.00000000000 0.00000000000 0.00000000000 0.00000000000 0.00000000000 0.00000000000 0.00000000000 0.00000000000 0.00000000000 0.00000000000 0.00000000000 0.00000000000 0.00000000000 0.00000000000 0.00000000000
 0.00000000000 0.00000000000 0.00000000000 0.00000000000 0.00000000000 0.00000000000 0.00000000000 0.00000000000 0.00000000000 0.00000000000 0.00000000000 0.00000000000 0.00000000000 0.00000000000 0.00000000000 0.00000000000 0.00000000000 0.00000000000 0.00000000000 0.00000000000
# log_q_ind[1]:
-0.0935945117741
# log_q_ind[2]:
-3.03001806029
# log_q_ind[3]:
-9.53404781329
# log_q_ind[4]:
-0.766543099748
# log_q_ind[5]:
-4.04386856956
# log_q_ind[6]:
-6.39127496397
# log_q_ind[7]:
-0.848944127077
# log_q_power_ind[1]:
0.00000000000
# log_q_power_ind[2]:
0.00000000000
# log_q_power_ind[3]:
0.00000000000
# log_q_power_ind[4]:
0.00000000000
# log_q_power_ind[5]:
0.00000000000
# log_q_power_ind[6]:
0.00000000000
# log_q_power_ind[7]:
0.00000000000
# log_rw_q_ind[1]:
 -1.07546921071
# log_rw_q_ind[3]:
 -0.338214491039
# log_selcoffs_ind[1]:
 -3.15506203887 -2.01590342026 -0.928739343651 -0.0957206205051 0.351682265842 0.503316035587 0.458566072021 0.337169912741 0.231418804408 0.183631032953
 -3.16830745473 -2.25764771649 -1.36785862292 -0.547322267063 0.105499304535 0.485040067718 0.595031501588 0.511352814099 0.380834191054 0.293069967257
# log_selcoffs_ind[2]:
 -1.17298007997 -0.493355703729 -0.0186348834787 0.186031570851 0.131881693815 0.0399269600031 0.0326369797286 0.120828952921 0.220615240268 0.265302876269
 -1.00449362300 -0.388999969329 -0.0207728015458 0.217772390117 0.282191247906 0.210135491308 0.0984246859217 0.0270843340957 0.0130086280220 0.0290081403339
 -0.878929057310 -0.273266585257 0.124228584205 0.333108759903 0.317621247109 0.175029061595 0.0239014495475 -0.0798286806762 -0.118776839146 -0.110146763498
# log_selcoffs_ind[3]:
 -0.202940821038 0.0202027052767 0.0202027052767 0.0202027052767 0.0202027052767 0.0202027052767 0.0202027052767 0.0202027052767 0.0202027052767 0.0202027052767
# log_selcoffs_ind[4]:
 -2.44399553900 -1.44369074537 -0.592791480920 -0.0702743908681 0.117670101368 0.204283165297 0.279002545411 0.354341572298 0.416365397031 0.455651616549
 -3.08065939112 -2.20917614443 -1.36005576325 -0.636742755148 -0.117579345839 0.234396328211 0.461668380089 0.576608978813 0.584685840009 0.556334461102
# log_selcoffs_ind[5]:
 -3.04452005677 -0.669616569639 0.101782682789 0.174353368097 0.174353368097 0.174353368097 0.174353368097 0.174353368097 0.174353368097 0.174353368097
# log_selcoffs_ind[6]:
 -3.04452005677 -0.669616569639 0.101782682789 0.174353368097 0.174353368097 0.174353368097 0.174353368097 0.174353368097 0.174353368097 0.174353368097
# log_selcoffs_ind[7]:
 -3.04452005677 -0.669616569639 0.101782682789 0.174353368097 0.174353368097 0.174353368097 0.174353368097 0.174353368097 0.174353368097 0.174353368097
# logsel_slope_ind[1]:
 0.00000000000 0.00000000000
# logsel_slope_ind[2]:
 0.00000000000 0.00000000000 0.00000000000
# logsel_slope_ind[3]:
 0.00000000000
# logsel_slope_ind[4]:
 0.00000000000 0.00000000000
# logsel_slope_ind[5]:
 0.00000000000
# logsel_slope_ind[6]:
 0.00000000000
# logsel_slope_ind[7]:
 0.00000000000
# sel50_ind[1]:
 0.00000000000 0.00000000000
# sel50_ind[2]:
 0.00000000000 0.00000000000 0.00000000000
# sel50_ind[3]:
 0.00000000000
# sel50_ind[4]:
 0.00000000000 0.00000000000
# sel50_ind[5]:
 0.00000000000
# sel50_ind[6]:
 0.00000000000
# sel50_ind[7]:
 0.00000000000
# logsel_p1_ind[1]:
 0.00000000000 0.00000000000
# logsel_p1_ind[2]:
 0.00000000000 0.00000000000 0.00000000000
# logsel_p1_ind[3]:
 0.00000000000
# logsel_p1_ind[4]:
 0.00000000000 0.00000000000
# logsel_p1_ind[5]:
 0.00000000000
# logsel_p1_ind[6]:
 0.00000000000
# logsel_p1_ind[7]:
 0.00000000000
# sel_p2_ind[1]:
 0.00000000000 0.00000000000
# sel_p2_ind[2]:
 0.00000000000 0.00000000000 0.00000000000
# sel_p2_ind[3]:
 0.00000000000
# sel_p2_ind[4]:
 0.00000000000 0.00000000000
# sel_p2_ind[5]:
 0.00000000000
# sel_p2_ind[6]:
 0.00000000000
# sel_p2_ind[7]:
 0.00000000000
# logsel_p3_ind[1]:
 0.00000000000 0.00000000000
# logsel_p3_ind[2]:
 0.00000000000 0.00000000000 0.00000000000
# logsel_p3_ind[3]:
 0.00000000000
# logsel_p3_ind[4]:
 0.00000000000 0.00000000000
# logsel_p3_ind[5]:
 0.00000000000
# logsel_p3_ind[6]:
 0.00000000000
# logsel_p3_ind[7]:
 0.00000000000
