# Number of parameters = 1604 Objective function value = 1111.43939876256  Maximum gradient component = 0.000284444435250730
# Mest[1]:
0.280000000000
# Mest[2]:
0.330000000000
# log_Linf[1]:
4.29810139974
# log_Linf[2]:
4.29810139974
# log_k[1]:
-1.83258146375
# log_k[2]:
-1.83258146375
# log_Lo[1]:
2.60712428251
# log_Lo[2]:
2.60712428251
# log_sdage[1]:
-2.40794560865
# log_sdage[2]:
-2.40794560865
# mean_log_rec[1]:
9.32930209036
# mean_log_rec[2]:
7.35467672326
# mean_log_rec[3]:
6.93934038060
# steepness[1]:
0.650000000000
# steepness[2]:
0.650000000000
# steepness[3]:
0.650000000000
# log_Rzero[1]:
9.55462070740
# log_Rzero[2]:
7.60026734800
# log_Rzero[3]:
6.41866345492
# rec_dev:
 -0.0425969052123 -0.0555435221761 -0.0720029439484 -0.0928155267322 -0.118957863634 -0.151431475558 -0.190333463472 -0.235137024942 -0.287849303983 -0.349292604630 -0.415907599120 -0.475590506797 -0.542080121705 -0.616906141099 -0.731082724415 -0.747721685736 -0.513919043322 -0.332857979370 -0.0801360592215 0.136103125658 0.162830672687 0.177447073843 0.263518872491 0.351301944197 0.885407001657 0.711003086997 0.766074802133 1.61692451278 1.51422698778 0.711339658385 0.163168434227 0.455802813431 0.659703597875 0.724849879763 0.211688004926 0.225101236352 -0.0158227466292 0.130039410202 0.206406528341 0.222382182883 0.328435443401 0.419146093441 0.450417093100 0.388936883586 -0.00275543755546 -0.472641714285 -0.240280161261 -0.623370278005 -1.35365120039 -0.461689649530 -0.661352170502 -1.08167887350 -1.23645853668 -1.28308958661 -1.10927210386 -0.663047644333 -0.654492385465 -0.388580842993 -0.0661752139251 0.341676749518 0.207467760907 0.00504186862796 0.463511403122 0.0229770977777 -0.301948205789 0.325100463150 0.629554274975
 -0.0175041195493 -0.0237326066581 -0.0318035845906 -0.0420786940377 -0.0549234201653 -0.0705102161836 -0.0891888407469 -0.111556520210 -0.136077777720 -0.161266917469 -0.189102836402 -0.0334481166400 -0.0608134013546 -0.0974187483098 -0.134913878753 -0.130862850112 -0.124976058712 -0.105573822102 0.385796736292 0.210799074594 0.00184537647821 -0.334204563747 0.0478930652930 0.259148425106 -0.438266714975 -1.23069067601 -0.206350054233 0.293295844697 0.518031359497 0.0161884821063 -0.362736137731 -0.840191723883 0.0598323915119 0.474744731368 0.0705306245981 0.343553087207 0.886504994957 0.151847559933 0.460733517751 0.186502761417 1.68732846949 0.723405422421 0.369938320914 -0.0240182936794 -1.40172259772 0.553324438294 0.572075275483 -0.0780765235860 -1.92452929163 -1.36948210590 0.902726086181 -0.225691491635 -0.938958897178 -1.15556328435 -1.37771259595 -0.939101088405 -0.995214833677 0.361368725376 1.14672871467 0.786866576027 0.172923205900 0.336000345344 -0.173426767118 -0.819588327222 -0.458081434847 -0.0801611427801 -0.00205131200454
# log_sigmar[1]:
-0.510825623766
# log_sigmar[2]:
-0.510825623766
# log_sigmar[3]:
-0.510825623766
# fmort:
 -4.82935543207 -4.42113235705 -5.15794152383 -4.84178899512 -4.08518481859 -3.76821355266 -3.45279555108 -3.49438651988 -2.86290896781 -2.99851260916 -3.28454299966 -2.89146201578 -2.15300108846 -3.07839225737 -2.21850811881 -2.76819075395 -5.16102700069 -3.88954181630 -4.27499463790 -4.36521414755 -4.39607898519 -4.04560901207 -3.96127311382 -3.77195695906 -4.20253631524 -3.89876980722 -3.40339763905 -4.42128661551 -5.59553217905 -4.93652683982 -4.47603628908 -3.83061917019 -4.70406692650 -4.28166115021 -4.14740264974 -3.64327529742 -3.55838586207 -3.12231134512 -2.61273318672 -2.88289299219 -2.31361094542 -3.88830241743 -4.86416741308 -4.35784888228 -4.29775084434 -3.94645842634 -4.22937442222 -3.76668767023 -4.90545061658 -5.18880946643 -4.03190317537 -4.03881822226 -4.19646055758 -4.38294201618 -4.10743205335 -4.31753951217
 -7.22109761948 -6.78393573934 -6.31396972704 -5.71946033808 -5.93530192537 -5.22708418417 -4.71403537917 -4.40685491606 -3.96468231463 -3.75695303540 -3.62364875279 -2.86686786745 -2.61211910381 -2.86559602461 -2.50894691359 -2.12221933267 -1.93437674063 -1.62257973547 -1.43468094598 -1.28175413242 -1.26868885010 -1.02792617164 -0.734783000594 -0.714418327899 -0.494942325426 -0.199359050798 -0.220650125329 -0.213213395318 -0.721468962418 -1.09814273885 -1.25686516517 -1.03759299994 -0.950809208651 -1.02360094101 -1.02989102104 -1.02937533435 -0.960136010401 -0.729777034970 -0.793027802139 -0.410645424090 -0.877702640563 -1.25393739114 -1.63986802905 -1.79092632542 -1.80300849865 -1.66314429078 -1.66047853215 -1.59900814805 -1.44012523874 -1.57649379848 -1.64335243266 -1.66094348868 -1.75935424144 -1.67528569498 -1.35595187891 -1.47117810303
 -6.49908083918 -5.80359181006 -4.95201493159 -4.16552956633 -2.98020731562 -4.14151135305 -3.79673032333 -1.19881660979 -1.10671525485 -1.19882026201 -0.936292931942 -0.346728176022 -1.24805351447 -1.77958252840 -1.77449493231 -2.50153444180 -3.06259734775 -2.96553550851 -1.68931103813 -1.69260664980 -1.42654126965 -1.56928561506 -2.06356876376 -1.97171144279 -1.92661204285 -0.828323685019 -0.335900820778 0.381131065033 1.41653097162 0.212889772727 0.0742704507371 0.934147823781 -0.536841604251 -0.527607908555 -0.423901213116 -0.989801638499 -0.139627191630 -0.191578026917 -0.235723759174 -0.154377455834 -1.71807249191 -0.139049727418 -0.378162139746 -0.736073425596 -0.502127990362 -1.62081795195 -2.45301397731 -3.53014904605 -2.39806991955 -2.24288718447 -2.60440622837 -2.77541546354 -2.42763513035 -1.90174715903 -1.67106085126 -1.46272672071
 -9.73401031061 -9.68343589486 -7.92570144735 -9.57655703147 -9.51584984439 -9.44676677919 -9.32993156912 -8.46986116311 -5.26713958895 -3.17936111944 -3.16534273149 -2.82718837472 -2.17022030530 -1.85814501498 -1.61920740332 -1.89809191303 -2.10476885227 -2.38641569535 -2.62486432438 -2.78040894754 -2.90477106712 -3.42090862321 -6.00073705154 -9.49676340115 -9.32638113806 -9.04707797878 -8.74007595305 -8.49165849449 -8.41434449672 -8.50057995778 -7.95356185519 -6.03547629286 -4.88004575597 -4.20006165793 -3.40328955478 -3.47346861894 -2.91507597830 -2.35239612369 -2.34264485011 -2.22336676260 -2.29716588582 -3.43779600007 -3.75505770854 -3.73164606532 -3.33301829629 -3.16385129149 -3.68163316979 -3.74926672632 -3.76759167750 -3.94665226178 -6.49108469680 -4.43076541630 -4.31112694552 -3.97294188557 -4.99927636152 -5.96610180882
# log_selcoffs_fsh[1]:
 -3.53046291678 -1.86737098398 -0.875677106081 0.0603675247812 0.864389137167 0.963940410715 0.299258916594 -0.473610284595 -0.993711281606
 -3.14798352630 -1.47232200196 -0.756203698836 7.80594670845e-05 0.751010649096 0.909765412221 0.382567769608 -0.309252905737 -0.786961199269
 -2.85990775313 -1.39670505530 -0.562129166448 0.214408009325 0.732807359176 0.747468083788 0.321766902331 -0.238190208784 -0.642423820852
 -2.48682373539 -1.20187980222 -0.566258675339 0.0596851968418 0.772081083033 0.750096804506 0.285789661182 -0.222144053536 -0.555183214206
 -1.85118886714 -0.332619314112 -0.0345719104386 0.202155328090 0.443598078392 0.477381255437 0.216116657717 -0.145535389539 -0.415680186199
 -1.73313283914 -0.526293624888 0.426454136171 0.637431268419 0.297067111752 0.120448947560 -0.0569664633374 -0.279165111949 -0.455551594212
 -1.45319363032 -0.382058171525 0.512693895599 0.722404281174 0.292570137419 -0.0426793717485 -0.246258147979 -0.398515138637 -0.505111302354
 -1.05852074756 -0.203942738117 0.570932889386 0.771245025098 0.200376433936 -0.176333853490 -0.394129365715 -0.508622485602 -0.563247768264
 -0.777120376973 0.229630045497 0.473402020647 0.590156468672 0.288651801686 -0.195016710236 -0.479239818590 -0.589515427276 -0.614110126376
 -0.530876098203 0.380633899499 0.566482269200 0.567104049131 0.137245757752 -0.328843067346 -0.602689144243 -0.683944939841 -0.683868188736
 -0.00997457408424 0.922935193616 0.446021801967 0.150898564604 -0.236451263342 -0.553515828271 -0.736631010195 -0.781729609893 -0.760126266692
 0.208630609844 0.872469610276 0.608706381426 0.108300929171 -0.439379773023 -0.718067976786 -0.842710896068 -0.862473807471 -0.825595057217
 -0.0184884088286 1.14606601889 0.635665976417 -0.115652498371 -0.665401259351 -0.895387925969 -0.963834018627 -0.951687000912 -0.907756293841
 0.223639604789 1.17713533666 0.571843829010 -0.211521455723 -0.791011256309 -1.00136007996 -1.04290616523 -1.00667912187 -0.955011542101
 0.242274854177 1.22148607733 0.551622264153 -0.264061292726 -0.844041139660 -1.05937721383 -1.09778768282 -1.05178249365 -0.994054667655
 -0.167243096726 1.29826382370 0.657241004229 -0.223475478786 -0.868501950776 -1.10020589873 -1.14346324575 -1.09449545383 -1.03261596427
 -0.0818378802653 1.33164986915 0.588520903951 -0.262436226339 -0.890901135074 -1.12478776927 -1.16929670087 -1.11919193239 -1.05366314324
 0.456872512907 1.12261454567 0.629971339573 -0.271208043920 -0.908216170109 -1.13653879789 -1.17748108200 -1.12123553789 -1.05016896835
 0.752424914676 1.11014105844 0.398644695804 -0.369699549198 -0.951213285521 -1.17050035901 -1.20538749882 -1.13925899454 -1.06070425876
 0.461239562175 1.20686737763 0.557847359999 -0.352073138881 -0.990994354400 -1.21322955446 -1.23579248604 -1.15211248112 -1.06185868591
 0.527043875565 1.28601435746 0.403205298539 -0.467549265611 -1.06283297142 -1.26628051583 -1.27238664247 -1.16718102589 -1.06178718835
 0.507449246020 1.27018084705 0.512369520003 -0.526015294640 -1.14496975800 -1.32409985430 -1.30199970579 -1.17119363499 -1.04697503259
 0.646055571302 1.23539034522 0.433500885541 -0.524043284624 -1.16072994576 -1.34831549663 -1.31373304314 -1.15978885218 -1.01553899045
 0.332878080381 1.37260634413 0.423156293081 -0.534710215774 -1.14890975405 -1.34099385275 -1.30625928752 -1.13766403350 -0.975977409257
 0.464300553896 1.28685721188 0.415067183104 -0.471239973510 -1.08104749567 -1.28954894824 -1.25743220660 -1.07453514522 -0.895174387959
 0.513842415430 1.14620566572 0.489923526389 -0.307603210741 -0.995229612591 -1.21988025078 -1.16988753427 -0.968214511549 -0.777397937454
 0.157313182553 1.17816868035 0.540964200094 -0.202036143472 -0.901237708077 -1.11733122104 -1.04844461417 -0.831958279830 -0.639429936133
 0.234439682627 1.17000923371 0.401884752688 -0.349161431190 -0.865281636639 -1.01077869947 -0.903346058351 -0.677295621698 -0.484849152858
 1.01010066455 0.700384218312 0.0307824632443 -0.552256637438 -0.868312999334 -0.903041081160 -0.744625557868 -0.503177891597 -0.317216482542
 0.590945731160 0.946624754697 0.0328228451771 -0.642678538990 -0.856089053270 -0.783153698870 -0.568889677925 -0.313482760505 -0.128714798219
 0.324696497201 0.927601837411 -0.0890852305446 -0.651206738771 -0.759960863858 -0.633783367869 -0.378483364733 -0.111765522382 0.0717145458145
 0.222549434960 0.543934606240 -0.148324439138 -0.546286192070 -0.579445247576 -0.416888025747 -0.146342873133 0.128617510040 0.312108022212
 -0.658759506189 0.221767356339 -0.120557600345 -0.350268806452 -0.305367897270 -0.178945022915 0.0745635299610 0.313379593570 0.485411057868
 -1.13498307410 -0.480871045776 -0.483710054811 -0.293026372097 -0.0610363176500 0.0380702425731 0.321193980978 0.447303684952 0.574013295023
 -0.755937002910 -0.270584678206 -0.763388491878 -0.729249824487 -0.382272824984 -0.0384752960235 0.305638206416 0.560249400952 0.725603110490
 -0.230695823200 -1.12926149888 -1.23581808078 -0.907398992406 -0.456895856793 -0.0292672710882 0.357479189324 0.644375755443 0.810777438637
 -1.49998596847 -1.53008910701 -1.35951127456 -0.809216158165 -0.288272253920 0.0799586730272 0.470620574263 0.729280899409 0.854832785193
 -2.28035518766 -1.73634772905 -1.40383588235 -0.817522800845 -0.261911862672 0.166353448182 0.478742114238 0.735699790828 0.868300748750
 -2.50969318806 -2.36415159320 -1.96421450271 -1.20666469556 -0.340714123761 0.281781916824 0.651844956413 0.794841611351 0.795386871798
 -2.89795767199 -2.71218064857 -2.19531387218 -1.33945513848 -0.429780754327 0.326222700680 0.729245567056 0.804154545594 0.770322398869
 -2.93647319788 -2.69173392790 -2.11277188597 -1.31712468533 -0.510457039116 0.155124688465 0.638077242839 0.876979735206 0.886196602987
 -3.22058590463 -2.63689325032 -1.89464615461 -1.19913643865 -0.491305138374 0.0983971676770 0.539441914172 0.872148562888 0.961010354020
 -3.25729931300 -2.60376569164 -1.87333480074 -1.16132637826 -0.474424857229 0.0949980271145 0.531603216651 0.847062144903 0.980013093298
# log_selcoffs_fsh[2]:
 -2.07916518795 -0.125721692860 0.613936865900 0.875221903712 0.579976303464 0.00588239278248 -0.438980595964 -0.714669319357 -0.849909990527 -0.934938839874
 -2.10147474344 -0.175214831955 -0.136267965565 0.407063716885 0.786429295356 0.565273559222 0.00728142220209 -0.436061814027 -0.618470651998 -0.662980223978
 -2.65461880601 -0.842587235271 -0.333199406459 0.229789816591 0.742995479252 0.718226942851 0.216117126207 -0.233250523518 -0.398505098883 -0.405604784915
 -3.06437342678 -1.48733192465 -0.603827369341 -0.0358986524704 0.626264774202 0.801187649498 0.331913894211 -0.0428608843783 -0.143509281200 -0.106358236226
 -2.64707173292 -1.11786085231 -1.04628520103 -0.535418040103 0.283172078312 0.685884296143 0.430818310047 0.213212522857 0.209738254104 0.294994600874
 -2.21807874523 -1.13195353952 -0.937410859923 -0.837270275951 -0.322425647479 0.146524411676 0.345373768277 0.443817095106 0.591326708571 0.734533181628
 -2.87049265622 -1.62129831856 -0.784628659424 -0.654942512964 -0.541989009511 -0.212665959271 0.149685266845 0.469063666236 0.739566255215 0.926208503656
 -3.42273487338 -2.41662181915 -1.62866100612 -0.944731537443 -0.392805829970 -0.00167126071268 0.284859647773 0.467030883795 0.745704056403 0.950474741032
 -3.69147739869 -2.67374982533 -2.04001924842 -1.35438121351 -0.566527554790 -0.0216339128470 0.390300833491 0.645232026017 0.790278674426 0.868772448762
 -3.75751008930 -2.55944718689 -1.86735295498 -1.38238305350 -0.926587931919 -0.311070515400 0.258990509178 0.797229200043 0.960086196165 0.805720340983
 -3.57161987598 -2.10101455157 -1.39992721436 -0.985165449764 -0.646237457450 -0.401193789499 0.0698161503518 0.662006818326 0.954328762195 0.887114876578
 -3.46657877526 -1.99848356586 -1.21189146093 -0.811171261335 -0.477930131313 -0.167347739871 0.323676822777 0.644551738642 0.771932004293 0.776576666896
 -3.10714321770 -1.30781974925 -0.735341297162 -0.423677047816 -0.210174531063 -0.147029739533 0.213703418300 0.493186905273 0.655428281648 0.730166081314
 -2.68123932576 -0.891625014275 -0.344046971085 -0.203028762198 -0.156692664300 -0.0740427426744 0.150529700129 0.375870987758 0.541470493204 0.628897951625
 -2.29426542916 -0.297287448727 -0.0511538268400 -0.194304335938 -0.325971297689 -0.220018717075 0.0615463443644 0.300982913240 0.492098324429 0.592250951426
 -1.96509304937 0.0232481481656 -0.0888541828848 -0.279855462517 -0.441578733587 -0.325628407627 -0.0230993877003 0.251118788269 0.488701112220 0.645817165160
 -1.57679363166 -0.0321951708773 -0.111933681926 -0.300998863416 -0.500739237292 -0.454664124281 -0.155946914190 0.201272615520 0.532509621043 0.773969238712
 -1.96799112722 -0.220060121791 -0.0645634326960 -0.270912319263 -0.513503563814 -0.486520924751 -0.208957529081 0.181223872326 0.561242679705 0.867735876384
 -2.28974832481 -0.479494193678 -0.115574586935 -0.249166304783 -0.484499209651 -0.449678308699 -0.159404723251 0.226323748038 0.602635045866 0.884556084009
 -2.42593872970 -0.787989887604 -0.408596373851 -0.281433004043 -0.422693822024 -0.405539212248 -0.116949530010 0.285995649500 0.665261984072 0.936073709255
 -2.52945236847 -0.905817361080 -0.394757018760 -0.205992695422 -0.374307539123 -0.434555448108 -0.186108580319 0.238821048376 0.665508629795 0.973680413952
 -2.72858482854 -1.01550386890 -0.385980168584 -0.0881619636024 -0.227189053383 -0.315062974250 -0.135218616596 0.190513493291 0.595363584818 0.937454457075
 -3.02482552534 -1.48796749638 -0.511136352868 0.0582608415098 0.0488425638685 -0.109745729909 -0.0201411730096 0.199561656210 0.499683431707 0.820023598137
 -3.23609323397 -1.85327086376 -0.865155541821 -0.168274792576 0.201906332946 0.148256120874 0.235052638360 0.363388534388 0.482814146512 0.604594415817
 -3.37863724725 -1.73047982762 -0.902166735958 -0.475552083677 -0.0230301023508 0.248577707043 0.398333859997 0.521652879445 0.518571731733 0.499722271413
 -3.55791299649 -2.13822299657 -1.18148238663 -0.326052943641 0.0979928123202 0.258477996865 0.399285284886 0.554128001666 0.522705103611 0.411691883523
 -3.68220019365 -1.97322701799 -1.16915243956 -0.160638673862 0.214554128582 0.322005329882 0.420262337763 0.545811177250 0.434127157569 0.233022465833
 -3.75621357810 -1.56079819238 -0.986441910626 -0.263168263698 0.132462844474 0.218336572030 0.637576358134 0.603007024776 0.336339407895 0.113501173780
 -3.79668845842 -2.10475609307 -1.13580747046 -0.120052129739 0.302852715798 0.385261210757 0.667207080231 0.443184549361 0.220524254006 0.0683617300732
 -3.84079322456 -1.95167151409 -0.581778306606 0.182305869002 0.681245781813 0.448389418692 0.291184639195 0.132146144943 0.0430818294631 0.0120920216353
 -3.65399573039 -1.47582216613 -0.233737792682 0.345505186828 0.368438378454 0.178382590064 0.154423444235 0.160756384799 0.214451325247 0.277575109433
 -3.55709848019 -1.61935727182 -0.585818363430 -0.0491061523979 0.257809081560 0.245902680988 0.141435343822 0.266221493478 0.415836521875 0.541898331179
 -3.06984293765 -1.05315181944 -0.839366079344 -0.516611804840 -0.0989725660653 0.101233108817 0.165304733753 0.349718025285 0.603598793924 0.759310458572
 -3.62471578507 -1.46908172684 -0.750646634757 -0.298513954358 -0.00165867568394 0.169281901347 0.248693268181 0.395599047687 0.532465991929 0.628970923062
 -3.95731563019 -1.89223393859 -1.14264828786 -0.615982320945 -0.0663515661823 0.229736758482 0.399544504138 0.529280938282 0.597344222390 0.571462206163
 -4.41354682421 -2.37558333830 -1.30438832306 -0.736568709046 -0.256515161687 0.0638979301476 0.373587615081 0.610315373516 0.689906917533 0.701922867067
 -4.82650204134 -3.01159400306 -1.76082010255 -0.861648679123 -0.129449171177 0.190981556192 0.477363597431 0.661787631201 0.643563295865 0.591149196439
 -5.06905159544 -3.31115662598 -2.31316622470 -1.35374868346 -0.388764486615 0.244913104213 0.578910972205 0.737518216581 0.676335555722 0.589520183585
 -5.26620059767 -3.60723101600 -2.27845908893 -1.50640694171 -0.603479839215 0.0392545261822 0.478436004836 0.718843925063 0.774822278648 0.797871053523
 -5.34726951759 -3.90760697989 -2.53304658304 -1.50920122259 -0.855906574746 -0.193979580541 0.306601865426 0.649069625675 0.843107889912 1.04025485365
 -5.32248864303 -3.75920901586 -2.39191847064 -1.29135760439 -0.719154621412 -0.411566906903 -0.0224289801160 0.375526587488 0.846783785286 1.30562050978
 -5.32249617104 -3.53142354202 -2.06582342806 -1.18844022322 -0.472830415000 -0.353229833957 -0.272583135087 0.0737158130376 0.723684796048 1.46067480810
 -5.46506952573 -3.54670057899 -1.63792025911 -0.482823404276 -0.206575804379 -0.118947944793 -0.284204824636 -0.232731576360 0.478391390420 1.45764983385
# log_selcoffs_fsh[3]:
 -4.91851301961 -2.20828007375 0.173015378465 1.24389384618 0.175177131112 -0.591307053968 -0.734468241507
 -4.93094550736 -1.47246354171 0.292144096253 0.666974875710 0.487833567506 -0.0101477205610 -0.154197235186
# log_selcoffs_fsh[4]:
 -1.87789420994 -1.55205000491 -1.19901697117 -0.797888652414 -0.356079688507 0.0874796243251 0.469614229798 0.739170657675 0.874674199400
 -1.86599238987 -1.54661365076 -1.19874751405 -0.800245204448 -0.358378439082 0.0861049348060 0.469928618735 0.739789595175 0.874382814188
 -1.84204618689 -1.53662312132 -1.20116789905 -0.805180987268 -0.360525336812 0.0875882011966 0.473324527847 0.739869766149 0.870756757211
 -1.80317362130 -1.51184172397 -1.20035668491 -0.824406263717 -0.370721825174 0.0922521586180 0.480887940082 0.741507141622 0.863588077431
 -1.73916471866 -1.46338848555 -1.17630933076 -0.828060233815 -0.397584645434 0.0807006606136 0.488354697553 0.745920113272 0.855933678633
 -1.65188239160 -1.37190394178 -1.13017219083 -0.826032092995 -0.401436323966 0.0709845952441 0.484694110410 0.742954429292 0.843801497150
 -1.54396662046 -1.27860646196 -1.01123586876 -0.765490676965 -0.399146776656 0.0625495957046 0.470842413979 0.725239262381 0.822929268377
 -1.40450666846 -1.17425215277 -0.922912459020 -0.645611157946 -0.336697978379 0.0598924748298 0.438794695796 0.688814192285 0.791055424123
 -1.20468022169 -1.01764345386 -0.827103599450 -0.581594403015 -0.271185745241 0.0714819772405 0.405172427308 0.639421890277 0.747126870770
 -0.972969775491 -0.814410982579 -0.647192479625 -0.497668479276 -0.262186914510 0.0500053356070 0.352565006300 0.583215752464 0.699394619616
 -0.743743585418 -0.611893471671 -0.469970481227 -0.335334864698 -0.225586100028 -0.0148030524402 0.266485733179 0.505262469182 0.639790161746
 -0.521895395463 -0.446164985512 -0.340519318365 -0.219263601416 -0.123594680034 -0.0402965373906 0.159294739501 0.399223242933 0.556424420188
 -0.306101943659 -0.287392014660 -0.257255298460 -0.185336769274 -0.0983799480593 -0.0189531433419 0.101694334136 0.294907199819 0.452284523230
 -0.0927467305237 -0.134747657395 -0.164107016596 -0.163263702594 -0.131285734082 -0.0658914278708 0.0520100478339 0.214353610451 0.344280475069
 0.115763040363 0.0112977685585 -0.0829573683449 -0.148618902826 -0.167898721957 -0.127994081548 -0.0243921881125 0.117395680635 0.229408020797
 0.314901358498 0.148335446416 -0.0127625519890 -0.146308399664 -0.216856150993 -0.207546559497 -0.121933875605 0.00449934595343 0.105644386114
 0.503946961849 0.272601710849 0.0464855645217 -0.160048323111 -0.284645966347 -0.307308959190 -0.239082447888 -0.123385356251 -0.0276600169252
 0.654860917066 0.371447133165 0.0749973017259 -0.181982386265 -0.345123091176 -0.399793601768 -0.354173396221 -0.250434430408 -0.156665833747
 0.780796733211 0.425819160903 0.115079395691 -0.230952619276 -0.422401740514 -0.481412234691 -0.451870155133 -0.359702434980 -0.271147186525
 0.767696099532 0.430625117601 0.152522979267 -0.157731691655 -0.413703657024 -0.498139033944 -0.471880009914 -0.396389928216 -0.324751177846
 0.679914515254 0.421288818399 0.0986084732661 -0.117965150355 -0.305654107956 -0.423032317223 -0.414235841036 -0.346087091665 -0.287667624680
 0.511943552523 0.310633725829 0.0711798833506 -0.116636435216 -0.207412110966 -0.271233325050 -0.261201438764 -0.212020047589 -0.163343652740
 0.257593338241 0.125113736377 0.0257343721107 -0.0670803895019 -0.114188729055 -0.112640919038 -0.0913025027786 -0.0576795977616 -0.0310089856041
 -0.122546596418 -0.107350168115 -0.100234374683 -0.0622903310431 -0.00650976669561 0.0494541922946 0.0848871411037 0.107827405124 0.118876048537
 -0.465299755406 -0.327957930660 -0.194961651036 -0.0689116230949 0.0683330059764 0.163318402997 0.193018164532 0.199997799541 0.193052357369
 -0.867240763530 -0.614355514825 -0.389254716411 -0.137011446308 0.0975454820701 0.256165359226 0.318985597913 0.317325359376 0.296966813153
 -1.26272251421 -0.870878550698 -0.619705830453 -0.254462784635 0.130373847660 0.332735434717 0.407164963555 0.407349979588 0.368582128580
 -1.57621388818 -1.21135046623 -0.824273541940 -0.300086703476 0.0982455942207 0.267375611924 0.402295274357 0.507229745164 0.559866685994
 -1.18202266659 -1.22972077195 -0.948489476149 -0.553041972227 -0.126771577196 0.199757870076 0.430584145893 0.593398510026 0.687188014214
 -1.65371605479 -1.28929844903 -1.07340781734 -0.679904801547 -0.201603963576 0.187275778965 0.460244265958 0.655369586839 0.765931938635
 -1.64225940230 -1.17807769879 -1.07100417263 -0.839211902276 -0.469356583144 -0.0406798506145 0.394805164807 0.742004041651 0.937698579476
 -1.54726117154 -0.832804558489 -0.820005879168 -0.818745634388 -0.602289587996 -0.212643543939 0.251374374769 0.708520247942 1.02895939037
 -1.61132429824 -0.392930422267 0.125825221067 -0.182317860746 -0.331567169912 -0.275112421674 0.0131935678094 0.430255298424 0.755964787078
 -1.59855755100 -0.134218817285 0.0493082768130 -0.0784942690066 -0.241717413571 -0.285168362238 -0.0539388512012 0.363418237241 0.705801243800
 -1.71840688916 -0.549284364055 0.0154196057678 0.115545248954 -0.225916049045 -0.374476816693 -0.157419784825 0.363295975499 0.844760483762
 -1.79097420549 -0.738609732973 -0.275109644639 -0.211210678891 -0.289868357839 -0.470500963691 -0.283147366995 0.390935460694 1.15735567878
 -1.19247429107 -0.101558008744 -0.171132319074 -0.432482485906 -0.607652514549 -0.573384770972 -0.238851568919 0.408046988041 1.06534629268
# log_sel_spl_fsh[1]:
 0.00000000000 0.00000000000 0.00000000000 0.00000000000
 0.00000000000 0.00000000000 0.00000000000 0.00000000000
 0.00000000000 0.00000000000 0.00000000000 0.00000000000
 0.00000000000 0.00000000000 0.00000000000 0.00000000000
 0.00000000000 0.00000000000 0.00000000000 0.00000000000
 0.00000000000 0.00000000000 0.00000000000 0.00000000000
 0.00000000000 0.00000000000 0.00000000000 0.00000000000
 0.00000000000 0.00000000000 0.00000000000 0.00000000000
 0.00000000000 0.00000000000 0.00000000000 0.00000000000
 0.00000000000 0.00000000000 0.00000000000 0.00000000000
 0.00000000000 0.00000000000 0.00000000000 0.00000000000
 0.00000000000 0.00000000000 0.00000000000 0.00000000000
 0.00000000000 0.00000000000 0.00000000000 0.00000000000
 0.00000000000 0.00000000000 0.00000000000 0.00000000000
 0.00000000000 0.00000000000 0.00000000000 0.00000000000
 0.00000000000 0.00000000000 0.00000000000 0.00000000000
 0.00000000000 0.00000000000 0.00000000000 0.00000000000
 0.00000000000 0.00000000000 0.00000000000 0.00000000000
 0.00000000000 0.00000000000 0.00000000000 0.00000000000
 0.00000000000 0.00000000000 0.00000000000 0.00000000000
 0.00000000000 0.00000000000 0.00000000000 0.00000000000
 0.00000000000 0.00000000000 0.00000000000 0.00000000000
 0.00000000000 0.00000000000 0.00000000000 0.00000000000
 0.00000000000 0.00000000000 0.00000000000 0.00000000000
 0.00000000000 0.00000000000 0.00000000000 0.00000000000
 0.00000000000 0.00000000000 0.00000000000 0.00000000000
 0.00000000000 0.00000000000 0.00000000000 0.00000000000
 0.00000000000 0.00000000000 0.00000000000 0.00000000000
 0.00000000000 0.00000000000 0.00000000000 0.00000000000
 0.00000000000 0.00000000000 0.00000000000 0.00000000000
 0.00000000000 0.00000000000 0.00000000000 0.00000000000
 0.00000000000 0.00000000000 0.00000000000 0.00000000000
 0.00000000000 0.00000000000 0.00000000000 0.00000000000
 0.00000000000 0.00000000000 0.00000000000 0.00000000000
 0.00000000000 0.00000000000 0.00000000000 0.00000000000
 0.00000000000 0.00000000000 0.00000000000 0.00000000000
 0.00000000000 0.00000000000 0.00000000000 0.00000000000
 0.00000000000 0.00000000000 0.00000000000 0.00000000000
 0.00000000000 0.00000000000 0.00000000000 0.00000000000
 0.00000000000 0.00000000000 0.00000000000 0.00000000000
 0.00000000000 0.00000000000 0.00000000000 0.00000000000
 0.00000000000 0.00000000000 0.00000000000 0.00000000000
 0.00000000000 0.00000000000 0.00000000000 0.00000000000
# log_sel_spl_fsh[2]:
 0.00000000000 0.00000000000 0.00000000000 0.00000000000
 0.00000000000 0.00000000000 0.00000000000 0.00000000000
 0.00000000000 0.00000000000 0.00000000000 0.00000000000
 0.00000000000 0.00000000000 0.00000000000 0.00000000000
 0.00000000000 0.00000000000 0.00000000000 0.00000000000
 0.00000000000 0.00000000000 0.00000000000 0.00000000000
 0.00000000000 0.00000000000 0.00000000000 0.00000000000
 0.00000000000 0.00000000000 0.00000000000 0.00000000000
 0.00000000000 0.00000000000 0.00000000000 0.00000000000
 0.00000000000 0.00000000000 0.00000000000 0.00000000000
 0.00000000000 0.00000000000 0.00000000000 0.00000000000
 0.00000000000 0.00000000000 0.00000000000 0.00000000000
 0.00000000000 0.00000000000 0.00000000000 0.00000000000
 0.00000000000 0.00000000000 0.00000000000 0.00000000000
 0.00000000000 0.00000000000 0.00000000000 0.00000000000
 0.00000000000 0.00000000000 0.00000000000 0.00000000000
 0.00000000000 0.00000000000 0.00000000000 0.00000000000
 0.00000000000 0.00000000000 0.00000000000 0.00000000000
 0.00000000000 0.00000000000 0.00000000000 0.00000000000
 0.00000000000 0.00000000000 0.00000000000 0.00000000000
 0.00000000000 0.00000000000 0.00000000000 0.00000000000
 0.00000000000 0.00000000000 0.00000000000 0.00000000000
 0.00000000000 0.00000000000 0.00000000000 0.00000000000
 0.00000000000 0.00000000000 0.00000000000 0.00000000000
 0.00000000000 0.00000000000 0.00000000000 0.00000000000
 0.00000000000 0.00000000000 0.00000000000 0.00000000000
 0.00000000000 0.00000000000 0.00000000000 0.00000000000
 0.00000000000 0.00000000000 0.00000000000 0.00000000000
 0.00000000000 0.00000000000 0.00000000000 0.00000000000
 0.00000000000 0.00000000000 0.00000000000 0.00000000000
 0.00000000000 0.00000000000 0.00000000000 0.00000000000
 0.00000000000 0.00000000000 0.00000000000 0.00000000000
 0.00000000000 0.00000000000 0.00000000000 0.00000000000
 0.00000000000 0.00000000000 0.00000000000 0.00000000000
 0.00000000000 0.00000000000 0.00000000000 0.00000000000
 0.00000000000 0.00000000000 0.00000000000 0.00000000000
 0.00000000000 0.00000000000 0.00000000000 0.00000000000
 0.00000000000 0.00000000000 0.00000000000 0.00000000000
 0.00000000000 0.00000000000 0.00000000000 0.00000000000
 0.00000000000 0.00000000000 0.00000000000 0.00000000000
 0.00000000000 0.00000000000 0.00000000000 0.00000000000
 0.00000000000 0.00000000000 0.00000000000 0.00000000000
 0.00000000000 0.00000000000 0.00000000000 0.00000000000
# log_sel_spl_fsh[3]:
 0.00000000000 0.00000000000 0.00000000000 0.00000000000
 0.00000000000 0.00000000000 0.00000000000 0.00000000000
# log_sel_spl_fsh[4]:
 0.00000000000 0.00000000000 0.00000000000 0.00000000000
 0.00000000000 0.00000000000 0.00000000000 0.00000000000
 0.00000000000 0.00000000000 0.00000000000 0.00000000000
 0.00000000000 0.00000000000 0.00000000000 0.00000000000
 0.00000000000 0.00000000000 0.00000000000 0.00000000000
 0.00000000000 0.00000000000 0.00000000000 0.00000000000
 0.00000000000 0.00000000000 0.00000000000 0.00000000000
 0.00000000000 0.00000000000 0.00000000000 0.00000000000
 0.00000000000 0.00000000000 0.00000000000 0.00000000000
 0.00000000000 0.00000000000 0.00000000000 0.00000000000
 0.00000000000 0.00000000000 0.00000000000 0.00000000000
 0.00000000000 0.00000000000 0.00000000000 0.00000000000
 0.00000000000 0.00000000000 0.00000000000 0.00000000000
 0.00000000000 0.00000000000 0.00000000000 0.00000000000
 0.00000000000 0.00000000000 0.00000000000 0.00000000000
 0.00000000000 0.00000000000 0.00000000000 0.00000000000
 0.00000000000 0.00000000000 0.00000000000 0.00000000000
 0.00000000000 0.00000000000 0.00000000000 0.00000000000
 0.00000000000 0.00000000000 0.00000000000 0.00000000000
 0.00000000000 0.00000000000 0.00000000000 0.00000000000
 0.00000000000 0.00000000000 0.00000000000 0.00000000000
 0.00000000000 0.00000000000 0.00000000000 0.00000000000
 0.00000000000 0.00000000000 0.00000000000 0.00000000000
 0.00000000000 0.00000000000 0.00000000000 0.00000000000
 0.00000000000 0.00000000000 0.00000000000 0.00000000000
 0.00000000000 0.00000000000 0.00000000000 0.00000000000
 0.00000000000 0.00000000000 0.00000000000 0.00000000000
 0.00000000000 0.00000000000 0.00000000000 0.00000000000
 0.00000000000 0.00000000000 0.00000000000 0.00000000000
 0.00000000000 0.00000000000 0.00000000000 0.00000000000
 0.00000000000 0.00000000000 0.00000000000 0.00000000000
 0.00000000000 0.00000000000 0.00000000000 0.00000000000
 0.00000000000 0.00000000000 0.00000000000 0.00000000000
 0.00000000000 0.00000000000 0.00000000000 0.00000000000
 0.00000000000 0.00000000000 0.00000000000 0.00000000000
 0.00000000000 0.00000000000 0.00000000000 0.00000000000
 0.00000000000 0.00000000000 0.00000000000 0.00000000000
# logsel_slope_fsh[1]:
 0.00000000000 0.00000000000 0.00000000000 0.00000000000 0.00000000000 0.00000000000 0.00000000000 0.00000000000 0.00000000000 0.00000000000 0.00000000000 0.00000000000 0.00000000000 0.00000000000 0.00000000000 0.00000000000 0.00000000000 0.00000000000 0.00000000000 0.00000000000 0.00000000000 0.00000000000 0.00000000000 0.00000000000 0.00000000000 0.00000000000 0.00000000000 0.00000000000 0.00000000000 0.00000000000 0.00000000000 0.00000000000 0.00000000000 0.00000000000 0.00000000000 0.00000000000 0.00000000000 0.00000000000 0.00000000000 0.00000000000 0.00000000000 0.00000000000 0.00000000000
# logsel_slope_fsh[2]:
 0.00000000000 0.00000000000 0.00000000000 0.00000000000 0.00000000000 0.00000000000 0.00000000000 0.00000000000 0.00000000000 0.00000000000 0.00000000000 0.00000000000 0.00000000000 0.00000000000 0.00000000000 0.00000000000 0.00000000000 0.00000000000 0.00000000000 0.00000000000 0.00000000000 0.00000000000 0.00000000000 0.00000000000 0.00000000000 0.00000000000 0.00000000000 0.00000000000 0.00000000000 0.00000000000 0.00000000000 0.00000000000 0.00000000000 0.00000000000 0.00000000000 0.00000000000 0.00000000000 0.00000000000 0.00000000000 0.00000000000 0.00000000000 0.00000000000 0.00000000000
# logsel_slope_fsh[3]:
 0.00000000000 0.00000000000
# logsel_slope_fsh[4]:
 0.00000000000 0.00000000000 0.00000000000 0.00000000000 0.00000000000 0.00000000000 0.00000000000 0.00000000000 0.00000000000 0.00000000000 0.00000000000 0.00000000000 0.00000000000 0.00000000000 0.00000000000 0.00000000000 0.00000000000 0.00000000000 0.00000000000 0.00000000000 0.00000000000 0.00000000000 0.00000000000 0.00000000000 0.00000000000 0.00000000000 0.00000000000 0.00000000000 0.00000000000 0.00000000000 0.00000000000 0.00000000000 0.00000000000 0.00000000000 0.00000000000 0.00000000000 0.00000000000
# sel50_fsh[1]:
 0.00000000000 0.00000000000 0.00000000000 0.00000000000 0.00000000000 0.00000000000 0.00000000000 0.00000000000 0.00000000000 0.00000000000 0.00000000000 0.00000000000 0.00000000000 0.00000000000 0.00000000000 0.00000000000 0.00000000000 0.00000000000 0.00000000000 0.00000000000 0.00000000000 0.00000000000 0.00000000000 0.00000000000 0.00000000000 0.00000000000 0.00000000000 0.00000000000 0.00000000000 0.00000000000 0.00000000000 0.00000000000 0.00000000000 0.00000000000 0.00000000000 0.00000000000 0.00000000000 0.00000000000 0.00000000000 0.00000000000 0.00000000000 0.00000000000 0.00000000000
# sel50_fsh[2]:
 0.00000000000 0.00000000000 0.00000000000 0.00000000000 0.00000000000 0.00000000000 0.00000000000 0.00000000000 0.00000000000 0.00000000000 0.00000000000 0.00000000000 0.00000000000 0.00000000000 0.00000000000 0.00000000000 0.00000000000 0.00000000000 0.00000000000 0.00000000000 0.00000000000 0.00000000000 0.00000000000 0.00000000000 0.00000000000 0.00000000000 0.00000000000 0.00000000000 0.00000000000 0.00000000000 0.00000000000 0.00000000000 0.00000000000 0.00000000000 0.00000000000 0.00000000000 0.00000000000 0.00000000000 0.00000000000 0.00000000000 0.00000000000 0.00000000000 0.00000000000
# sel50_fsh[3]:
 0.00000000000 0.00000000000
# sel50_fsh[4]:
 0.00000000000 0.00000000000 0.00000000000 0.00000000000 0.00000000000 0.00000000000 0.00000000000 0.00000000000 0.00000000000 0.00000000000 0.00000000000 0.00000000000 0.00000000000 0.00000000000 0.00000000000 0.00000000000 0.00000000000 0.00000000000 0.00000000000 0.00000000000 0.00000000000 0.00000000000 0.00000000000 0.00000000000 0.00000000000 0.00000000000 0.00000000000 0.00000000000 0.00000000000 0.00000000000 0.00000000000 0.00000000000 0.00000000000 0.00000000000 0.00000000000 0.00000000000 0.00000000000
# logsel_p1_fsh[1]:
 0.00000000000 0.00000000000 0.00000000000 0.00000000000 0.00000000000 0.00000000000 0.00000000000 0.00000000000 0.00000000000 0.00000000000 0.00000000000 0.00000000000 0.00000000000 0.00000000000 0.00000000000 0.00000000000 0.00000000000 0.00000000000 0.00000000000 0.00000000000 0.00000000000 0.00000000000 0.00000000000 0.00000000000 0.00000000000 0.00000000000 0.00000000000 0.00000000000 0.00000000000 0.00000000000 0.00000000000 0.00000000000 0.00000000000 0.00000000000 0.00000000000 0.00000000000 0.00000000000 0.00000000000 0.00000000000 0.00000000000 0.00000000000 0.00000000000 0.00000000000
# logsel_p1_fsh[2]:
 0.00000000000 0.00000000000 0.00000000000 0.00000000000 0.00000000000 0.00000000000 0.00000000000 0.00000000000 0.00000000000 0.00000000000 0.00000000000 0.00000000000 0.00000000000 0.00000000000 0.00000000000 0.00000000000 0.00000000000 0.00000000000 0.00000000000 0.00000000000 0.00000000000 0.00000000000 0.00000000000 0.00000000000 0.00000000000 0.00000000000 0.00000000000 0.00000000000 0.00000000000 0.00000000000 0.00000000000 0.00000000000 0.00000000000 0.00000000000 0.00000000000 0.00000000000 0.00000000000 0.00000000000 0.00000000000 0.00000000000 0.00000000000 0.00000000000 0.00000000000
# logsel_p1_fsh[3]:
 0.00000000000 0.00000000000
# logsel_p1_fsh[4]:
 0.00000000000 0.00000000000 0.00000000000 0.00000000000 0.00000000000 0.00000000000 0.00000000000 0.00000000000 0.00000000000 0.00000000000 0.00000000000 0.00000000000 0.00000000000 0.00000000000 0.00000000000 0.00000000000 0.00000000000 0.00000000000 0.00000000000 0.00000000000 0.00000000000 0.00000000000 0.00000000000 0.00000000000 0.00000000000 0.00000000000 0.00000000000 0.00000000000 0.00000000000 0.00000000000 0.00000000000 0.00000000000 0.00000000000 0.00000000000 0.00000000000 0.00000000000 0.00000000000
# logsel_p2_fsh[1]:
 0.00000000000 0.00000000000 0.00000000000 0.00000000000 0.00000000000 0.00000000000 0.00000000000 0.00000000000 0.00000000000 0.00000000000 0.00000000000 0.00000000000 0.00000000000 0.00000000000 0.00000000000 0.00000000000 0.00000000000 0.00000000000 0.00000000000 0.00000000000 0.00000000000 0.00000000000 0.00000000000 0.00000000000 0.00000000000 0.00000000000 0.00000000000 0.00000000000 0.00000000000 0.00000000000 0.00000000000 0.00000000000 0.00000000000 0.00000000000 0.00000000000 0.00000000000 0.00000000000 0.00000000000 0.00000000000 0.00000000000 0.00000000000 0.00000000000 0.00000000000
# logsel_p2_fsh[2]:
 0.00000000000 0.00000000000 0.00000000000 0.00000000000 0.00000000000 0.00000000000 0.00000000000 0.00000000000 0.00000000000 0.00000000000 0.00000000000 0.00000000000 0.00000000000 0.00000000000 0.00000000000 0.00000000000 0.00000000000 0.00000000000 0.00000000000 0.00000000000 0.00000000000 0.00000000000 0.00000000000 0.00000000000 0.00000000000 0.00000000000 0.00000000000 0.00000000000 0.00000000000 0.00000000000 0.00000000000 0.00000000000 0.00000000000 0.00000000000 0.00000000000 0.00000000000 0.00000000000 0.00000000000 0.00000000000 0.00000000000 0.00000000000 0.00000000000 0.00000000000
# logsel_p2_fsh[3]:
 0.00000000000 0.00000000000
# logsel_p2_fsh[4]:
 0.00000000000 0.00000000000 0.00000000000 0.00000000000 0.00000000000 0.00000000000 0.00000000000 0.00000000000 0.00000000000 0.00000000000 0.00000000000 0.00000000000 0.00000000000 0.00000000000 0.00000000000 0.00000000000 0.00000000000 0.00000000000 0.00000000000 0.00000000000 0.00000000000 0.00000000000 0.00000000000 0.00000000000 0.00000000000 0.00000000000 0.00000000000 0.00000000000 0.00000000000 0.00000000000 0.00000000000 0.00000000000 0.00000000000 0.00000000000 0.00000000000 0.00000000000 0.00000000000
# logsel_p3_fsh[1]:
 0.00000000000 0.00000000000 0.00000000000 0.00000000000 0.00000000000 0.00000000000 0.00000000000 0.00000000000 0.00000000000 0.00000000000 0.00000000000 0.00000000000 0.00000000000 0.00000000000 0.00000000000 0.00000000000 0.00000000000 0.00000000000 0.00000000000 0.00000000000 0.00000000000 0.00000000000 0.00000000000 0.00000000000 0.00000000000 0.00000000000 0.00000000000 0.00000000000 0.00000000000 0.00000000000 0.00000000000 0.00000000000 0.00000000000 0.00000000000 0.00000000000 0.00000000000 0.00000000000 0.00000000000 0.00000000000 0.00000000000 0.00000000000 0.00000000000 0.00000000000
# logsel_p3_fsh[2]:
 0.00000000000 0.00000000000 0.00000000000 0.00000000000 0.00000000000 0.00000000000 0.00000000000 0.00000000000 0.00000000000 0.00000000000 0.00000000000 0.00000000000 0.00000000000 0.00000000000 0.00000000000 0.00000000000 0.00000000000 0.00000000000 0.00000000000 0.00000000000 0.00000000000 0.00000000000 0.00000000000 0.00000000000 0.00000000000 0.00000000000 0.00000000000 0.00000000000 0.00000000000 0.00000000000 0.00000000000 0.00000000000 0.00000000000 0.00000000000 0.00000000000 0.00000000000 0.00000000000 0.00000000000 0.00000000000 0.00000000000 0.00000000000 0.00000000000 0.00000000000
# logsel_p3_fsh[3]:
 0.00000000000 0.00000000000
# logsel_p3_fsh[4]:
 0.00000000000 0.00000000000 0.00000000000 0.00000000000 0.00000000000 0.00000000000 0.00000000000 0.00000000000 0.00000000000 0.00000000000 0.00000000000 0.00000000000 0.00000000000 0.00000000000 0.00000000000 0.00000000000 0.00000000000 0.00000000000 0.00000000000 0.00000000000 0.00000000000 0.00000000000 0.00000000000 0.00000000000 0.00000000000 0.00000000000 0.00000000000 0.00000000000 0.00000000000 0.00000000000 0.00000000000 0.00000000000 0.00000000000 0.00000000000 0.00000000000 0.00000000000 0.00000000000
# rec_dev_future:
 0.00000000000 0.00000000000 0.00000000000 0.00000000000 0.00000000000 0.00000000000 0.00000000000 0.00000000000 0.00000000000 0.00000000000 0.00000000000 0.00000000000 0.00000000000 0.00000000000 0.00000000000 0.00000000000 0.00000000000 0.00000000000 0.00000000000 0.00000000000
 0.00000000000 0.00000000000 0.00000000000 0.00000000000 0.00000000000 0.00000000000 0.00000000000 0.00000000000 0.00000000000 0.00000000000 0.00000000000 0.00000000000 0.00000000000 0.00000000000 0.00000000000 0.00000000000 0.00000000000 0.00000000000 0.00000000000 0.00000000000
# log_q_ind[1]:
-1.77412831234
# log_q_ind[2]:
-9.45856208974
# log_q_ind[3]:
-4.54215097428
# log_q_ind[4]:
-1.32136876137
# log_q_power_ind[1]:
0.00000000000
# log_q_power_ind[2]:
0.00000000000
# log_q_power_ind[3]:
0.00000000000
# log_q_power_ind[4]:
0.00000000000
# log_rw_q_ind[2]:
 0.0347466584738
# log_rw_q_ind[4]:
 -0.416282370135
# log_selcoffs_ind[1]:
 0.00000000000 0.00000000000 0.00000000000 0.00000000000 0.00000000000 0.00000000000 0.00000000000 0.00000000000 0.00000000000 0.00000000000
 0.00000000000 0.00000000000 0.00000000000 0.00000000000 0.00000000000 0.00000000000 0.00000000000 0.00000000000 0.00000000000 0.00000000000
 0.00000000000 0.00000000000 0.00000000000 0.00000000000 0.00000000000 0.00000000000 0.00000000000 0.00000000000 0.00000000000 0.00000000000
# log_selcoffs_ind[2]:
 -0.202940821038 0.0202027052767 0.0202027052767 0.0202027052767 0.0202027052767 0.0202027052767 0.0202027052767 0.0202027052767 0.0202027052767 0.0202027052767
# log_selcoffs_ind[3]:
 -3.04452005677 -0.669616569639 0.101782682789 0.174353368097 0.174353368097 0.174353368097 0.174353368097 0.174353368097 0.174353368097 0.174353368097
# log_selcoffs_ind[4]:
 -3.04452005677 -0.669616569639 0.101782682789 0.174353368097 0.174353368097 0.174353368097 0.174353368097 0.174353368097 0.174353368097 0.174353368097
# logsel_slope_ind[1]:
 0.00000000000 0.00000000000 0.00000000000
# logsel_slope_ind[2]:
 0.00000000000
# logsel_slope_ind[3]:
 0.00000000000
# logsel_slope_ind[4]:
 0.00000000000
# sel50_ind[1]:
 0.00000000000 0.00000000000 0.00000000000
# sel50_ind[2]:
 0.00000000000
# sel50_ind[3]:
 0.00000000000
# sel50_ind[4]:
 0.00000000000
# logsel_p1_ind[1]:
 0.00000000000 0.00000000000 0.00000000000
# logsel_p1_ind[2]:
 0.00000000000
# logsel_p1_ind[3]:
 0.00000000000
# logsel_p1_ind[4]:
 0.00000000000
# sel_p2_ind[1]:
 0.00000000000 0.00000000000 0.00000000000
# sel_p2_ind[2]:
 0.00000000000
# sel_p2_ind[3]:
 0.00000000000
# sel_p2_ind[4]:
 0.00000000000
# logsel_p3_ind[1]:
 0.00000000000 0.00000000000 0.00000000000
# logsel_p3_ind[2]:
 0.00000000000
# logsel_p3_ind[3]:
 0.00000000000
# logsel_p3_ind[4]:
 0.00000000000
