# Number of parameters = 1601 Objective function value = 3145.01930846632  Maximum gradient component = 0.0946553914499257
# Mest[1]:
0.230000000000
# log_Linf[1]:
4.30945594184
# log_k[1]:
-1.83258146375
# log_Lo[1]:
2.89037175790
# log_sdage[1]:
-2.40794560865
# mean_log_rec[1]:
9.33653871709
# steepness[1]:
0.650000000000
# log_Rzero[1]:
8.82512376613
# rec_dev:
 -0.482201641008 -0.559127467741 -0.641549362445 -0.730719182425 -0.823158505579 -0.914942004467 -0.884864827975 -0.891769632624 -0.752282291026 -0.669855579481 -0.541710283065 -0.337553637671 -0.338813446526 -0.260437255723 -0.190177139535 0.0347354882512 0.399487349364 0.587530014026 0.561222871157 0.622621632334 0.659177809369 0.724879550650 0.930514240818 1.09078556411 0.898880154286 1.37878616966 1.54646081213 0.911864700437 0.748837295915 0.872130628459 0.746850276342 0.896178721756 0.633618254861 0.791846471858 0.491216421251 0.465110718099 0.673464473217 0.654439843842 0.883837588202 0.815305159423 1.00878193380 1.06047070702 0.622486250782 0.183931847893 -0.400703392013 -0.401927557893 -0.553573017694 -0.334542770097 -0.288234769609 -0.677505872195 -0.471299549620 -0.561412003160 -1.24327850227 -1.08262363343 -1.63715877193 -1.62249977873 -1.82086974054 -1.46963537120 -0.761436608343 0.814035417119 0.0532984988018 -1.92128229161
# log_sigmar[1]:
-0.510825623766
# fmort:
 0.0142052471942 0.0210272883302 0.00961995268660 0.0122522199455 0.0236683831637 0.0289550439625 0.0347378755041 0.0296580096940 0.0580088885938 0.0483948579118 0.0327035113791 0.0474258324111 0.0918389001718 0.0352894465703 0.0840712109238 0.0558559174827 0.00544171462734 0.0246735319519 0.0198446676614 0.0173452164941 0.0157027858547 0.0195872797194 0.0206687408746 0.0240484571379 0.0161148938088 0.0211057700107 0.0373519822001 0.0153147192856 0.00461002685216 0.00766597147573 0.0117830897596 0.0229191066818 0.00955540581907 0.0131394015370 0.0143588577876 0.0229686267230 0.0281577115023 0.0379673075660 0.0493152332656 0.0454001339854 0.0602901151242 0.0113577658846 0.00517077207204 0.00772531160502 0.0101790384029 0.0135651195523 0.0121244648387 0.0229515503045 0.00784419963881 0.0116882042596 0.00917981445451
 0.00178905021906 0.00277126002302 0.00427753768895 0.00713795230965 0.00514229591870 0.00922593651877 0.0117484525551 0.0169943906558 0.0272488198080 0.0338126111766 0.0305668361676 0.0605633766221 0.0841333476336 0.0688453844272 0.0971911850025 0.141204277634 0.162973278308 0.220967484559 0.298365626980 0.288822375561 0.274874957259 0.362507063085 0.523667189388 0.507178698359 0.660233439434 0.830932304601 0.777231936130 0.794125078963 0.497972358445 0.331261059116 0.266031569163 0.318768020072 0.321586538852 0.302181607905 0.289946895387 0.278960911720 0.284923287772 0.365719920474 0.355378892039 0.503111929311 0.312807784214 0.224842068978 0.146373733654 0.105248486585 0.0897474405482 0.0866740335765 0.111238384494 0.140299573735 0.202380793546 0.534635273599 0.509944352117
 0.000254166789291 0.000473491158776 0.00102706327536 0.00219013838776 0.00647859525185 0.00184635864266 0.00220207035090 0.0188510778614 0.0123073790558 0.00987762699411 0.0118572142924 0.0116252419161 0.00374710596555 0.00283901848028 0.00405382660018 0.00240828029543 0.000975785188993 0.000899994926574 0.00479658175834 0.00596009444999 0.00702508089264 0.00431956561123 0.00231489500417 0.00325142320200 0.00593485427329 0.0212821927696 0.0284479227594 0.0490128088972 0.0302955815967 0.0111513979201 0.0123821563983 0.0331269795827 0.00723631845994 0.0116454020162 0.0103790194897 0.00505928321990 0.0190303363552 0.0206298972055 0.0152639451072 0.0100413384486 0.00394914419032 0.0386500403989 0.0193254517409 0.00910669709047 0.00974074866174 0.00383809040543 0.00252972947230 0.00137685565679 0.00974516065390 0.0388459442609 0.0298484956250
 2.58126853225e-13 2.73669975570e-13 0.000709803487118 2.98372437868e-13 3.05588887528e-13 3.10584891139e-13 4.55134215899e-06 0.000309420073043 0.00648313370753 0.0407589340593 0.0365598751288 0.0468307351825 0.108880402322 0.135676351894 0.189040519623 0.156270840083 0.146681191846 0.141332021273 0.132154071099 0.104665052929 0.0852807851855 0.0540232157244 0.00467821882654 2.99482660893e-13 3.33622018900e-13 4.89053242347e-13 6.75293154728e-13 1.13797860024e-12 1.44162459748e-12 6.61677475089e-06 0.00119183441051 0.00844105790376 0.0254493874958 0.0475841719517 0.0799064192681 0.0638853042946 0.0967858603996 0.165951792023 0.281353674439 0.451820219624 0.598949164494 0.177633769569 0.0964439427406 0.0488125615217 0.0356768895879 0.0360118659152 0.0216472953321 0.0203588613850 0.0202423946390 0.0420360981849 0.0603360504694
# log_selcoffs_fsh[1]:
 -5.00334134713 -3.85579130518 -2.60087183387 -1.34872533149 -0.380773889798 0.439602029409 1.06852112430 0.952576604232 -0.105944813961
 -4.66048940741 -3.42176376850 -2.11004372985 -0.947524815695 -0.286863973155 0.364982293335 0.924770060499 0.874987876953 0.290962234756
 -4.30886946930 -3.04225966319 -1.82877944449 -0.824508724632 -0.126566158436 0.442965784780 0.804989119632 0.746422685251 0.441615172349
 -3.91435279296 -2.53436169860 -1.39816978239 -0.637290436969 -0.191216208480 0.292330560560 0.740624480126 0.762278953261 0.541779507828
 -3.70523541783 -2.23598191171 -0.827735479237 -0.0755879174627 0.105620853451 0.238353187251 0.464489993102 0.578231243494 0.559410016119
 -3.54904483913 -2.18334169139 -0.888247765982 0.0426762550315 0.438553273777 0.413624701345 0.345156120930 0.365208934010 0.397318757340
 -3.38236107047 -2.11087578982 -1.03451606355 -0.163166961537 0.535039155742 0.675150775146 0.400994370546 0.225511896939 0.200436748324
 -3.20272877506 -1.88845823090 -0.930684395551 -0.161574201429 0.529509732155 0.742192746537 0.414033422635 0.160510592328 0.0744606735487
 -3.06621407371 -1.71034187688 -0.521753533272 0.0739475605632 0.410484251977 0.590444019940 0.467499165174 0.170636708324 0.00794299638476
 -2.92083754928 -1.43911110709 -0.208603775232 0.189050256215 0.436783486986 0.537277599512 0.348483080909 0.0759629705042 -0.0680081952449
 -2.76714586128 -1.11577743555 0.399994945943 0.430646869527 0.308708057516 0.257758823132 0.104167242943 -0.0595346524504 -0.137254134963
 -2.59068749236 -0.865421750311 0.305567430613 0.446531878966 0.460877748471 0.272918980119 0.00696672353713 -0.150426910912 -0.201761979741
 -2.48170500490 -0.781607002845 0.366227166041 0.606825905108 0.427559604643 0.162788519414 -0.0889644394843 -0.231529979414 -0.270035608022
 -2.40047664130 -0.841800527552 0.391724275544 0.775228974326 0.393471189895 0.0556543998781 -0.178207060208 -0.300915606583 -0.340359740226
 -2.54615023618 -0.971913631729 0.511937955387 0.834976211365 0.364999340349 -0.00493043679362 -0.238968398286 -0.369863897607 -0.421419004858
 -2.52657993019 -0.975978065844 0.573827196959 0.741768895643 0.425330675163 0.0513937265131 -0.238660966905 -0.398595849623 -0.467170569097
 -2.34069553435 -0.770670929178 0.672023974943 0.688685251172 0.346208425673 0.0244448498937 -0.244697040842 -0.414313372409 -0.495009102077
 -1.99609801424 -0.480062224389 0.448659022685 0.734584460532 0.427659708837 0.0308287163030 -0.254595015697 -0.425254768953 -0.509563037510
 -1.84590638126 -0.434734883140 0.741496473005 0.699164351491 0.239257970042 -0.0897930339679 -0.330562241522 -0.487646400648 -0.568242121572
 -1.59482915393 -0.286914195039 0.722538528976 0.678446417097 0.271057319763 -0.112965758912 -0.378783961596 -0.537475655070 -0.611445653014
 -1.52381320979 -0.165914138263 0.813115707116 0.682583261115 0.192085711113 -0.200058501092 -0.468831101785 -0.619117422114 -0.680259540558
 -1.49744458190 -0.243238703549 0.621039006124 0.925832328599 0.300541045100 -0.290859810261 -0.591041772589 -0.719469954750 -0.758399224998
 -1.45706804234 -0.0190560549362 0.855100271356 0.769521831833 0.159945020090 -0.364484164391 -0.667752548478 -0.790473775657 -0.818432492028
 -1.56981882324 -0.265106313285 0.796953736025 0.995040354142 0.122336733262 -0.430591522315 -0.726469199003 -0.856130623976 -0.885489079555
 -1.61529725276 -0.294849851825 0.786099825002 0.970370958824 0.200780385473 -0.378544144776 -0.710016181519 -0.864069890800 -0.910088197663
 -1.44893846781 -0.000986441732411 0.572230053415 0.851068139211 0.356808308049 -0.179699150833 -0.622983727138 -0.828581852304 -0.880655595997
 -1.35005267184 -0.187458761370 0.466538472439 0.891324150248 0.403028489393 -0.0775686479008 -0.547550138808 -0.790115966476 -0.855623186533
 -1.05390255473 0.246617335699 0.420794866152 0.660234870757 0.353670669907 -0.0769426280264 -0.480571921090 -0.715127184957 -0.786296468227
 -0.681697342327 0.545937944758 0.614636731895 0.427246622683 0.0281100598200 -0.271353172181 -0.518437514979 -0.667035037151 -0.720588922617
 -0.581001857139 0.373990046345 0.555362201107 0.706118773552 -0.0174468057635 -0.429682172619 -0.594179473025 -0.654761897223 -0.666594968728
 -0.393698146749 0.843091387078 0.626591402889 0.137044942327 -0.271278544490 -0.495457649241 -0.614766855554 -0.637975886968 -0.610685623940
 -0.381765384655 0.961247583696 0.329139033424 0.0749905537939 -0.198037401292 -0.403706096757 -0.528136421934 -0.569882173915 -0.525485186849
 -0.635861310592 -0.0834087189848 0.229407086302 0.623730919703 0.307798814166 -0.0576760978139 -0.287064535920 -0.375345067530 -0.378457834745
 -1.06127266251 -0.635321812930 -0.135022361390 0.488915661361 0.420659453771 0.285885117113 0.0617568230070 -0.116527754426 -0.207809098158
 -1.07687704156 -0.889081931623 -0.740053841996 0.523837465729 0.518397319737 0.253958173463 0.121504656647 0.0430261646028 -0.0606904909811
 -0.233421180511 -1.15246495940 -2.59354579541 0.0986673748213 0.171137412187 0.187763570082 0.358268492142 0.468116731487 0.256836342546
# log_selcoffs_fsh[2]:
 -6.72049018238 -5.25861759455 -3.78207739921 -2.13241958779 -0.713870045641 0.226483098912 0.939663516072 1.16219563124 0.626851729672 -0.732790974690
 -6.61714391483 -5.16382837096 -3.66531458043 -2.23801748438 -1.06132294607 0.0142476752655 0.871224128272 1.20571985707 0.689143397578 -0.249327449478
 -6.48056937291 -5.07654088535 -3.67447229851 -2.32863018364 -1.19958054575 -0.121650431558 0.802778794706 1.15257691370 0.764410896197 0.128262075341
 -6.31206305685 -4.92351101929 -3.61196752964 -2.38488682055 -1.32244688406 -0.326287491910 0.649197689306 1.10054252649 0.868396314307 0.457960848647
 -6.15548468680 -4.69586413702 -3.37816264489 -2.33199176566 -1.46836438448 -0.565251529562 0.455726537877 1.02034110543 0.967142927523 0.730989790715
 -6.00627442432 -4.63327018875 -3.29231177607 -2.06535799610 -1.24736409706 -0.656453039257 0.126210366724 0.802221326200 1.04977108650 1.02815998151
 -5.88839504564 -4.59636673421 -3.35032353368 -2.19297898798 -1.18840508488 -0.437194976731 0.105220449030 0.606673205620 0.980416255363 1.18756625703
 -5.80061914071 -4.54652899650 -3.37048747864 -2.30733882332 -1.32842830686 -0.515163539136 0.148755401524 0.567663056220 0.932319882915 1.25995165312
 -5.72543240984 -4.45519859660 -3.26053086633 -2.27295751705 -1.46069595465 -0.695050729121 0.0511968165250 0.603319333720 0.928936824745 1.30835932432
 -5.63211418665 -4.32484372775 -3.09409525078 -2.05555567279 -1.27539948897 -0.691878933019 -0.172539338561 0.445887489325 0.931462894135 1.40812218442
 -5.57606273982 -4.18017905385 -2.82126678480 -1.67952172798 -0.944854925885 -0.467025840101 -0.0791079930400 0.312554898822 0.836665217882 1.41580826716
 -5.57377196317 -4.05843355734 -2.62187560735 -1.37220328468 -0.709406926476 -0.264899670348 0.0163905911297 0.350369706703 0.857361753387 1.28105679992
 -5.59916750567 -3.90984510688 -2.29497700163 -0.977530320203 -0.359866271537 0.0670478362467 0.230274098249 0.395805135604 0.733664563545 1.06640330163
 -5.63102067669 -3.72035376684 -1.90425958676 -0.678577353291 0.0356949331454 0.286748672403 0.342465640138 0.415426207039 0.605467776046 0.784790739314
 -5.61967729708 -3.47517562654 -1.46161771563 -0.155404873705 0.343584030916 0.388633324912 0.229291964718 0.261724703004 0.460734092940 0.615411333373
 -5.57450275762 -3.26308672557 -1.09448468572 0.0800177150053 0.343857160296 0.318424923608 0.200586918355 0.210873531656 0.397187314215 0.593365525210
 -5.54598209887 -3.22699371128 -1.01404851740 0.0369512626795 0.340718889237 0.315451673779 0.188962673274 0.195082762051 0.390347070970 0.630363512959
 -5.50453032880 -3.43722354742 -1.47526928769 -0.145076726825 0.331106698454 0.363297979107 0.217825103476 0.212877754211 0.433633805217 0.701152667266
 -5.45580124327 -3.59476949141 -1.81275807049 -0.442383106418 0.348932153954 0.419533231335 0.231855129552 0.213326073645 0.458909617840 0.762056215611
 -5.36162677699 -3.63871013709 -1.96672497129 -0.634836649038 0.107231299416 0.319914075613 0.198844416037 0.229168490593 0.556065195613 0.950707426675
 -5.28711505138 -3.70238034312 -2.17942600126 -0.874526133835 -0.0519327583279 0.278808268686 0.209242358054 0.206187109808 0.577152296084 1.07380020765
 -5.25747309417 -3.77468485778 -2.34907286235 -1.14616190161 -0.229679220506 0.289634678548 0.299438753032 0.258793808763 0.589104277315 1.09224747071
 -5.25141479354 -3.85189962563 -2.53877741120 -1.37974728588 -0.464108941357 0.293701441447 0.375550634076 0.365723003866 0.631093520346 1.06326952952
 -5.30065193532 -3.93538687432 -2.62956399447 -1.48273676716 -0.654943691751 0.0621530964223 0.512382528900 0.526798344687 0.719982577651 0.984169497104
 -5.31836739304 -3.98375295642 -2.61725974546 -1.32842194735 -0.602164750965 -0.180818526947 0.304898251847 0.677416099868 0.792379103596 1.00153539064
 -5.31208504053 -4.00496646430 -2.73342929659 -1.44445771213 -0.522823929968 0.0616613720805 0.257351919496 0.532260635213 0.829333990423 1.00483548418
 -5.36981880084 -4.07785840427 -2.73489207685 -1.38516918813 -0.296716015454 0.429475271941 0.446594409121 0.422376279748 0.632839374400 0.880456489745
 -5.34953642626 -4.06584492510 -2.65824539233 -1.16357078240 -0.279304411890 0.400575393055 0.503645387110 0.392745812530 0.636513707853 0.841999612461
 -5.22705475462 -3.95510008975 -2.65238233070 -1.36008037935 -0.651769456615 0.229338054816 0.473819598695 0.492578634058 0.773179991395 0.900229357302
 -5.12961977684 -3.75876494493 -2.41327870904 -1.09986719544 -0.0772213776369 0.326829775003 0.477716966521 0.471330997192 0.609841359097 0.779979798381
 -4.95138106739 -3.43057081110 -1.89980375868 -0.499300432471 0.280465162228 0.495036396591 0.188980907557 0.109543537811 0.423680321299 0.870599211864
 -4.80343124668 -3.10603082786 -1.43102593788 -0.0413669830922 0.583917116937 0.439836853230 0.122831337031 -0.191699667064 0.139114157226 0.831810224930
 -4.72239758547 -2.86386732931 -0.930114954346 0.501212603973 0.614739481282 0.362453001493 0.0932805430028 -0.139204459107 -0.0917071267759 0.543841575972
 -4.65406732600 -2.79805536400 -1.02369404296 0.461255921307 0.776443023853 0.565948727687 0.261178230333 -0.0718017722905 -0.180510719691 -0.0147522817014
 -4.47237996192 -2.59868325740 -1.14821076728 0.225676804806 0.650683424115 0.571721360169 0.356866044164 0.182144592561 0.0321860215114 -0.00568753508387
 -4.16217522604 -1.91621767790 -1.73538524726 -0.714468724187 -0.140472201783 0.249491853769 0.371091046234 0.381380100083 0.680316842860 0.756608412000
 -3.92426890011 -5.06205894261 -3.91653984925 -1.21805454997 -0.479341842767 0.00537895997301 0.454908031872 0.656240488983 0.535989455354 1.03706046084
# log_selcoffs_fsh[3]:
 -1.01385098037 -0.179014646425 1.11524755258 0.401453281772 -0.571630757296 -1.04495974390 -1.07745809276
 -1.24844804862 -0.199501463322 1.14056728706 0.407674266051 -0.570327172856 -1.03953748745 -1.06975492749
 -0.674501923265 -0.242021356491 1.03580293606 0.409544956901 -0.503025659977 -0.938577779712 -0.951480881256
 -1.56923492650 -0.365820994764 1.16940836018 0.374392476661 -0.517977547293 -0.894088854410 -0.869240912894
 -1.95112936555 -0.289089900333 1.09016652243 0.391866312765 -0.412412230342 -0.739861502731 -0.663198142628
 -1.99308903607 -0.579834250470 0.840639966690 0.629015928945 -0.191162874732 -0.529074852341 -0.363881606862
 -1.67592722336 -0.506503518571 0.614781497345 0.714592377731 -0.121958499205 -0.452740823660 -0.227412119153
 -1.29262594838 0.472255035684 0.656302635644 0.128381346670 -0.377132385814 -0.534676992967 -0.241406044554
 -1.36390085046 0.609318843687 0.768301889216 0.0231876801616 -0.531258759903 -0.673538208553 -0.465479435045
 -1.59566234291 0.320757488748 0.942062220796 0.322770924283 -0.540340548745 -0.862604356555 -0.758799662128
 -1.89950941818 -0.383165369733 0.881673020860 0.788590832248 -0.273859383725 -0.881708754613 -0.970446374300
 -1.91247129855 -0.381732148839 0.801350235989 0.827651404826 -0.159033369437 -0.827701759660 -1.01307749589
 -1.80971448223 -0.193953630309 0.963819276183 0.621616799964 -0.318246455401 -0.864720189111 -0.966574422546
 -1.59285803333 0.471027335841 0.921354943210 0.205317625924 -0.537218466267 -0.861449115975 -0.804102868193
 -1.64474617438 0.0729540366703 1.05706191830 0.231637249443 -0.598208162723 -0.790898036487 -0.528550696723
 -1.60652778572 0.0950397952042 1.06979263939 0.0147083710812 -0.765969486329 -0.750359783836 -0.182670322590
 -1.34433914454 0.372184099439 0.788988802822 -0.165614276286 -0.804835035987 -0.561964432066 0.200976207033
 -1.30550099049 0.397461549894 0.726013714212 -0.286565778901 -0.765503928711 -0.454754541139 0.280320987337
 -0.911270736669 0.829565634216 0.334020512672 -0.452613444117 -0.764645676278 -0.438693519336 0.150788884221
 -0.779046994101 0.983844705716 0.313838302712 -0.562094528927 -0.873301132490 -0.567836688569 -0.0582293529591
 -0.543730357388 1.02299038047 0.418548359440 -0.605755939846 -1.01718474062 -0.758951446202 -0.297412959381
 -0.567811645294 1.01096090830 0.501647374861 -0.669560333625 -1.15050604494 -0.841512132322 -0.256070869386
 -0.306428007406 0.608979955331 0.680567871530 -0.726851986910 -1.24983658397 -0.780640151840 0.200719410782
 -0.147517661092 0.927367563850 0.432824381378 -0.858343216020 -1.44576729779 -0.996014297897 0.0381852722813
 -0.211228757086 0.591164720271 0.896784800541 -0.532188445250 -1.44680095289 -1.19185738947 -0.215279759281
 0.108928940065 0.808055988196 0.482586705517 -0.254892141455 -1.15978465551 -1.17454066299 -0.472246322741
 -0.714332262230 0.955598914134 0.733326018425 -0.359386411110 -1.13950678941 -1.15674638721 -0.701843492109
 -1.22181461102 0.421390817082 1.11544100590 -0.114841540304 -1.01015386770 -1.05894077170 -0.639002586542
 -1.21091477252 0.0539282848256 1.09456828600 0.0869094008519 -0.832749230566 -0.880606174301 -0.330460913783
 -0.918011415620 0.272076309588 0.381861403342 0.395477575104 -0.508871581101 -0.564960448534 0.155585631800
 -0.861122123408 1.04287985944 0.197293136802 -0.554180393121 -0.926620123758 -0.676446174414 0.0420837531318
 -1.25204104034 0.725443885956 0.958557802474 -0.277683524725 -0.960003361549 -0.962328719524 -0.657647675708
 -1.58301595363 0.0151695827237 1.29365466161 0.0550580110603 -0.908357009462 -1.15873611640 -1.02275776529
 -1.53527833480 0.0868424506045 1.01040155289 0.593467395050 -0.706419707198 -1.18320590024 -1.08702408856
 -1.49920535200 0.197115162499 1.23930146214 0.0680516658818 -0.928989225125 -1.21811591934 -1.06581355308
 -1.34551857469 1.03882700291 0.669100601544 -0.263872574938 -0.886506166452 -1.00590934019 -0.878662063840
 -1.55715921544 0.790081256127 0.797150873268 -0.287225983335 -0.744827153612 -0.693131672483 -0.444234139293
 -1.80692124114 0.531060550385 0.227605915240 -0.298923375964 -0.310002072474 -0.0234820761289 0.356038541067
 -3.43641108767 -1.12685203262 -1.26535921569 -0.487231992508 0.195803022518 0.620006021712 0.982856936028
 -2.94164379265 -3.93832197611 -0.390342497490 -0.387565560266 -0.230639301412 0.328850927256 1.22047928111
# log_selcoffs_fsh[4]:
 -6.31354090614 -5.13237119186 -3.92419277428 -2.65317636351 -1.33053688642 -0.0795888277433 0.859891930304 1.16136577819 0.768751326619
 -6.29210756839 -5.10543132712 -3.88628650018 -2.56647997452 -1.19856270332 0.00859090380020 0.859541552108 1.10336960204 0.792141387224
 -6.24865822688 -5.06081410031 -3.85013648803 -2.56945009320 -1.22876962905 -0.0212537949105 0.831052934476 1.10445644539 0.836784496083
 -6.17261309345 -4.97541608283 -3.77812030601 -2.55399698993 -1.28366174748 -0.108633580523 0.768724185122 1.10924378938 0.927118093158
 -6.08863250791 -4.86636279738 -3.65998008881 -2.47731290610 -1.26731424564 -0.130160971383 0.706959978945 1.07884216797 1.01221825089
 -6.01053339536 -4.80064276558 -3.58564999757 -2.38260603960 -1.26384558258 -0.219068129318 0.641153043511 1.08480703456 1.07361047606
 -5.92190330734 -4.72096731600 -3.51151052181 -2.29017966180 -1.17912353292 -0.201104230417 0.602827647712 1.04476610812 1.11904409121
 -5.82094652691 -4.60323849919 -3.42412332620 -2.24007250407 -1.13095190254 -0.203735966859 0.566530447784 1.03447789216 1.14224768184
 -5.72708773903 -4.45536206738 -3.29159295004 -2.22399385202 -1.18258633839 -0.212314580291 0.578939116252 1.02169961931 1.15136427600
 -5.63862311919 -4.36449067057 -3.13758192670 -2.01989802783 -1.07387077556 -0.211722487211 0.516735712874 0.992953736650 1.18816362215
 -5.57345668369 -4.29211860202 -3.06168524605 -1.92217446486 -0.909552877701 -0.103600254351 0.510282492690 0.931355222391 1.18827977068
 -5.53327995621 -4.21293764910 -2.97173575338 -1.86236230394 -0.855764787209 -0.00912385740317 0.546290669820 0.901487091949 1.15333707841
 -5.49763345034 -4.09947943844 -2.79350915564 -1.72475531179 -0.854678498120 -0.0537495456521 0.568742648522 0.912019870849 1.13507900644
 -5.44163314851 -3.94212053375 -2.47420257793 -1.38464225619 -0.680307573739 -0.105436177279 0.426992221357 0.880408275524 1.19109999842
 -5.36848570981 -3.81278308836 -2.26435744684 -1.08628769282 -0.461190267102 -0.0849874712313 0.308061793222 0.806610854390 1.21839171528
 -5.27762689077 -3.69966878418 -2.08160675662 -0.863938994042 -0.400161109235 -0.123283493240 0.242261859052 0.753374874171 1.24456547367
 -5.21049441741 -3.69902671346 -2.13778508251 -0.905439331641 -0.398482055953 -0.0672162197132 0.262134606016 0.724880909910 1.24616855272
 -5.13049174902 -3.81008625830 -2.55026556089 -1.50739840606 -0.690205894341 0.0263586967873 0.434114345339 0.761838800330 1.24080741978
 -4.97598819876 -3.84712582870 -2.78304288632 -1.86995951748 -1.05963693423 -0.288789982257 0.293279866308 0.843932419536 1.38472173826
 -4.74905869797 -3.77966685646 -2.87823354475 -2.06925176658 -1.37284187381 -0.676262305028 -0.0517527920203 0.650001125673 1.64074063020
 -4.65525369245 -3.75175395845 -2.92437460554 -2.24933029206 -1.59106431883 -0.913172114366 -0.157225510259 0.721145223162 1.66611821660
 -4.51426337946 -3.63114129787 -2.69015219952 -2.19519216515 -1.72940530707 -1.02612286625 -0.234536407051 0.655879613479 1.71015106748
 -4.26949660864 -3.52846828599 -2.82372328857 -2.24213744469 -1.80494239760 -1.15415560036 -0.372400889863 0.626193948193 1.74949238166
 -3.96066354948 -3.21275447357 -2.58225264665 -2.05119069892 -1.64730443988 -1.24392323214 -0.565293110150 0.515199531297 1.79401247805
 -3.74201284131 -2.87033345035 -2.01514837786 -1.32588253431 -0.940096926160 -0.582075233733 -0.185408155439 0.598351464267 1.59362032597
 -3.65609142643 -2.50454861542 -1.32148914274 -0.712672444059 -0.506439199101 -0.258485856906 0.0797641446664 0.584163854656 1.35686671497
 -3.55183855481 -2.30390978404 -1.13679541995 -0.463998378605 -0.266269707264 -0.0347821358655 0.279927338228 0.671966851895 1.06770063011
 -3.35390623652 -2.04723157561 -0.964028813718 -0.411364391068 -0.279840962049 0.0533943627114 0.373648314658 0.662608789452 0.950978029364
 -3.17779301838 -1.80650113807 -0.943289510576 -0.430177739059 -0.168476082954 0.164920099532 0.413965809049 0.659421966582 0.825764643817
 -3.96000771292 -2.21944592056 -1.25599021654 -0.581656365053 -0.253450254896 0.386981824674 0.426221684899 0.743158109881 0.763525869259
 -2.90656664690 -4.11734819615 -3.23954627426 -1.86424995155 -1.24998218040 -0.488655575087 -0.122469357395 1.27704253822 1.21317329595
# log_sel_spl_fsh[1]:
 0.00000000000 0.00000000000 0.00000000000 0.00000000000
 0.00000000000 0.00000000000 0.00000000000 0.00000000000
 0.00000000000 0.00000000000 0.00000000000 0.00000000000
 0.00000000000 0.00000000000 0.00000000000 0.00000000000
 0.00000000000 0.00000000000 0.00000000000 0.00000000000
 0.00000000000 0.00000000000 0.00000000000 0.00000000000
 0.00000000000 0.00000000000 0.00000000000 0.00000000000
 0.00000000000 0.00000000000 0.00000000000 0.00000000000
 0.00000000000 0.00000000000 0.00000000000 0.00000000000
 0.00000000000 0.00000000000 0.00000000000 0.00000000000
 0.00000000000 0.00000000000 0.00000000000 0.00000000000
 0.00000000000 0.00000000000 0.00000000000 0.00000000000
 0.00000000000 0.00000000000 0.00000000000 0.00000000000
 0.00000000000 0.00000000000 0.00000000000 0.00000000000
 0.00000000000 0.00000000000 0.00000000000 0.00000000000
 0.00000000000 0.00000000000 0.00000000000 0.00000000000
 0.00000000000 0.00000000000 0.00000000000 0.00000000000
 0.00000000000 0.00000000000 0.00000000000 0.00000000000
 0.00000000000 0.00000000000 0.00000000000 0.00000000000
 0.00000000000 0.00000000000 0.00000000000 0.00000000000
 0.00000000000 0.00000000000 0.00000000000 0.00000000000
 0.00000000000 0.00000000000 0.00000000000 0.00000000000
 0.00000000000 0.00000000000 0.00000000000 0.00000000000
 0.00000000000 0.00000000000 0.00000000000 0.00000000000
 0.00000000000 0.00000000000 0.00000000000 0.00000000000
 0.00000000000 0.00000000000 0.00000000000 0.00000000000
 0.00000000000 0.00000000000 0.00000000000 0.00000000000
 0.00000000000 0.00000000000 0.00000000000 0.00000000000
 0.00000000000 0.00000000000 0.00000000000 0.00000000000
 0.00000000000 0.00000000000 0.00000000000 0.00000000000
 0.00000000000 0.00000000000 0.00000000000 0.00000000000
 0.00000000000 0.00000000000 0.00000000000 0.00000000000
 0.00000000000 0.00000000000 0.00000000000 0.00000000000
 0.00000000000 0.00000000000 0.00000000000 0.00000000000
 0.00000000000 0.00000000000 0.00000000000 0.00000000000
 0.00000000000 0.00000000000 0.00000000000 0.00000000000
# log_sel_spl_fsh[2]:
 0.00000000000 0.00000000000 0.00000000000 0.00000000000
 0.00000000000 0.00000000000 0.00000000000 0.00000000000
 0.00000000000 0.00000000000 0.00000000000 0.00000000000
 0.00000000000 0.00000000000 0.00000000000 0.00000000000
 0.00000000000 0.00000000000 0.00000000000 0.00000000000
 0.00000000000 0.00000000000 0.00000000000 0.00000000000
 0.00000000000 0.00000000000 0.00000000000 0.00000000000
 0.00000000000 0.00000000000 0.00000000000 0.00000000000
 0.00000000000 0.00000000000 0.00000000000 0.00000000000
 0.00000000000 0.00000000000 0.00000000000 0.00000000000
 0.00000000000 0.00000000000 0.00000000000 0.00000000000
 0.00000000000 0.00000000000 0.00000000000 0.00000000000
 0.00000000000 0.00000000000 0.00000000000 0.00000000000
 0.00000000000 0.00000000000 0.00000000000 0.00000000000
 0.00000000000 0.00000000000 0.00000000000 0.00000000000
 0.00000000000 0.00000000000 0.00000000000 0.00000000000
 0.00000000000 0.00000000000 0.00000000000 0.00000000000
 0.00000000000 0.00000000000 0.00000000000 0.00000000000
 0.00000000000 0.00000000000 0.00000000000 0.00000000000
 0.00000000000 0.00000000000 0.00000000000 0.00000000000
 0.00000000000 0.00000000000 0.00000000000 0.00000000000
 0.00000000000 0.00000000000 0.00000000000 0.00000000000
 0.00000000000 0.00000000000 0.00000000000 0.00000000000
 0.00000000000 0.00000000000 0.00000000000 0.00000000000
 0.00000000000 0.00000000000 0.00000000000 0.00000000000
 0.00000000000 0.00000000000 0.00000000000 0.00000000000
 0.00000000000 0.00000000000 0.00000000000 0.00000000000
 0.00000000000 0.00000000000 0.00000000000 0.00000000000
 0.00000000000 0.00000000000 0.00000000000 0.00000000000
 0.00000000000 0.00000000000 0.00000000000 0.00000000000
 0.00000000000 0.00000000000 0.00000000000 0.00000000000
 0.00000000000 0.00000000000 0.00000000000 0.00000000000
 0.00000000000 0.00000000000 0.00000000000 0.00000000000
 0.00000000000 0.00000000000 0.00000000000 0.00000000000
 0.00000000000 0.00000000000 0.00000000000 0.00000000000
 0.00000000000 0.00000000000 0.00000000000 0.00000000000
 0.00000000000 0.00000000000 0.00000000000 0.00000000000
# log_sel_spl_fsh[3]:
 0.00000000000 0.00000000000 0.00000000000 0.00000000000
 0.00000000000 0.00000000000 0.00000000000 0.00000000000
 0.00000000000 0.00000000000 0.00000000000 0.00000000000
 0.00000000000 0.00000000000 0.00000000000 0.00000000000
 0.00000000000 0.00000000000 0.00000000000 0.00000000000
 0.00000000000 0.00000000000 0.00000000000 0.00000000000
 0.00000000000 0.00000000000 0.00000000000 0.00000000000
 0.00000000000 0.00000000000 0.00000000000 0.00000000000
 0.00000000000 0.00000000000 0.00000000000 0.00000000000
 0.00000000000 0.00000000000 0.00000000000 0.00000000000
 0.00000000000 0.00000000000 0.00000000000 0.00000000000
 0.00000000000 0.00000000000 0.00000000000 0.00000000000
 0.00000000000 0.00000000000 0.00000000000 0.00000000000
 0.00000000000 0.00000000000 0.00000000000 0.00000000000
 0.00000000000 0.00000000000 0.00000000000 0.00000000000
 0.00000000000 0.00000000000 0.00000000000 0.00000000000
 0.00000000000 0.00000000000 0.00000000000 0.00000000000
 0.00000000000 0.00000000000 0.00000000000 0.00000000000
 0.00000000000 0.00000000000 0.00000000000 0.00000000000
 0.00000000000 0.00000000000 0.00000000000 0.00000000000
 0.00000000000 0.00000000000 0.00000000000 0.00000000000
 0.00000000000 0.00000000000 0.00000000000 0.00000000000
 0.00000000000 0.00000000000 0.00000000000 0.00000000000
 0.00000000000 0.00000000000 0.00000000000 0.00000000000
 0.00000000000 0.00000000000 0.00000000000 0.00000000000
 0.00000000000 0.00000000000 0.00000000000 0.00000000000
 0.00000000000 0.00000000000 0.00000000000 0.00000000000
 0.00000000000 0.00000000000 0.00000000000 0.00000000000
 0.00000000000 0.00000000000 0.00000000000 0.00000000000
 0.00000000000 0.00000000000 0.00000000000 0.00000000000
 0.00000000000 0.00000000000 0.00000000000 0.00000000000
 0.00000000000 0.00000000000 0.00000000000 0.00000000000
 0.00000000000 0.00000000000 0.00000000000 0.00000000000
 0.00000000000 0.00000000000 0.00000000000 0.00000000000
 0.00000000000 0.00000000000 0.00000000000 0.00000000000
 0.00000000000 0.00000000000 0.00000000000 0.00000000000
 0.00000000000 0.00000000000 0.00000000000 0.00000000000
 0.00000000000 0.00000000000 0.00000000000 0.00000000000
 0.00000000000 0.00000000000 0.00000000000 0.00000000000
 0.00000000000 0.00000000000 0.00000000000 0.00000000000
# log_sel_spl_fsh[4]:
 0.00000000000 0.00000000000 0.00000000000 0.00000000000
 0.00000000000 0.00000000000 0.00000000000 0.00000000000
 0.00000000000 0.00000000000 0.00000000000 0.00000000000
 0.00000000000 0.00000000000 0.00000000000 0.00000000000
 0.00000000000 0.00000000000 0.00000000000 0.00000000000
 0.00000000000 0.00000000000 0.00000000000 0.00000000000
 0.00000000000 0.00000000000 0.00000000000 0.00000000000
 0.00000000000 0.00000000000 0.00000000000 0.00000000000
 0.00000000000 0.00000000000 0.00000000000 0.00000000000
 0.00000000000 0.00000000000 0.00000000000 0.00000000000
 0.00000000000 0.00000000000 0.00000000000 0.00000000000
 0.00000000000 0.00000000000 0.00000000000 0.00000000000
 0.00000000000 0.00000000000 0.00000000000 0.00000000000
 0.00000000000 0.00000000000 0.00000000000 0.00000000000
 0.00000000000 0.00000000000 0.00000000000 0.00000000000
 0.00000000000 0.00000000000 0.00000000000 0.00000000000
 0.00000000000 0.00000000000 0.00000000000 0.00000000000
 0.00000000000 0.00000000000 0.00000000000 0.00000000000
 0.00000000000 0.00000000000 0.00000000000 0.00000000000
 0.00000000000 0.00000000000 0.00000000000 0.00000000000
 0.00000000000 0.00000000000 0.00000000000 0.00000000000
 0.00000000000 0.00000000000 0.00000000000 0.00000000000
 0.00000000000 0.00000000000 0.00000000000 0.00000000000
 0.00000000000 0.00000000000 0.00000000000 0.00000000000
 0.00000000000 0.00000000000 0.00000000000 0.00000000000
 0.00000000000 0.00000000000 0.00000000000 0.00000000000
 0.00000000000 0.00000000000 0.00000000000 0.00000000000
 0.00000000000 0.00000000000 0.00000000000 0.00000000000
 0.00000000000 0.00000000000 0.00000000000 0.00000000000
 0.00000000000 0.00000000000 0.00000000000 0.00000000000
 0.00000000000 0.00000000000 0.00000000000 0.00000000000
# logsel_slope_fsh[1]:
 0.00000000000 0.00000000000 0.00000000000 0.00000000000 0.00000000000 0.00000000000 0.00000000000 0.00000000000 0.00000000000 0.00000000000 0.00000000000 0.00000000000 0.00000000000 0.00000000000 0.00000000000 0.00000000000 0.00000000000 0.00000000000 0.00000000000 0.00000000000 0.00000000000 0.00000000000 0.00000000000 0.00000000000 0.00000000000 0.00000000000 0.00000000000 0.00000000000 0.00000000000 0.00000000000 0.00000000000 0.00000000000 0.00000000000 0.00000000000 0.00000000000 0.00000000000
# logsel_slope_fsh[2]:
 0.00000000000 0.00000000000 0.00000000000 0.00000000000 0.00000000000 0.00000000000 0.00000000000 0.00000000000 0.00000000000 0.00000000000 0.00000000000 0.00000000000 0.00000000000 0.00000000000 0.00000000000 0.00000000000 0.00000000000 0.00000000000 0.00000000000 0.00000000000 0.00000000000 0.00000000000 0.00000000000 0.00000000000 0.00000000000 0.00000000000 0.00000000000 0.00000000000 0.00000000000 0.00000000000 0.00000000000 0.00000000000 0.00000000000 0.00000000000 0.00000000000 0.00000000000 0.00000000000
# logsel_slope_fsh[3]:
 0.00000000000 0.00000000000 0.00000000000 0.00000000000 0.00000000000 0.00000000000 0.00000000000 0.00000000000 0.00000000000 0.00000000000 0.00000000000 0.00000000000 0.00000000000 0.00000000000 0.00000000000 0.00000000000 0.00000000000 0.00000000000 0.00000000000 0.00000000000 0.00000000000 0.00000000000 0.00000000000 0.00000000000 0.00000000000 0.00000000000 0.00000000000 0.00000000000 0.00000000000 0.00000000000 0.00000000000 0.00000000000 0.00000000000 0.00000000000 0.00000000000 0.00000000000 0.00000000000 0.00000000000 0.00000000000 0.00000000000
# logsel_slope_fsh[4]:
 0.00000000000 0.00000000000 0.00000000000 0.00000000000 0.00000000000 0.00000000000 0.00000000000 0.00000000000 0.00000000000 0.00000000000 0.00000000000 0.00000000000 0.00000000000 0.00000000000 0.00000000000 0.00000000000 0.00000000000 0.00000000000 0.00000000000 0.00000000000 0.00000000000 0.00000000000 0.00000000000 0.00000000000 0.00000000000 0.00000000000 0.00000000000 0.00000000000 0.00000000000 0.00000000000 0.00000000000
# sel50_fsh[1]:
 0.00000000000 0.00000000000 0.00000000000 0.00000000000 0.00000000000 0.00000000000 0.00000000000 0.00000000000 0.00000000000 0.00000000000 0.00000000000 0.00000000000 0.00000000000 0.00000000000 0.00000000000 0.00000000000 0.00000000000 0.00000000000 0.00000000000 0.00000000000 0.00000000000 0.00000000000 0.00000000000 0.00000000000 0.00000000000 0.00000000000 0.00000000000 0.00000000000 0.00000000000 0.00000000000 0.00000000000 0.00000000000 0.00000000000 0.00000000000 0.00000000000 0.00000000000
# sel50_fsh[2]:
 0.00000000000 0.00000000000 0.00000000000 0.00000000000 0.00000000000 0.00000000000 0.00000000000 0.00000000000 0.00000000000 0.00000000000 0.00000000000 0.00000000000 0.00000000000 0.00000000000 0.00000000000 0.00000000000 0.00000000000 0.00000000000 0.00000000000 0.00000000000 0.00000000000 0.00000000000 0.00000000000 0.00000000000 0.00000000000 0.00000000000 0.00000000000 0.00000000000 0.00000000000 0.00000000000 0.00000000000 0.00000000000 0.00000000000 0.00000000000 0.00000000000 0.00000000000 0.00000000000
# sel50_fsh[3]:
 0.00000000000 0.00000000000 0.00000000000 0.00000000000 0.00000000000 0.00000000000 0.00000000000 0.00000000000 0.00000000000 0.00000000000 0.00000000000 0.00000000000 0.00000000000 0.00000000000 0.00000000000 0.00000000000 0.00000000000 0.00000000000 0.00000000000 0.00000000000 0.00000000000 0.00000000000 0.00000000000 0.00000000000 0.00000000000 0.00000000000 0.00000000000 0.00000000000 0.00000000000 0.00000000000 0.00000000000 0.00000000000 0.00000000000 0.00000000000 0.00000000000 0.00000000000 0.00000000000 0.00000000000 0.00000000000 0.00000000000
# sel50_fsh[4]:
 0.00000000000 0.00000000000 0.00000000000 0.00000000000 0.00000000000 0.00000000000 0.00000000000 0.00000000000 0.00000000000 0.00000000000 0.00000000000 0.00000000000 0.00000000000 0.00000000000 0.00000000000 0.00000000000 0.00000000000 0.00000000000 0.00000000000 0.00000000000 0.00000000000 0.00000000000 0.00000000000 0.00000000000 0.00000000000 0.00000000000 0.00000000000 0.00000000000 0.00000000000 0.00000000000 0.00000000000
# logsel_p1_fsh[1]:
 0.00000000000 0.00000000000 0.00000000000 0.00000000000 0.00000000000 0.00000000000 0.00000000000 0.00000000000 0.00000000000 0.00000000000 0.00000000000 0.00000000000 0.00000000000 0.00000000000 0.00000000000 0.00000000000 0.00000000000 0.00000000000 0.00000000000 0.00000000000 0.00000000000 0.00000000000 0.00000000000 0.00000000000 0.00000000000 0.00000000000 0.00000000000 0.00000000000 0.00000000000 0.00000000000 0.00000000000 0.00000000000 0.00000000000 0.00000000000 0.00000000000 0.00000000000
# logsel_p1_fsh[2]:
 0.00000000000 0.00000000000 0.00000000000 0.00000000000 0.00000000000 0.00000000000 0.00000000000 0.00000000000 0.00000000000 0.00000000000 0.00000000000 0.00000000000 0.00000000000 0.00000000000 0.00000000000 0.00000000000 0.00000000000 0.00000000000 0.00000000000 0.00000000000 0.00000000000 0.00000000000 0.00000000000 0.00000000000 0.00000000000 0.00000000000 0.00000000000 0.00000000000 0.00000000000 0.00000000000 0.00000000000 0.00000000000 0.00000000000 0.00000000000 0.00000000000 0.00000000000 0.00000000000
# logsel_p1_fsh[3]:
 0.00000000000 0.00000000000 0.00000000000 0.00000000000 0.00000000000 0.00000000000 0.00000000000 0.00000000000 0.00000000000 0.00000000000 0.00000000000 0.00000000000 0.00000000000 0.00000000000 0.00000000000 0.00000000000 0.00000000000 0.00000000000 0.00000000000 0.00000000000 0.00000000000 0.00000000000 0.00000000000 0.00000000000 0.00000000000 0.00000000000 0.00000000000 0.00000000000 0.00000000000 0.00000000000 0.00000000000 0.00000000000 0.00000000000 0.00000000000 0.00000000000 0.00000000000 0.00000000000 0.00000000000 0.00000000000 0.00000000000
# logsel_p1_fsh[4]:
 0.00000000000 0.00000000000 0.00000000000 0.00000000000 0.00000000000 0.00000000000 0.00000000000 0.00000000000 0.00000000000 0.00000000000 0.00000000000 0.00000000000 0.00000000000 0.00000000000 0.00000000000 0.00000000000 0.00000000000 0.00000000000 0.00000000000 0.00000000000 0.00000000000 0.00000000000 0.00000000000 0.00000000000 0.00000000000 0.00000000000 0.00000000000 0.00000000000 0.00000000000 0.00000000000 0.00000000000
# sel_p2_fsh[1]:
 0.00000000000 0.00000000000 0.00000000000 0.00000000000 0.00000000000 0.00000000000 0.00000000000 0.00000000000 0.00000000000 0.00000000000 0.00000000000 0.00000000000 0.00000000000 0.00000000000 0.00000000000 0.00000000000 0.00000000000 0.00000000000 0.00000000000 0.00000000000 0.00000000000 0.00000000000 0.00000000000 0.00000000000 0.00000000000 0.00000000000 0.00000000000 0.00000000000 0.00000000000 0.00000000000 0.00000000000 0.00000000000 0.00000000000 0.00000000000 0.00000000000 0.00000000000
# sel_p2_fsh[2]:
 0.00000000000 0.00000000000 0.00000000000 0.00000000000 0.00000000000 0.00000000000 0.00000000000 0.00000000000 0.00000000000 0.00000000000 0.00000000000 0.00000000000 0.00000000000 0.00000000000 0.00000000000 0.00000000000 0.00000000000 0.00000000000 0.00000000000 0.00000000000 0.00000000000 0.00000000000 0.00000000000 0.00000000000 0.00000000000 0.00000000000 0.00000000000 0.00000000000 0.00000000000 0.00000000000 0.00000000000 0.00000000000 0.00000000000 0.00000000000 0.00000000000 0.00000000000 0.00000000000
# sel_p2_fsh[3]:
 0.00000000000 0.00000000000 0.00000000000 0.00000000000 0.00000000000 0.00000000000 0.00000000000 0.00000000000 0.00000000000 0.00000000000 0.00000000000 0.00000000000 0.00000000000 0.00000000000 0.00000000000 0.00000000000 0.00000000000 0.00000000000 0.00000000000 0.00000000000 0.00000000000 0.00000000000 0.00000000000 0.00000000000 0.00000000000 0.00000000000 0.00000000000 0.00000000000 0.00000000000 0.00000000000 0.00000000000 0.00000000000 0.00000000000 0.00000000000 0.00000000000 0.00000000000 0.00000000000 0.00000000000 0.00000000000 0.00000000000
# sel_p2_fsh[4]:
 0.00000000000 0.00000000000 0.00000000000 0.00000000000 0.00000000000 0.00000000000 0.00000000000 0.00000000000 0.00000000000 0.00000000000 0.00000000000 0.00000000000 0.00000000000 0.00000000000 0.00000000000 0.00000000000 0.00000000000 0.00000000000 0.00000000000 0.00000000000 0.00000000000 0.00000000000 0.00000000000 0.00000000000 0.00000000000 0.00000000000 0.00000000000 0.00000000000 0.00000000000 0.00000000000 0.00000000000
# logsel_p3_fsh[1]:
 0.00000000000 0.00000000000 0.00000000000 0.00000000000 0.00000000000 0.00000000000 0.00000000000 0.00000000000 0.00000000000 0.00000000000 0.00000000000 0.00000000000 0.00000000000 0.00000000000 0.00000000000 0.00000000000 0.00000000000 0.00000000000 0.00000000000 0.00000000000 0.00000000000 0.00000000000 0.00000000000 0.00000000000 0.00000000000 0.00000000000 0.00000000000 0.00000000000 0.00000000000 0.00000000000 0.00000000000 0.00000000000 0.00000000000 0.00000000000 0.00000000000 0.00000000000
# logsel_p3_fsh[2]:
 0.00000000000 0.00000000000 0.00000000000 0.00000000000 0.00000000000 0.00000000000 0.00000000000 0.00000000000 0.00000000000 0.00000000000 0.00000000000 0.00000000000 0.00000000000 0.00000000000 0.00000000000 0.00000000000 0.00000000000 0.00000000000 0.00000000000 0.00000000000 0.00000000000 0.00000000000 0.00000000000 0.00000000000 0.00000000000 0.00000000000 0.00000000000 0.00000000000 0.00000000000 0.00000000000 0.00000000000 0.00000000000 0.00000000000 0.00000000000 0.00000000000 0.00000000000 0.00000000000
# logsel_p3_fsh[3]:
 0.00000000000 0.00000000000 0.00000000000 0.00000000000 0.00000000000 0.00000000000 0.00000000000 0.00000000000 0.00000000000 0.00000000000 0.00000000000 0.00000000000 0.00000000000 0.00000000000 0.00000000000 0.00000000000 0.00000000000 0.00000000000 0.00000000000 0.00000000000 0.00000000000 0.00000000000 0.00000000000 0.00000000000 0.00000000000 0.00000000000 0.00000000000 0.00000000000 0.00000000000 0.00000000000 0.00000000000 0.00000000000 0.00000000000 0.00000000000 0.00000000000 0.00000000000 0.00000000000 0.00000000000 0.00000000000 0.00000000000
# logsel_p3_fsh[4]:
 0.00000000000 0.00000000000 0.00000000000 0.00000000000 0.00000000000 0.00000000000 0.00000000000 0.00000000000 0.00000000000 0.00000000000 0.00000000000 0.00000000000 0.00000000000 0.00000000000 0.00000000000 0.00000000000 0.00000000000 0.00000000000 0.00000000000 0.00000000000 0.00000000000 0.00000000000 0.00000000000 0.00000000000 0.00000000000 0.00000000000 0.00000000000 0.00000000000 0.00000000000 0.00000000000 0.00000000000
# rec_dev_future:
 0.00000000000
# log_q_ind[1]:
0.549758341988
# log_q_ind[2]:
-2.68695987189
# log_q_ind[3]:
-9.29749539856
# log_q_ind[4]:
-0.211573100526
# log_q_ind[5]:
-5.92701711490
# log_q_ind[6]:
-7.52202088473
# log_q_ind[7]:
-7.50994026024
# log_q_ind[8]:
0.722518538811
# log_q_power_ind[1]:
0.00000000000
# log_q_power_ind[2]:
0.00000000000
# log_q_power_ind[3]:
0.00000000000
# log_q_power_ind[4]:
0.00000000000
# log_q_power_ind[5]:
0.00000000000
# log_q_power_ind[6]:
0.00000000000
# log_q_power_ind[7]:
0.00000000000
# log_q_power_ind[8]:
0.00000000000
# log_rw_q_ind[1]:
 -1.30220626734
# log_rw_q_ind[3]:
 -0.0371612755189
# log_selcoffs_ind[1]:
 -4.12016790718 -2.91369300303 -1.75285960399 -0.822770331007 -0.242553559541 0.112638016788 0.336302489764 0.525563796781 0.705552480112 0.831605750144
 -4.13227110671 -3.21124490116 -2.30729225642 -1.44386334570 -0.679904935730 -0.0931728772350 0.280431509857 0.563210666565 0.837955834618 1.02917698943
# log_selcoffs_ind[2]:
 -1.19016882867 -0.740442567144 -0.459151975645 -0.321948036799 -0.349833771660 -0.314291058022 -0.101204873826 0.264181858152 0.635942961527 0.846874359028
 -0.582497199170 -0.492217365329 -0.473579460190 -0.405675218950 -0.313937414857 -0.186989864237 0.00200815476795 0.253745173661 0.518892645567 0.698083154062
 -0.812792888753 -0.681346077306 -0.556218437931 -0.437115252130 -0.318327307256 -0.168200084063 0.0399273441465 0.296264799622 0.561917659786 0.750959978143
# log_selcoffs_ind[3]:
 -0.202940821038 0.0202027052767 0.0202027052767 0.0202027052767 0.0202027052767 0.0202027052767 0.0202027052767 0.0202027052767 0.0202027052767 0.0202027052767
# log_selcoffs_ind[4]:
 -3.15004352778 -2.06449266258 -1.11883827537 -0.495386378275 -0.194462817150 0.0243316132840 0.244842599750 0.473007606747 0.669722739521 0.793189955973
 -3.80841402011 -2.89836153521 -2.00475640159 -1.23633951071 -0.648414821985 -0.187282086437 0.202830549020 0.571164004606 0.859662835996 1.02529774736
# log_selcoffs_ind[5]:
 -3.04452005677 -0.669616569639 0.101782682789 0.174353368097 0.174353368097 0.174353368097 0.174353368097 0.174353368097 0.174353368097 0.174353368097
# log_selcoffs_ind[6]:
 -3.04452005677 -0.669616569639 0.101782682789 0.174353368097 0.174353368097 0.174353368097 0.174353368097 0.174353368097 0.174353368097 0.174353368097
# log_selcoffs_ind[7]:
 -3.04452005677 -0.669616569639 0.101782682789 0.174353368097 0.174353368097 0.174353368097 0.174353368097 0.174353368097 0.174353368097 0.174353368097
# log_selcoffs_ind[8]:
 -3.04452005677 -0.669616569639 0.101782682789 0.174353368097 0.174353368097 0.174353368097 0.174353368097 0.174353368097 0.174353368097 0.174353368097
# logsel_slope_ind[1]:
 0.00000000000 0.00000000000
# logsel_slope_ind[2]:
 0.00000000000 0.00000000000 0.00000000000
# logsel_slope_ind[3]:
 0.00000000000
# logsel_slope_ind[4]:
 0.00000000000 0.00000000000
# logsel_slope_ind[5]:
 0.00000000000
# logsel_slope_ind[6]:
 0.00000000000
# logsel_slope_ind[7]:
 0.00000000000
# logsel_slope_ind[8]:
 0.00000000000
# sel50_ind[1]:
 0.00000000000 0.00000000000
# sel50_ind[2]:
 0.00000000000 0.00000000000 0.00000000000
# sel50_ind[3]:
 0.00000000000
# sel50_ind[4]:
 0.00000000000 0.00000000000
# sel50_ind[5]:
 0.00000000000
# sel50_ind[6]:
 0.00000000000
# sel50_ind[7]:
 0.00000000000
# sel50_ind[8]:
 0.00000000000
# logsel_p1_ind[1]:
 0.00000000000 0.00000000000
# logsel_p1_ind[2]:
 0.00000000000 0.00000000000 0.00000000000
# logsel_p1_ind[3]:
 0.00000000000
# logsel_p1_ind[4]:
 0.00000000000 0.00000000000
# logsel_p1_ind[5]:
 0.00000000000
# logsel_p1_ind[6]:
 0.00000000000
# logsel_p1_ind[7]:
 0.00000000000
# logsel_p1_ind[8]:
 0.00000000000
# sel_p2_ind[1]:
 0.00000000000 0.00000000000
# sel_p2_ind[2]:
 0.00000000000 0.00000000000 0.00000000000
# sel_p2_ind[3]:
 0.00000000000
# sel_p2_ind[4]:
 0.00000000000 0.00000000000
# sel_p2_ind[5]:
 0.00000000000
# sel_p2_ind[6]:
 0.00000000000
# sel_p2_ind[7]:
 0.00000000000
# sel_p2_ind[8]:
 0.00000000000
# logsel_p3_ind[1]:
 0.00000000000 0.00000000000
# logsel_p3_ind[2]:
 0.00000000000 0.00000000000 0.00000000000
# logsel_p3_ind[3]:
 0.00000000000
# logsel_p3_ind[4]:
 0.00000000000 0.00000000000
# logsel_p3_ind[5]:
 0.00000000000
# logsel_p3_ind[6]:
 0.00000000000
# logsel_p3_ind[7]:
 0.00000000000
# logsel_p3_ind[8]:
 0.00000000000
