#years 
1970 
2020 
#ages 
1 
12 
#nbins 
41 
#lengthbin 
10 11 12 13 14 15 16 17 18 19 20 21 22 23 24 25 26 27 28 29 30 31 32 33 34 35 36 37 38 39 40 41 42 43 44 45 46 47 48 49 50 
#Fnum 
4 
#Fnames 
N_Chile%SC_Chile_PS%FarNorth%Offshore_Trawl 
#Fcaton 
101.7 143.4 64.46 83.2 164.8 207.3 257.7 226.2 398.4 344.1 288.8 474.8 789.9 301.9 727 511.1 55.21 313.3 325.5 338.6 323.1 346.2 304.2 379.5 222.2 230.2 278.4 104.2 30.27 55.65 118.7 248.1 108.7 143.3 158.7 165.6 155.3 172.7 167.3 134 169 30.82 13.26 16.36 18.22 34.89 24.66 35 11.55 12 9.6 
10.31 14.99 22.55 38.39 28.75 53.88 84.57 114.6 188.3 253.5 273.4 586.1 704.8 563.3 699.3 945.8 1129 1457 1813 2052 2149 2674 2908 2857 3819 4174 3605 2813 1583 1164 1116 1402 1410 1278 1293 1265 1225 1130 728.9 700.9 295.8 216.5 214.2 215 254.3 250.3 295.2 311.9 415.8 436.7 349.3 
4.71 9.19 18.78 42.78 129.2 37.9 54.15 505 386.8 333.8 414.3 445.6 143.7 110.7 200.7 114.6 51.03 46.3 244.2 316.2 370.8 213.4 111.7 133.3 233.3 551 495.5 680 412.9 203.8 303.7 857.7 154.8 217.7 187.4 80.66 277.6 255.4 169.5 76.63 22.17 326.4 187.4 80.59 74.53 22.45 15.09 8.867 57.16 140 112 
0 0 5.5 0 0 0 0.04 2.27 51.29 370.3 339.8 438.1 733.2 894.3 1060 799.3 837.5 863.4 863.2 875.8 872.1 543.7 37.93 0 0 0 0 0 0 0.01 2.32 20.09 76.26 158.2 295.4 243.6 362.6 438.8 407 371.9 239.6 60.89 39.92 41.18 63.65 86.67 54.16 49.11 42.47 48.81 39.05 
#Fcatonerr 
0.05 0.05 0.05 0.05 0.05 0.05 0.05 0.05 0.05 0.05 0.05 0.05 0.05 0.05 0.05 0.05 0.05 0.05 0.05 0.05 0.05 0.05 0.05 0.05 0.05 0.05 0.05 0.05 0.05 0.05 0.05 0.05 0.05 0.05 0.05 0.05 0.05 0.05 0.05 0.05 0.05 0.05 0.05 0.05 0.05 0.05 0.05 0.05 0.05 0.05 0.05 
0.05 0.05 0.05 0.05 0.05 0.05 0.05 0.05 0.05 0.05 0.05 0.05 0.05 0.05 0.05 0.05 0.05 0.05 0.05 0.05 0.05 0.05 0.05 0.05 0.05 0.05 0.05 0.05 0.05 0.05 0.05 0.05 0.05 0.05 0.05 0.05 0.05 0.05 0.05 0.05 0.05 0.05 0.05 0.05 0.05 0.05 0.05 0.05 0.05 0.05 0.05 
0.05 0.05 0.05 0.05 0.05 0.05 0.05 0.05 0.05 0.05 0.05 0.05 0.05 0.05 0.05 0.05 0.05 0.05 0.05 0.05 0.05 0.05 0.05 0.05 0.05 0.05 0.05 0.05 0.05 0.05 0.05 0.05 0.05 0.05 0.05 0.05 0.05 0.05 0.05 0.05 0.05 0.05 0.05 0.05 0.05 0.05 0.05 0.05 0.05 0.05 0.05 
0.05 0.05 0.05 0.05 0.05 0.05 0.05 0.05 0.05 0.05 0.05 0.05 0.05 0.05 0.05 0.05 0.05 0.05 0.05 0.05 0.05 0.05 0.05 0.05 0.05 0.05 0.05 0.05 0.05 0.05 0.05 0.05 0.05 0.05 0.05 0.05 0.05 0.05 0.05 0.05 0.05 0.05 0.05 0.05 0.05 0.05 0.05 0.05 0.05 0.05 0.05 
#FnumyearsA 
46 
46 
0 
31 
#FnumyearsL 
0 
0 
41 
0 
#Fageyears 
1975 1976 1977 1978 1979 1980 1981 1982 1983 1984 1985 1986 1987 1988 1989 1990 1991 1992 1993 1994 1995 1996 1997 1998 1999 2000 2001 2002 2003 2004 2005 2006 2007 2008 2009 2010 2011 2012 2013 2014 2015 2016 2017 2018 2019 2020 
1975 1976 1977 1978 1979 1980 1981 1982 1983 1984 1985 1986 1987 1988 1989 1990 1991 1992 1993 1994 1995 1996 1997 1998 1999 2000 2001 2002 2003 2004 2005 2006 2007 2008 2009 2010 2011 2012 2013 2014 2015 2016 2017 2018 2019 2020 
1979 1980 1981 1982 1983 1984 1985 1986 1987 1988 1989 1990 1991 2000 2001 2002 2003 2006 2007 2008 2009 2010 2011 2012 2013 2014 2015 2016 2017 2018 2020 
#Flengthyears 
1980 1981 1982 1983 1984 1985 1986 1987 1988 1989 1990 1991 1992 1993 1994 1995 1996 1997 1998 1999 2000 2001 2002 2003 2004 2005 2006 2007 2008 2009 2010 2011 2012 2013 2014 2015 2016 2017 2018 2019 2020 
#Fagesample 
15.4 15.4 15.4 15.4 15.4 15.4 15.4 15.4 15.4 15.4 15.4 15.4 15.4 15.4 15.4 15.4 15.4 15.4 15.4 15.4 15.4 15.4 15.4 15.4 15.4 15.4 15.4 15.4 15.4 15.4 15.4 15.4 15.4 15.4 15.4 15.4 15.4 15.4 15.4 15.4 15.4 15.4 15.4 15.4 15.4 2020 
27.11 27.11 27.11 27.11 27.11 27.11 27.11 27.11 27.11 27.11 27.11 27.11 27.11 27.11 27.11 27.11 27.11 27.11 27.11 27.11 27.11 27.11 27.11 27.11 27.11 27.11 27.11 27.11 27.11 27.11 27.11 27.11 27.11 27.11 27.11 27.11 27.11 27.11 27.11 27.11 27.11 27.11 27.11 27.11 2.711 2020 
13.07 13.07 13.07 13.07 13.07 13.07 13.07 13.07 13.07 13.07 13.07 13.07 13.07 13.07 13.07 13.07 13.07 13.07 13.07 13.07 13.07 13.07 13.07 13.07 13.07 13.07 13.07 13.07 13.07 13.07 2020 
#Flengthsample 
30 30 30 30 30 30 30 30 30 30 30 30 30 30 30 30 30 30 30 30 30 30 30 30 30 30 30 30 30 30 30 30 30 30 30 30 30 30 30 30 2020 
#Fagecomp 
0 4073 13776 44143 60659 166146 171002 81053 29641 8253 4552 1070 
0 27 1676 10342 62211 190616 229530 109553 17356 4612 104 0 
122 12767 20036 48155 149760 239459 184136 68069 10018 155 0 0 
0 5910 92821 171908 149947 99992 274829 227407 75025 11649 99 0 
0 0 40320 104406 202313 247236 261704 212251 72124 7503 87 0 
0 5663 19209 39611 120365 158767 188736 133955 25201 792 0 0 
0 0 17592 107026 226852 272757 332572 167387 32014 4135 31 0 
0 1674 29021 332623 362536 484944 639872 367034 127157 21795 225 0 
0 102 1966 49812 151839 222327 205704 103468 21178 556 27 0 
0 4148 232259 599923 284517 284809 377052 318705 67881 4009 0 0 
0 886 53397 255301 400091 427340 252577 73876 12239 1256 0 0 
4646 15143 14153 8069 9791 17324 26790 15727 6358 1078 0 0 
940 69685 612169 638980 149771 36285 27361 8978 428 431 16 0 
0 3652 130324 489772 452240 105585 5445 647 14 0 0 0 
0 7901 4867 43820 326596 271953 55735 9161 2786 295 47 0 
6262 77422 5668 27866 236685 412335 84292 8079 388 94 3 0 
21 17154 218253 217953 121225 180648 259236 64615 5402 5551 1113 542 
1787 30253 252037 142917 268721 274311 149879 60020 8877 790 39 0 
2413 66476 1485903 597010 115335 99352 19235 7088 2161 730 123 77 
431 139526 339253 101904 266129 131505 23152 3211 1618 68 0 0 
2315 170501 345192 296965 146207 84328 17213 801 82 0 0 0 
131844 269877 533140 572880 155446 30636 7068 63 68 0 0 0 
191 26244 307207 204870 23575 694 72 0 0 0 0 0 
0 3406 89297 37875 18933 5847 285 1 0 0 0 0 
38 24289 319634 75711 15598 5394 392 7 0 0 0 0 
57122 235887 136283 236690 110317 15424 39 0 0 0 0 0 
1568 256795 1326138 491732 25070 1848 0 0 0 0 0 0 
48483 98920 391463 176981 92150 18789 4497 276 26 0 0 0 
7504 158188 604518 242543 53916 21616 9440 1894 295 0 0 0 
747 17164 103070 464915 191312 7389 275 0 0 0 0 0 
43804 324087 476065 193396 151443 43843 5150 0 0 0 0 0 
27386 38392 390068 607711 68098 25256 8161 1256 49 0 0 0 
681 93552 346671 475258 113550 27460 17712 7169 1191 165 165 66 
14499 712726 359139 117862 138886 110359 12931 844 191 41 0 0 
569 58921 250894 432581 34649 70639 3089 78 0 0 0 0 
4 524298 57658 360130 140820 36448 9825 1044 506 146 0 0 
20901 199846 94185 11650 3387 5921 383 0 0 0 0 0 
2080455 6700598 8465934 34863481 4648381 106332 0 0 0 0 0 0 
5232401 86320606 33345959 861630 357301 415201 245386 34652 14421 0 0 0 
3621810 55355737 597793 0 0 0 0 0 0 0 0 0 
0.1071 0.02654 0.105 0.4892 0.2001 0.05645 0.01084 0.004762 0 0 0 0 
0 0 0.1195 0.1919 0.1284 0.2107 0.1514 0.0815 0.07512 0.02634 0.009888 0.005383 
281849 35099113 29604247 85994703 29768538 8548292 1249244 269457 137070 68535 0 0 
41.04 83.49 12.85 7.266 6.686 3.522 2.888 1.079 1.187 0.553 0.1781 0.3349 
47.83 30.63 26.26 10.22 5.428 4.022 1.942 1.581 0.611 0.7099 0.3309 0.3069 
10.44 22.39 8.164 19.93 6.499 2.621 1.734 0.815 0.68 0.2772 0.3229 0.2901 
0 0 355 633 2259 7108 11305 10032 5551 1867 999 190 
0 1272 364 353 1550 17545 45885 38920 18306 2707 37 0 
1 223 462 5493 19717 34341 61594 47567 7128 684 70 4 
0 595 4226 20574 70250 115605 96857 45404 12171 1330 0 0 
0 20 13439 147552 206176 210012 208192 180490 120831 48163 4206 904 
2152 3996 8314 128820 322829 356395 311998 166713 78325 17706 686 995 
0 2419 8973 83655 392031 696981 627159 326988 99193 23220 3581 800 
1324 4221 8889 118067 618244 826235 877968 626789 224844 57471 10391 13914 
1624 98937 191076 314984 749070 1084641 1113032 548218 207964 30697 3760 1259 
98 7977 190091 357918 447250 985396 1175198 851961 292315 38931 7977 394 
53 889 39763 372792 621888 1131123 1405139 725890 182303 21926 2839 2111 
7703 32892 50408 254334 720436 1125301 1563727 833125 141461 12640 1048 651 
8538 240224 509673 459902 311739 907439 1929691 1290613 257500 39754 3890 922 
442 23756 228313 1415721 1662909 665913 1203766 1215469 405628 50539 6623 114 
0 5570 34610 283575 1634407 2293278 1376907 1070507 406813 64106 1490 0 
248 5228 1826 31608 506751 1598666 2003162 1148443 668436 128313 8666 130 
54 30081 134146 122717 56100 419889 1682863 1831750 982207 504943 158725 46297 
0 0 71389 186534 321697 367160 405356 1258212 1072392 952609 406683 151907 
0 11391 231606 759545 940331 854977 790767 758606 893719 721295 259075 41588 
0 21702 87328 808441 1200387 1266242 802876 692317 1102792 853702 284938 26970 
760 9375 365691 1727987 1350915 2318999 1687597 807698 562790 385464 170813 31602 
3354 48674 835128 1041899 1421658 1327055 1172716 792734 374612 171145 70209 20378 
7893 191472 1428562 2627586 1898630 906334 488229 377039 302621 132121 75881 42083 
25251 242671 1516538 1864189 763106 345371 165969 178113 173183 79161 32019 13170 
2407 190107 1825090 1676166 718361 267024 76733 34947 59069 54516 34827 28903 
780 46357 597816 1633359 1015296 412689 115221 42928 47268 58944 37371 31373 
3 32966 361663 970229 1270037 594890 184069 82580 61986 57150 47079 76019 
3553 44875 395001 846794 853666 522140 191428 97160 80106 76745 63094 99435 
5 16651 232038 908724 1101223 740572 303108 100321 77824 61641 37835 38325 
0 1617 128611 449306 920244 917951 422033 156434 98973 58716 27757 30207 
14398 15576 14953 145195 460828 1047649 518471 208577 141084 66743 28283 32878 
401 4986 11959 82227 150385 390459 490794 255963 191215 127571 67970 60057 
0 260 26043 250100 293211 206428 282545 280026 242885 165923 92414 86474 
6542 23768 1806 6768 74663 237017 215953 168781 124776 104046 55045 100625 
0 1581 43860 108580 22418 222409 250865 193736 120657 77999 55350 47561 
0 1799 24389 176203 122711 59484 63728 38970 55112 40186 12155 13967 
0 29 3626 55109 45036 121204 33101 20726 45281 16068 3724 4334 
0 0 0 33833 151629 151544 85613 34624 20360 3061 842 834 
2000 40778 12467295 1.02e+08 162856221 181274927 78563279 14567793 2215252 980360 171018 459068 
0 0 9531574 40557271 89339609 56536654 33595902 5156324 290963 160488 90086 19865 
0.0002592 0.002673 0.1096 0.3971 0.1674 0.1113 0.1042 0.0661 0.0231 0.009514 0.003884 0.004854 
0 0.0001197 0.02553 0.1966 0.2594 0.2199 0.1413 0.08211 0.03827 0.02251 0.007144 0.006965 
275 1707691 51790536 122476064 99063835 115545974 98222117 64284593 34235629 25644079 20242167 16440603 
2.072 24.28 48.12 113.3 204.1 162.2 162.5 67.5 69.63 32.25 10.39 19.53 
2.578 9.513 102 150.2 174.5 204.7 122.1 104.7 37.84 41.64 19.41 18 
0.7071 8.228 29.96 249.5 177.9 115.8 100.6 52.03 42.31 16.87 19.65 17.65 
0 0 49 1905 20679 69124 132249 157481 97437 40291 3780 904 
0 3842 4615 38803 114107 173964 187248 122439 64819 17129 686 995 
0 239 2919 18545 99141 229509 297020 208303 75791 19940 3221 800 
0 2756 1078 9883 108378 299527 472354 395188 169863 45982 10106 13829 
0 55448 99493 73750 253656 586485 753756 461208 181606 28049 3760 1259 
0 2428 53471 168678 238212 433429 594472 526601 208110 26780 7176 394 
0 539 20116 194707 339644 508644 556157 284185 96589 16896 2661 1840 
0 27483 33424 143556 392093 486785 515762 300147 62152 6636 748 651 
0 93104 107476 73668 162818 504537 709648 379588 79536 18316 2974 878 
0 12902 89058 315639 346045 354066 517995 374576 129093 23035 5183 114 
0 265 12357 100209 462408 557035 434806 304694 167223 35858 1293 0 
0 536 316 10917 176551 590038 501485 265987 179336 56477 5452 130 
0 3175 4982 9073 21237 176787 431464 247646 104900 57856 22617 9811 
6306 137881 942618 1441303 899838 596871 366956 293198 252406 212107 124963 0 
0 934657 9037192 1.8e+07 17908922 8531161 2716624 1449259 1080466 634021 270044 0 
4e+06 5531716 67349731 1.41e+08 70957813 30605657 9201408 4008110 2741518 1270299 355388 0 
0 6341275 85745637 224217697 114492265 31203519 3066560 284648 12549 0 0 0 
0 0 16612 4415462 52466764 147301785 115905775 38040648 20259323 11303820 4769559 0 
0 0 78923 3543660 33450334 108484144 111754594 80023232 71533710 47261396 29658723 0 
0 26553 107275 148191 4403828 44644663 117513820 100660545 62122541 40957740 22518714 0 
0 1333996 1946600 2280073 746645 6406989 52406193 124204486 89674456 48539818 31530284 0 
0 3782200 76966142 37427807 1275573 1121486 12670939 26986174 49866868 39441453 13471705 0 
0 858 196980 1526682 1355508 2714187 1758017 1648247 3940873 2319730 903688 0 
0 0 0 0 0 40 598 1601 18477 10000 3052 2932 
0 1 1044 18799 21113 25626 16848 8282 3278 4366 1374 1040 
0 797 14195 10921 6912 7281 5920 2354 1088 526 337 676 
1.17e-05 0.003989 0.09588 0.1861 0.1397 0.1513 0.1605 0.1415 0.04869 0.0299 0.01756 0.02489 
0 0.01701 0.1305 0.205 0.2387 0.1715 0.1139 0.05858 0.03393 0.021 0.002922 0.006895 
63499 64286 30672 22143 9865 5475 5910 4231 2314 938.2 79.73 1.179 
3.318 13.82 12.49 11.07 10.02 5.789 6.898 5.431 12.16 5.668 1.825 3.432 
4.183 5.907 26.22 15.41 8.779 7.585 5.577 9.183 6.668 7.747 3.611 3.349 
#Flengthcomp 
44 59 71 59 126 67 184 105 67 50 0 0 0 33 46 25 9 9 50 101 134 209 318 471 419 343 251 184 134 84 50 33 33 29 17 9 9 0 0 0 0 
0 0 0 0 0 0 0 0 0 0 0 0 0 0 0 0 6 14 28 101 129 105 109 112 105 87 78 62 50 36 34 22 20 17 8 3 1 0 0 0 0 
0 23 91 272 545 545 523 477 409 432 545 364 68 23 0 0 0 0 45 91 136 409 795 1136 840 545 296 227 181 159 136 113 23 0 0 0 0 0 0 0 0 
0 0 0 0 0 0 0 0 0 0 0 0 0 0 0 22 114 137 182 206 297 707 1426 1711 1426 1254 707 502 297 228 114 69 137 69 22 46 22 0 0 0 0 
0 0 0 0 0 8 16 8 4 0 4 8 41 90 160 340 872 1743 2472 3355 3441 3270 4325 4657 4153 3245 2545 1731 1166 777 585 401 274 258 209 147 217 147 123 45 0 
0 0 0 0 0 0 0 3 6 8 16 16 19 19 22 31 62 136 215 399 535 615 818 848 949 987 888 906 822 821 725 585 439 353 277 259 242 179 199 150 0 
3 8 18 13 13 27 39 29 14 17 24 36 51 63 64 67 57 37 23 17 30 53 165 397 691 1066 1337 1260 1255 896 637 478 369 287 257 207 195 141 140 109 0 
2 6 8 10 6 21 52 61 43 44 74 95 106 169 254 395 533 830 1110 1215 1071 861 537 337 249 308 376 408 335 213 200 160 130 92 61 44 19 10 7 8 0 
0 0 0 0 0 0 0 4 22 60 73 95 186 354 739 1663 2985 3961 4250 3615 2985 2134 1559 1378 1309 1304 1266 1136 981 1019 972 1149 1058 1045 1088 1145 1045 747 596 354 0 
0 0 0 0 0 0 0 0 0 7 179 365 3204 4837 2294 2723 1988 1212 877 1009 1157 1309 2110 2874 3570 3979 3959 2848 2080 1295 705 498 386 297 260 251 260 237 191 185 0 
0 0 0 0 0 0 0 0 0 0 22 45 90 90 127 187 247 284 486 860 1533 2326 3373 4548 5221 6769 8579 9410 7353 6119 4473 3194 2409 1855 1279 808 554 292 202 90 0 
0 0 0 3 0 13 62 112 85 102 131 99 118 927 2308 1107 686 628 658 813 1134 1749 2249 2786 2851 3441 4354 4262 3939 3496 2993 1877 1405 1469 1237 1167 1130 864 687 616 504 
0 0 0 0 0 0 0 0 0 19 103 306 166 124 162 131 116 136 164 273 471 698 1108 1555 1948 1862 1393 1054 979 866 812 597 532 401 168 104 79 64 63 76 0 
0 3 20 16 3 0 3 26 66 201 497 691 1036 1266 1963 2943 3798 2821 2430 1934 1726 1605 1809 1670 1684 1506 1154 658 480 224 164 155 122 128 43 30 7 3 0 3 0 
4 4 0 4 4 11 7 0 4 29 72 133 176 240 341 452 625 958 1253 1450 2175 4824 6041 4810 3331 2495 1920 1407 1472 1088 1141 962 1267 908 965 815 510 445 298 334 194 
0 0 0 22 73 103 125 95 51 44 103 396 792 1041 1459 2236 3043 3263 4326 5635 7159 9177 10307 10768 13407 14406 12580 6838 4115 2602 2003 1675 1201 789 761 594 501 488 232 119 154 
0 0 0 0 6 44 200 194 237 712 1437 1469 1462 2550 3834 4445 4353 4211 4457 5153 6419 6045 4674 4311 3460 2887 2815 2487 2268 1352 849 549 319 211 76 44 12 12 6 0 0 
0 0 0 0 0 0 0 0 5 14 57 109 166 332 916 1832 3506 5749 5052 2855 2347 3963 7246 8255 4460 2297 1380 737 506 371 234 163 103 65 38 24 10 5 0 5 0 
0 0 0 5 65 207 109 71 283 1301 1927 1600 1339 1937 3940 8593 10727 7402 4272 2444 1453 1012 936 1176 980 555 425 343 261 234 174 147 109 98 87 60 49 27 27 16 0 
0 0 0 0 21 80 80 101 155 174 140 186 270 457 762 1035 1838 2102 2532 2300 1279 755 464 284 183 127 120 57 64 106 43 27 27 21 15 17 3 17 3 5 0 
0 0 0 4 7 7 7 18 178 1495 2766 2473 1856 1341 1339 3492 2839 2483 3039 4523 4097 2703 1151 387 119 31 11 4 4 4 7 0 4 0 0 0 0 0 0 0 0 
0 0 16 33 33 16 41 188 459 942 1500 1344 1304 2041 4038 6242 9220 11965 15404 15088 13405 8369 2959 850 239 97 28 0 0 0 0 0 0 0 0 0 0 0 0 0 0 
8 15 33 71 81 101 71 47 35 45 40 57 93 123 140 68 61 120 449 1426 2689 3181 3146 2300 1102 462 337 183 93 28 8 2 0 0 0 0 0 0 0 0 0 
0 0 0 0 2 2 8 31 61 159 278 453 905 1419 1555 1173 1063 1254 1732 1911 1399 961 795 687 697 937 972 640 348 154 63 18 4 2 2 0 0 0 0 0 0 
8 15 47 51 45 40 55 48 19 5 1 0 1 1 1 1 5 38 196 577 879 1015 1269 1665 1779 1478 1086 1040 946 657 350 206 103 45 22 8 3 1 0 0 0 
9 71 220 226 151 93 65 95 581 1147 1409 1553 1803 1846 1130 471 263 200 198 123 97 71 47 34 7 11 22 78 329 942 1676 1618 994 499 314 163 84 28 9 0 0 
0 0 0 0 0 0 0 0 40 392 1200 2432 5056 6408 5992 6200 6424 6304 5784 6176 6664 6224 5448 3928 2464 1296 712 392 216 120 56 24 16 0 0 8 8 8 8 0 0 
0 0 0 0 34 52 52 155 258 206 189 275 430 1324 7738 15184 13224 8976 9853 6895 5984 10145 16972 20704 19190 14358 9853 5399 2528 1135 447 258 103 17 0 0 0 0 0 0 0 
0 0 2 4 13 22 11 4 2 4 11 22 20 31 74 120 142 179 316 763 2120 3978 4641 3688 2233 1213 652 375 277 338 275 166 74 24 7 2 2 0 0 0 0 
169 161 227 227 54 21 0 0 0 27 182 729 822 756 467 314 114 74 138 149 85 43 64 91 89 145 460 1034 2137 3803 4100 2182 915 299 95 31 0 0 0 0 0 
0 0 0 0 0 0 0 0 0 0 17 0 17 231 451 162 35 0 0 0 0 0 0 0 0 0 0 0 0 0 0 0 0 0 0 0 0 0 0 0 0 
0 0 0 53 53 53 53 0 0 0 0 0 53 0 106 4377 18221 52278 119239 150535 157464 117077 30214 425 53 0 0 0 0 0 0 0 0 0 0 0 0 0 0 0 0 
0 0 0 0 0 0 0 0 0 0 0 0 0 0.03841 0.3686 0.8076 0.7067 0.1271 0.1049 0.1956 2.49 14.76 31.86 27.34 13.68 5.952 1.361 0.1965 0.008886 0 0 0 0 0 0 0 0 0 0 0 0 
0 0 0 0 0 0 0 0 0 0.1244 0.7131 1.13 0.6322 0.2092 0.9449 1.719 1.992 3.807 4.326 10.58 8.318 4.847 2.153 0.3923 0.6816 1.064 1.119 2.837 11.51 20.24 15.31 4.364 0.9536 0.02179 0 0 0 0 0 0 0 
0 0 0 0 4328 15869 25967 25967 7213 2885 1443 2885 7213 17311 14426 14426 142819 725636 2234612 3062673 3391589 6820687 26946617 42294605 25791082 10924928 4763517 3166541 2781363 1905695 773242 323146 24524 12984 0 0 0 0 1443 0 0 
0 0 0 0 0 0.0002574 0.0001076 0.00232 0.003764 0.00488 0.00831 0.01466 0.03462 0.1056 0.1308 0.1263 0.1401 0.1403 0.09524 0.04667 0.04204 0.04149 0.03173 0.02446 0.006292 0.0001316 1.29e-05 0 0 0 0 0.009263 0.004389 0.002242 0.001391 0.00183 0.001095 0 0 0 0 
0 0 0 0 0 0 0 3.96 41.79 63.59 173 438.1 1095 2354 2872 2720 2937 3425 3244 3366 3408 3684 3379 3122 2804 2204 1289 711.1 416.9 214 189.8 136.1 31.62 18.43 7.527 5.67 9.575 5.606 0.5771 0 0 
0 0 0 3.253 37.19 202.2 468.4 851.1 1153 1481 1977 2596 3197 3077 2905 2734 3088 3073 2682 1983 1861 1391 1142 1172 1154 852.8 619.1 463.5 274.6 78.84 43.78 15.94 7.835 9.121 16.7 13.39 18.49 11.43 6.335 1.574 8 
0 0 2.106 11.43 44.16 83.99 277.2 689.8 1150 1304 1344 1893 3985 7100 14494 22497 30095 37378 29903 14624 9824 7309 5374 3991 3098 2432 1912 1352 978.7 643.7 263.6 189.9 88.52 62.32 52.51 26.9 11.27 4.864 0.7289 0 0 
0 0 0 0 0 0 0 1.949e-05 0.0001364 0.0001754 0.0002339 0.0002924 0.0004873 0.001579 0.004464 0.005984 0.01058 0.01454 0.0199 0.02647 0.04006 0.06202 0.08877 0.1091 0.1387 0.1459 0.1189 0.07773 0.05 0.03011 0.01971 0.01361 0.00957 0.005614 0.002378 0.001852 0.0004483 0.0002534 0.0003119 0.0001364 1.949e-05 
0 0 0 0 0 0 0 1.949e-05 0.0001364 0.0001754 0.0002339 0.0002924 0.0004873 0.001579 0.004464 0.005984 0.01058 0.01454 0.0199 0.02647 0.04006 0.06202 0.08877 0.1091 0.1387 0.1459 0.1189 0.07773 0.05 0.03011 0.01971 0.01361 0.00957 0.005614 0.002378 0.001852 0.0004483 0.0002534 0.0003119 0.0001364 1.949e-05 
#Fwtatage 
0.05 0.089 0.129 0.189 0.248 0.313 0.396 0.488 0.584 0.728 0.88 1.115 
0.05 0.089 0.129 0.189 0.248 0.313 0.396 0.488 0.584 0.728 0.88 1.115 
0.05 0.089 0.129 0.189 0.248 0.313 0.396 0.488 0.584 0.728 0.88 1.115 
0.05 0.089 0.129 0.189 0.248 0.313 0.396 0.488 0.584 0.728 0.88 1.115 
0.05 0.089 0.129 0.189 0.248 0.313 0.396 0.488 0.584 0.728 0.88 1.115 
0.05 0.089 0.129 0.189 0.248 0.313 0.396 0.488 0.584 0.728 0.88 1.115 
0.05 0.089 0.129 0.189 0.248 0.313 0.396 0.488 0.584 0.728 0.88 1.115 
0.05 0.089 0.129 0.189 0.248 0.313 0.396 0.488 0.584 0.728 0.88 1.115 
0.05 0.105 0.124 0.163 0.204 0.314 0.369 0.405 0.434 0.453 0.59 1.115 
0.05 0.108 0.163 0.179 0.217 0.274 0.37 0.42 0.474 0.629 0.633 1.115 
0.05 0.069 0.118 0.21 0.256 0.324 0.41 0.451 0.511 0.998 0.88 1.115 
0.05 0.094 0.139 0.214 0.269 0.331 0.412 0.481 0.58 0.661 1.112 1.115 
0.071 0.093 0.168 0.202 0.248 0.305 0.356 0.411 0.446 0.471 0.719 1.115 
0.084 0.099 0.119 0.221 0.264 0.314 0.377 0.429 0.475 0.528 0.54 1.115 
0.05 0.164 0.186 0.217 0.273 0.345 0.394 0.437 0.497 0.568 0.786 1.115 
0.05 0.167 0.173 0.224 0.271 0.34 0.401 0.465 0.536 0.582 0.726 1.115 
0.096 0.099 0.143 0.222 0.289 0.332 0.418 0.497 0.55 0.869 0.88 1.115 
0.092 0.121 0.146 0.189 0.233 0.336 0.427 0.477 0.513 0.65 0.803 1.115 
0.05 0.11 0.167 0.197 0.23 0.298 0.472 0.545 0.586 0.6095 0.88 1.115 
0.05 0.123 0.167 0.23 0.27 0.31 0.379 0.491 0.541 0.569 0.713 1.115 
0.069 0.099 0.16 0.248 0.29 0.338 0.409 0.533 0.651 0.677 0.756 1.115 
0.049 0.121 0.143 0.201 0.277 0.366 0.408 0.478 0.637 0.72 0.794 0.883 
0.069 0.092 0.127 0.201 0.268 0.3 0.373 0.444 0.512 0.595 0.681 0.786 
0.021 0.116 0.152 0.205 0.298 0.364 0.422 0.489 0.528 0.596 0.774 0.889 
0.059 0.097 0.107 0.235 0.291 0.33 0.387 0.459 0.565 0.748 0.798 0.898 
0.069 0.101 0.137 0.186 0.263 0.321 0.357 0.434 0.561 0.668 0.88 1.115 
0.067 0 0.14 0.17 0.229 0.295 0.367 0.507 0.657 0.639 0.88 1.115 
0.029 0.063 0.125 0.177 0.246 0.357 0.503 0.615 0.584 0.728 0.88 1.115 
0 0.082 0.104 0.195 0.249 0.29 0.39 0.475 0.634 0.728 0.88 1.115 
0.071 0.074 0.089 0.147 0.27 0.315 0.446 0.722 0.584 0.728 0.88 1.115 
0.043 0.054 0.138 0.191 0.225 0.251 0.372 0.488 0.584 0.728 0.88 1.115 
0.066 0.093 0.112 0.133 0.204 0.286 0.421 0.488 0.584 0.728 0.88 1.115 
0.029 0.059 0.092 0.172 0.238 0.327 0.398 0.416 0.628 0.728 0.88 1.115 
0.036 0.082 0.102 0.141 0.227 0.309 0.416 0.464 0.534 0.728 0.88 1.115 
0.037 0.078 0.164 0.186 0.203 0.257 0.342 0.488 0.584 0.728 0.88 1.115 
0.029 0.076 0.111 0.175 0.222 0.268 0.281 0.488 0.584 0.728 0.88 1.115 
0.032 0.074 0.114 0.132 0.204 0.374 0.442 0.506 0.606 0.728 0.88 1.115 
0.087 0.075 0.122 0.158 0.222 0.296 0.404 0.514 0.614 0.723 0.723 1.115 
0.042 0.047 0.066 0.187 0.243 0.291 0.388 0.563 0.616 0.748 0.88 1.115 
0.015 0.047 0.106 0.138 0.239 0.285 0.335 0.526 0.584 0.728 0.88 1.115 
0.013 0.048 0.101 0.172 0.233 0.301 0.397 0.493 0.639 0.772 0.88 1.115 
0.019 0.065 0.095 0.167 0.276 0.314 0.398 0.488 0.584 0.728 0.88 1.115 
0.016 0.048 0.088 0.202 0.235 0.269 0.396 0.488 0.584 0.728 0.88 1.115 
0.038 0.052 0.069 0.151 0.255 0.43 0.495 0.664 0.525 0.687 0.821 1.086 
0.018 0.04 0.082 0.189 0.248 0.313 0.396 0.488 0.584 0.728 0.88 1.115 
0.02743 0.05809 0.1767 0.1831 0.298 0.4419 0.621 0.5202 0.5832 0.7286 0.8682 1.109 
0.02743 0.05809 0.158 0.1949 0.2348 0.3002 0.3529 0.535 0.6918 0.7416 0.8595 0.9737 
0.0236 0.0629 0.1399 0.1635 0.1811 0.2235 0.2993 0.3996 0.6003 0.5284 0.88 1.115 
0.01649 0.04083 0.09349 0.199 0.2347 0.2585 0.2718 0.3227 0.3227 0.5284 0.88 1.115 
0.01121 0.02173 0.1794 0.179 0.201 0.2322 0.2655 0.3227 0.3227 0.5284 0.88 1.115 
0.0171 0.04182 0.1376 0.1805 0.2056 0.238 0.2789 0.3483 0.4152 0.5284 0.88 1.115 
0.052 0.093 0.131 0.178 0.262 0.294 0.34 0.396 0.549 0.738 0.984 1.093 
0.052 0.093 0.131 0.178 0.262 0.294 0.34 0.396 0.549 0.738 0.984 1.093 
0.052 0.093 0.131 0.178 0.262 0.294 0.34 0.396 0.549 0.738 0.984 1.093 
0.052 0.093 0.131 0.178 0.262 0.294 0.34 0.396 0.549 0.738 0.984 1.093 
0.052 0.093 0.131 0.178 0.262 0.294 0.34 0.396 0.549 0.738 0.984 1.093 
0.052 0.093 0.131 0.178 0.262 0.294 0.34 0.396 0.549 0.738 0.984 1.093 
0.052 0.078 0.155 0.214 0.275 0.336 0.394 0.472 0.632 0.714 0.898 1.538 
0.055 0.092 0.109 0.236 0.275 0.314 0.375 0.456 0.521 0.732 0.651 1.137 
0.052 0.084 0.104 0.147 0.211 0.327 0.394 0.449 0.514 0.583 0.631 1.538 
0.052 0.108 0.16 0.199 0.241 0.301 0.388 0.466 0.588 0.871 1.265 1.972 
0.026 0.06 0.132 0.231 0.272 0.35 0.447 0.519 0.716 0.82 1.073 1.854 
0.052 0.095 0.149 0.242 0.294 0.34 0.407 0.503 0.637 0.765 1.184 1.9 
0.055 0.085 0.166 0.207 0.269 0.323 0.378 0.472 0.536 0.644 0.987 1.185 
0.07 0.099 0.122 0.23 0.273 0.32 0.374 0.461 0.596 0.709 1.196 1.769 
0.035 0.135 0.154 0.185 0.266 0.33 0.383 0.449 0.577 0.685 1.012 1.846 
0.058 0.148 0.181 0.223 0.27 0.339 0.398 0.473 0.573 0.796 1.376 1.647 
0.073 0.075 0.172 0.247 0.286 0.346 0.427 0.518 0.64 0.844 1.351 2.11 
0.076 0.117 0.14 0.191 0.27 0.357 0.434 0.503 0.577 0.689 1.089 1.979 
0.1 0.124 0.159 0.197 0.233 0.342 0.444 0.512 0.588 0.75 1.012 1.372 
0.052 0.103 0.22 0.241 0.278 0.339 0.467 0.585 0.702 0.779 0.88 1.538 
0.064 0.091 0.153 0.264 0.309 0.373 0.461 0.582 0.694 0.835 0.97 1.598 
0.037 0.106 0.132 0.186 0.271 0.381 0.451 0.542 0.667 0.787 0.901 1.053 
0.063 0.083 0.118 0.177 0.239 0.275 0.409 0.524 0.594 0.709 0.851 1.046 
0.011 0.089 0.121 0.181 0.246 0.32 0.408 0.579 0.719 0.853 0.965 1.174 
0.041 0.084 0.112 0.224 0.27 0.336 0.462 0.643 0.808 0.868 1.058 1.421 
0.07 0.098 0.145 0.192 0.27 0.34 0.429 0.577 0.807 0.965 1.115 1.367 
0.061 0.092 0.151 0.191 0.28 0.352 0.524 0.683 0.945 1.216 1.426 1.477 
0.104 0.106 0.146 0.201 0.26 0.355 0.495 0.683 0.884 1.088 1.467 1.647 
0.084 0.128 0.138 0.178 0.248 0.34 0.545 0.806 1.035 1.246 1.412 1.655 
0.09 0.109 0.134 0.174 0.25 0.331 0.465 0.742 1.021 1.258 1.376 1.776 
0.043 0.064 0.163 0.196 0.255 0.346 0.466 0.756 0.999 1.141 1.228 1.563 
0.066 0.098 0.122 0.179 0.258 0.325 0.461 0.614 0.828 1.074 1.36 1.671 
0.031 0.074 0.13 0.2 0.257 0.329 0.445 0.645 0.883 1.102 1.321 1.649 
0.036 0.086 0.117 0.186 0.245 0.307 0.4 0.564 0.768 1.005 1.209 1.537 
0.034 0.08 0.158 0.193 0.247 0.307 0.387 0.528 0.7 0.897 1.087 1.541 
0.029 0.075 0.113 0.196 0.259 0.318 0.399 0.517 0.641 0.767 0.918 1.296 
0.033 0.076 0.116 0.141 0.261 0.35 0.419 0.516 0.631 0.752 0.924 1.263 
0.086 0.074 0.121 0.172 0.226 0.331 0.431 0.51 0.621 0.756 0.903 1.177 
0.036 0.048 0.069 0.186 0.254 0.312 0.416 0.515 0.605 0.719 0.861 1.148 
0.014 0.045 0.109 0.142 0.253 0.33 0.411 0.532 0.625 0.764 0.886 1.144 
0.014 0.052 0.101 0.175 0.237 0.313 0.415 0.539 0.649 0.787 0.964 1.473 
0.019 0.067 0.101 0.19 0.287 0.353 0.466 0.613 0.774 0.923 1.173 1.514 
0.007 0.014 0.082 0.202 0.264 0.353 0.476 0.558 0.711 0.912 1.146 1.6 
0.054 0.158 0.251 0.26 0.318 0.385 0.45 0.553 0.705 0.829 1.117 1.977 
0.052 0.093 0.1816 0.2471 0.3748 0.4847 0.5343 0.6824 1.094 1.281 1.302 1.656 
0.05116 0.1122 0.1909 0.2562 0.3453 0.4285 0.5044 0.6272 0.9352 1.069 1.206 1.447 
0.05031 0.1314 0.2002 0.2653 0.3157 0.3724 0.4746 0.572 0.7767 0.8585 1.11 1.237 
0.01673 0.05839 0.2005 0.2399 0.3034 0.3818 0.4682 0.5622 0.7212 0.9533 1.096 1.616 
0.01555 0.03095 0.2124 0.2411 0.3051 0.3776 0.4945 0.5943 0.7799 0.916 1.346 1.824 
0.01188 0.03367 0.192 0.2692 0.3043 0.3956 0.4822 0.5872 0.7538 0.7658 1.149 2.175 
0.01472 0.041 0.2017 0.2501 0.3043 0.385 0.4816 0.5812 0.7516 0.8783 1.197 1.872 
0.045 0.171 0.377 0.642 0.945 1.265 1.587 1.9 2.196 2.47 2.721 2.946 
0.045 0.171 0.377 0.643 0.946 1.266 1.588 1.902 2.198 2.472 2.723 2.949 
0.03 0.13 0.306 0.548 0.835 1.148 1.47 1.789 2.095 2.382 2.647 2.887 
0.037 0.147 0.33 0.568 0.842 1.134 1.43 1.718 1.991 2.246 2.478 2.688 
0.038 0.147 0.326 0.558 0.825 1.108 1.393 1.671 1.934 2.178 2.402 2.603 
0.034 0.136 0.31 0.54 0.808 1.095 1.387 1.674 1.946 2.201 2.434 2.645 
0.044 0.16 0.34 0.567 0.822 1.087 1.351 1.606 1.845 2.065 2.266 2.446 
0.032 0.13 0.294 0.51 0.76 1.028 1.3 1.566 1.818 2.054 2.27 2.465 
0.032 0.129 0.295 0.516 0.774 1.05 1.332 1.608 1.872 2.117 2.343 2.547 
0.036 0.138 0.304 0.518 0.762 1.02 1.28 1.532 1.77 1.991 2.193 2.375 
0.036 0.136 0.298 0.506 0.743 0.994 1.245 1.49 1.721 1.934 2.13 2.306 
0.041 0.148 0.314 0.524 0.758 1.003 1.247 1.481 1.702 1.905 2.089 2.255 
0.039 0.144 0.309 0.519 0.755 1.002 1.249 1.488 1.712 1.92 2.108 2.278 
0.042 0.138 0.28 0.451 0.638 0.828 1.014 1.191 1.356 1.507 1.643 1.764 
0.044 0.156 0.328 0.541 0.778 1.024 1.267 1.501 1.719 1.921 2.103 2.267 
0.04 0.149 0.322 0.541 0.789 1.048 1.308 1.558 1.794 2.012 2.211 2.389 
0.042 0.151 0.323 0.539 0.781 1.033 1.285 1.527 1.755 1.965 2.156 2.327 
0.034 0.132 0.294 0.504 0.745 1.001 1.26 1.512 1.751 1.973 2.176 2.359 
0.038 0.145 0.315 0.533 0.78 1.041 1.302 1.554 1.793 2.013 2.215 2.396 
0.044 0.158 0.337 0.561 0.812 1.074 1.334 1.585 1.821 2.038 2.236 2.413 
0.042 0.15 0.32 0.532 0.769 1.017 1.263 1.499 1.722 1.927 2.113 2.28 
0.039 0.142 0.305 0.511 0.743 0.985 1.227 1.461 1.68 1.883 2.068 2.234 
0.04 0.148 0.318 0.534 0.776 1.031 1.286 1.531 1.763 1.976 2.171 2.346 
0.039 0.147 0.323 0.549 0.807 1.08 1.354 1.62 1.871 2.104 2.317 2.508 
0.036 0.147 0.335 0.584 0.874 1.186 1.503 1.813 2.109 2.385 2.638 2.867 
0.038 0.146 0.318 0.54 0.792 1.058 1.325 1.583 1.827 2.053 2.26 2.446 
0.038 0.145 0.317 0.537 0.788 1.053 1.318 1.576 1.82 2.045 2.251 2.436 
0.045 0.152 0.312 0.506 0.72 0.94 1.155 1.361 1.553 1.729 1.889 2.031 
0.04 0.14 0.294 0.483 0.693 0.911 1.126 1.333 1.526 1.703 1.864 2.008 
0.037 0.146 0.324 0.557 0.824 1.107 1.394 1.673 1.938 2.183 2.408 2.611 
0.035 0.145 0.336 0.592 0.893 1.218 1.55 1.877 2.189 2.481 2.75 2.994 
0.033 0.139 0.324 0.572 0.864 1.18 1.504 1.822 2.127 2.412 2.674 2.912 
0.036 0.145 0.33 0.576 0.861 1.167 1.478 1.783 2.074 2.344 2.593 2.817 
0.04 0.154 0.341 0.584 0.862 1.157 1.454 1.743 2.017 2.272 2.504 2.714 
0.038 0.149 0.333 0.574 0.852 1.148 1.447 1.74 2.017 2.275 2.511 2.724 
0.037 0.15 0.341 0.595 0.89 1.206 1.527 1.842 2.142 2.422 2.678 2.911 
0.038 0.152 0.347 0.606 0.907 1.23 1.558 1.88 2.187 2.473 2.735 2.973 
0.038 0.149 0.335 0.579 0.861 1.161 1.465 1.762 2.044 2.306 2.546 2.763 
0.036 0.146 0.334 0.585 0.876 1.19 1.51 1.823 2.122 2.4 2.656 2.888 
0.038 0.15 0.337 0.582 0.865 1.167 1.474 1.773 2.057 2.321 2.563 2.782 
0.039 0.15 0.332 0.567 0.837 1.123 1.411 1.691 1.956 2.203 2.428 2.631 
0.031 0.143 0.351 0.644 1 1.395 1.806 2.217 2.614 2.99 3.337 3.655 
0.032 0.145 0.349 0.632 0.971 1.344 1.731 2.115 2.485 2.834 3.156 3.449 
0.032 0.145 0.349 0.632 0.971 1.344 1.731 2.115 2.485 2.834 3.156 3.449 
0.032 0.145 0.349 0.632 0.971 1.344 1.731 2.115 2.485 2.834 3.156 3.449 
0.0332 0.1456 0.346 0.6214 0.95 1.31 1.682 2.051 2.405 2.739 3.047 3.327 
0.0332 0.1456 0.346 0.6214 0.95 1.31 1.682 2.051 2.405 2.739 3.047 3.327 
0.0332 0.1456 0.346 0.6214 0.95 1.31 1.682 2.051 2.405 2.739 3.047 3.327 
0.0332 0.1456 0.346 0.6214 0.95 1.31 1.682 2.051 2.405 2.739 3.047 3.327 
0.0332 0.1456 0.346 0.6214 0.95 1.31 1.682 2.051 2.405 2.739 3.047 3.327 
0.0332 0.1456 0.346 0.6214 0.95 1.31 1.682 2.051 2.405 2.739 3.047 3.327 
0.052 0.093 0.131 0.178 0.262 0.294 0.34 0.396 0.549 0.738 0.984 1.093 
0.052 0.093 0.131 0.178 0.262 0.294 0.34 0.396 0.549 0.738 0.984 1.093 
0.052 0.093 0.131 0.178 0.262 0.294 0.34 0.396 0.549 0.738 0.984 1.093 
0.052 0.093 0.131 0.178 0.262 0.294 0.34 0.396 0.549 0.738 0.984 1.093 
0.052 0.093 0.131 0.178 0.262 0.294 0.34 0.396 0.549 0.738 0.984 1.093 
0.052 0.093 0.131 0.178 0.262 0.294 0.34 0.396 0.549 0.738 0.984 1.093 
0.052 0.078 0.155 0.214 0.275 0.336 0.394 0.472 0.632 0.714 0.898 1.538 
0.055 0.092 0.109 0.236 0.275 0.314 0.375 0.456 0.521 0.732 0.651 1.137 
0.052 0.084 0.104 0.147 0.211 0.327 0.394 0.449 0.514 0.583 0.631 1.538 
0.052 0.108 0.16 0.199 0.241 0.301 0.388 0.466 0.588 0.871 1.265 1.972 
0.026 0.06 0.132 0.231 0.272 0.35 0.447 0.519 0.716 0.82 1.073 1.854 
0.052 0.095 0.149 0.242 0.294 0.34 0.407 0.503 0.637 0.765 1.184 1.9 
0.055 0.085 0.166 0.207 0.269 0.323 0.378 0.472 0.536 0.644 0.987 1.185 
0.07 0.099 0.122 0.23 0.273 0.32 0.374 0.461 0.596 0.709 1.196 1.769 
0.035 0.135 0.154 0.185 0.266 0.33 0.383 0.449 0.577 0.685 1.012 1.846 
0.058 0.148 0.181 0.223 0.27 0.339 0.398 0.473 0.573 0.796 1.376 1.647 
0.073 0.075 0.172 0.247 0.286 0.346 0.427 0.518 0.64 0.844 1.351 2.11 
0.076 0.117 0.14 0.191 0.27 0.357 0.434 0.503 0.577 0.689 1.089 1.979 
0.1 0.124 0.159 0.197 0.233 0.342 0.444 0.512 0.588 0.75 1.012 1.372 
0.052 0.103 0.22 0.241 0.278 0.339 0.467 0.585 0.702 0.779 0.88 1.538 
0.064 0.091 0.153 0.264 0.309 0.373 0.461 0.582 0.694 0.835 0.97 1.598 
0.037 0.106 0.132 0.186 0.271 0.381 0.451 0.542 0.667 0.787 0.901 1.053 
0.063 0.083 0.118 0.177 0.239 0.275 0.409 0.524 0.594 0.709 0.851 1.046 
0.011 0.089 0.121 0.181 0.246 0.32 0.408 0.579 0.719 0.853 0.965 1.174 
0.041 0.084 0.112 0.224 0.27 0.336 0.462 0.643 0.808 0.868 1.058 1.421 
0.07 0.098 0.145 0.192 0.27 0.34 0.429 0.577 0.807 0.965 1.115 1.367 
0.061 0.092 0.151 0.191 0.28 0.352 0.524 0.683 0.945 1.216 1.426 1.477 
0.104 0.106 0.146 0.201 0.26 0.355 0.495 0.683 0.884 1.088 1.467 1.647 
0.084 0.128 0.138 0.178 0.248 0.34 0.545 0.806 1.035 1.246 1.412 1.655 
0.09 0.109 0.134 0.174 0.25 0.331 0.465 0.742 1.021 1.258 1.376 1.776 
0.043 0.064 0.163 0.196 0.255 0.346 0.466 0.756 0.999 1.141 1.228 1.563 
0.066 0.098 0.122 0.179 0.258 0.325 0.461 0.614 0.828 1.074 1.36 1.671 
0.031 0.074 0.13 0.2 0.257 0.329 0.445 0.645 0.883 1.102 1.321 1.649 
0.036 0.086 0.117 0.186 0.245 0.307 0.4 0.564 0.768 1.005 1.209 1.537 
0.034 0.08 0.158 0.193 0.247 0.307 0.387 0.528 0.7 0.897 1.087 1.541 
0.029 0.075 0.113 0.196 0.259 0.318 0.399 0.517 0.641 0.767 0.918 1.296 
0.033 0.076 0.116 0.141 0.261 0.35 0.419 0.516 0.631 0.752 0.924 1.263 
0.086 0.074 0.121 0.172 0.226 0.331 0.431 0.51 0.621 0.756 0.903 1.177 
0.036 0.048 0.069 0.186 0.254 0.312 0.416 0.515 0.605 0.719 0.861 1.148 
0.014 0.045 0.109 0.142 0.253 0.33 0.411 0.532 0.625 0.764 0.886 1.144 
0.014 0.052 0.101 0.175 0.237 0.313 0.415 0.539 0.649 0.787 0.964 1.473 
0.019 0.067 0.101 0.19 0.287 0.353 0.466 0.613 0.774 0.923 1.173 1.514 
0.007 0.014 0.082 0.202 0.264 0.353 0.476 0.558 0.711 0.912 1.146 1.6 
0.052 0.125 0.268 0.263 0.31 0.362 0.431 0.507 0.678 0.726 0.936 1.143 
0.052 0.093 0.2171 0.2665 0.3716 0.4699 0.6025 0.6496 0.7474 0.7527 1.636 1.72 
0.05116 0.1127 0.2158 0.2769 0.3586 0.4275 0.5445 0.6324 0.7769 0.8333 1.365 1.458 
0.05031 0.1324 0.2144 0.2873 0.3455 0.3852 0.4864 0.6152 0.8064 0.9138 1.094 1.195 
0.05621 0.0938 0.4448 0.3527 0.3692 0.4371 0.5247 0.6156 0.6533 0.8373 1.071 1.11 
0.05284 0.1064 0.2921 0.3022 0.3621 0.4307 0.5379 0.6268 0.7357 0.8346 1.267 1.342 
0.05284 0.1064 0.2921 0.3022 0.3621 0.4307 0.5379 0.6268 0.7357 0.8346 1.267 1.342 
0.05396 0.1022 0.343 0.319 0.3645 0.4328 0.5335 0.6231 0.7082 0.8355 1.202 1.264 
#Inum 
8 
#Inames 
Chile_AcousCS%Chile_AcousN%Chile_CPUE%DEPM%Peru_Acoustic%Peru_CPUE%Chinese_CPUE%Offshore_CPUE 
#Inumyears 
13 
20 
37 
9 
28 
18 
17 
11 
#Iyears 
1997 1998 1999 2000 2001 2002 2003 2004 2005 2006 2007 2008 2009 
1984 1985 1986 1987 1988 1991 2006 2007 2008 2009 2010 2011 2012 2013 2014 2015 2016 2017 2018 2019 
1983 1984 1985 1986 1987 1988 1989 1990 1991 1992 1993 1994 1995 1996 1997 1998 1999 2000 2001 2002 2003 2004 2005 2006 2007 2008 2009 2010 2011 2012 2013 2014 2015 2016 2017 2018 2019 
1999 2000 2001 2003 2004 2005 2006 2007 2008 
1985 1986 1987 1988 1989 1990 1991 1992 1993 1994 1995 1996 1997 1998 1999 2000 2001 2002 2003 2004 2005 2006 2007 2008 2010 2011 2012 2013 
2002 2003 2004 2005 2006 2007 2008 2009 2010 2011 2012 2013 2014 2015 2016 2017 2018 2019 
2001 2002 2003 2004 2005 2006 2007 2008 2009 2010 2011 2012 2013 2014 2015 2016 2017 
2008 2009 2010 2011 2012 2013 2014 2015 2016 2017 2018 
#Imonths 
6 
11 
6 
10.5 
1.5 
2 
6 
6 
#Index 
3530 3200 4100 5600 5950 3700 2640 2640 4110 3192 3140 487 328 
99 324 123 213 134 242 112 275 259 18 440 432 230 144 87 459 587.2 610.5 243.1 347.2 
0.8567 0.7855 0.6962 0.5874 0.7025 0.6229 0.6142 0.5288 0.5964 0.5612 0.4993 0.5413 0.4888 0.491 0.4044 0.3426 0.3501 0.3417 0.4146 0.3646 0.3222 0.3469 0.3163 0.3578 0.2615 0.1833 0.1526 0.1147 0.06399 0.1971 0.1744 0.1383 0.1163 0.2137 0.2544 0.2777 0.3277 
5724 4688 5627 1388 3287 1043 3283 626 1935 
94.32 108.1 109.8 114.2 157.4 229.8 231.7 180.4 145.7 95.25 54.26 29.97 31.66 43.99 52.68 105.8 131.6 96.66 67.47 51.85 75.17 111.3 79.75 24.25 7.247 35.28 50.33 64.5 
4.17 5.064 5.53 4.367 5.801 8.283 4.045 1.501 2.767 7.121 6.294 2.808 3.937 3.177 2.772 3.677 7.679 11.96 
1.34 1.9 1.92 1.45 1.51 1.05 1.19 0.91 0.81 0.58 0.35 0.4 0.58 0.53 1.35 0.77 1.28 
1485 1321 809.3 664.8 596.2 697.5 679.6 1027 719.7 894.3 1492 
#Indexerr 
706 640 820 1120 1190 740 528 528 822 638.4 628 97.4 65.6 
49.5 162 61.5 106.5 67 121 56 137.5 129.5 9 220 216 115 72 43.5 229.5 293.6 305.2 187.8 743.5 
0.1713 0.1571 0.1392 0.1175 0.1405 0.1246 0.1228 0.1058 0.1193 0.1122 0.09986 0.1083 0.09775 0.0982 0.08088 0.06851 0.07003 0.06834 0.08292 0.07291 0.06445 0.06938 0.06326 0.07156 0.0523 0.03666 0.03052 0.02294 0.0128 0.03941 0.03489 0.02767 0.02327 0.04274 0.05088 0.05004 0.07125 
2862 2344 2814 694 1644 521.5 1642 313 967.5 
18.86 21.62 21.96 22.84 31.48 45.95 46.33 36.07 29.15 19.05 10.85 5.993 6.333 8.799 10.54 21.16 26.32 19.33 13.49 10.37 15.03 22.25 15.95 4.85 1.449 7.057 10.07 12.9 
0.8341 1.013 1.106 0.8734 1.16 1.657 0.809 0.3002 0.5533 1.424 1.259 0.5617 0.7875 0.6353 0.5543 0.7355 2.017 2.226 
13.4 19 19.2 14.5 15.1 10.5 11.9 9.1 8.1 5.8 3.5 4 5.8 5.3 13.5 7.7 12.8 
296.9 264.2 161.9 133 119.2 139.5 135.9 205.5 143.9 178.9 152.4 
#Inumageyears 
13 
14 
2 
6 
0 
2 
0 
1 
#Inumlengthyears 
0 
0 
0 
0 
0 
0 
0 
0 
#Iyearslength 
#Iyearsage 
1997 1998 1999 2000 2001 2002 2003 2004 2005 2006 2007 2008 2009 
2006 2007 2008 2009 2010 2011 2012 2013 2014 2015 2016 2017 2018 2019 
2018 2019 
2001 2003 2004 2005 2006 2008 
2018 2019 
2018 
#Iagesample 
4.071 4.071 4.071 4.071 4.071 4.071 4.071 4.071 4.071 4.071 4.071 4.071 4.071 
5.369 5.369 5.369 5.369 5.369 5.369 5.369 5.369 5.369 5.369 5.369 5.369 5.369 5.369 
2018 2019 
26.09 26.09 26.09 26.09 26.09 26.09 
2018 2019 
2018 
#Ipropage 
74 265 7857 8492 2422 668 131 115 128 75 76 95 
3 119 10599 9851 912 236 142 241 166 24 4 6 
0 365 5368 7891 1963 1014 377 194 500 357 212 63 
0 0 2529 11296 7864 2787 567 113 42 20 16 20 
0 280 6596 14354 7124 1792 428 241 177 103 44 7 
0 1 498 2217 1833 2363 565 280 80 21 7 2 
0 1 276 2132 3089 2343 680 200 156 115 54 41 
0 0 120 662 1833 2277 1709 1128 910 893 320 62 
0 0 0 1210 2670 5250 2377 701 320 64 82 188 
0 0 0 12 1799 4266 2625 511 322 188 110 70 
0 0 0 0 1 339 1113 1058 976 869 439 411 
0 0 0 0 0 96 317 256 117 87 34 49 
0 0 0 0 0 0 7 265 169 143 127 98 
116822 403538 272612 154651 21715 0 0 0 0 0 0 0 
273 69043 241335 755691 292140 19746 2980 0 0 0 0 0 
14998 1664458 1622848 41648 45795 16174 145 0 0 0 0 0 
0 54510 55714 20943 392 721 129 0 0 0 0 0 
0 10321 175262 1671927 401742 79272 20972 0 0 0 0 0 
0 764206 350733 1429044 103679 144140 37702 2300 0 0 0 0 
721 538523 63430 214664 307532 116579 9419 779 0 0 0 0 
83292 269344 16908 134710 128512 114395 29374 4131 0 0 0 0 
473762 1040247 14319 20965 5207 19510 12090 0 0 0 0 0 
0.6246 0.0975 0.05252 0.1526 0.04137 0.0239 0.006929 0.000397 0.0002208 0 0 0 
0.6967 0.04076 0.104 0.09939 0.03642 0.01174 0.004763 0.004379 0.001168 0 0.0006631 0 
1.66e+09 4.853e+09 603616527 844897714 461500303 87949910 11702777 0 4504618 0 0 0 
0.4214 0.6981 0.2939 0.3761 0.5105 0.4258 0.5574 0.3658 0.6214 0.3965 0.3122 0.4793 
0.5786 0.3019 0.7061 0.6239 0.4895 0.5742 0.4426 0.6342 0.3786 0.6035 0.6878 0.5207 
0.4169 0.6942 0.2956 0.4016 0.51 0.4135 0.5423 0.3645 0.6209 0.4081 0.3227 0.4913 
0.5831 0.3058 0.7044 0.5984 0.49 0.5865 0.4577 0.6355 0.3791 0.5919 0.6773 0.5087 
0 3787 8944 9208 1436 700 420 401 182 58 14 9 
0 54 529 837 336 563 398 400 219 84 35 6 
0 122 1217 2801 1511 719 405 584 376 168 66 9 
0 0 0 21 1115 718 485 336 136 94 57 0 
0 0 6 216 1232 1892 1473 849 304 114 78 0 
0 0 0 146 419 778 982 716 323 194 9 9 
0.4804 0.8059 0.2315 0.3151 0.4881 0.4224 0.5581 0.3675 0.6232 0.3992 0.3146 0.4821 
0.5196 0.1941 0.7685 0.6849 0.5119 0.5776 0.4419 0.6325 0.3768 0.6008 0.6854 0.5179 
1 1 1 1 1 1 1 1 1 1 1 1 
#Ilengthsample 
#Iproplength 
#Iwtatage 
0.06374 0.1273 0.1643 0.2067 0.2658 0.3581 0.43 0.5283 0.6355 0.7791 0.896 1.022 
0.06374 0.1273 0.1643 0.2067 0.2658 0.3581 0.43 0.5283 0.6355 0.7791 0.896 1.022 
0.06374 0.1273 0.1643 0.2067 0.2658 0.3581 0.43 0.5283 0.6355 0.7791 0.896 1.022 
0.06374 0.1273 0.1643 0.2067 0.2658 0.3581 0.43 0.5283 0.6355 0.7791 0.896 1.022 
0.06374 0.1273 0.1643 0.2067 0.2658 0.3581 0.43 0.5283 0.6355 0.7791 0.896 1.022 
0.06374 0.1273 0.1643 0.2067 0.2658 0.3581 0.43 0.5283 0.6355 0.7791 0.896 1.022 
0.06374 0.1273 0.1643 0.2067 0.2658 0.3581 0.43 0.5283 0.6355 0.7791 0.896 1.022 
0.06374 0.1273 0.1643 0.2067 0.2658 0.3581 0.43 0.5283 0.6355 0.7791 0.896 1.022 
0.06374 0.1273 0.1643 0.2067 0.2658 0.3581 0.43 0.5283 0.6355 0.7791 0.896 1.022 
0.06374 0.1273 0.1643 0.2067 0.2658 0.3581 0.43 0.5283 0.6355 0.7791 0.896 1.022 
0.06374 0.1273 0.1643 0.2067 0.2658 0.3581 0.43 0.5283 0.6355 0.7791 0.896 1.022 
0.06374 0.1273 0.1643 0.2067 0.2658 0.3581 0.43 0.5283 0.6355 0.7791 0.896 1.022 
0.06374 0.1273 0.1643 0.2067 0.2658 0.3581 0.43 0.5283 0.6355 0.7791 0.896 1.022 
0.06374 0.1273 0.1643 0.2067 0.2658 0.3581 0.43 0.5283 0.6355 0.7791 0.896 1.022 
0.06374 0.1273 0.1643 0.2067 0.2658 0.3581 0.43 0.5283 0.6355 0.7791 0.896 1.022 
0.06374 0.1273 0.1643 0.2067 0.2658 0.3581 0.43 0.5283 0.6355 0.7791 0.896 1.022 
0.06374 0.1273 0.1643 0.2067 0.2658 0.3581 0.43 0.5283 0.6355 0.7791 0.896 1.022 
0.06374 0.1273 0.1643 0.2067 0.2658 0.3581 0.43 0.5283 0.6355 0.7791 0.896 1.022 
0.06374 0.1273 0.1643 0.2067 0.2658 0.3581 0.43 0.5283 0.6355 0.7791 0.896 1.022 
0.06374 0.1273 0.1643 0.2067 0.2658 0.3581 0.43 0.5283 0.6355 0.7791 0.896 1.022 
0.06374 0.1273 0.1643 0.2067 0.2658 0.3581 0.43 0.5283 0.6355 0.7791 0.896 1.022 
0.06374 0.1273 0.1643 0.2067 0.2658 0.3581 0.43 0.5283 0.6355 0.7791 0.896 1.022 
0.06374 0.1273 0.1643 0.2067 0.2658 0.3581 0.43 0.5283 0.6355 0.7791 0.896 1.022 
0.06374 0.1273 0.1643 0.2067 0.2658 0.3581 0.43 0.5283 0.6355 0.7791 0.896 1.022 
0.06374 0.1273 0.1643 0.2067 0.2658 0.3581 0.43 0.5283 0.6355 0.7791 0.896 1.022 
0.06374 0.1273 0.1643 0.2067 0.2658 0.3581 0.43 0.5283 0.6355 0.7791 0.896 1.022 
0.06374 0.1273 0.1643 0.2067 0.2658 0.3581 0.43 0.5283 0.6355 0.7791 0.896 1.022 
0.06374 0.1394 0.1602 0.1972 0.2505 0.3109 0.3963 0.5358 0.7114 0.8948 1.066 1.241 
0.06374 0.04471 0.1505 0.1683 0.2116 0.2867 0.3788 0.5679 0.8141 1.046 1.239 1.424 
0.06374 0.09654 0.1213 0.1511 0.1848 0.2638 0.3505 0.4886 0.7717 1.069 1.308 1.429 
0.06374 0.1099 0.1267 0.1708 0.1979 0.2606 0.3511 0.4699 0.7693 1.02 1.162 1.254 
0.06374 0.1273 0.1403 0.1586 0.2001 0.2566 0.3233 0.4608 0.6142 0.8312 1.081 1.371 
0.06545 0.1288 0.1738 0.225 0.2843 0.4437 0.5253 0.6199 0.6819 0.8996 0.8058 1.017 
0.06202 0.1431 0.1779 0.2339 0.2889 0.3635 0.4654 0.5454 0.6274 0.7111 0.9769 0.9501 
0.06374 0.1273 0.2028 0.2457 0.2855 0.3647 0.4645 0.5919 0.6725 0.8085 1.039 1.119 
0.06374 0.1273 0.1643 0.2067 0.2028 0.2457 0.2842 0.3633 0.466 0.5919 0.6725 0.8085 
0.06374 0.1273 0.1643 0.2611 0.366 0.4138 0.4995 0.5887 0.7376 0.8719 0.9056 1.091 
0.06374 0.1273 0.1643 0.2067 0.3968 0.4285 0.5071 0.5991 0.6709 0.8888 1.024 1.147 
0.06374 0.1273 0.1643 0.2067 0.2658 0.4458 0.5234 0.5901 0.6782 0.7832 0.8679 0.9741 
0.06374 0.1273 0.1643 0.2067 0.2658 0.3581 0.43 0.4458 0.5234 0.5901 0.6782 0.7832 
0.06374 0.1273 0.1643 0.152 0.1702 0.3581 0.3559 0.4775 0.5728 0.6473 0.7598 0.8613 
0.06374 0.1273 0.1643 0.2067 0.2658 0.3581 0.43 0.5868 0.6118 0.7063 0.7791 0.8813 
0.06374 0.1273 0.1643 0.2067 0.2658 0.3581 0.43 0.5283 0.6355 0.7791 0.896 1.022 
0.06374 0.1273 0.1643 0.2067 0.2658 0.3581 0.43 0.5283 0.6355 0.7791 0.896 1.022 
0.06374 0.1273 0.1643 0.2067 0.2658 0.3581 0.43 0.5283 0.6355 0.7791 0.896 1.022 
0.06374 0.1273 0.1643 0.2067 0.2658 0.3581 0.43 0.5283 0.6355 0.7791 0.896 1.022 
0.06374 0.1273 0.1643 0.2067 0.2658 0.3581 0.43 0.5283 0.6355 0.7791 0.896 1.022 
0.06374 0.1273 0.1643 0.2067 0.2658 0.3581 0.43 0.5283 0.6355 0.7791 0.896 1.022 
0.06374 0.1273 0.1643 0.2067 0.2658 0.3581 0.43 0.5283 0.6355 0.7791 0.896 1.022 
0.06374 0.1273 0.1643 0.2067 0.2658 0.3581 0.43 0.5283 0.6355 0.7791 0.896 1.022 
0.0381 0.0809 0.1227 0.1822 0.2487 0.3069 0.4071 0.4879 0.6355 0.7791 0.896 1.022 
0.0381 0.0809 0.1227 0.1822 0.2487 0.3069 0.4071 0.4879 0.6355 0.7791 0.896 1.022 
0.0381 0.0809 0.1227 0.1822 0.2487 0.3069 0.4071 0.4879 0.6355 0.7791 0.896 1.022 
0.0381 0.0809 0.1227 0.1822 0.2487 0.3069 0.4071 0.4879 0.6355 0.7791 0.896 1.022 
0.0381 0.0809 0.1227 0.1822 0.2487 0.3069 0.4071 0.4879 0.6355 0.7791 0.896 1.022 
0.0381 0.0809 0.1227 0.1822 0.2487 0.3069 0.4071 0.4879 0.6355 0.7791 0.896 1.022 
0.0381 0.0809 0.1227 0.1822 0.2487 0.3069 0.4071 0.4879 0.6355 0.7791 0.896 1.022 
0.0381 0.0809 0.1227 0.1822 0.2487 0.3069 0.4071 0.4879 0.6355 0.7791 0.896 1.022 
0.0381 0.0809 0.1227 0.1822 0.2487 0.3069 0.4071 0.4879 0.6355 0.7791 0.896 1.022 
0.0381 0.0809 0.1227 0.1822 0.2487 0.3069 0.4071 0.4879 0.6355 0.7791 0.896 1.022 
0.0381 0.0809 0.1227 0.1822 0.2487 0.3069 0.4071 0.4879 0.6355 0.7791 0.896 1.022 
0.0381 0.0809 0.1227 0.1822 0.2487 0.3069 0.4071 0.4879 0.6355 0.7791 0.896 1.022 
0.0381 0.0809 0.1227 0.1822 0.2487 0.3069 0.4071 0.4879 0.6355 0.7791 0.896 1.022 
0.0381 0.0809 0.1227 0.1822 0.2487 0.3069 0.4071 0.4879 0.6355 0.7791 0.896 1.022 
0.0381 0.0809 0.1227 0.1822 0.2487 0.3069 0.4071 0.4879 0.6355 0.7791 0.896 1.022 
0.0381 0.0809 0.1227 0.1822 0.2487 0.3069 0.4071 0.4879 0.6355 0.7791 0.896 1.022 
0.0381 0.0809 0.1227 0.1822 0.2487 0.3069 0.4071 0.4879 0.6355 0.7791 0.896 1.022 
0.0381 0.0809 0.1227 0.1822 0.2487 0.3069 0.4071 0.4879 0.6355 0.7791 0.896 1.022 
0.0381 0.0809 0.1227 0.1822 0.2487 0.3069 0.4071 0.4879 0.6355 0.7791 0.896 1.022 
0.0381 0.0809 0.1227 0.1822 0.2487 0.3069 0.4071 0.4879 0.6355 0.7791 0.896 1.022 
0.0381 0.0809 0.1227 0.1822 0.2487 0.3069 0.4071 0.4879 0.6355 0.7791 0.896 1.022 
0.0381 0.0809 0.1227 0.1822 0.2487 0.3069 0.4071 0.4879 0.6355 0.7791 0.896 1.022 
0.0381 0.0809 0.1227 0.1822 0.2487 0.3069 0.4071 0.4879 0.6355 0.7791 0.896 1.022 
0.0381 0.0809 0.1227 0.1822 0.2487 0.3069 0.4071 0.4879 0.6355 0.7791 0.896 1.022 
0.0381 0.0809 0.1227 0.1822 0.2487 0.3069 0.4071 0.4879 0.6355 0.7791 0.896 1.022 
0.0381 0.0809 0.1227 0.1822 0.2487 0.3069 0.4071 0.4879 0.6355 0.7791 0.896 1.022 
0.0381 0.0809 0.1227 0.1822 0.2487 0.3069 0.4071 0.4879 0.6355 0.7791 0.896 1.022 
0.0381 0.0809 0.1227 0.1822 0.2487 0.3069 0.4071 0.4879 0.6355 0.7791 0.896 1.022 
0.0381 0.0809 0.1227 0.1822 0.2487 0.3069 0.4071 0.4879 0.6355 0.7791 0.896 1.022 
0.0381 0.0809 0.1227 0.1822 0.2487 0.3069 0.4071 0.4879 0.6355 0.7791 0.896 1.022 
0.0381 0.0809 0.1227 0.1822 0.2487 0.3069 0.4071 0.4879 0.6355 0.7791 0.896 1.022 
0.0381 0.0809 0.1227 0.1822 0.2487 0.3069 0.4071 0.4879 0.6355 0.7791 0.896 1.022 
0.0381 0.0809 0.1227 0.1822 0.2487 0.3069 0.4071 0.4879 0.6355 0.7791 0.896 1.022 
0.0381 0.0809 0.1227 0.1822 0.2487 0.3069 0.4071 0.4879 0.6355 0.7791 0.896 1.022 
0.0381 0.0809 0.1227 0.1822 0.2487 0.3069 0.4071 0.4879 0.6355 0.7791 0.896 1.022 
0.0381 0.0809 0.1227 0.1822 0.2487 0.3069 0.4071 0.4879 0.6355 0.7791 0.896 1.022 
0.0386 0.0923 0.1398 0.1824 0.2357 0.3069 0.4071 0.4879 0.6355 0.7791 0.896 1.022 
0.0572 0.1054 0.1518 0.206 0.2255 0.3094 0.3617 0.4879 0.6355 0.7791 0.896 1.022 
0.0506 0.0699 0.0752 0.099 0.2399 0.2795 0.4075 0.4879 0.6355 0.7791 0.896 1.022 
0.0381 0.1057 0.1446 0.2026 0.2813 0.3201 0.453 0.4879 0.6355 0.7791 0.896 1.022 
0.0381 0.048 0.1426 0.173 0.2356 0.2854 0.3954 0.4879 0.6355 0.7791 0.896 1.022 
0.0381 0.0747 0.1101 0.1796 0.224 0.301 0.3378 0.4879 0.6355 0.7791 0.896 1.022 
0.006 0.07 0.095 0.233 0.299 0.346 0.487 0.4879 0.6355 0.7791 0.896 1.022 
0.02119 0.02813 0.1337 0.2019 0.3022 0.428 0.5171 0.566 0.6355 0.7791 0.896 1.022 
0.03195 0.04462 0.1038 0.167 0.3319 0.6302 0.6323 0.4879 0.6355 0.7791 0.896 1.022 
0.01987 0.03994 0.1366 0.1759 0.3309 0.4547 0.5803 0.4879 0.6355 0.7791 0.896 1.022 
0.039 0.066 0.153 0.206 0.283 0.313 0.62 0.65 0.776 0.7791 0.742 1.022 
0.02505 0.03421 0.1343 0.1824 0.2838 0.2904 0.6061 0.65 0.9051 0.7791 0.896 1.022 
0.026 0.038 0.137 0.15 0.202 0.304 0.386 0.44 0.836 1.1 0.896 1.022 
0.01951 0.03619 0.1483 0.1846 0.2494 0.2784 0.4418 0.6132 0.7279 1.1 0.896 1.022 
0.052 0.093 0.131 0.178 0.262 0.294 0.34 0.396 0.549 0.738 0.984 1.093 
0.052 0.093 0.131 0.178 0.262 0.294 0.34 0.396 0.549 0.738 0.984 1.093 
0.052 0.093 0.131 0.178 0.262 0.294 0.34 0.396 0.549 0.738 0.984 1.093 
0.052 0.093 0.131 0.178 0.262 0.294 0.34 0.396 0.549 0.738 0.984 1.093 
0.052 0.093 0.131 0.178 0.262 0.294 0.34 0.396 0.549 0.738 0.984 1.093 
0.052 0.093 0.131 0.178 0.262 0.294 0.34 0.396 0.549 0.738 0.984 1.093 
0.052 0.078 0.155 0.214 0.275 0.336 0.394 0.472 0.632 0.714 0.898 1.538 
0.055 0.092 0.109 0.236 0.275 0.314 0.375 0.456 0.521 0.732 0.651 1.137 
0.052 0.084 0.104 0.147 0.211 0.327 0.394 0.449 0.514 0.583 0.631 1.538 
0.052 0.108 0.16 0.199 0.241 0.301 0.388 0.466 0.588 0.871 1.265 1.972 
0.026 0.06 0.132 0.231 0.272 0.35 0.447 0.519 0.716 0.82 1.073 1.854 
0.052 0.095 0.149 0.242 0.294 0.34 0.407 0.503 0.637 0.765 1.184 1.9 
0.055 0.085 0.166 0.207 0.269 0.323 0.378 0.472 0.536 0.644 0.987 1.185 
0.07 0.099 0.122 0.23 0.273 0.32 0.374 0.461 0.596 0.709 1.196 1.769 
0.035 0.135 0.154 0.185 0.266 0.33 0.383 0.449 0.577 0.685 1.012 1.846 
0.058 0.148 0.181 0.223 0.27 0.339 0.398 0.473 0.573 0.796 1.376 1.647 
0.073 0.075 0.172 0.247 0.286 0.346 0.427 0.518 0.64 0.844 1.351 2.11 
0.076 0.117 0.14 0.191 0.27 0.357 0.434 0.503 0.577 0.689 1.089 1.979 
0.1 0.124 0.159 0.197 0.233 0.342 0.444 0.512 0.588 0.75 1.012 1.372 
0.052 0.103 0.22 0.241 0.278 0.339 0.467 0.585 0.702 0.779 0.88 1.538 
0.064 0.091 0.153 0.264 0.309 0.373 0.461 0.582 0.694 0.835 0.97 1.598 
0.037 0.106 0.132 0.186 0.271 0.381 0.451 0.542 0.667 0.787 0.901 1.053 
0.063 0.083 0.118 0.177 0.239 0.275 0.409 0.524 0.594 0.709 0.851 1.046 
0.011 0.089 0.121 0.181 0.246 0.32 0.408 0.579 0.719 0.853 0.965 1.174 
0.041 0.084 0.112 0.224 0.27 0.336 0.462 0.643 0.808 0.868 1.058 1.421 
0.07 0.098 0.145 0.192 0.27 0.34 0.429 0.577 0.807 0.965 1.115 1.367 
0.061 0.092 0.151 0.191 0.28 0.352 0.524 0.683 0.945 1.216 1.426 1.477 
0.104 0.106 0.146 0.201 0.26 0.355 0.495 0.683 0.884 1.088 1.467 1.647 
0.084 0.128 0.138 0.178 0.248 0.34 0.545 0.806 1.035 1.246 1.412 1.655 
0.09 0.109 0.134 0.174 0.25 0.331 0.465 0.742 1.021 1.258 1.376 1.776 
0.043 0.064 0.163 0.196 0.255 0.346 0.466 0.756 0.999 1.141 1.228 1.563 
0.066 0.098 0.122 0.179 0.258 0.325 0.461 0.614 0.828 1.074 1.36 1.671 
0.031 0.074 0.13 0.2 0.257 0.329 0.445 0.645 0.883 1.102 1.321 1.649 
0.036 0.086 0.117 0.186 0.245 0.307 0.4 0.564 0.768 1.005 1.209 1.537 
0.034 0.08 0.158 0.193 0.247 0.307 0.387 0.528 0.7 0.897 1.087 1.541 
0.029 0.075 0.113 0.196 0.259 0.318 0.399 0.517 0.641 0.767 0.918 1.296 
0.033 0.076 0.116 0.141 0.261 0.35 0.419 0.516 0.631 0.752 0.924 1.263 
0.086 0.074 0.121 0.172 0.226 0.331 0.431 0.51 0.621 0.756 0.903 1.177 
0.036 0.048 0.069 0.186 0.254 0.312 0.416 0.515 0.605 0.719 0.861 1.148 
0.014 0.045 0.109 0.142 0.253 0.33 0.411 0.532 0.625 0.764 0.886 1.144 
0.014 0.052 0.101 0.175 0.237 0.313 0.415 0.539 0.649 0.787 0.964 1.473 
0.019 0.067 0.101 0.19 0.287 0.353 0.466 0.613 0.774 0.923 1.173 1.514 
0.007 0.014 0.082 0.202 0.264 0.353 0.476 0.558 0.711 0.912 1.146 1.6 
0.054 0.158 0.251 0.26 0.318 0.385 0.45 0.553 0.705 0.829 1.117 1.977 
0.052 0.093 0.1816 0.2471 0.3748 0.4847 0.5343 0.6824 1.094 1.281 1.302 1.656 
0.05116 0.1122 0.1909 0.2562 0.3453 0.4285 0.5044 0.6272 0.9352 1.069 1.206 1.447 
0.05031 0.1314 0.2002 0.2653 0.3157 0.3724 0.4746 0.572 0.7767 0.8585 1.11 1.237 
0.01673 0.05839 0.2005 0.2399 0.3034 0.3818 0.4682 0.5622 0.7212 0.9533 1.096 1.616 
0.01555 0.03095 0.2124 0.2411 0.3051 0.3776 0.4945 0.5943 0.7799 0.916 1.346 1.824 
0.01188 0.03367 0.192 0.2692 0.3043 0.3956 0.4822 0.5872 0.7538 0.7658 1.149 2.175 
0.052 0.093 0.131 0.178 0.262 0.294 0.34 0.396 0.549 0.738 0.984 1.093 
0.052 0.093 0.131 0.178 0.262 0.294 0.34 0.396 0.549 0.738 0.984 1.093 
0.052 0.093 0.131 0.178 0.262 0.294 0.34 0.396 0.549 0.738 0.984 1.093 
0.052 0.093 0.131 0.178 0.262 0.294 0.34 0.396 0.549 0.738 0.984 1.093 
0.052 0.093 0.131 0.178 0.262 0.294 0.34 0.396 0.549 0.738 0.984 1.093 
0.052 0.093 0.131 0.178 0.262 0.294 0.34 0.396 0.549 0.738 0.984 1.093 
0.052 0.078 0.155 0.214 0.275 0.336 0.394 0.472 0.632 0.714 0.898 1.538 
0.0547 0.092 0.109 0.236 0.275 0.314 0.375 0.456 0.521 0.732 0.651 1.137 
0.052 0.084 0.104 0.147 0.211 0.327 0.394 0.449 0.514 0.583 0.631 1.538 
0.052 0.108 0.16 0.199 0.241 0.301 0.388 0.466 0.588 0.871 1.265 1.972 
0.0257 0.06 0.132 0.231 0.272 0.35 0.447 0.519 0.716 0.82 1.073 1.854 
0.052 0.095 0.149 0.242 0.294 0.34 0.407 0.503 0.637 0.765 1.184 1.9 
0.0552 0.085 0.166 0.207 0.269 0.323 0.378 0.472 0.536 0.644 0.987 1.185 
0.0704 0.099 0.122 0.23 0.273 0.32 0.374 0.461 0.596 0.709 1.196 1.769 
0.0346 0.135 0.154 0.185 0.266 0.33 0.383 0.449 0.577 0.685 1.012 1.846 
0.0575 0.148 0.181 0.223 0.27 0.339 0.398 0.473 0.573 0.796 1.376 1.647 
0.0727 0.075 0.172 0.247 0.286 0.346 0.427 0.518 0.64 0.844 1.351 2.11 
0.076 0.117 0.14 0.191 0.27 0.357 0.434 0.503 0.577 0.689 1.089 1.979 
0.1003 0.124 0.159 0.197 0.233 0.342 0.444 0.512 0.588 0.75 1.012 1.372 
0.052 0.103 0.22 0.241 0.278 0.339 0.467 0.585 0.702 0.779 0.88 1.538 
0.0644 0.091 0.153 0.264 0.309 0.373 0.461 0.582 0.694 0.835 0.97 1.598 
0.0372 0.106 0.132 0.186 0.271 0.381 0.451 0.542 0.667 0.787 0.901 1.053 
0.0626 0.083 0.118 0.177 0.239 0.275 0.409 0.524 0.594 0.709 0.851 1.046 
0.011 0.089 0.121 0.181 0.246 0.32 0.408 0.579 0.719 0.853 0.965 1.174 
0.0412 0.084 0.112 0.224 0.27 0.336 0.462 0.643 0.808 0.868 1.058 1.421 
0.07 0.098 0.145 0.192 0.27 0.34 0.429 0.577 0.807 0.965 1.115 1.367 
0.0612 0.092 0.151 0.191 0.28 0.352 0.524 0.683 0.945 1.216 1.426 1.477 
0.1044 0.106 0.146 0.201 0.26 0.355 0.495 0.683 0.884 1.088 1.467 1.647 
0.0841 0.128 0.138 0.178 0.248 0.34 0.545 0.806 1.035 1.246 1.412 1.655 
0.0895 0.109 0.134 0.174 0.25 0.331 0.465 0.742 1.021 1.258 1.376 1.776 
0.0426 0.064 0.163 0.196 0.255 0.346 0.466 0.756 0.999 1.141 1.228 1.563 
0.0656 0.098 0.122 0.179 0.258 0.325 0.461 0.614 0.828 1.074 1.36 1.671 
0.0309 0.074 0.13 0.2 0.257 0.329 0.445 0.645 0.883 1.102 1.321 1.649 
0.0358 0.086 0.117 0.186 0.245 0.307 0.4 0.564 0.768 1.005 1.209 1.537 
0.0341 0.08 0.158 0.193 0.247 0.307 0.387 0.528 0.7 0.897 1.087 1.541 
0.0291 0.075 0.113 0.196 0.259 0.318 0.399 0.517 0.641 0.767 0.918 1.296 
0.0328 0.076 0.116 0.141 0.261 0.35 0.419 0.516 0.631 0.752 0.924 1.263 
0.0863 0.074 0.121 0.172 0.226 0.331 0.431 0.51 0.621 0.756 0.903 1.177 
0.0358 0.0483 0.0688 0.1858 0.2538 0.3124 0.4156 0.5152 0.6053 0.7192 0.8613 1.148 
0.0138 0.0453 0.109 0.1423 0.253 0.3299 0.4112 0.5316 0.625 0.7643 0.886 1.144 
0.0138 0.0521 0.1013 0.1747 0.2365 0.3133 0.4149 0.5386 0.6488 0.7873 0.9635 1.473 
0.0193 0.0667 0.1006 0.1901 0.2872 0.3532 0.4664 0.613 0.7735 0.9226 1.173 1.514 
0.0073 0.014 0.0815 0.2018 0.2635 0.3528 0.4758 0.5579 0.7105 0.9117 1.146 1.6 
0.052 0.1254 0.2682 0.2631 0.31 0.362 0.4311 0.5068 0.6783 0.7257 0.9356 1.143 
0.052 0.093 0.131 0.178 0.262 0.294 0.34 0.396 0.549 0.738 0.984 1.093 
0.052 0.093 0.131 0.178 0.262 0.294 0.34 0.396 0.549 0.738 0.984 1.093 
0.052 0.093 0.131 0.178 0.262 0.294 0.34 0.396 0.549 0.738 0.984 1.093 
0.052 0.093 0.131 0.178 0.262 0.294 0.34 0.396 0.549 0.738 0.984 1.093 
0.052 0.093 0.131 0.178 0.262 0.294 0.34 0.396 0.549 0.738 0.984 1.093 
0.052 0.093 0.131 0.178 0.262 0.294 0.34 0.396 0.549 0.738 0.984 1.093 
0.0447 0.1712 0.377 0.6423 0.9449 1.265 1.587 1.9 1.9 1.9 1.9 1.9 
0.04472 0.1714 0.3772 0.6427 0.9456 1.266 1.588 1.902 1.902 1.902 1.902 1.902 
0.02991 0.1295 0.3063 0.5479 0.8348 1.148 1.47 1.789 1.789 1.789 1.789 1.789 
0.0374 0.1473 0.3296 0.5678 0.8421 1.134 1.43 1.718 1.718 1.718 1.718 1.718 
0.03774 0.1467 0.3257 0.5582 0.8246 1.108 1.393 1.671 1.671 1.671 1.671 1.671 
0.03352 0.136 0.3098 0.54 0.8078 1.095 1.387 1.674 1.674 1.674 1.674 1.674 
0.044 0.1596 0.3403 0.5673 0.8216 1.087 1.351 1.606 1.606 1.606 1.606 1.606 
0.03235 0.1298 0.2937 0.5097 0.76 1.028 1.3 1.566 1.566 1.566 1.566 1.566 
0.03166 0.1293 0.2955 0.5164 0.7737 1.05 1.332 1.608 1.608 1.608 1.608 1.608 
0.03614 0.1383 0.3043 0.5183 0.7622 1.02 1.28 1.532 1.532 1.532 1.532 1.532 
0.03562 0.1357 0.2976 0.5059 0.7431 0.9936 1.245 1.49 1.49 1.49 1.49 1.49 
0.04074 0.1476 0.3144 0.5239 0.7584 1.003 1.247 1.481 1.481 1.481 1.481 1.481 
0.03904 0.1438 0.3094 0.5191 0.7551 1.002 1.249 1.488 1.488 1.488 1.488 1.488 
0.04161 0.1384 0.2803 0.4515 0.6377 0.828 1.014 1.191 1.191 1.191 1.191 1.191 
0.04419 0.1562 0.328 0.5413 0.7781 1.024 1.267 1.501 1.501 1.501 1.501 1.501 
0.04034 0.1493 0.3222 0.5415 0.7888 1.048 1.308 1.558 1.558 1.558 1.558 1.558 
0.0417 0.1515 0.3231 0.5389 0.7808 1.033 1.285 1.527 1.527 1.527 1.527 1.527 
0.03381 0.1319 0.2935 0.5037 0.7449 1.001 1.26 1.512 1.512 1.512 1.512 1.512 
0.03848 0.1448 0.3153 0.5332 0.7804 1.041 1.302 1.554 1.554 1.554 1.554 1.554 
0.04368 0.1581 0.3367 0.5609 0.8119 1.074 1.334 1.585 1.585 1.585 1.585 1.585 
0.04169 0.1504 0.3197 0.532 0.7693 1.017 1.263 1.499 1.499 1.499 1.499 1.499 
0.03868 0.142 0.305 0.5109 0.7425 0.985 1.227 1.461 1.461 1.461 1.461 1.461 
0.04 0.1476 0.3178 0.5335 0.7765 1.031 1.286 1.531 1.531 1.531 1.531 1.531 
0.03854 0.1471 0.3229 0.5493 0.8072 1.08 1.354 1.62 1.62 1.62 1.62 1.62 
0.03616 0.147 0.335 0.5843 0.8744 1.186 1.503 1.813 1.813 1.813 1.813 1.813 
0.03846 0.1457 0.3185 0.5402 0.792 1.058 1.325 1.583 1.583 1.583 1.583 1.583 
0.03813 0.1446 0.3165 0.5371 0.7879 1.053 1.318 1.576 1.576 1.576 1.576 1.576 
0.04461 0.1518 0.3116 0.5065 0.7201 0.9396 1.155 1.361 1.361 1.361 1.361 1.361 
0.04 0.1404 0.2937 0.4834 0.6935 0.911 1.126 1.333 1.333 1.333 1.333 1.333 
0.03727 0.1456 0.3242 0.5567 0.8236 1.107 1.394 1.673 1.673 1.673 1.673 1.673 
0.03476 0.1451 0.3359 0.592 0.8927 1.218 1.55 1.877 1.877 1.877 1.877 1.877 
0.03317 0.1393 0.3237 0.572 0.8639 1.18 1.504 1.822 1.822 1.822 1.822 1.822 
0.03575 0.1451 0.3302 0.5755 0.8608 1.167 1.478 1.783 1.783 1.783 1.783 1.783 
0.03969 0.1539 0.341 0.5838 0.8617 1.157 1.454 1.743 1.743 1.743 1.743 1.743 
0.03763 0.1486 0.3329 0.5739 0.8517 1.148 1.447 1.74 1.74 1.74 1.74 1.74 
0.03699 0.15 0.3414 0.5949 0.8896 1.206 1.527 1.842 1.842 1.842 1.842 1.842 
0.0375 0.1524 0.3474 0.606 0.9068 1.23 1.558 1.88 1.88 1.88 1.88 1.88 
0.03767 0.1494 0.3355 0.5793 0.8607 1.161 1.465 1.762 1.762 1.762 1.762 1.762 
0.03574 0.1462 0.3343 0.5846 0.8763 1.19 1.51 1.823 1.823 1.823 1.823 1.823 
0.03764 0.1496 0.3365 0.5817 0.8649 1.167 1.474 1.773 1.773 1.773 1.773 1.773 
0.03872 0.1498 0.3316 0.5672 0.8367 1.123 1.411 1.691 1.691 1.691 1.691 1.691 
0.03092 0.1429 0.3511 0.6443 1 1.395 1.806 2.217 2.217 2.217 2.217 2.217 
0.0324 0.1448 0.3488 0.6316 0.9711 1.344 1.731 2.115 2.115 2.115 2.115 2.115 
0.0324 0.1448 0.3488 0.6316 0.9711 1.344 1.731 2.115 2.115 2.115 2.115 2.115 
0.0324 0.1448 0.3488 0.6316 0.9711 1.344 1.731 2.115 2.115 2.115 2.115 2.115 
0.0324 0.1448 0.3488 0.6316 0.9711 1.344 1.731 2.115 2.115 2.115 2.115 2.115 
0.0324 0.1448 0.3488 0.6316 0.9711 1.344 1.731 2.115 2.115 2.115 2.115 2.115 
0.0324 0.1448 0.3488 0.6316 0.9711 1.344 1.731 2.115 2.115 2.115 2.115 2.115 
0.0324 0.1448 0.3488 0.6316 0.9711 1.344 1.731 2.115 2.115 2.115 2.115 2.115 
0.0324 0.1448 0.3488 0.6316 0.9711 1.344 1.731 2.115 2.115 2.115 2.115 2.115 
0.045 0.171 0.377 0.642 0.945 1.265 1.587 1.9 2.196 2.47 2.721 2.946 
0.045 0.171 0.377 0.643 0.946 1.266 1.588 1.902 2.198 2.472 2.723 2.949 
0.03 0.13 0.306 0.548 0.835 1.148 1.47 1.789 2.095 2.382 2.647 2.887 
0.037 0.147 0.33 0.568 0.842 1.134 1.43 1.718 1.991 2.246 2.478 2.688 
0.038 0.147 0.326 0.558 0.825 1.108 1.393 1.671 1.934 2.178 2.402 2.603 
0.034 0.136 0.31 0.54 0.808 1.095 1.387 1.674 1.946 2.201 2.434 2.645 
0.044 0.16 0.34 0.567 0.822 1.087 1.351 1.606 1.845 2.065 2.266 2.446 
0.032 0.13 0.294 0.51 0.76 1.028 1.3 1.566 1.818 2.054 2.27 2.465 
0.032 0.129 0.295 0.516 0.774 1.05 1.332 1.608 1.872 2.117 2.343 2.547 
0.036 0.138 0.304 0.518 0.762 1.02 1.28 1.532 1.77 1.991 2.193 2.375 
0.036 0.136 0.298 0.506 0.743 0.994 1.245 1.49 1.721 1.934 2.13 2.306 
0.041 0.148 0.314 0.524 0.758 1.003 1.247 1.481 1.702 1.905 2.089 2.255 
0.039 0.144 0.309 0.519 0.755 1.002 1.249 1.488 1.712 1.92 2.108 2.278 
0.042 0.138 0.28 0.451 0.638 0.828 1.014 1.191 1.356 1.507 1.643 1.764 
0.044 0.156 0.328 0.541 0.778 1.024 1.267 1.501 1.719 1.921 2.103 2.267 
0.04 0.149 0.322 0.541 0.789 1.048 1.308 1.558 1.794 2.012 2.211 2.389 
0.042 0.151 0.323 0.539 0.781 1.033 1.285 1.527 1.755 1.965 2.156 2.327 
0.034 0.132 0.294 0.504 0.745 1.001 1.26 1.512 1.751 1.973 2.176 2.359 
0.038 0.145 0.315 0.533 0.78 1.041 1.302 1.554 1.793 2.013 2.215 2.396 
0.044 0.158 0.337 0.561 0.812 1.074 1.334 1.585 1.821 2.038 2.236 2.413 
0.042 0.15 0.32 0.532 0.769 1.017 1.263 1.499 1.722 1.927 2.113 2.28 
0.039 0.142 0.305 0.511 0.743 0.985 1.227 1.461 1.68 1.883 2.068 2.234 
0.04 0.148 0.318 0.534 0.776 1.031 1.286 1.531 1.763 1.976 2.171 2.346 
0.039 0.147 0.323 0.549 0.807 1.08 1.354 1.62 1.871 2.104 2.317 2.508 
0.036 0.147 0.335 0.584 0.874 1.186 1.503 1.813 2.109 2.385 2.638 2.867 
0.038 0.146 0.318 0.54 0.792 1.058 1.325 1.583 1.827 2.053 2.26 2.446 
0.038 0.145 0.317 0.537 0.788 1.053 1.318 1.576 1.82 2.045 2.251 2.436 
0.045 0.152 0.312 0.506 0.72 0.94 1.155 1.361 1.553 1.729 1.889 2.031 
0.04 0.14 0.294 0.483 0.693 0.911 1.126 1.333 1.526 1.703 1.864 2.008 
0.037 0.146 0.324 0.557 0.824 1.107 1.394 1.673 1.938 2.183 2.408 2.611 
0.035 0.145 0.336 0.592 0.893 1.218 1.55 1.877 2.189 2.481 2.75 2.994 
0.033 0.139 0.324 0.572 0.864 1.18 1.504 1.822 2.127 2.412 2.674 2.912 
0.036 0.145 0.33 0.576 0.861 1.167 1.478 1.783 2.074 2.344 2.593 2.817 
0.04 0.154 0.341 0.584 0.862 1.157 1.454 1.743 2.017 2.272 2.504 2.714 
0.038 0.149 0.333 0.574 0.852 1.148 1.447 1.74 2.017 2.275 2.511 2.724 
0.037 0.15 0.341 0.595 0.89 1.206 1.527 1.842 2.142 2.422 2.678 2.911 
0.038 0.152 0.347 0.606 0.907 1.23 1.558 1.88 2.187 2.473 2.735 2.973 
0.038 0.149 0.335 0.579 0.861 1.161 1.465 1.762 2.044 2.306 2.546 2.763 
0.036 0.146 0.334 0.585 0.876 1.19 1.51 1.823 2.122 2.4 2.656 2.888 
0.038 0.15 0.337 0.582 0.865 1.167 1.474 1.773 2.057 2.321 2.563 2.782 
0.039 0.15 0.332 0.567 0.837 1.123 1.411 1.691 1.956 2.203 2.428 2.631 
0.031 0.143 0.351 0.644 1 1.395 1.806 2.217 2.614 2.99 3.337 3.655 
0.032 0.145 0.349 0.632 0.971 1.344 1.731 2.115 2.485 2.834 3.156 3.449 
0.032 0.145 0.349 0.632 0.971 1.344 1.731 2.115 2.485 2.834 3.156 3.449 
0.032 0.145 0.349 0.632 0.971 1.344 1.731 2.115 2.485 2.834 3.156 3.449 
0.0332 0.1456 0.346 0.6214 0.95 1.31 1.682 2.051 2.405 2.739 3.047 3.327 
0.0332 0.1456 0.346 0.6214 0.95 1.31 1.682 2.051 2.405 2.739 3.047 3.327 
0.0332 0.1456 0.346 0.6214 0.95 1.31 1.682 2.051 2.405 2.739 3.047 3.327 
0.0332 0.1456 0.346 0.6214 0.95 1.31 1.682 2.051 2.405 2.739 3.047 3.327 
0.0332 0.1456 0.346 0.6214 0.95 1.31 1.682 2.051 2.405 2.739 3.047 3.327 
0.052 0.093 0.131 0.178 0.262 0.294 0.34 0.396 0.549 0.738 0.984 1.093 
0.052 0.093 0.131 0.178 0.262 0.294 0.34 0.396 0.549 0.738 0.984 1.093 
0.052 0.093 0.131 0.178 0.262 0.294 0.34 0.396 0.549 0.738 0.984 1.093 
0.052 0.093 0.131 0.178 0.262 0.294 0.34 0.396 0.549 0.738 0.984 1.093 
0.052 0.093 0.131 0.178 0.262 0.294 0.34 0.396 0.549 0.738 0.984 1.093 
0.052 0.093 0.131 0.178 0.262 0.294 0.34 0.396 0.549 0.738 0.984 1.093 
0.052 0.078 0.155 0.214 0.275 0.336 0.394 0.472 0.632 0.714 0.898 1.538 
0.055 0.092 0.109 0.236 0.275 0.314 0.375 0.456 0.521 0.732 0.651 1.137 
0.052 0.084 0.104 0.147 0.211 0.327 0.394 0.449 0.514 0.583 0.631 1.538 
0.052 0.108 0.16 0.199 0.241 0.301 0.388 0.466 0.588 0.871 1.265 1.972 
0.026 0.06 0.132 0.231 0.272 0.35 0.447 0.519 0.716 0.82 1.073 1.854 
0.052 0.095 0.149 0.242 0.294 0.34 0.407 0.503 0.637 0.765 1.184 1.9 
0.055 0.085 0.166 0.207 0.269 0.323 0.378 0.472 0.536 0.644 0.987 1.185 
0.07 0.099 0.122 0.23 0.273 0.32 0.374 0.461 0.596 0.709 1.196 1.769 
0.035 0.135 0.154 0.185 0.266 0.33 0.383 0.449 0.577 0.685 1.012 1.846 
0.058 0.148 0.181 0.223 0.27 0.339 0.398 0.473 0.573 0.796 1.376 1.647 
0.073 0.075 0.172 0.247 0.286 0.346 0.427 0.518 0.64 0.844 1.351 2.11 
0.076 0.117 0.14 0.191 0.27 0.357 0.434 0.503 0.577 0.689 1.089 1.979 
0.1 0.124 0.159 0.197 0.233 0.342 0.444 0.512 0.588 0.75 1.012 1.372 
0.052 0.103 0.22 0.241 0.278 0.339 0.467 0.585 0.702 0.779 0.88 1.538 
0.064 0.091 0.153 0.264 0.309 0.373 0.461 0.582 0.694 0.835 0.97 1.598 
0.037 0.106 0.132 0.186 0.271 0.381 0.451 0.542 0.667 0.787 0.901 1.053 
0.063 0.083 0.118 0.177 0.239 0.275 0.409 0.524 0.594 0.709 0.851 1.046 
0.011 0.089 0.121 0.181 0.246 0.32 0.408 0.579 0.719 0.853 0.965 1.174 
0.041 0.084 0.112 0.224 0.27 0.336 0.462 0.643 0.808 0.868 1.058 1.421 
0.07 0.098 0.145 0.192 0.27 0.34 0.429 0.577 0.807 0.965 1.115 1.367 
0.061 0.092 0.151 0.191 0.28 0.352 0.524 0.683 0.945 1.216 1.426 1.477 
0.104 0.106 0.146 0.201 0.26 0.355 0.495 0.683 0.884 1.088 1.467 1.647 
0.084 0.128 0.138 0.178 0.248 0.34 0.545 0.806 1.035 1.246 1.412 1.655 
0.09 0.109 0.134 0.174 0.25 0.331 0.465 0.742 1.021 1.258 1.376 1.776 
0.043 0.064 0.163 0.196 0.255 0.346 0.466 0.756 0.999 1.141 1.228 1.563 
0.066 0.098 0.122 0.179 0.258 0.325 0.461 0.614 0.828 1.074 1.36 1.671 
0.031 0.074 0.13 0.2 0.257 0.329 0.445 0.645 0.883 1.102 1.321 1.649 
0.036 0.086 0.117 0.186 0.245 0.307 0.4 0.564 0.768 1.005 1.209 1.537 
0.034 0.08 0.158 0.193 0.247 0.307 0.387 0.528 0.7 0.897 1.087 1.541 
0.029 0.075 0.113 0.196 0.259 0.318 0.399 0.517 0.641 0.767 0.918 1.296 
0.033 0.076 0.116 0.141 0.261 0.35 0.419 0.516 0.631 0.752 0.924 1.263 
0.086 0.074 0.121 0.172 0.226 0.331 0.431 0.51 0.621 0.756 0.903 1.177 
0.036 0.048 0.069 0.186 0.254 0.312 0.416 0.515 0.605 0.719 0.861 1.148 
0.014 0.045 0.109 0.142 0.253 0.33 0.411 0.532 0.625 0.764 0.886 1.144 
0.014 0.052 0.101 0.175 0.237 0.313 0.415 0.539 0.649 0.787 0.964 1.473 
0.019 0.067 0.101 0.19 0.287 0.353 0.466 0.613 0.774 0.923 1.173 1.514 
0.007 0.014 0.082 0.202 0.264 0.353 0.476 0.558 0.711 0.912 1.146 1.6 
0.052 0.125 0.268 0.263 0.31 0.362 0.431 0.507 0.678 0.726 0.936 1.143 
0.052 0.093 0.2171 0.2665 0.3716 0.4699 0.6025 0.6496 0.7474 0.7527 1.636 1.72 
0.05031 0.3397 0.3581 0.3928 0.4876 0.7132 0.9281 1.334 1.041 1.496 1.131 1.265 
0.05031 0.1324 0.2144 0.2873 0.3455 0.3852 0.4864 0.6152 0.8064 0.9138 1.094 1.195 
0.05621 0.0938 0.4448 0.3527 0.3692 0.4371 0.5247 0.6156 0.6533 0.8373 1.071 1.11 
0.05621 0.0938 0.4448 0.3527 0.3692 0.4371 0.5247 0.6156 0.6533 0.8373 1.071 1.11 
0.05621 0.0938 0.4448 0.3527 0.3692 0.4371 0.5247 0.6156 0.6533 0.8373 1.071 1.11 
0.052 0.093 0.131 0.178 0.262 0.294 0.34 0.396 0.549 0.738 0.984 1.093 
0.052 0.093 0.131 0.178 0.262 0.294 0.34 0.396 0.549 0.738 0.984 1.093 
0.052 0.093 0.131 0.178 0.262 0.294 0.34 0.396 0.549 0.738 0.984 1.093 
0.052 0.093 0.131 0.178 0.262 0.294 0.34 0.396 0.549 0.738 0.984 1.093 
0.052 0.093 0.131 0.178 0.262 0.294 0.34 0.396 0.549 0.738 0.984 1.093 
0.052 0.093 0.131 0.178 0.262 0.294 0.34 0.396 0.549 0.738 0.984 1.093 
0.052 0.078 0.155 0.214 0.275 0.336 0.394 0.472 0.632 0.714 0.898 1.538 
0.055 0.092 0.109 0.236 0.275 0.314 0.375 0.456 0.521 0.732 0.651 1.137 
0.052 0.084 0.104 0.147 0.211 0.327 0.394 0.449 0.514 0.583 0.631 1.538 
0.052 0.108 0.16 0.199 0.241 0.301 0.388 0.466 0.588 0.871 1.265 1.972 
0.026 0.06 0.132 0.231 0.272 0.35 0.447 0.519 0.716 0.82 1.073 1.854 
0.052 0.095 0.149 0.242 0.294 0.34 0.407 0.503 0.637 0.765 1.184 1.9 
0.055 0.085 0.166 0.207 0.269 0.323 0.378 0.472 0.536 0.644 0.987 1.185 
0.07 0.099 0.122 0.23 0.273 0.32 0.374 0.461 0.596 0.709 1.196 1.769 
0.035 0.135 0.154 0.185 0.266 0.33 0.383 0.449 0.577 0.685 1.012 1.846 
0.058 0.148 0.181 0.223 0.27 0.339 0.398 0.473 0.573 0.796 1.376 1.647 
0.073 0.075 0.172 0.247 0.286 0.346 0.427 0.518 0.64 0.844 1.351 2.11 
0.076 0.117 0.14 0.191 0.27 0.357 0.434 0.503 0.577 0.689 1.089 1.979 
0.1 0.124 0.159 0.197 0.233 0.342 0.444 0.512 0.588 0.75 1.012 1.372 
0.052 0.103 0.22 0.241 0.278 0.339 0.467 0.585 0.702 0.779 0.88 1.538 
0.064 0.091 0.153 0.264 0.309 0.373 0.461 0.582 0.694 0.835 0.97 1.598 
0.037 0.106 0.132 0.186 0.271 0.381 0.451 0.542 0.667 0.787 0.901 1.053 
0.063 0.083 0.118 0.177 0.239 0.275 0.409 0.524 0.594 0.709 0.851 1.046 
0.011 0.089 0.121 0.181 0.246 0.32 0.408 0.579 0.719 0.853 0.965 1.174 
0.041 0.084 0.112 0.224 0.27 0.336 0.462 0.643 0.808 0.868 1.058 1.421 
0.07 0.098 0.145 0.192 0.27 0.34 0.429 0.577 0.807 0.965 1.115 1.367 
0.061 0.092 0.151 0.191 0.28 0.352 0.524 0.683 0.945 1.216 1.426 1.477 
0.104 0.106 0.146 0.201 0.26 0.355 0.495 0.683 0.884 1.088 1.467 1.647 
0.084 0.128 0.138 0.178 0.248 0.34 0.545 0.806 1.035 1.246 1.412 1.655 
0.09 0.109 0.134 0.174 0.25 0.331 0.465 0.742 1.021 1.258 1.376 1.776 
0.043 0.064 0.163 0.196 0.255 0.346 0.466 0.756 0.999 1.141 1.228 1.563 
0.066 0.098 0.122 0.179 0.258 0.325 0.461 0.614 0.828 1.074 1.36 1.671 
0.031 0.074 0.13 0.2 0.257 0.329 0.445 0.645 0.883 1.102 1.321 1.649 
0.036 0.086 0.117 0.186 0.245 0.307 0.4 0.564 0.768 1.005 1.209 1.537 
0.034 0.08 0.158 0.193 0.247 0.307 0.387 0.528 0.7 0.897 1.087 1.541 
0.029 0.075 0.113 0.196 0.259 0.318 0.399 0.517 0.641 0.767 0.918 1.296 
0.033 0.076 0.116 0.141 0.261 0.35 0.419 0.516 0.631 0.752 0.924 1.263 
0.086 0.074 0.121 0.172 0.226 0.331 0.431 0.51 0.621 0.756 0.903 1.177 
0.036 0.048 0.069 0.186 0.254 0.312 0.416 0.515 0.605 0.719 0.861 1.148 
0.014 0.045 0.109 0.142 0.253 0.33 0.411 0.532 0.625 0.764 0.886 1.144 
0.014 0.052 0.101 0.175 0.237 0.313 0.415 0.539 0.649 0.787 0.964 1.473 
0.019 0.067 0.101 0.19 0.287 0.353 0.466 0.613 0.774 0.923 1.173 1.514 
0.007 0.014 0.082 0.202 0.264 0.353 0.476 0.558 0.711 0.912 1.146 1.6 
0.052 0.125 0.268 0.263 0.31 0.362 0.431 0.507 0.678 0.726 0.936 1.143 
0.052 0.093 0.2171 0.2665 0.3716 0.4699 0.6025 0.6496 0.7474 0.7527 1.636 1.72 
0.05116 0.1127 0.2158 0.2769 0.3586 0.4275 0.5445 0.6324 0.7769 0.8333 1.365 1.458 
0.05031 0.1324 0.2144 0.2873 0.3455 0.3852 0.4864 0.6152 0.8064 0.9138 1.094 1.195 
0.05621 0.0938 0.4448 0.3527 0.3692 0.4371 0.5247 0.6156 0.6533 0.8373 1.071 1.11 
0.05284 0.1064 0.2921 0.3022 0.3621 0.4307 0.5379 0.6268 0.7357 0.8346 1.267 1.342 
0.05284 0.1064 0.2921 0.3022 0.3621 0.4307 0.5379 0.6268 0.7357 0.8346 1.267 1.342 
#Pspwn 
10.5 
#Pageerr 
1 0 0 0 0 0 0 0 0 0 0 0 
0 0.7625 0.2215 0.0159 2e-04 0 0 0 0 0 0 0 
0 0.244 0.5117 0.2253 0.0185 3e-04 0 0 0 0 0 0 
0 0.0217 0.229 0.4991 0.2287 0.0213 4e-04 0 0 0 0 0 
0 5e-04 0.0243 0.232 0.487 0.2316 0.0243 5e-04 0 0 0 0 
0 0 7e-04 0.0274 0.234 0.4755 0.2341 0.0274 7e-04 0 0 0 
0 0 0 0.001 0.0306 0.236 0.4644 0.2362 0.0306 0.001 0 0 
0 0 0 0 0.0013 0.0338 0.238 0.4538 0.238 0.0338 0.0013 0 
0 0 0 0 0 0.0016 0.0372 0.2394 0.4436 0.2394 0.0372 0.0016 
0 0 0 0 0 0 0.002 0.0405 0.2405 0.4339 0.2405 0.0426 
0 0 0 0 0 0 0 0.0025 0.0439 0.2413 0.4245 0.2877 
0 0 0 0 0 0 0 1e-04 0.0031 0.0473 0.2418 0.7078 
