# mod1.1																																																		
#years																																																			
1970																																																			
2025																																																			
#ages																																																			
1 
8 																																																			
#nbins																																																			
86																																																			
#lengthbin																																																			
5	6	7	8	9	10	11	12	13	14	15	16	17	18	19	20	21	22	23	24	25	26	27	28	29	30	31	32	33	34	35	36	37	38	39	40	41	42	43	44	45	46	47	48	49	50	51	52	53	54	55	56	57	58	59	60	61	62	63	64	65	66	67	68	69	70	71	72	73	74	75	76	77	78	79	80	81	82	83	84	85	86	87	88	89	90
#Fnum																																																			
1																																																			
#Fnames																																																			
FarNorth																																																			
#Fcaton																																																			
#1970	1971	1972	1973	1974	1975	1976	1977	1978	1979	1980	1981	1982	1983	1984	1985	1986	1987	1988	1989	1990	1991	1992	1993	1994	1995	1996	1997	1998	1999	2000	2001	2002	2003	2004	2005	2006	2007	2008	2009	2010	2011	2012	2013	2014	2015	2016	2017	2018	2019	2020	2021	2022	2023	2024	2025
4.71	9.19	18.78	42.78	129.21	37.9	54.15	504.99	386.79	333.81	414.3	445.64	143.72	110.69	200.67	114.62	51.03	46.3	244.23	316.25	370.82	213.45	111.68	133.35	233.35	550.99	495.52	680.05	412.85	203.75	303.7	857.74	154.82	217.73	187.37	80.66	277.57	255.36	169.537	76.629	22.172	326.394	187.396	80.586	74.532	22.447	15.088	8.867	57.163	135.784	140.116	123.636	159.603	202.226	217.212	176.240
#Fcatonerr																																																			
0.05	0.05	0.05	0.05	0.05	0.05	0.05	0.05	0.05	0.05	0.05	0.05	0.05	0.05	0.05	0.05	0.05	0.05	0.05	0.05	0.05	0.05	0.05	0.05	0.05	0.05	0.05	0.05	0.05	0.05	0.05	0.05	0.05	0.05	0.05	0.05	0.05	0.05	0.05	0.05	0.05	0.05	0.05	0.05	0.05	0.05	0.05	0.05	0.05	0.05	0.05	0.05	0.05	0.05	0.05	0.05
#FnumyearsA																																																			
0																																																			
#FnumyearsL																																																			
54																																																			
#Fageyears																																																			

#Flengthyears																																																			
1972	1973	1974	1975	1976	1977	1978	1979	1980	1981	1982	1983	1984	1985	1986	1987	1988	1989	1990	1991	1992	1993	1994	1995	1996	1997	1998	1999	2000	2001	2002	2003	2004	2005	2006	2007	2008	2009	2010	2011	2012	2013	2014	2015	2016	2017	2018	2019	2020	2021	2022	2023	2024	2025
#Fagesample																																																			

#Flengthsample																																																			
30	30	30	30	30	30	30	30	30	30	30	30	30	30	30	30	30	30	30	30	30	30	30	30	30	30	30	30	30	30	30	30	30	30	30	30	30	30	30	30	30	30	30	30	30	30	30	30	30	30	30	30	30	30							
#Fagecomp																																																			
#1	2	3	4	5	6	7	8																																												

#Flengthcomp																																																			
#5	6	7	8	9	10	11	12	13	14	15	16	17	18	19	20	21	22	23	24	25	26	27	28	29	30	31	32	33	34	35	36	37	38	39	40	41	42	43	44	45	46	47	48	49	50	51	52	53	54	55	56	57	58	59	60	61	62	63	64	65	66	67	68	69	70	71	72	73	74	75	76	77	78	79	80	81	82	83	84	85	86	87	88	89	90
0	0	0	0	0	0	0	0	0	0	0	0	0	22.3445162144372	112.422939103129	217.857045269991	804.399844265066	1472.12183844949	1889.9661173909	1596.84045703392	2324.06562883069	4104.55856476645	4485.49733787863	3759.23653742128	2047.17070004118	535.105622914081	466.673627174657	664.936506802773	749.016327782088	689.638964571725	915.45838104491	996.054381173593	1107.18130459079	1144.3830250095	1407.0716200147	1245.63154007483	1075.16623300829	833.429030131592	928.272263558743	975.824272964581	1004.66206246016	800.415065970263	714.16969437526	672.290447263708	504.793343503477	411.563637684846	407.937156586694	331.054474096789	318.517307095661	358.352733209113	277.752536673787	279.147810144786	335.922989872281	242.591673711053	232.101360286932	232.525213596492	247.131905739916	150.540216735184	39.9277766439963	36.4785213514364	17.4777719879483	10.7683669696597	9.03318507067911	9.29830722333944	7.95548406585823	7.60696441028365	22.3283625124814	58.3297386440143	7.63253478846486	0.00132037523599224	0	0	0.0262552868866754	0	0	0	0	0	0	0	0	0	0	0	0	0
0	0	0	0	0	0	0	0	0	0	0	0	0	0	0	0	0	0	0	0	5.05773388903446	12.1832216779806	56.1845501879587	129.509720058719	598.240212743519	1377.07549987592	4188.36459021093	8039.49197955737	7922.49175765289	7410.79256607423	3909.30399997762	2614.4294670915	3386.55559676367	1502.2373141078	1915.16233968596	2153.29319085419	2602.09990572883	3051.58059899509	3318.64625218092	3774.58242474529	3160.69502784279	2342.03823434743	2095.84513732903	1328.99791343419	1348.70169540752	1500.85313396432	1073.34265497548	858.596908194664	714.68756563559	649.593653329504	496.0813131721	487.876019028036	346.277241006781	435.881276287643	359.99147883828	278.859347819506	283.619373211075	154.904705243699	61.4293215218788	29.5666440006875	30.9351516429669	7.15005812133473	8.40143067662592	6.18262285504396	15.548025065462	1.04054697886035	2.35498128226169	1.89879629926782	0.523686217932135	0.985825727551004	0.492912863775502	0.328608575850335	0	0	0	0	0	0	0	0	0	0	0	0	0	0
0	0	0	0	0	0	0	0	0	0	0	0	0	0	0	0	0	0	0.150004422174075	0.450013266522226	5.70016804261486	23.2506854369817	10.4420131327184	0.604639901199455	25.4670363361527	1011.14106807801	13399.7699794767	41480.788609529	59228.7880895241	47598.432180874	30870.7474410904	22910.8976655762	11704.0311681771	5265.42317132901	6423.365652069	3522.83278178746	2105.91243570885	3830.44075453559	3150.1711224736	1955.92513433389	994.682736941557	1425.20029918358	1574.98584820839	1896.11537605684	953.709271000032	1075.76174849797	739.462386624137	324.654650694645	892.188625908905	715.463286911213	1060.84877920651	1141.2438815455	1522.37935801903	1618.63444023293	1257.7211220972	1308.51505066654	2093.44484890169	2098.2853442734	311.34770425542	299.166432119537	259.964505256981	283.55032725239	240.770434644997	198.385123300021	71.6335565466744	35.6775543712828	28.9126034468788	14.8878876922613	24.3155511260063	0.144244184134498	5.41692033645977	5.41692033645977	0	10.8760615674654	20.7523987758374	0	0	0	0	0	0	0	0	0	0	0
0	0	0	0	0	0	0	0	0	0	0	0	0.308034644941517	10.4758615716527	49.543552491953	59.0979937724222	65.5694049598352	82.9272966353458	31.5487617148393	33.9547698227068	52.1807334647196	87.2103261768227	373.765766656216	948.461725851833	784.439019483774	658.822562426624	1753.53079807575	2545.09605725962	3332.17624525664	4921.23683534701	8771.30307782722	11074.7162380653	11809.2781555284	9925.15524972289	7207.80669209835	4783.65782026197	2576.37959409297	1472.96182726377	413.696117716405	158.367959308244	43.3013866915095	46.953358643577	7.54108211856481	4.24272581404544	126.686168452781	3.55501077262975	169.082534786477	537.840233145803	127.384664659872	467.945123136447	566.122643463532	479.371688752749	530.247867425094	373.264526935675	574.177437396881	217.351866548755	581.82368021406	329.971013391574	160.169350350708	250.214131264591	32.706937861813	116.610048196619	72.428968049301	55.4882167723282	1.43462109347474	54.0535956788534	0	0	0	0	0	0	0	0	0	0	0	0	0	0	0	0	0	0	0	0
0	0	0	0	0	31.2288867482899	0	0	0	0	0	0	0	32.793193140946	35.3505148670764	171.637930883121	66.0383755806407	134.634072887412	202.777780895434	103.946212173847	96.3561782854789	71.3200104495641	231.170449373662	347.976545476868	630.396854319244	1356.1833497653	2338.00069693373	2923.96394140526	3015.35590350295	3255.27722040476	5564.98162783437	8853.84331807579	10715.5683567771	10131.2195440838	7849.85199718756	5314.82206506408	5132.4182710237	4855.76813540331	4146.4129548282	3842.23996659027	3004.17947058393	2395.36696354895	2351.65301078088	1622.51795137316	1738.89977063279	1579.63421265108	1471.37507196348	1416.59619407101	1069.90204836829	1092.46611484234	472.464785617485	625.323181985858	588.136638399145	147.522459642664	567.363039163721	31.8934084997352	130.9551017098	17.0942779049437	25.4651640227509	1.45129485589997	2.2236153422631	0.276054179606283	2.18864938153488	1.04837466596942	1.0134087052412	0	0	0	0	0	0	0	0	0	0	0	0	0	0	0	0	0	0	0	0	0
0	0	0	0.0309934706330794	0	0	0	101.947404186404	0	2196.32318346122	0	0	487.139013813766	918.933387221631	630.630521005321	1711.91416831837	3456.75991726962	14135.762925163	25268.7844506884	38860.6622043858	24590.4696376192	17712.6295475296	27917.2723372327	49743.067079675	153586.050796119	226377.84774244	172114.267032475	95023.4394798681	103482.947910473	97176.612203254	88814.8161771615	89291.4837437847	66188.2188126994	51272.3952478381	35694.3793534674	28577.0264731185	31370.1946313335	36783.8971955202	20926.8565321316	18175.3175518354	10207.1499832971	11891.6576267306	9973.02860317365	7543.41501799379	6583.68108151214	5883.50113394367	4947.09856046575	3185.11616881101	2406.87669074576	1612.9649870764	1499.82242268565	1805.61030781146	1657.19161847968	1068.83134182555	734.681244528277	667.496194781637	768.729636540216	394.511596273335	154.928871561167	100.907315556377	76.3855415322069	28.9116134740706	57.7059721707407	57.9093150553127	0.0478331129417067	0.267781432706203	0	0	0	0	0	0	0	0	0	0	0	0	0	0	0	0	0	0	0	0
0	0	0	0	0	0	0	0	0	0	0	0	0	0	0	0	0	518.188556355501	280.978764077525	606.62474890623	3721.80401596129	5802.7652977167	21486.0740081835	67630.3032281377	225855.862299673	379923.518619148	234424.403997568	114267.264668619	59761.00542223	40724.6269782974	34794.2872478843	43440.5196619886	45075.1372468901	42821.5387368566	32261.0630385153	21453.2624401898	11694.1344149211	9302.56435550441	10488.0993853821	9963.71828528857	6740.67578329278	5846.22460294703	4895.26323423175	2121.85052552242	2173.45789023867	1498.19010780249	955.317195382893	913.98215848508	714.949558890831	460.67548676411	276.932957052504	168.131822941962	109.489423677072	36.1101037267613	122.883950667932	15.781722367423	26.9257823757029	4.96284212877915	0.954386315629767	0.0399009716068102	0.954386315629767	2.17320396485219	0	0	0	0	0	0	0	0	0	0	0	0	0	0	0	0	0	0	0	0	0	0	0	0
0	0	0	0	0	0	0	0	0	0	0	0	0	3559.30507499115	12457.3639007403	6051.19351858468	1067.77404863488	0.473909653683827	355.924682878294	175.22250125755	267.730549949315	4720.15246293297	8508.55150975849	18295.3028580837	20206.298963444	28355.9918491587	41039.9768344685	49104.7528165513	39729.6691896731	32389.2091169545	23731.9956432905	18822.8046836544	17015.7189483674	12782.2434713729	14789.6480232072	14371.3401712654	14989.7469183256	13678.7889914966	10008.9494020523	7655.82749987483	8055.52577211885	4933.87028336697	2049.74347072064	2928.49875156931	2211.224485927	1729.17907643638	1175.7050064073	1759.75026907937	1237.78758510892	1297.03026411534	443.447699436837	467.896163979719	776.781229920456	595.080990030561	6.84349858792488	1.38908099527314	0.966447935485553	0.243886179903883	0	0	0	0	0	0	0	0	0	0	0	0	0	0	0	0	0	0	0	0	0	0	0	0	0	0	0	0
0	0	0	0	208.363037145876	1193.81244472466	2990.59784926776	481.630618341366	103.205168143648	208.363037145876	2642.76616674455	4226.23352959807	12984.6356701486	5875.43262283868	6578.3700865472	1353.55733564126	99.085801076334	3258.16659121402	2930.23569397508	7942.75847895466	3108.52272039269	2456.44915269899	1704.49612925599	2443.22391859861	7378.22490504195	16075.4942606168	16794.477209661	33069.1821406177	47897.7034607707	60858.7635782173	35342.7874223499	31042.3520908525	23397.9731495816	19898.6746125388	13140.8207654087	9818.62914555282	3272.32027381957	2333.3152090536	2769.85291845695	2088.9997098047	2928.19298395016	2937.61048462383	2121.71152877166	2449.42178408234	1390.18262199168	1364.48404856592	513.908705988285	429.396170235149	367.864544043152	314.421781598582	314.572275922504	168.057492129687	128.629312920096	14.694133219942	4.76399512195246	3.73156879856848	2.76837042269607	0	0	0	0	0	0	0	0	0	0	0	0	0	0	0	0	0	0	0	0	0	0	0	0	0	0	0	0	0
0	0	0	0	0	0	0	0	0	0	0	0	0	0	0	0	22.489765464563	47.7602251410529	174.451492497314	799.669019522847	3543.5110855027	3292.1342170181	2829.58629109536	4130.85506425074	5776.18285531815	9695.82234390894	10687.6931835687	9868.6571928157	12912.3432544114	11744.1600949788	8456.17185834068	7572.03247340115	5148.47955259565	4432.14048249508	4154.66660183145	3364.88743292152	2666.13002195942	1923.93681475221	1093.46007442321	530.819712622451	429.095986097785	563.705512056727	320.190218865092	220.491051784358	124.30182021599	96.9530529198496	344.56616017976	67.6176620500714	68.4918546292347	87.0217998546029	57.6152737945223	43.1882992774405	34.7528520201887	24.6424613438661	12.1668672104892	1.99290972595102	0.49859968194716	0.0655963686125463	0.0218654562041821	1.04101147182269	0	1.0191460156185	0	0	0	0	0	0	0	0	0	0	0	0	0	0	0	0	0	0	0	0	0	0	0	0
0	0	0	0	0	0	0	94.4493522538624	1.05760230551986	155.434965106426	397.766012578305	1070.11549179586	1192.3210156345	4149.04208792617	4931.15239368436	6337.28409105115	7370.76721310202	1830.66585700412	881.79276463332	372.026239779755	264.584235046813	261.791941250728	532.49147264931	1002.69449781323	2787.63968947006	10826.5452113913	25789.5552992249	31573.0035032834	22518.2876636953	12683.3290587055	9220.70429905898	7288.2251629699	5256.08033822521	3989.34514466805	3183.93527145266	3111.68872909843	2069.6909746268	1222.60682412927	1025.64570010057	747.18953258676	644.415978624425	628.599417800988	608.75556158233	511.690234034047	387.811897863543	330.795470704619	272.440381531041	232.210491379481	189.726080805281	117.262295843766	74.5156771318922	52.2758034971721	26.680949768496	10.0087720358893	4.22705991886832	0	0.436830708961691	0.174732283584676	0	0	0	0	0	0	0	0	0	0	0	0	0	0	0	0	0	0	0	0	0	0	0	0	0	0	0	0
0	0	0	0	0	0	0	0	0	0	0	0	0	0	0	0	1.37450013294059	1.37450013294059	160.504332017446	199.608238655362	2033.43107171294	2450.33460709657	3478.5044078036	7393.5992314947	7923.4671573972	7703.84019438766	10314.3323887854	22759.7956730252	35888.9040183359	38885.2100237246	32222.0768133244	25860.608921064	19507.8339790738	15045.2298624123	7950.89532275996	4910.66213737497	1506.78833044857	1146.20594979649	891.871558324887	373.475648487845	210.205849378441	183.371978969208	89.0958506888118	64.8061966923662	92.8444754302071	89.7000669867357	71.9780963380019	39.2064553441441	57.9300295037829	12.6283371747059	8.10392218672111	8.90514975740344	5.64839734116331	0.0240469912884319	0.864705214500489	2.41264826301809	0	0	0	0	0	0	0	0	0	0	0	0	0	0	0	0	0	0	0	0	0	0	0	0	0	0	0	0	0	0
0	0	0	0	0	0	0	0	0	0	135.478606307383	1083.82885045907	2032.17909461075	812.871637844299	270.957212614766	0	0	0.114922320461123	892.958752547713	1691.00221461258	5099.56405281429	11107.1293686577	15905.2966336988	30608.2526691673	37600.7059768755	42982.1709668549	32313.5807205333	52054.0049838704	61093.1515055325	53664.2975113267	48930.6076403731	40106.6195739997	26791.2423963856	21136.155077637	13745.6467963507	9598.19475851117	5918.94323498962	4055.24844171835	3667.17600648091	4958.71553583723	4158.58045151763	2593.91230420224	3718.81464752699	2822.89029692679	2307.28275720826	779.857396717542	356.177410630884	276.402318949763	98.962662521175	73.6330821628046	94.2140441045245	8.01446069273088	119.785408534319	16.0289213854618	8.01446069273088	8.01446069273088	0	0	0	0	0	0	0	0	0	0	0	0	0	0	0	0	0	0	0	0	0	0	0	0	0	0	0	0	0	0
0	0	0	0	0	0	0	0	0	0	0	0	0	0	0	0	0	0	0	186.49550738068	290.104122592169	372.99101476136	996.199643288651	3889.86903048743	6007.52454785072	15650.4374715794	18499.3856238993	17924.6940250831	20416.453646237	18889.6285746319	15485.2951436364	11536.4986170528	9266.81650269554	8956.14388042937	7528.42529953408	7261.91442350447	6170.12933043785	5135.46627742641	3732.574963935	3162.92391896408	2548.19373712184	2711.10010835021	1917.52687298046	1780.64391235543	1365.91270999444	1137.35498378746	853.734951234113	553.874918180057	351.637882813542	250.496066503772	205.77889992306	123.886955315766	34.4875175229385	44.0896977664791	30.268161243398	39.8952696744838	36.5187104694794	18.2593552347397	0	0	0	0	0	0	0	0	0	0	0	0	0	0	0	0	0	0	0	0	0	0	0	0	0	0	0	0
0	0	0	0	0	0	0	0	0	0	0	0	5.04420764013617	2130.42320586752	3896.36366471723	6626.32794013431	8384.48614826615	9896.72393426471	7541.07692890708	6047.37667557423	4951.17057776906	4260.33063735224	3204.40560513356	1640.03448555924	668.42521717196	552.302349966895	451.175232557512	599.861408005411	1043.01544809214	2946.85323442136	5390.42896708047	8320.94081795661	10922.6845549583	10029.566984395	9802.19318207786	6825.59200045423	4119.30434940658	2894.13433720603	2118.97746550835	1721.62190744204	1227.7821830577	1064.64913076843	1009.42648676905	672.423355591622	634.876018739362	514.398692191617	529.092126006538	453.217068743556	346.259491881061	283.964386552714	176.754130061232	146.629654788334	127.376508510924	85.6888137813765	43.3910884490214	52.7287996834479	7.70572762880227	11.5242872032412	4.47160143588615	2.37413454528301	0	0	0	0	0	0	0	0	0	0	0	0	0	0	0	0	0	0	0	0	0	0	0	0	0	0
0	0	0	0	0	0	0	0	0	0	0	2048.04244431851	11150.4533079563	14563.8573818205	8647.29032045592	3239.21998286866	1917.86943517982	3863.78008775336	9329.54743376514	6889.58212804663	14881.3551624709	20717.8643322345	25588.5027106097	22781.4474044408	20942.5825498426	15032.478581428	7231.99704306515	5823.37584037661	4568.28911413247	2820.31264195738	2694.80314557649	2666.64449795815	2084.22233202509	2052.42377630696	2155.23595112993	1202.46012546833	1027.70628472936	898.695937142361	674.682456210037	429.711399352675	199.61779038393	137.016590349187	81.7783563083002	21.3988408409432	17.8416662689827	23.7951232843556	28.6323473943788	42.1738184389283	56.9815460626477	50.6502631667979	29.1239013209088	13.9288223708694	8.86379605418963	3.79876973750984	1.26625657916995	0	0	1.26625657916995	0.387351326319996	0	0	0	0	0	0	0	0	0	0	0	0	0	0	0	0	0	0	0	0	0	0	0	0	0	0	0
0	0	0	0	0	0	0	0	0	0	0	0	0	0	10.5642646955874	85.2692061116028	114.265399715859	96.3073462848906	567.835419012474	1816.78897596425	9815.62115691769	37020.3576227612	77521.3132161533	87985.7039490868	72712.3019569848	52288.2129388282	35730.4163582808	22509.478941459	13868.1104456204	8322.45755634915	6308.51310299562	4986.73321771034	3853.83787430034	3720.75208268059	2805.35326382353	2394.18627496121	1825.43552233684	2165.89090574033	2019.4841740934	2015.46463841293	1979.05556396834	1700.0294902101	1505.94565428814	1013.42066011368	814.526315557055	450.368394714968	262.582264508459	234.829864968142	188.790588050545	126.421329965269	118.239030411783	149.150802615814	110.921905801882	52.9002923034278	50.6806510407407	26.9745802486086	4.60201936664469	7.29329140661721	1.96599699715696	1.61153591578266	0.354944691173209	0	0	0	0	0	0	0	0	0	0	0	0	0	0	0	0	0	0	0	0	0	0	0	0	0
0	0	0	0	0	0	0	0	0	0	0	0	0	0	0	0	236.17032573043	1962.49519091375	282.712197676905	1406.94308445668	614.035340078339	1372.90774615088	4288.14141516314	14823.0444102496	21469.1752600133	40523.4265081827	48087.9666473942	43838.2260280091	39866.280673647	33269.1937909719	28988.4519309038	24855.7977689806	22448.6465556315	17698.9417601268	13573.3293428878	9328.23029928803	5536.15916323426	4861.40055045419	2936.21212574561	1721.75158298308	1529.55526328992	1012.93437137301	846.448478736451	802.376543217175	496.599638905919	359.527177871587	366.276906798219	204.298815723032	49.558066332106	115.750778775051	22.5946275357054	13.5901784612198	9.42455931602465	0.553746360125062	0	0	0.553746360125062	0	0	0	0	0	0	0	0	0	0	0	0	0	0	0	0	0	0	0	0	0	0	0	0	0	0	0	0	0
0	0	0	0	0	0	0	0	0	0	0	0	0	0	0	5.64547846905222	742.511635944645	1122.22485315344	3696.53549869486	4416.24379891647	8357.64299996844	3320.35419705836	2658.07141990935	1334.46743030669	2140.91663233017	5847.7297222122	25200.2814417507	47384.4685889188	64122.34624912	56800.7192629028	41238.0018909642	39276.1696255503	37542.1638022596	36570.6038231801	28838.0260757397	24040.1579353601	18440.2899093487	11445.8760315694	10228.7365137937	6018.50984407166	3444.16053964916	1910.40977308081	1443.84106510099	672.255861748658	522.497310436663	231.402884824838	131.141745379659	190.358513506039	198.352865880196	209.504224399405	254.008031158204	393.087661391354	576.073050257237	420.239176502636	377.974291029255	203.730221515231	75.0519034530309	22.713789571576	9.08108800016192	0	10.4161300553189	0	0	0	0	0	0	0	0	0	0	0	0	0	0	0	0	0	0	0	0	0	0	0	0	0
0	0	0	0	0	0	0	0	0	0	0	25.8276100777133	21.1981561989276	63.5944685967828	28.0393423879325	676.718175560683	2786.92111803249	1134.29767546865	1845.66146789723	2774.1816260343	3587.36658425296	4652.3544840362	9617.74356733834	14591.0421308758	13831.7366083774	17691.9494860068	18823.7595460859	31466.217161794	44991.2052679782	50740.5446921479	39136.3505096695	33156.5273805519	30689.1416868612	23985.4416769336	18457.5802998506	14779.1693706556	9255.55660234075	3219.85409222849	2172.79676166537	1702.74555765119	1559.28037387295	240.73481517652	79.4883720332889	16.2773215357006	5.98163559652308	4.8322947260516	6.07486922092269	84.4850582557384	13.0039460091117	10.8062141075716	17.7352908957606	15.5375589942204	12.6680649255433	7.60083895532598	26.9478646326052	5.06722597021732	2.86949406867712	0	0	2.53361298510866	2.53361298510866	0	0	0	0	0	0	0	0	0	0	0	0	0	0	0	0	0	0	0	0	0	0	0	0	0
0	0	0	0	0	0	0	0	0	0	0	0	0	0	0	0	0	86.2365094359941	627.032479163481	2174.37852333363	2422.03201121056	7957.17544515523	9622.62031867564	3130.45488371248	3682.5797509644	7194.84983208636	13308.3348133158	12666.0264193538	15697.5181965303	19800.4922356697	27212.8643088482	28043.1327709069	21222.2943002881	16810.558355608	13069.0791351373	11416.4059593291	7387.37307213395	5704.86123572068	6070.19164326249	4417.03064680588	2672.10041916051	1382.02774981752	791.07680557996	376.482535592211	311.392169633071	332.702414090925	268.881484867045	273.076435334315	186.901820377505	402.16131824031	688.058253645472	694.518290788057	625.769311353246	247.108403271522	89.9818990715306	52.8358970914719	52.1418861952433	17.4049302525047	0	1.11283610262193	0	0	0	0	0	0	0	0	0	0	0	0	0	0	0	0	0	0	0	0	0	0	0	0	0	0
0	0	0	0	0	0	0	0	0	0	0	0	0	0	0	24.9377186780888	154.35021519338	1853.69876590324	12441.6202488181	116880.956814528	27329.9017072168	55402.1356705446	69868.8683323306	43612.8415635563	57230.9567669704	48552.6860316407	24747.9276402148	19089.4991312702	24816.1356845034	22423.9505734118	23548.8127332019	20338.4073716841	15228.8924863778	6924.38022828615	3628.37776972079	2183.64379533844	1230.33777522959	1288.82134638078	446.953624263322	234.186048616891	235.150754248221	177.422580046617	0	0	0	0	0	0	0	0	0	0	0	0	0	0	0	0	0	0	0	0	0	0	0	0	0	0	0	0	0	0	0	0	0	0	0	0	0	0	0	0	0	0	0	0
0	0	0	0	0	0	0	0	0	0	0	0	0	76.2006781368216	191.772385377969	274.012550982895	348.375626544497	520.907741182588	1769.42408771776	4331.55781754871	5848.68307385998	6678.15002981761	8315.77238791382	17163.4935838919	34428.3216449685	29396.1461475709	29384.4050639559	65970.2163201584	85316.7167790287	67679.6976037106	42327.9750997021	29762.3900241681	19790.9753044075	15116.2450369857	11087.5969044089	8374.9206177472	7236.5205603958	5670.6520981518	4537.31494567887	3532.57960149551	5024.19956566478	3904.16437848537	2402.16477509994	2114.37703350685	3691.34277609805	2402.61086379464	1597.69479209277	1077.61289652905	1071.51866251788	1245.29258215015	1879.25941974285	2037.97821073348	1935.95852805288	1274.12214362863	1051.48827212216	957.630768518653	933.466842147064	498.903940975073	39.0885218879117	39.0885218879117	24.2035439482216	29.9314252494157	0	0	0	0	0	0	0	0	0	0	0	0	0	0	0	0	0	0	0	0	0	0	0	0
0	0	0	0	0	0	0	0	0	537.86703449314	8334.43909842961	38618.0128129725	27287.2608514586	7071.21722280182	838.851370437111	2988.67582688813	9102.79103433155	21602.8661028648	27461.9097165192	25154.3480954813	27795.7275529266	37213.2075814744	45675.6545923367	57363.1764608908	90078.4370561003	105121.041736204	119972.395816792	150359.16621369	180188.107783652	152550.187376882	90057.74503948	53090.5385500832	26116.9356560169	19225.7440136144	11830.40066794	9711.72437756753	6967.01182838772	5197.592693889	4330.13644393166	2828.17657453947	1911.35772561454	1377.17053857373	1276.85345788306	468.399598116124	982.848795287596	434.400261428993	412.592677054484	144.342905020744	207.323387634499	53.1454832728273	127.320623773395	80.0367272703852	200.75340874393	491.056529616033	503.858057556928	392.214103797252	303.43000395136	208.619211807057	194.317424780165	9.85922585310002	9.85922585310002	6.90740241545442	0	0	0	0	0	0	0	0	0	0	0	0	0	0	0	0	0	0	0	0	0	0	0	0
0	0	9756.30617750353	32499.6317420968	25589.0394817102	3230.71320958622	3230.71320958622	3230.71320958622	3230.71320958622	10462.1382136972	12566.4243137768	16957.456138425	36368.8652176337	25214.6711104314	7494.60037197554	3586.57039522081	15528.2740853379	28073.9954665105	69345.4897008097	153531.424499345	201937.741499729	207556.133063842	173270.488663216	120174.198162795	116349.945482727	125648.407662902	159044.670432858	159489.65719635	116695.564211123	100057.777307636	74322.1252487638	43439.3514097381	24809.3727478941	8801.84831536559	5520.30064511317	2607.27054177333	1635.18981194503	470.648182889395	406.521047612994	299.842951921751	162.98008784299	105.472984937404	18.3528935724831	29.1950560372572	19.9199439774426	5.39529291483142	0.218845548904954	1.30471957121658	0.00715552682495453	0.933471508679823	0	0.257247509102191	0	0	0	0	0	0	0	0	0	0	0	0	0	0	0	0	0	0	0	0	0	0	0	0	0	0	0	0	0	0	0	0	0	0
0	0	0	0	0	0	0	0	0	0	0	133.509935607786	133.509935607786	0	0	0	38.7440828262488	1279.86949576032	6683.37362492308	12835.2420285027	33402.4198471663	96532.9283244655	245381.735232494	254999.096587369	140079.93197276	122636.201885423	222821.746018068	374646.961364927	479214.722080222	321040.50568351	108780.326432359	53370.1828777867	31567.8003277888	10782.3717749166	3996.04258397179	1347.23637294012	1033.50710963736	824.740823423179	199.706771999767	353.853042402671	123.365679772789	47.7339492586448	208.868057907115	24.0143847670487	0	0	24.0143847670487	0	0	0	0	0	0	0	0	0	0	0	0	0	0	0	0	0	0	0	0	0	0	0	0	0	0	0	0	0	0	0	0	0	0	0	0	0	0	0
0	0	0	0	0	0	0	2.96532349178766	41.7735237558981	382.925868006932	4482.91106230078	14945.554149195	7946.91907036095	4313.44781856576	18546.3969751099	74433.7984884192	106545.350142666	81964.3328989787	76864.234298708	86693.1319235993	173415.088963936	387993.929831403	462460.438077687	300719.4291942	154824.353898756	86939.067297339	53275.4955555832	31313.1104874258	25148.5279821991	22908.9842879541	21187.8124850204	9269.3503891459	5322.488436393	2648.71597565853	1556.061725219	938.16901624734	565.985720641688	596.614971887747	222.726625990345	177.469275791284	181.198708380474	128.019922134905	233.294402488039	78.299888019706	108.18133257665	55.5442860646427	8.96337321891839	7.1902052909909	4.22898164083635	2.42911557782571	3.86611429084527	0.59379175739634	0	1.18758351479268	0	0.59379175739634	0	10.6673355971708	0	0	0	0	0	0	0	0	0	0	0	0	0	0	0	0	0	0	0	0	0	0	0	0	0	0	0	0
0	0	0	0	0	0	0	0	0	0	28.8409627843623	435.282595753742	3136.46217780272	3017.3219496725	3765.11662906242	13788.9782148017	28711.0069797792	40187.0331036471	53952.2023724997	75521.8562621417	106013.870775422	100817.4382482	111728.786592442	101271.499175912	117635.32741391	87736.9618114852	44697.3243730328	20992.3770611591	15000.807335153	8367.96699928903	5144.23191532448	3719.27450333313	3498.09481474125	1733.59105142944	1757.0982179667	2618.44457014545	1350.65193132596	611.888019269684	1024.70798482874	801.838941162746	414.137182892248	605.943285489727	77.376749799069	505.696653685395	77.376749799069	219.059536494382	0	0	154.753499598138	104.630183695972	0	0	0	0	0	0	0	0	0	0	0	0	0	0	0	0	0	0	0	0	0	0	0	0	0	0	0	0	0	0	0	0	0	0	0	0
0	0	0	0	0	0	0	0	35.475113912055	177.375569560275	532.126708680825	496.65159476877	390.226253032605	326.942392123282	3185.92238062666	20726.8963003651	68424.5400716421	99738.5497094407	147515.190212554	154620.508753054	107861.704318994	106160.088822028	144954.81003484	156183.09382257	124624.109309207	155631.401583126	146598.340530991	92799.7603372667	39037.5285925721	12204.1786552171	2784.75117949933	460.837317368819	239.630835169732	96.3899814170033	78.6973086621872	150.029932420938	243.548712081676	111.620075698005	93.2481016442223	25.2800051885533	10.0670446952388	4.48261554494863	1.09453629245016	2.14235302719994	0.696148856616885	0.72310208529153	0.46409923774459	0.232049618872295	0	0	0.696148856616885	0.232049618872295	0	0	0	0	0	0	0	0	0	0	0	0	0	0	0	0	0	0	0	0	0	0	0	0	0	0	0	0	0	0	0	0	0	0
0	0	0	0	0	191.286584126612	0	191.286584126612	191.286584126612	6886.31702855802	5815.85733679576	3448.47313628598	1470.922166026	1480.55609633072	2020.15040661643	1809.07649574897	2650.24124228702	9018.60841154537	37090.9276945957	81148.6918179194	197242.785250095	324244.877129362	435258.749629669	488318.360755062	589992.518689471	603268.899918107	391103.85633819	199841.966367866	64720.4609805961	17585.4338458017	5659.72628554627	781.088242686998	133.711796800388	102.771824664619	205.543649329238	0	0	0	0	0	0	0	0	0	0	0	0	0	0	0	0	0	0	0	0	0	0	0	0	0	0	0	0	0	0	0	0	0	0	0	0	0	0	0	0	0	0	0	0	0	0	0	0	0	0	0
0	0	0	0	0	0	9.94489135767706	9.94489135767706	9.94489135767706	228.732501226572	288.401849372635	129.283587649802	99.4489135767706	79.5591308614165	30.0571578975896	51.195948519497	449.825785809648	1395.28339873115	3962.01616577901	10156.2235246058	17571.6493314648	17244.9809822845	12938.4366443181	9459.74583586949	17894.6505005868	51738.9284881135	92118.1280655301	101126.263573815	93149.3173288648	64837.5736626308	31022.714128442	10324.2267501383	4875.77769876357	2345.14596658562	1109.76976073629	262.176876298249	85.3812243195314	0.863871195944458	0.0201818331763048	0	0	0	0	0	0	0	0	0	0	0	0	0	0	0	0	0	0	0	0	0	0	0	0	0	0	0	0	0	0	0	0	0	0	0	0	0	0	0	0	0	0	0	0	0	0	0
0	0	0	0	0	0	0	0	0	0	0.839216356240352	12.2215580724898	380.694715180589	1761.32174054361	3654.65472204471	8711.86207855087	12953.1632451831	21255.7852841768	41595.437045959	63251.6583090575	71700.5578832484	53024.584346984	47535.9411710191	55790.1574136057	78190.4989281369	84677.1781913313	62250.7838762869	42952.7960204159	35593.7794199861	30102.0388554365	29608.0460868451	39162.6255313318	40462.9376230944	27152.3453284337	14942.5120636329	6493.82579324285	2766.43255006648	729.320073021877	124.330404836698	48.9590092984389	26.7944792291657	6.69861980729143	0	0	0	0	0	0	0	0	0	0	0	0	0	0	0	0	0	0	0	0	0	0	0	0	0	0	0	0	0	0	0	0	0	0	0	0	0	0	0	0	0	0	0	0
0	0	0	0	0	0	0	0	0	0	0	0	0	0.176336154576519	17.6348481318178	332.181363659451	1257.33058720502	894.636942676018	856.698338813087	1776.61797565816	2938.65373533108	1963.12438516733	2466.99329177656	6021.35973983938	14139.9729346095	28663.3141721634	36348.8248760583	37524.031433442	44487.1514503423	57352.9006395296	59948.9680412489	49114.5994943271	35028.5791550643	32162.2273823803	27775.6122237467	18200.2610062672	10080.6850573576	5607.91014701942	2894.96769199202	1229.63006132675	611.5318924671	189.320396730112	47.8162601621396	35.1455124336954	8.9575474538987	0	0	0	0	0	0	0	0	0	0	0	0	0	0	0	0	0	0	0	0	0	0	0	0	0	0	0	0	0	0	0	0	0	0	0	0	0	0	0	0	0
0	0	0	0	0	7.18954952530231	0	0	7.18954952530231	0	0	108.141707255431	248.390844337825	1404.02260455216	14837.9173499918	30590.2269779134	38130.5391728256	39884.0893194893	36773.5196914894	35493.0877694545	20018.8946105453	6839.57103679858	4870.81019269147	3241.52523476952	4113.76742792681	2483.14045472061	2562.40762694504	1468.82561839994	1321.05317393306	392.107035683759	142.837595891307	97.5724806504962	218.952789237139	730.915713961776	3545.06716145559	10674.0019959182	18939.6932407489	18269.9848881002	11024.5435049188	5428.08633124746	3381.71607868965	1722.96081498363	933.014295737658	348.621987867677	115.854665835527	14.6806197818391	0	0	0	0	0	0	0	0	0	0	0	0	0	0	0	0	0	0	0	0	0	0	0	0	0	0	0	0	0	0	0	0	0	0	0	0	0	0	0	0
0	0	0	0	0	44.7723647343058	44.7723647343058	44.7723647343058	44.7723647343058	447.723647343058	268.634188405834	44.7723647343058	0.379190441200642	9.00880675617638	292949.83651072	3087260.76685756	8851783.42572597	13026771.5058035	15346197.2574259	14453592.1554373	11431168.2120292	8736707.16674628	5707624.39889196	2346276.72326996	1061362.27783161	777143.720807012	939944.561805958	989618.575266362	1019040.34054101	758499.452574827	468068.443633678	227865.323155967	31553.4339363752	9906.31414871304	3753.22622357065	3138.7160131123	1668.77766792401	2411.19623296451	1930.90209572694	2561.79946643501	9901.75867047911	2953.32785940736	3392.49430023755	884.474446165394	479.632490846287	482.64060646965	253.715496888977	31.4854954016011	0	198.867583146801	0	0	0	0	0	0	0	0	0	0	0	0	0	0	0	0	0	0	0	0	0	0	0	0	0	0	0	0	0	0	0	0	0	0	0	0
0	0	0	0	0	0	0	0	60.8836717799715	426.185702459801	2922.41624543863	4573.83954705516	1264.7064786494	1595.2265973179	2261.77048589935	2554.28745404424	3537.43975408111	4861.15571927769	4453.00549998905	9190.64276306171	46477.5328910493	90082.0807174133	75916.2049796718	52782.2784648641	56444.7310827925	40799.1373664127	32985.6255959393	48874.3390703188	76844.3192368848	88819.362357765	79658.8272988405	60851.8407823639	41185.5286455911	22461.333776656	9814.44401931523	4245.3051032222	1722.75572472603	951.342275875548	418.963929750265	113.022348367187	13.3305376281744	0	16.738696692799	3.66627911511644	3.66627911511644	3.66627911511644	13.7191305118374	3.66627911511644	6.38657228160451	0	0	0	0	0	0	0	0	0	0	0	0	0	0	0	0	0	0	0	0	0	0	0	0	0	0	0	0	0	0	0	0	0	0	0	0	0
0	0	0	0	0	0	0	0	0	0	0	0	0	0	0	0	0	57.8737213828278	254.872659345596	762.346789078411	1952.84091022513	3569.3245966897	4116.31795924331	4883.5078785959	7670.13719347074	17625.6979761119	46921.3541872991	86406.950233894	99490.7681824501	78810.0382826925	46578.5388924286	24228.1477458897	13023.6209150574	7531.5906774719	5762.86677757143	6551.78638651456	4965.17379638038	2717.3661594324	1015.79328936979	363.14527129349	135.506525536898	29.1526647860372	29.0492540824771	0	0	0	0	0	0	0	0	0	0	0	0	0	0	0	0	0	0	0	0	0	0	0	0	0	0	0	0	0	0	0	0	0	0	0	0	0	0	0	0	0	0	0
0	0	0	0	0	0	0	0	56.0305366747832	224.122146699133	1200.54696766107	2654.59083552778	3899.61741303817	8859.11558079344	15413.657458145	22801.6823353001	32374.2344867769	31943.6859698106	36731.0437274978	27152.6574999036	31482.0243463383	31032.8732004027	30769.2432665157	14913.3654526211	10511.6381655672	7979.1360892565	7766.85357765134	9195.42221815901	7365.60025823279	4980.31724364442	2175.3201315532	1510.84366476613	860.349439632167	1703.34294163831	2979.29276333172	5319.96986902234	9247.87751699473	9313.60926902869	4800.20339757407	2032.77346890986	660.053263396372	181.735010552322	92.6378366618051	3.48583601944243	7.66883924277335	3.48583601944243	1.39433440777697	2.78866881555395	0	0	2.09150161166546	0	0	0	0	0	0	0	0	0	0	0	0	0	0	0	0	0	0	0	0	0	0	0	0	0	0	0	0	0	0	0	0	0	0	0
0	0	0	0	0	0	0	0	0	0	0	0	17.4378377209207	142.163230635088	763.508721564706	2425.97333562718	2743.16233864838	2424.48597304286	2622.60583146879	9441.18964323639	26907.5823993719	20658.8616758503	14124.8760410657	9186.33934146339	6304.68762729441	3382.82138019769	1486.41056955239	1448.49661921279	551.82939810267	629.57686265153	82.9867822982156	76.5672833106028	2.69727095243045	28.3269431436206	43.958889621706	2.98513533964487	1.05357717869819	38.100887133181	1.22917337514789	0.702384785798793	0.702384785798793	0.526788589349095	1.58668785937976	2.11979854006134	3.17969781009201	4.76954671513801	6.88934525519935	9.00914379526069	12.1888416053527	7.41929489021468	4.23959708012268	2.11979854006134	0	0	0	0	0	0	0	0	0	0	0	0	0	0	0	0	0	0	0	0	0	0	0	0	0	0	0	0	0	0	0	0	0	0
0	0	0	0	368.892412445599	33.5356738586908	33.5356738586908	33.5356738586908	33.5356738586908	571.297123267802	205.976713832379	139.078456560403	178.178302215844	112.917514650206	322.11366118625	1410.26500762069	2240.76267053747	3502.0549905414	5009.27276471969	4663.45555926314	5588.73454391957	17116.3837574936	46755.3469433538	87081.2084681245	136641.733914038	157218.499067562	157481.611388455	170606.095308641	128211.448723552	39128.9093497683	5015.11442601802	790.787440067916	226.253248103617	19.7032526435404	0.00533788577740682	0.121527609942724	0.0924620864636293	0.060763804971362	0.121527609942724	0.129818736061707	0	0	0	0	0	0	0	0	0	0	0	0	0	0	0	0	0	0	0	0	0	0	0	0	0	0	0	0	0	0	0	0	0	0	0	0	0	0	0	0	0	0	0	0	0	0
0	0	0	0	0	0	0	0	0	4.23867615182843	8.47735230365686	21.1933807591422	29.5765131846538	41.8601654503791	86.7373876983251	263.406862707118	589.633903953034	1374.23802786879	2922.79324494861	4046.93249229762	4490.65242123808	4296.62949622737	3417.65537751225	3422.63261036691	4099.83386401276	4803.94329771694	2740.52755296255	1063.17872398432	2745.77456742498	17229.4661039666	59554.0242589189	79253.0857650458	64524.9176567295	74912.9153068176	47959.2269766542	16499.9146145195	5115.97862215537	1945.09035766324	882.389909648897	362.074749919415	113.473630194667	29.1807456023487	0.562862851049222	0	1.42228160427138	0	0	0	0.242938311833294	2.42938311833293	2.59134199288846	1.53860930827753	0.89077381005541	0.161958874555529	0	0	0	0	0	0	0	0	0	0	0	0	0	0	0	0	0	0	0	0	0	0	0	0	0	0	0	0	0	0	0	0
0	0	0	0	0	0	0	0	0	0	29.0707117417058	140.585624195059	537.464401186374	3686.55131396229	11065.407778933	34756.5891783259	44844.0860779164	35714.6164849657	26558.3646810418	20079.1488968027	11080.5174104826	6544.8913675774	5162.5363571557	7742.92508319401	6560.94325978932	10043.2374027222	12347.6172629401	17100.4550532319	14597.2269991539	5436.84147959214	5771.3882770444	3901.29607704407	2242.73966399943	1000.94957638665	814.917330130622	948.510344628464	2361.27907702058	8503.89029031076	14920.4782460372	9782.85777749607	4956.74658018601	1731.60747922629	228.786671808561	19.095468755544	0	0	0	0	0	0	0	0	0	0	0	0	0	0	0	0	0	0	0	0	0	0	0	0	0	0	0	0	0	0	0	0	0	0	0	0	0	0	0	0	0	0
0	0	0	0	0	0	0	0	0	0	0	0	264.84400339358	1148.24666934237	2944.77486392777	6776.09365775806	19983.4307729621	25772.0715167676	17968.819859378	17719.89298834	18290.480462491	16449.7997317224	12531.4216926167	14915.0349626972	14318.6656978601	11253.0519384616	15076.9036046139	31211.2648036258	42337.798191651	26831.8628978256	11888.7822848646	5337.98102293484	4138.8508866657	4307.33276973035	3398.83557790225	1172.39215262398	617.140140072998	111.758866630402	36.134200821256	1.53991983210344	0	0	9.10198051881652	1.63248916643561	0.97553627823279	0	0	0	0	0	0	0	0	0	0	0	0	0	0	0	0	0	0	0	0	0	0	0	0	0	0	0	0	0	0	0	0	0	0	0	0	0	0	0	0	0
0	0	0	0	0	0	0	0	0	20.2427104975474	60.7281314926421	139.51891626217	331.851763452131	1337.79602014675	1732.93034571935	2765.65577804284	1803.67115506593	2647.85623255774	3588.89169834819	6117.97139224355	9933.5818548751	10399.277165039	12712.5405627904	13090.2210407097	11058.5805946153	9051.67716735538	7104.96636920158	5332.40422358476	4213.11818738227	3036.78162847347	1442.48230396191	1061.09290868752	826.093891303927	297.138749210249	392.925857522811	60.4345157825615	76.2281837111468	14.784430125041	18.4805376563013	7.39221506252052	3.69610753126026	0	0	0	0	0	0	0	0	0	0	0	0	0	0	0	0	0	0	0	0	0	0	0	0	0	0	0	0	0	0	0	0	0	0	0	0	0	0	0	0	0	0	0	0	0
0	0	0	0	0	0	0	0	0	0	0	0	0	0	0	31.2108369759328	77.7213764553257	255.793714120924	362.308731952018	733.300688819256	1528.51499744287	2825.80022482541	3037.45561624822	3269.96330583743	3876.48311404624	4189.7655141836	3699.4130198548	3391.34050847009	3130.12212852361	3527.70890371317	2884.49552403053	2823.31854708621	2324.02260337031	2192.86047300153	1566.46110298252	856.43455266324	482.728725186785	308.59198580307	192.234260142245	191.993102831245	170.742137351796	23.1735918665203	19.6082840820905	6.47778943497616	3.8452199566702	3.86824979240103	7.73649958480206	2.60953964257513	0	0	0	0	0	0	0	0	0	0	0	0	0	0	0	0	0	0	0	0	0	0	0	0	0	0	0	0	0	0	0	0	0	0	0	0	0	0
0	0	0	0	0	0	0	0	0	0	0	0.64197785389239	22.0104504125006	27.1136754416144	50.3042313664119	165.982441899412	363.039521929887	781.929339475821	1271.1792608769	2430.91483143544	2713.65081484367	2671.07917987136	3294.20891043858	4035.92159339791	5212.62847932528	4969.74424159143	3691.31038070907	2233.57592263668	1867.31882548906	1402.51105975672	1204.36371709283	874.538889323297	1004.92194814128	623.559572116909	444.073805008048	290.569340856895	209.628823301144	123.358051877887	38.135325115364	24.8199500662155	11.7433229673986	2.02647462980891	0	0	0	0	0	0	0	0	0	0	0	0	0	0	0	0	0	0	0	0	0	0	0	0	0	0	0	0	0	0	0	0	0	0	0	0	0	0	0	0	0	0	0	0
0	0	0	0	0	0	0	0	0	0	3.86739962755302	7.73479925510605	263.067601754448	1292.12606611308	1912.20887927224	1495.67279601339	2994.29203327495	4788.42982004928	4387.90503795007	5351.0264580652	5795.55047961195	9319.11822560158	21489.304827746	34977.4808505768	47040.1124023257	39579.5102534268	21701.1788923489	9448.70574319641	6785.47682306091	6600.10272348008	5547.9071067716	4383.23875014052	3004.75630468993	2058.62288964845	1433.38732002758	1327.00223021161	830.763780662111	734.406396941439	605.833422009997	404.544578696452	287.502498414283	186.86542521664	51.9735996408911	185.372238434399	11.989967286342	40.7250542328948	1.34432660229253	0.196999878388164	0	0	0	0	0	0	0	0	0	0	0	0	0	0	0	0	0	0	0	0	0	0	0	0	0	0	0	0	0	0	0	0	0	0	0	0	0	0
0	0	0	0	0	0	0	0	0	0	0.886882083609085	0	11.0878866061584	12.5826348646195	51.7535948559074	101.474325794499	142.180345597802	272.6969127949	504.035966987118	661.558027623793	1003.91632928488	1775.96923933764	2850.36400641076	5658.38149567518	14741.2463489755	7500.86229347724	12927.3228406	22065.0374091687	31804.7396752074	45488.1769637483	55417.0904788762	49770.0618334374	33597.8163644961	20828.3555006574	12069.9793571493	7315.42801442699	4633.94905191581	3191.73440234183	1693.56868029311	969.419004227326	684.894743301687	165.395138332745	107.783139665661	98.8275867140674	45.5449919425802	12.3201251399363	8.57533136516064	0	0	0	0	0	0	0	0	0	0	0	0	0	0	0	0	0	0	0	0	0	0	0	0	0	0	0	0	0	0	0	0	0	0	0	0	0	0	0
0	0	0	0	0	0	0	0	0	0	0	0	0	0	0	16.7818598633863	31.6698818777412	95.0096456332236	238.001297826151	666.26420307113	797.569032921647	513.235029225639	562.507661549482	432.173129717052	535.749459566529	1750.13768113519	4332.54850104719	6600.20086843464	10714.6557853464	17304.8274033589	23675.1058461493	34610.1492833867	45900.9747621397	53867.3585839651	44003.880756498	29355.938631878	17111.0165022708	12410.2987943991	6292.649802679	2718.4207398394	1292.63367146638	583.426583872372	178.564379634242	94.8772929822698	44.8263897800339	46.3672287045946	17.0742286140683	9.07918183133615	0	0	0	0	0	0	0	0	0	0	0	0	0	0	0	0	0	0	0	0	0	0	0	0	0	0	0	0	0	0	0	0	0	0	0	0	0	0
0	0	0	0	0	0	0	0	0	0	0	0	0	0	0	0	0	0.360366073165728	8.05775313158319	114.377895704254	189.254000986005	171.779804072474	162.628501025662	192.748665318844	261.327755437937	437.90057637624	743.195865491856	921.546586383988	1464.95826861852	2014.99240061121	2671.96436060091	4369.8037165456	6742.23917412106	9805.16519617875	11826.3970111864	13321.3627830052	13914.0241867961	14145.7298528737	16653.6758555749	16436.0973101984	16765.7517311777	11847.3165053157	8962.5050976556	5208.67922434107	2952.7065560457	1664.84033484642	1114.080906849	411.256060987178	230.325852189455	118.882636161833	86.6961210502937	37.3893909441508	24.1406915705361	13.5388373730356	8.35086454107084	2.5975631573257	2.17255444478411	0.693521122484311	0	0	0	0	0	0	0	0	0	0	0	0	0	0	0	0	0	0	0	0	0	0	0	0	0	0	0	0
0	0	0	0	0	0	0	0	0	0	0	0	0	0	0	0	0	10.7728534664798	0	10.9909495288899	11.2090455913001	21.7486536255789	114.503478065643	198.752466191897	707.249408924019	1496.03036740957	2479.38972293793	3743.15440189564	5636.76424198403	6652.1111033572	6351.13547013613	7140.68078057341	8975.07390897135	12302.3934727415	14396.8661768795	15862.088053006	14649.2722993942	12854.178535984	11424.3409347753	11169.1485080082	13567.8889896734	13030.0589199538	13282.8166174173	12671.4691763296	11024.3756852281	8839.15321546482	6124.52978898425	4462.645556904	3134.57328676718	1841.73593512741	1012.67480325655	553.426627371214	396.467354857832	256.27921137463	121.280008175546	135.878830711093	79.3279250253887	42.727449011762	0	0	0	0	0	0	0	0	0	0	0	0	0	0	0	0	0	0	0	0	0	0	0	0	0	0	0	0
0	0	0	0	0	0	0	0	0	0	0	0	0	0	0	0	0	6.63483965006299	10.2743729777139	11.4141383161886	42.5499006233533	101.704567765733	153.406147193689	224.304105391194	525.645622248222	979.827882907281	2045.93779084962	3882.16962796418	6809.54762115064	11932.2881696675	16863.0964350442	19870.8043911217	16100.4466918031	13388.9793369332	11477.7666710147	9822.59759336143	11117.405358656	12533.7999305358	13848.371030943	15425.3209581145	15691.4881114109	14930.4316765822	14896.5426129654	13932.1342580379	13636.4393718299	13296.3895121838	13130.6144215591	11681.9379738118	9895.34452747489	8044.05068864207	6493.66560012584	4477.34983734949	3092.9542920179	1793.07349624414	1088.23332366602	559.591019130692	144.710853438936	86.6549781457347	0	0	0	0	0	0	0	0	0	0	0	0	0	0	0	0	0	0	0	0	0	0	0	0	0	0	0	0
0	0	0	0	0	0	0	0	0	0	0	0	0	0.851735334983241	3.40694133993296	3.8939083502564	3.7472573935745	21.3537255010962	105.012308533613	240.43158473676	234.826992754258	334.274493641276	631.060972845299	880.039376716902	1037.49355393912	1099.05999688759	1230.94511555815	974.002173378982	980.451986680519	1330.52135301678	1719.05835824807	2878.31483232378	3104.73966431522	4733.69324382768	8160.62030847194	11534.962570666	12508.5656168	12579.4285022988	12950.4996351167	11864.3900035982	13090.5930367383	14805.4656879	15115.0506011148	14507.4224215123	13461.2191738683	12030.7090901909	10384.6254485021	10187.4817391238	9974.60891562182	9908.08557782713	8784.87369761664	8212.11759470346	6792.02145682916	4861.69169772664	3605.22132806913	2124.27730582052	1059.49170574226	664.677968388808	0	0	0	0	0	0	0	0	0	0	0	0	0	0	0	0	0	0	0	0	0	0	0	0	0	0	0	0
0	0	0	0	0	0	0	0	0	4.95402526186304	0	0	0	64.3058145858666	41.9155221566886	264.979873524167	407.737835040503	591.739373371126	584.051800482842	843.688832424742	1284.22019459513	2173.38818423686	2882.28398488568	2544.7454104385	2337.83965382233	2482.51732782396	2633.50941129874	2935.75652531809	2622.0970031641	2208.94731876616	2245.53727166939	2497.34509249256	3669.90889353285	4322.84450457398	5136.17389141695	5461.2860123215	6246.71224282217	7260.52144366398	7256.96791031164	8630.37987852934	9806.44845790767	11232.3981086458	13090.1279687541	14846.7023738706	17514.393500775	16281.0470580156	13214.1323979302	9729.77083894081	6553.66536105681	4624.19873530816	3458.67274178715	2362.72144265901	1261.51881787667	910.650939803004	379.614496700087	317.25611744123	227.020347584701	80.8036991711068	32.957479444037	18.4699033249017	3.35002357139899	0	0	0	0	0	0	0	0	0	0	0	0	0	0	0	0	0	0	0	0	0	0	0	0	0
#Fwtatage																																																			
#1	2	3	4	5	6	7	8																																												
0.045	0.171	0.377	0.642	0.945	1.265	1.587	1.9
0.045	0.171	0.377	0.643	0.946	1.266	1.588	1.902
0.03	0.13	0.306	0.548	0.835	1.148	1.47	1.789
0.037	0.147	0.33	0.568	0.842	1.134	1.43	1.718
0.038	0.147	0.326	0.558	0.825	1.108	1.393	1.671
0.034	0.136	0.31	0.54	0.808	1.095	1.387	1.674
0.044	0.16	0.34	0.567	0.822	1.087	1.351	1.606
0.032	0.13	0.294	0.51	0.76	1.028	1.3	1.566
0.032	0.129	0.295	0.516	0.774	1.05	1.332	1.608
0.036	0.138	0.304	0.518	0.762	1.02	1.28	1.532
0.036	0.136	0.298	0.506	0.743	0.994	1.245	1.49
0.041	0.148	0.314	0.524	0.758	1.003	1.247	1.481
0.039	0.144	0.309	0.519	0.755	1.002	1.249	1.488
0.042	0.138	0.28	0.451	0.638	0.828	1.014	1.191
0.044	0.156	0.328	0.541	0.778	1.024	1.267	1.501
0.04	0.149	0.322	0.541	0.789	1.048	1.308	1.558
0.042	0.151	0.323	0.539	0.781	1.033	1.285	1.527
0.034	0.132	0.294	0.504	0.745	1.001	1.26	1.512
0.038	0.145	0.315	0.533	0.78	1.041	1.302	1.554
0.044	0.158	0.337	0.561	0.812	1.074	1.334	1.585
0.042	0.15	0.32	0.532	0.769	1.017	1.263	1.499
0.039	0.142	0.305	0.511	0.743	0.985	1.227	1.461
0.04	0.148	0.318	0.534	0.776	1.031	1.286	1.531
0.039	0.147	0.323	0.549	0.807	1.08	1.354	1.62
0.036	0.147	0.335	0.584	0.874	1.186	1.503	1.813
0.038	0.146	0.318	0.54	0.792	1.058	1.325	1.583
0.038	0.145	0.317	0.537	0.788	1.053	1.318	1.576
0.045	0.152	0.312	0.506	0.72	0.94	1.155	1.361
0.04	0.14	0.294	0.483	0.693	0.911	1.126	1.333
0.037	0.146	0.324	0.557	0.824	1.107	1.394	1.673
0.035	0.145	0.336	0.592	0.893	1.218	1.55	1.877
0.033	0.139	0.324	0.572	0.864	1.18	1.504	1.822
0.036	0.145	0.33	0.576	0.861	1.167	1.478	1.783
0.04	0.154	0.341	0.584	0.862	1.157	1.454	1.743
0.038	0.149	0.333	0.574	0.852	1.148	1.447	1.74
0.037	0.15	0.341	0.595	0.89	1.206	1.527	1.842
0.038	0.152	0.347	0.606	0.907	1.23	1.558	1.88
0.038	0.149	0.335	0.579	0.861	1.161	1.465	1.762
0.036	0.146	0.334	0.585	0.876	1.19	1.51	1.823
0.038	0.15	0.337	0.582	0.865	1.167	1.474	1.773
0.039	0.15	0.332	0.567	0.837	1.123	1.411	1.691
0.031	0.143	0.351	0.644	1	1.395	1.806	2.217
0.032	0.145	0.349	0.632	0.971	1.344	1.731	2.115
0.03020403	0.1358282	0.3293468	0.6000308	0.9279128	1.291452	1.671325	2.051916
0.02947434	0.1369839	0.3386552	0.6251492	0.9760321	1.368295	1.780799	2.196165
0.03279675	0.1396165	0.3277688	0.5842298	0.8892222	1.222768	1.567622	1.910247
0.03655815	0.143295	0.3204321	0.5526425	0.8212447	1.108974	1.401743	1.688976
0.02950162	0.131752	0.3181598	0.5780467	0.8921188	1.239742	1.602496	1.965551
0.030703	0.1358958	0.3264408	0.5909781	0.9097125	1.261706	1.628386	1.994869
0.02990326	0.1335201	0.3223931	0.5856931	0.9038695	1.256018	1.623482	1.991239
0.02878186	0.1307623	0.3189781	0.5835148	0.90505	1.262466	1.636679	2.012185
0.03108389	0.1335545	0.3152505	0.5639944	0.8607287	1.185996	1.522894	1.858087
0.031385039	0.134000593	0.315130502	0.562362748	0.856670425	1.178768357	1.511976521	1.843179667
0.034190831	0.136839216	0.309777192	0.538728868	0.805422953	1.092605843	1.386001137	1.674765355
0.037543239	0.145313039	0.322540601	0.553488282	0.819500774	1.103555848	1.391882862	1.674212416
0.032054234	0.134943180	0.314724105	0.558489221	0.847301145	1.162270171	1.487216824	1.809514122
#Inum																																																			
2																																																			
#Inames																																																			
Peru_Acoustic%Peru_CPUE																																																			
#Inumyears																																																			
28																																																			
24																																																			
#Iyears																																																			
1985 1986 1987 1988 1989 1990 1991 1992 1993 1994 1995 1996 1997 1998 1999 2000 2001 2002 2003 2004 2005 2006 2007 2008 2010 2011 2012 2013 
2002 2003 2004 2005 2006 2007 2008 2009 2010 2011 2012 2013 2014 2015 2016 2017 2018 2019 2020 2021 2022 2023 2024 2025
#Imonths																																																			
1.5																																																			
2																																																			
#Index																																																			
94.31599 108.1158 109.7887 114.1796 157.3945 229.7567 231.6719 180.3548 145.7255 95.24525 54.25731 29.96718 31.66443 43.99435 52.68116 105.7835 131.5858 96.66069 67.47057 51.85284 75.1713 111.2588 79.74965 24.25087 7.247058 35.28309 50.33216 64.50417
4.046385 4.842384 5.281717 4.202540 5.652954 7.676523 4.033809 1.420382 2.649099 6.987105 6.116786 2.709847 3.656970 2.977776 2.558843 3.232649 9.738986 16.849229 17.146045 21.308236 27.517294 26.874606 26.780224 16.498425
#Indexerr																																																			
28.2948 32.43474 32.93661 34.25388 47.21835 68.92701 69.50157 54.10644 43.71765 28.57358 16.27719 8.990154 9.499329 13.1983 15.80435 31.73505 39.47574 28.99821 20.24117 15.55585 22.55139 33.37764 23.92489 7.275261 2.174117 10.58493 15.09965 19.35125
0.809276973	0.968476857	1.056343314	0.84050807	1.130590817	1.53530456	0.806761826	0.284076347	0.529819845	1.397421045	1.223357255	0.541969486	0.731394059	0.595555287	0.511768689	0.646529856	2.92169573	5.0547687	5.143813626	6.392470749	8.255188284	8.06238168	8.034067257	4.949527587
#Inumageyears																																																			
0																																																			
0																																																			
#Inumlengthyears																																																			
0																																																			
0																																																			
#Iyearsage																																																			

#Iagesample																																																			

#Ipropage																																																			

#Iyearslength																																																			

#Ilengthsample																																																			

#Iproplength																																																			

#Iwtatage																																																			
#1	2	3	4	5	6	7	8																																													
0.04469504	0.1712392	0.3769613	0.6422546	0.9448642	1.265033	1.587172	1.899961
0.04471969	0.17135	0.3772262	0.6427303	0.94559	1.266031	1.58845	1.901515
0.02991285	0.129512	0.3063394	0.5478746	0.8348483	1.147831	1.470177	1.788968
0.03740186	0.1473255	0.3296439	0.5678481	0.8420834	1.134237	1.429747	1.717879
0.03774456	0.1467195	0.3257437	0.5581892	0.8246152	1.107517	1.392947	1.670696
0.03352004	0.1360448	0.3098003	0.5400363	0.807756	1.095094	1.387399	1.673688
0.04400249	0.1596138	0.3402601	0.5672828	0.8215528	1.086946	1.351198	1.605679
0.0323503	0.1298356	0.2937227	0.5097415	0.7599934	1.027838	1.299732	1.565581
0.03165603	0.1292838	0.2954855	0.5163599	0.7737287	1.050385	1.33216	1.608394
0.03614423	0.138327	0.3043133	0.518254	0.7621986	1.020228	1.279791	1.531778
0.03562095	0.1356765	0.2976482	0.5059461	0.7430791	0.9936074	1.245395	1.489659
0.04074171	0.1475887	0.3143789	0.5238564	0.7583707	1.003063	1.246641	1.481166
0.03904316	0.143841	0.3094465	0.5190984	0.755134	1.002448	1.24943	1.487836
0.04160578	0.1383665	0.2802947	0.4514834	0.637731	0.8279733	1.014278	1.191369
0.04418525	0.1562063	0.3280016	0.5412933	0.7781396	1.023772	1.267147	1.50062
0.04034052	0.1493375	0.3221805	0.5414923	0.7888006	1.048236	1.307561	1.558063
0.04170178	0.1514557	0.323104	0.5389448	0.7807909	1.033295	1.284771	1.526996
0.03381045	0.1319162	0.2935177	0.5037093	0.7449269	1.001298	1.260144	1.512165
0.03848356	0.1447618	0.3152595	0.5332353	0.7803542	1.040624	1.301579	1.554263
0.04367918	0.1581319	0.3367144	0.5609367	0.8119062	1.073728	1.334325	1.585215
0.04169115	0.1504464	0.3197406	0.5319757	0.7692713	1.016628	1.262677	1.499443
0.03867936	0.142033	0.3049676	0.5109184	0.7425326	0.9850162	1.227021	1.460509
0.03999584	0.1475967	0.3178373	0.5335269	0.7764952	1.031179	1.285601	1.531251
0.03854004	0.147054	0.3229424	0.5493255	0.8071989	1.079759	1.35378	1.619685
0.03616084	0.1469867	0.3350169	0.5843466	0.8744159	1.185859	1.502778	1.813246
0.03846374	0.1456693	0.318499	0.5401623	0.7920297	1.057747	1.324509	1.583078
0.03813168	0.144632	0.3165144	0.5371211	0.7879157	1.052601	1.318405	1.576104
0.04460936	0.1517795	0.3116154	0.5064972	0.7201468	0.9396213	1.155493	1.361393
0.04000444	0.1404458	0.2937053	0.4833595	0.6934688	0.9109955	1.126237	1.332506
0.03726676	0.1455955	0.3242087	0.5566729	0.8235695	1.107326	1.393896	1.672965
0.03475505	0.1450781	0.335871	0.5920466	0.8927328	1.217712	1.550087	1.876998
0.03317173	0.1393157	0.3236879	0.5719532	0.8639472	1.18001	1.503642	1.822245
0.03575438	0.1450509	0.3302257	0.5755436	0.8607598	1.166844	1.478194	1.783115
0.03969002	0.1538561	0.3410343	0.5837509	0.861693	1.15662	1.454027	1.74331
0.03762765	0.1485613	0.3328652	0.5739282	0.8516711	1.147732	1.44733	1.739548
0.03698672	0.1499861	0.3413752	0.5948746	0.8895608	1.205774	1.527401	1.842368
0.03750013	0.1524306	0.3474249	0.6059891	0.9068017	1.22978	1.558437	1.880403
0.03767176	0.1493532	0.3354552	0.5793457	0.8607349	1.160992	1.465076	1.761855
0.03573535	0.1461526	0.3343205	0.5845552	0.8762744	1.189967	1.50955	1.822916
0.03763818	0.1495973	0.3365022	0.5817362	0.8649139	1.167269	1.473625	1.772735
0.03871942	0.1497865	0.3316143	0.5671655	0.8367181	1.122598	1.410768	1.690981
0.03092003	0.1428604	0.351061	0.6442518	1.000214	1.394743	1.806141	2.21699
0.03240117	0.1447595	0.3487781	0.6315913	0.9711385	1.344354	1.731043	2.115274
0.03020403	0.1358282	0.3293468	0.6000308	0.9279128	1.291452	1.671325	2.051916
0.02947434	0.1369839	0.3386552	0.6251492	0.9760321	1.368295	1.780799	2.196165
0.03279675	0.1396165	0.3277688	0.5842298	0.8892222	1.222768	1.567622	1.910247
0.03655815	0.143295	0.3204321	0.5526425	0.8212447	1.108974	1.401743	1.688976
0.02950162	0.131752	0.3181598	0.5780467	0.8921188	1.239742	1.602496	1.965551
0.030703	0.1358958	0.3264408	0.5909781	0.9097125	1.261706	1.628386	1.994869
0.02990326	0.1335201	0.3223931	0.5856931	0.9038695	1.256018	1.623482	1.991239
0.02878186	0.1307623	0.3189781	0.5835148	0.90505	1.262466	1.636679	2.012185
0.03108389	0.1335545	0.3152505	0.5639944	0.8607287	1.185996	1.522894	1.858087
0.031385039	0.134000593	0.315130502	0.562362748	0.856670425	1.178768357	1.511976521	1.843179667
0.034190831	0.136839216	0.309777192	0.538728868	0.805422953	1.092605843	1.386001137	1.674765355
0.037543239	0.145313039	0.322540601	0.553488282	0.819500774	1.103555848	1.391882862	1.674212416
0.032054234	0.134943180	0.314724105	0.558489221	0.847301145	1.162270171	1.487216824	1.809514122
#1	2	3	4	5	6	7	8																																												
0.045	0.171	0.377	0.642	0.945	1.265	1.587	1.9
0.045	0.171	0.377	0.643	0.946	1.266	1.588	1.902
0.03	0.13	0.306	0.548	0.835	1.148	1.47	1.789
0.037	0.147	0.33	0.568	0.842	1.134	1.43	1.718
0.038	0.147	0.326	0.558	0.825	1.108	1.393	1.671
0.034	0.136	0.31	0.54	0.808	1.095	1.387	1.674
0.044	0.16	0.34	0.567	0.822	1.087	1.351	1.606
0.032	0.13	0.294	0.51	0.76	1.028	1.3	1.566
0.032	0.129	0.295	0.516	0.774	1.05	1.332	1.608
0.036	0.138	0.304	0.518	0.762	1.02	1.28	1.532
0.036	0.136	0.298	0.506	0.743	0.994	1.245	1.49
0.041	0.148	0.314	0.524	0.758	1.003	1.247	1.481
0.039	0.144	0.309	0.519	0.755	1.002	1.249	1.488
0.042	0.138	0.28	0.451	0.638	0.828	1.014	1.191
0.044	0.156	0.328	0.541	0.778	1.024	1.267	1.501
0.04	0.149	0.322	0.541	0.789	1.048	1.308	1.558
0.042	0.151	0.323	0.539	0.781	1.033	1.285	1.527
0.034	0.132	0.294	0.504	0.745	1.001	1.26	1.512
0.038	0.145	0.315	0.533	0.78	1.041	1.302	1.554
0.044	0.158	0.337	0.561	0.812	1.074	1.334	1.585
0.042	0.15	0.32	0.532	0.769	1.017	1.263	1.499
0.039	0.142	0.305	0.511	0.743	0.985	1.227	1.461
0.04	0.148	0.318	0.534	0.776	1.031	1.286	1.531
0.039	0.147	0.323	0.549	0.807	1.08	1.354	1.62
0.036	0.147	0.335	0.584	0.874	1.186	1.503	1.813
0.038	0.146	0.318	0.54	0.792	1.058	1.325	1.583
0.038	0.145	0.317	0.537	0.788	1.053	1.318	1.576
0.045	0.152	0.312	0.506	0.72	0.94	1.155	1.361
0.04	0.14	0.294	0.483	0.693	0.911	1.126	1.333
0.037	0.146	0.324	0.557	0.824	1.107	1.394	1.673
0.035	0.145	0.336	0.592	0.893	1.218	1.55	1.877
0.033	0.139	0.324	0.572	0.864	1.18	1.504	1.822
0.036	0.145	0.33	0.576	0.861	1.167	1.478	1.783
0.04	0.154	0.341	0.584	0.862	1.157	1.454	1.743
0.038	0.149	0.333	0.574	0.852	1.148	1.447	1.74
0.037	0.15	0.341	0.595	0.89	1.206	1.527	1.842
0.038	0.152	0.347	0.606	0.907	1.23	1.558	1.88
0.038	0.149	0.335	0.579	0.861	1.161	1.465	1.762
0.036	0.146	0.334	0.585	0.876	1.19	1.51	1.823
0.038	0.15	0.337	0.582	0.865	1.167	1.474	1.773
0.039	0.15	0.332	0.567	0.837	1.123	1.411	1.691
0.031	0.143	0.351	0.644	1	1.395	1.806	2.217
0.032	0.145	0.349	0.632	0.971	1.344	1.731	2.115
0.03020403	0.1358282	0.3293468	0.6000308	0.9279128	1.291452	1.671325	2.051916
0.02947434	0.1369839	0.3386552	0.6251492	0.9760321	1.368295	1.780799	2.196165
0.03279675	0.1396165	0.3277688	0.5842298	0.8892222	1.222768	1.567622	1.910247
0.03655815	0.143295	0.3204321	0.5526425	0.8212447	1.108974	1.401743	1.688976
0.02950162	0.131752	0.3181598	0.5780467	0.8921188	1.239742	1.602496	1.965551
0.030703	0.1358958	0.3264408	0.5909781	0.9097125	1.261706	1.628386	1.994869
0.02990326	0.1335201	0.3223931	0.5856931	0.9038695	1.256018	1.623482	1.991239
0.02878186	0.1307623	0.3189781	0.5835148	0.90505	1.262466	1.636679	2.012185
0.03108389	0.1335545	0.3152505	0.5639944	0.8607287	1.185996	1.522894	1.858087
0.031385039	0.134000593	0.315130502	0.562362748	0.856670425	1.178768357	1.511976521	1.843179667
0.034190831	0.136839216	0.309777192	0.538728868	0.805422953	1.092605843	1.386001137	1.674765355
0.037543239	0.145313039	0.322540601	0.553488282	0.819500774	1.103555848	1.391882862	1.674212416
0.032054234	0.134943180	0.314724105	0.558489221	0.847301145	1.162270171	1.487216824	1.809514122
#Pspwn																																																			
10.5																																																			
#Pageerr																																																			
#1	2	3	4	5	6	7	8																																												
0.93404 0.06902032 0.004850371 0 0 0 0 0
0.06057296 0.7159417 0.2062475 0.000342487 0 0 0 0
0.005387021 0.2142278 0.6053202 0.1715238 0.000674336 0.000198515 0 0
0 0.000810171 0.1736372 0.5957718 0.2062277 0.001032279 0 0
0 0 0.009944785 0.2208419 0.5565252 0.21257 0.01424649 0
0 0 0 0.01152002 0.2188814 0.5417874 0.218791 0.01554504
0 0 0 0 0.01765173 0.2244809 0.5370687 0.2360229
0 0 0 0 3.97e-05 0.01993092 0.2298937 0.748432
																																												
