# mod2.1																																																		
#years																																																			
1970																																																			
2025																																																			
#ages																																																			
1 
8 																																																			
#nbins																																																			
86																																																			
#lengthbin																																																			
5	6	7	8	9	10	11	12	13	14	15	16	17	18	19	20	21	22	23	24	25	26	27	28	29	30	31	32	33	34	35	36	37	38	39	40	41	42	43	44	45	46	47	48	49	50	51	52	53	54	55	56	57	58	59	60	61	62	63	64	65	66	67	68	69	70	71	72	73	74	75	76	77	78	79	80	81	82	83	84	85	86	87	88	89	90
#Fnum																																																			
1																																																			
#Fnames																																																			
FarNorth																																																			
#Fcaton																																																			
#1970	1971	1972	1973	1974	1975	1976	1977	1978	1979	1980	1981	1982	1983	1984	1985	1986	1987	1988	1989	1990	1991	1992	1993	1994	1995	1996	1997	1998	1999	2000	2001	2002	2003	2004	2005	2006	2007	2008	2009	2010	2011	2012	2013	2014	2015	2016	2017	2018	2019	2020	2021	2022	2023	2024	2025
4.71	9.19	18.78	42.78	129.21	37.9	54.15	504.99	386.79	333.81	414.3	445.64	143.72	110.69	200.67	114.62	51.03	46.3	244.23	316.25	370.82	213.45	111.68	133.35	233.35	550.99	495.52	680.05	412.85	203.75	303.7	857.74	154.82	217.73	187.37	80.66	277.57	255.36	169.537	76.629	22.172	326.394	187.396	80.586	74.532	22.447	15.088	8.867	57.163	135.784	140.116	123.636	159.603	202.226	217.212	176.240
#Fcatonerr																																																			
0.05	0.05	0.05	0.05	0.05	0.05	0.05	0.05	0.05	0.05	0.05	0.05	0.05	0.05	0.05	0.05	0.05	0.05	0.05	0.05	0.05	0.05	0.05	0.05	0.05	0.05	0.05	0.05	0.05	0.05	0.05	0.05	0.05	0.05	0.05	0.05	0.05	0.05	0.05	0.05	0.05	0.05	0.05	0.05	0.05	0.05	0.05	0.05	0.05	0.05	0.05	0.05	0.05	0.05	0.05	0.05
#FnumyearsA																																																			
0																																																			
#FnumyearsL																																																			
54																																																			
#Fageyears																																																			

#Flengthyears																																																			
1972	1973	1974	1975	1976	1977	1978	1979	1980	1981	1982	1983	1984	1985	1986	1987	1988	1989	1990	1991	1992	1993	1994	1995	1996	1997	1998	1999	2000	2001	2002	2003	2004	2005	2006	2007	2008	2009	2010	2011	2012	2013	2014	2015	2016	2017	2018	2019	2020	2021	2022	2023	2024	2025
#Fagesample																																																			

#Flengthsample																																																			
30	30	30	30	30	30	30	30	30	30	30	30	30	30	30	30	30	30	30	30	30	30	30	30	30	30	30	30	30	30	30	30	30	30	30	30	30	30	30	30	30	30	30	30	30	30	30	30	30	30	30	30	30	30							
#Fagecomp																																																			
#1	2	3	4	5	6	7	8																																												

#Flengthcomp																																																			
#5	6	7	8	9	10	11	12	13	14	15	16	17	18	19	20	21	22	23	24	25	26	27	28	29	30	31	32	33	34	35	36	37	38	39	40	41	42	43	44	45	46	47	48	49	50	51	52	53	54	55	56	57	58	59	60	61	62	63	64	65	66	67	68	69	70	71	72	73	74	75	76	77	78	79	80	81	82	83	84	85	86	87	88	89	90
0	0	0	0	0	0	0	0	0	0	0	24.0870717705354	133.882158868284	353.524239191087	1070.23802541539	1764.65682960666	1924.03741087551	2150.48987258789	3697.32724175236	4761.3013719691	4287.61295764393	2516.81012983134	695.319954915532	530.454186807571	742.13557338622	799.987066960861	838.3203983158	1036.76610778067	1149.20422428256	1232.24612760218	1444.09353926674	1400.23195064627	1201.04790322449	928.698512869983	1017.90443256312	1070.37742080873	1036.75255766372	840.350227710064	759.371192303198	639.084259995816	489.710695303999	446.312387055496	380.747073933277	349.552208846052	386.583659902012	303.180799956175	315.933684403325	339.28590328966	260.654971134033	253.423278615119	261.930485748736	206.305057019646	81.6671899300143	40.672453011081	22.1558710104184	12.1941747756763	9.88450090997991	9.87387431443086	8.57749111659579	13.9448543438122	41.4428964755293	34.9684760803067	3.31720319193049	0.000453548893563341	0	0.0244042891611646	0.00185099772551078	0	0	0	0	0	0	0	0	0	0	0	0	0	0	0	0	0	0	0
0	0	0	0	0	0	0	0	0	0	0	0	0	0	0	0	0	2.83991757869284	10.1673684552239	46.0068825978455	122.487198512212	575.105175563845	1490.75241146379	4983.50196227484	8747.86120564906	8495.30159163731	6752.85829018722	3654.51732171977	3286.66349653743	2463.33015835355	1946.36359123455	2288.40043874844	2765.06229255327	3300.91125147934	3670.11213585261	3995.59888971507	3210.49847686608	2461.24104716053	1924.23173153565	1461.03980469867	1571.01666622503	1318.7217070689	991.382019396094	803.25331161684	710.586006131766	540.326232961985	503.882181766327	403.908046222769	446.518624905438	354.334639375174	306.922582804622	225.056271320667	99.2216594725371	40.334397356372	33.5278679506064	9.52574936200114	8.92078260391411	8.63237008025213	12.7194580060881	1.63932230929105	2.35282480451691	1.29396201150587	0.874736251828747	0.707083503085963	0.399998788953817	0.0530702849998319	0	0	0	0	0	0	0	0	0	0	0	0	0	0	0	0	0	0	0	0
0	0	0	0	0	0	0	0	0	0	0	0	0	0	0	0.0569266782150615	0.30480898585772	3.43892638055175	17.6705959343171	15.8432499535273	3.18294836609323	23.6698100327578	1234.13456694642	17637.8585503396	48778.5182697752	61251.6197701168	45565.0054658459	29926.9162890746	18691.9269483566	8561.46767854098	6606.66485683089	4584.49671328704	2530.63386428828	4040.35331320349	3307.26100490553	1942.14646327851	1210.26421783455	1612.03671336225	1870.04326230374	1537.6160350785	1120.38016118344	922.944893334344	459.766792701912	880.585985919087	799.772664704926	1166.18928182042	1321.51473779909	1688.97423606411	1627.88083010721	1396.22466938563	1870.68279138094	2287.12127486789	955.28036232886	329.478529928861	289.991588350531	306.832812853841	257.996967294073	190.897728819524	67.63507955612	36.3298531395606	24.8889227349788	21.5740291440397	10.6598032711343	4.09869582875388	5.90986008707756	0.874832634338299	11.30148574237	20.3269746009328	0	0	0	0	0	0	0	0	0	0	0	0	0	0	0	0	0	0
0	0	0	0	0	0	0	0	0	0	0.284778029248432	11.2670432509709	55.0695637650907	65.7540149152267	76.543972559565	70.9755266268301	35.5517258456413	47.2785324615632	79.7859894546563	308.200435855342	887.362229370674	882.968728160712	746.196527546416	1998.1953660629	2932.93521578766	4095.43732440617	6834.01959262732	10655.5509629617	12495.7064943022	11652.6481487376	8805.27837629621	5838.34071865999	3173.92740536022	1669.56540948965	423.639359241311	149.823662368256	48.3027107325124	36.1903307858503	6.66884723746878	73.6256937900511	57.625267080325	127.279285905263	492.934860129623	206.08615459137	487.653780228363	608.140574477881	533.195186253056	532.739779608111	484.080787138234	457.470676403409	442.875225218757	469.680212011398	233.241434150201	250.157265247999	71.0281881351894	120.3609591307	77.1480511256822	49.6458449693213	16.956221679204	38.242918942789	0	0	0	0	0	0	0	0	0	0	0	0	0	0	0	0	0	0	0	0	0	0	0	0	0	0
0	0	0	8.97830494013331	22.2505818081566	0	0	0	0	0	0	33.3411261213856	53.0820215256889	166.401070421245	91.8377264314825	172.746310709211	174.730305873412	109.143513453348	88.7884909965232	196.658932740541	349.681647464791	641.022406948882	1441.72492691149	2613.74980913538	3208.18596454953	3359.2105119648	4430.34997448857	7622.09324291612	10706.7633942902	11308.8131281487	9354.68238393119	6446.17102064244	5629.47375780648	5305.56310503306	4490.73376449374	4024.69073459673	3100.6997691134	2596.66848425089	2221.13711919178	1835.74824010092	1792.90034206134	1642.67373661973	1559.4476721551	1223.9476275922	1178.77461188296	532.197075511011	674.771689557437	513.218039385952	321.536025136952	365.448205608221	90.716034490293	68.2362459613082	24.8987236812367	7.67087852158355	2.30046225937503	0.477721339518017	2.26181611918458	1.1367311194859	0.809206851135104	0	0	0	0	0	0	0	0	0	0	0	0	0	0	0	0	0	0	0	0	0	0	0	0	0	0	0
0	0.00326981115178987	0.0277236594812895	0	0	47.8643062655166	54.0830979208874	1430.90455402498	765.418629436237	0	450.360018270826	965.487155840152	803.174606855643	2212.30539305321	6852.21743751839	19647.0990202897	33963.2223188156	34384.2693387454	22340.4117158591	26911.630750499	48671.369832489	150376.367613494	240659.893932787	179489.401370525	105349.784896011	111074.211983087	102838.020525822	97121.7132069459	84421.4222407336	62463.8560250181	44340.3503820324	32996.0195431014	33765.4061807584	39455.8264902356	22532.6584971934	18239.6220191291	11625.3501021946	12241.8414982761	9732.58178706493	7689.05571142382	6724.52828424618	5720.81161860476	3923.38625884893	2753.1446242673	1815.21026197514	1669.79003657132	1940.16289861129	1636.48903511665	1038.28258171547	769.725116725316	785.384626379484	593.384108070433	251.563647536576	123.784345719221	87.3214140905651	35.4984461509527	62.9796850270235	51.5199741139586	0.116520809750517	0.18945536363964	0	0	0	0	0	0	0	0	0	0	0	0	0	0	0	0	0	0	0	0	0	0	0	0	0	0
0	0	0	0	0	0	0	0	0	0	0	0	0	0	149.497398508562	475.32259881436	459.764267470485	2411.0007595081	5418.31541775917	17991.356966041	61948.6660269799	220222.415742604	400617.783026434	242840.132283484	113846.093293055	59688.2253561346	42174.0737659003	42037.2659706919	48313.0793427367	47704.2481100502	38856.0246044955	26166.9023751192	14363.6772068356	10345.6249742453	11385.6210800917	10227.4196701017	7094.23921168197	6015.43927965034	4030.29468368166	2344.01967336257	1929.27979464591	1229.81365140371	1007.67430179771	812.551798783559	517.632589489164	290.220131959177	171.674017777071	98.0628894661698	72.5871196208946	83.3534850784226	23.5086809775325	14.9793212400333	2.42214849798204	0.275353994732848	0.892631601948341	2.24144258641972	0	0	0	0	0	0	0	0	0	0	0	0	0	0	0	0	0	0	0	0	0	0	0	0	0	0	0	0	0	0
0	0	0	0	0	0	0	0	0	0	0	3752.3942154526	12908.7268700081	5617.62678346081	857.02539696458	135.410603870909	303.293452567659	243.111018212413	3197.29932821653	7966.36102837464	17449.8736973239	21728.8023136803	30538.520739704	45641.5781444789	51712.3312229222	41220.0058948814	32042.5574198682	23576.9237093615	19519.194183768	15797.5731484529	15439.9403161085	15786.0097830217	16252.0859780018	14955.6920045295	10664.4500712528	8432.24760767615	7881.73769789923	4282.55810012879	2651.48199675721	2790.80808927268	2096.94719363475	1473.91945318541	1771.24802421555	1435.767154183	1394.97364647531	486.478546953033	572.406170622993	794.502701915312	424.232519646534	4.88359022930543	1.2769110035929	0.580755466830951	0.084018788976888	0	0	0	0	0	0	0	0	0	0	0	0	0	0	0	0	0	0	0	0	0	0	0	0	0	0	0	0	0	0	0	0	0
0	0	40.9433367991646	510.64077820505	1982.53265281417	2084.78213863119	313.35153977461	181.107190099672	2034.86839725316	4203.07793485671	12707.9635597305	6957.73735227638	6620.55920645152	1228.97292510804	1019.497416929	3430.20997551232	5555.27911245969	5951.12612210699	2965.92028502829	2120.90895266473	2476.0736172247	7232.90070814439	16902.2808900018	20072.3054158179	39021.9391974643	56008.6213797018	56688.0821365275	36531.3258189827	29567.2429766552	23240.397112236	16678.2318130915	11560.9443566713	4646.96922813724	2622.30317525235	2948.03696089776	2446.51774158896	3197.39432943532	2893.667587067	2469.63037352417	2075.43789859575	1499.86952428576	854.548179093793	489.97966207572	411.400638433472	346.911548146276	327.154984206138	175.445373981966	107.12247551323	12.2330215204757	4.70866481392782	3.52741607605824	1.20562531908413	0	0	0	0	0	0	0	0	0	0	0	0	0	0	0	0	0	0	0	0	0	0	0	0	0	0	0	0	0	0	0	0	0	0
0	0	0	0	0	0	0	0	0	0	0	0	0	4.44172867925117	31.8268617385056	100.18574159059	484.491424780082	2413.10622034711	3701.94718759725	3247.81404784319	4172.9874347832	6029.51374573045	10302.494904159	11572.2268942675	11370.8766805887	13749.1774659071	11561.7991395811	8808.81177745068	6897.83891052756	5148.86360957113	4628.88596224807	3872.88076697386	3023.69344806098	2139.03292266864	1131.91846194034	558.830423029425	507.247788123756	522.101629301281	302.219672336167	186.353105507959	117.713517660321	290.37135219782	144.254262070633	74.5816829138021	93.0533418804209	61.2785100002032	45.4271273366087	34.9681826718778	22.1130105701413	8.45668325771487	1.33072649117238	0.260138581113511	0.0389205120434442	0.877390000799262	0.169164364171188	1.0191460156185	0	0	0	0	0	0	0	0	0	0	0	0	0	0	0	0	0	0	0	0	0	0	0	0	0	0	0	0	0	0
0	0	0	0	0	44.3439708831883	50.698167462918	101.730695980112	349.51034967898	994.366010650762	1280.47500833811	4315.49518670867	5529.6402872792	7118.08985994185	6443.18778826007	1637.15911143678	722.190756271349	345.551941942166	286.839428734128	486.88010949939	973.332621159688	2745.90647199263	11459.752030694	28758.1255133906	32648.785727924	21720.2313249471	12519.9832820022	9148.62447760733	6808.37218888127	4906.5722000141	3752.74790222399	3413.31139501789	2429.44148392841	1392.67791051611	1088.76696463447	794.680456036671	698.463121760038	678.231533673461	618.288950419756	488.448602899067	385.78552899361	317.394139559837	263.580153138585	213.937355287444	132.395976729088	78.8613375878924	51.9011334428153	24.2489763883742	8.70806540639471	2.61020949990118	0.246590935208876	0.30477678564257	0.0601952716949211	0	0	0	0	0	0	0	0	0	0	0	0	0	0	0	0	0	0	0	0	0	0	0	0	0	0	0	0	0	0	0	0	0
0	0	0	0	0	0	0	0	0	0	0	0	0	0.271463776255765	1.49957964503818	61.889350845208	193.508614304173	1247.46410913482	2490.50285607664	3437.75930316803	7062.19493928395	8556.80952698348	8464.32498202871	12590.8239392206	27437.0650858147	40022.2248725646	39888.4419493263	32154.8536921361	24640.4884280113	18366.7350809312	11132.6137151207	6134.31197074194	2203.84330975877	1272.56264435515	916.78591391513	374.889607577913	221.539342317997	164.092486116435	85.7267115881728	86.5031306601449	99.2353073681039	84.6510439638978	51.1146254133979	60.1403578135264	16.9781868741843	8.92911352470242	9.06253952587103	4.52290337222064	0.347787037874293	1.67634442249312	1.27025931047902	0	0	0	0	0	0	0	0	0	0	0	0	0	0	0	0	0	0	0	0	0	0	0	0	0	0	0	0	0	0	0	0	0	0	0
0	0	0	0	0	0	0	0	100.592865183232	938.257087981784	2059.20707656907	970.500996282941	266.757375819238	0	0.0331550894530339	338.959613822865	1349.69744793107	3758.79088829257	9483.56075020821	15685.3155027636	29622.2954389638	39865.1191983455	46316.5976440209	37376.2121744104	58585.1900219526	64501.9750612136	56746.5795889596	49222.7825623519	36266.4222928257	25533.6458916545	17557.3117742843	11531.3044772037	7062.80394499294	4554.46634960352	4141.02106200582	5250.33170027667	4082.4751758106	3259.10856786304	3633.90252479334	2789.22846531574	1517.54558967304	534.970990191235	321.857690807036	136.979648636676	82.5508350115232	93.3486677344447	31.153851658008	100.44086470705	14.4220220165693	8.74377661576939	4.21961355472279	0	0	0	0	0	0	0	0	0	0	0	0	0	0	0	0	0	0	0	0	0	0	0	0	0	0	0	0	0	0	0	0	0	0	0
0	0	0	0	0	0	0	0	0	0	0	0	0	0	0	0	87.7461362226097	261.642835993572	370.587294888454	870.288812414684	3501.6209144453	6203.73729358151	16403.2379131886	20121.0503688013	20050.4554661647	21832.335069815	19313.2359044296	15032.5994394231	11309.6238018786	9907.07224578989	8708.21649007191	7990.84216486893	6911.20974731713	5654.29084508247	4010.43214727373	3328.11132431229	2827.40366804177	2655.06202891652	2027.34461952635	1708.98147584936	1340.61973480147	1029.4155530436	680.591914146698	416.702685432001	279.796722656329	215.537611881559	117.236080972039	40.4249171585179	42.8151225431502	37.5809997586664	41.6196715436369	27.87290576583	6.29034787836785	0	0	0	0	0	0	0	0	0	0	0	0	0	0	0	0	0	0	0	0	0	0	0	0	0	0	0	0	0	0	0	0	0
0	0	0	0	0	0	0	0	0	0	4.66336996330588	2191.19768034746	4541.67395353841	7576.56002879257	9583.75498901896	9903.35777374958	7524.52896024451	5982.16822913388	4950.95403922407	3862.94046389671	2190.53881591595	890.053245852705	609.544419983405	508.215942580893	742.414873091119	1689.09089301084	4144.7974450305	7262.69434077289	10541.6272844541	11332.9965170964	10772.9777841499	8207.24247440038	4939.3453637999	3233.98531253382	2268.69133681941	1779.76847600459	1292.12021002592	1140.4647629826	942.050317583695	712.455956634212	613.797326219145	572.162928090079	513.770024072648	395.256669459257	312.338151120222	189.540125854421	156.112697545452	126.815807771755	77.307615895856	51.7610837673833	32.1115962797941	10.910014644068	7.30816741340562	3.12188864567165	0.385796863608491	0	0	0	0	0	0	0	0	0	0	0	0	0	0	0	0	0	0	0	0	0	0	0	0	0	0	0	0	0	0	0
0	0	0	0	0	0	0	0	0	1707.04337733948	10649.5931501846	15539.7496065383	8858.23424866438	3273.02226814117	2653.79077704865	6289.64278355039	9030.5325738972	12003.9146605281	20043.8807155265	26224.5096207898	25574.5688042773	23152.6896953143	16712.0289326019	7738.68199469504	6104.16832669143	4477.96423482385	3029.20472900257	2926.7534294719	2581.696678935	2253.10620807757	2315.7380041066	1555.31822034248	1149.97456344129	986.039292053648	709.499200056125	422.911461704504	199.597360698774	128.411713784365	60.690865674029	21.3416674861693	23.3617955160217	29.5666300772543	42.5653315360329	59.7458032878707	55.3202174307765	30.1103151960821	14.1808074301243	8.19394632380871	3.17577150055823	0.781913437637442	0	0.830031187645901	0.725383156621927	0.0981935612221186	0	0	0	0	0	0	0	0	0	0	0	0	0	0	0	0	0	0	0	0	0	0	0	0	0	0	0	0	0	0	0	0
0	0	0	0	0	0	0	0	0	0	0	0.16374610278158	19.4816890436914	98.7554521045993	119.482652675168	284.016218396934	1207.14109068842	6473.46104238233	28459.93322616	70501.6706501195	93308.2867854563	81856.8694647634	58294.8313045352	37560.6334745759	22842.5298787079	13524.6419847279	8313.49532947591	6259.3685794562	4803.27230985386	4117.56555603816	3377.82610156545	2717.110391637	2085.10965367619	2335.40138967873	2202.82111431456	2191.60831015682	2078.09254586269	1780.68919041499	1410.26864908092	993.564977026367	650.306851081601	351.357358565078	263.262368363253	213.497953339172	142.296069661551	132.383621235596	155.05863184266	104.102498895054	56.865206120062	44.0677657653735	16.7999564333633	6.78493195121132	3.98015564795731	1.84804156824726	0.591440732069006	0.025378545418886	0	0	0	0	0	0	0	0	0	0	0	0	0	0	0	0	0	0	0	0	0	0	0	0	0	0	0	0	0	0
0	0	0	0	0	0	0	0	0	0	0	0	0	46.6436393317597	755.706548977286	1503.60460735352	837.389639895386	1089.7572066738	1165.0768009878	3665.31858396122	13469.7388333426	22322.9355530386	42916.3315147357	52007.124495723	47039.0734437171	41584.2555624146	34667.8681481944	29677.8546192692	25763.652808449	21387.5413083316	16238.0270156639	11261.7220621629	6663.74534896939	5319.69196115247	3071.63846029872	1840.08781125576	1518.66642314744	1041.59703112711	902.651300768607	703.087523070546	452.076280299387	397.276073972706	264.113432132462	79.3679628937441	119.761739193539	23.6647514677984	13.9916780625792	7.69635223713815	0.392329296148606	0	0.312589820290599	0.241156539834463	0	0	0	0	0	0	0	0	0	0	0	0	0	0	0	0	0	0	0	0	0	0	0	0	0	0	0	0	0	0	0	0	0	0
0	0	0	0	0	0	0	0	0	0	0	0	0.601243456954052	151.690283111165	919.627457980345	2201.29820477337	4371.54298433035	7031.21763600853	5831.35756906676	3130.09918418038	1795.40838979768	2202.27270293733	6423.03265510969	29878.3071712704	55018.9239460604	67837.8687452803	56047.9707558043	44065.6561498992	41874.9227858744	40323.5862619368	34141.6246381202	27453.6676173448	21039.5345813782	12980.240228898	10702.7419428841	6052.6115536499	3312.02455106912	1906.26110033686	1210.6565934412	649.042201503477	379.52326412346	177.715867887518	192.610470746925	215.09590006212	228.583955752145	292.35198150413	465.547209045578	583.070123631178	442.314622870808	329.865384598026	149.630761127005	47.5739930179628	14.6039326995288	2.30205580804104	9.67137675636355	0.744753298955346	0	0	0	0	0	0	0	0	0	0	0	0	0	0	0	0	0	0	0	0	0	0	0	0	0	0	0	0	0	0
0	0	0	0	0	0	0	0	0	21.527312999774	23.8979924838479	65.6295391968147	99.6752182781312	1155.06461067488	2563.74907659378	1507.48132316294	2450.48539587937	3483.23550804319	4608.72154802854	8767.48552551863	14643.1758832381	15216.0897037132	19033.0058958413	21895.7858584682	37014.3530625948	50749.8387106615	50942.5383727003	39878.2718006704	34785.8669194811	29100.9856238779	22052.6240742963	17063.9077757945	11006.4465535415	3938.1614458297	2319.52071134137	1829.07409923369	1318.13740309407	201.126165298441	56.8545925282074	11.9569387687228	5.7737208360831	6.19837283204871	72.21780544765	25.8744669482643	12.0771030748037	19.1085507240561	16.3761433019247	12.3437624634494	15.69275262182	19.0396379075316	4.28772387508765	1.24966466690888	0	2.1219008750285	2.76417176675354	0.18115332843528	0	0	0	0	0	0	0	0	0	0	0	0	0	0	0	0	0	0	0	0	0	0	0	0	0	0	0	0	0	0
0	0	0	0	0	0	0	0	0	0	0	0	0	0	24.8792329722842	299.316102306251	1412.11874854941	2511.30440239988	6254.11801487961	9919.53667412678	5080.56671219838	3926.31784277197	7688.78954795292	14450.3451289766	14420.3859412845	18313.8033367455	24422.7446029601	30080.706540814	26758.3362133364	20270.4536417659	15554.7878863279	12877.556898047	8722.3999316417	6354.06151027965	6443.21111468382	4470.86685524997	2540.49544685997	1282.34448982429	667.169002318522	374.064025113127	353.676412067346	315.399831036797	296.858776055817	217.999435577297	428.44077791012	751.378928794321	743.935284873093	572.334663980568	209.494380112734	80.581619949482	57.2521945758748	34.1167232185451	5.99599847198789	0.932000235945866	0.180835866676064	0	0	0	0	0	0	0	0	0	0	0	0	0	0	0	0	0	0	0	0	0	0	0	0	0	0	0	0	0	0	0
0	0	0	0	0	0	0	0	0	0	0	0	2.65586703921641	52.7660191395648	658.658141655771	6040.50155636663	62712.5155456269	77234.2064418949	48134.0554236449	71199.7457506021	54316.2810120306	60185.1757665997	53224.7331168436	26391.7079907627	21963.3809080326	26381.8664421323	24892.5401273924	24178.0485639676	19315.1003195226	11187.7229419753	5100.62499865828	2751.48491116892	1499.11735308338	1387.07286128477	464.541122113645	255.689437814479	239.779438279243	125.881320543074	0	0	0	0	0	0	0	0	0	0	0	0	0	0	0	0	0	0	0	0	0	0	0	0	0	0	0	0	0	0	0	0	0	0	0	0	0	0	0	0	0	0	0	0	0	0	0	0
0	0	0	0	0	0	0	0	0	0	0	79.1731501101797	217.982250084289	313.634400545755	429.853323633136	1042.1222991403	3135.92559958553	5577.59541036441	6922.14042234359	8503.43390577555	16455.9310132577	34703.9698705525	32445.8987936763	35991.3606348175	75813.7863463786	87974.620954666	64192.219672873	40255.1474706606	26861.8467365021	18537.0178273484	13492.494800648	9830.12718520424	8082.31074082609	6281.93937089029	4841.19682089174	4151.62252808339	5156.03150426465	3686.430488236	2484.78206173129	3195.40553950612	3183.77993212039	2021.18352094621	1308.03651253416	1170.02326806784	1357.74398444794	2067.65173455292	2202.97928153277	1919.20544804602	1304.90980284761	1102.73217692902	1031.13463201709	733.556343064204	201.051989255239	42.6455773797116	28.8248753627093	31.6619786417136	0	0	0	0	0	0	0	0	0	0	0	0	0	0	0	0	0	0	0	0	0	0	0	0	0	0	0	0	0	0
0	0	0	0	0	0	0	350.42037297228	6375.76769210483	34334.2317474582	31656.9717905334	9144.40761332874	1144.14314975892	4468.18308060502	13537.4166757276	25792.2339696074	28875.2357580241	28926.5283375256	36470.0444788704	46891.4388239647	59585.3761595477	92861.1991996983	113811.429827861	134156.461653786	169962.895240773	188584.047634205	142653.880118797	80822.9619783219	42749.1259302285	23990.1830624044	15469.4535979987	11136.8130881163	8052.51511911105	5785.44545104432	4561.21621450038	2902.63528246204	1930.1099008101	1464.22209130045	1011.05267381054	800.916084150816	713.328470248311	457.673131067836	225.747676360218	215.89250700189	70.5318604161355	133.729213869694	111.523764087436	303.645328673845	540.639258248485	496.845728689402	377.786962879796	268.893660060342	216.927276065925	57.5165688337429	10.7564154057321	7.61233706395111	0	0	0	0	0	0	0	0	0	0	0	0	0	0	0	0	0	0	0	0	0	0	0	0	0	0	0	0	0	0
141.466439573802	13043.5508867209	34099.1668514616	21489.6232713102	3524.70811165857	3524.70811165856	3524.70811165856	8235.98150183687	12976.6252204527	17369.8939521748	36446.4323407501	28076.6867401284	7760.40381330095	6271.43477998402	20560.7876455719	46291.2611158795	115265.411586294	194682.931124501	223980.076471788	200952.364560786	144729.248708967	127570.704340206	136940.715663507	173565.571519323	165508.588543651	122498.221245776	99370.61943423	66524.2107813006	36912.969390737	16606.108451295	7159.70427156094	3588.81135247802	1943.89936488877	597.948752400586	431.939889563275	299.824519162918	161.105462442629	81.8347117109903	25.1459286521848	26.6252804909421	12.2262747589109	2.0272230587829	1.14709411351898	0.219958401024055	0.933990284374632	0.0281686022466895	0.229078906855502	0	0	0	0	0	0	0	0	0	0	0	0	0	0	0	0	0	0	0	0	0	0	0	0	0	0	0	0	0	0	0	0	0	0	0	0	0	0	0
0	0	0	0	0	0	0	0	0	111.280531329089	145.659339748095	10.080000138388	0	7.65195635818409	400.334475994916	3446.96743689178	10186.0147086753	25551.719398276	77634.696834696	215986.512738111	275737.161189294	171846.327525999	136748.715626692	259419.735555498	429496.535351122	477031.826142675	269490.193495646	92553.4534517226	45963.0293352915	20857.1925983156	6711.1455237756	2146.60486979625	1179.16472042766	904.198464491523	234.60495859046	340.071440416653	112.620938917754	113.550401090574	140.53169061798	12.6675879646182	0	17.9027238438349	6.11166092321384	0	0	0	0	0	0	0	0	0	0	0	0	0	0	0	0	0	0	0	0	0	0	0	0	0	0	0	0	0	0	0	0	0	0	0	0	0	0	0	0	0	0	0
0	0	0	0	0	1.3922193793943	24.9871641775742	267.835666697233	3462.01112875874	13611.4689818965	9835.36144638968	5200.90936149218	26186.1273610123	87549.3056025791	109149.353530845	87487.5997739831	88483.3759524017	143276.585806796	329208.555725676	478667.226327173	369571.466029487	193059.005064939	99352.5273394635	55762.6092563142	32938.9339144941	26788.6961290954	24338.7959871417	17496.3485429524	7892.75142613467	4059.52458101478	2076.26803999123	1181.4139838681	678.714573347208	642.112638309743	238.084326458868	194.363001689835	182.239353438759	179.831949303903	181.289285028162	102.263371837337	83.5748868990163	25.8727455700377	8.2957852101286	5.09797903695274	2.80723986116697	3.85961137389953	0.528771559961442	0.346180594562067	0.841402920230614	0.281160397127168	0.312631360269172	6.99243848394545	3.67489711322535	0	0	0	0	0	0	0	0	0	0	0	0	0	0	0	0	0	0	0	0	0	0	0	0	0	0	0	0	0	0	0	0	0
0	0	0	0	0	0	0	0	21.414414867389	370.234591477717	2972.13383557161	3312.48415184707	5175.28350118832	17990.8759134317	34634.542151675	49067.9348536086	69010.3749434736	99515.6113312033	112270.460791973	118104.41262273	113169.49982326	125631.928635187	97238.2995559766	46216.4990549523	21713.3567831124	14445.6735254193	7902.82079677582	4940.48959986508	3933.31490830351	2663.31823355843	1908.84892259651	2636.64903304701	1682.11314616242	729.09332595665	1093.77512021039	797.459784033593	507.54333934001	459.435991103305	286.799188617073	310.356783330821	177.149417922867	75.6850698588089	0	143.533870877274	115.849812416836	0	0	0	0	0	0	0	0	0	0	0	0	0	0	0	0	0	0	0	0	0	0	0	0	0	0	0	0	0	0	0	0	0	0	0	0	0	0	0	0	0
0	0	0	0	0	0	19.8838013477068	131.151496132867	456.919467187268	550.981731725082	443.456661457644	405.78627112695	5343.9550397158	32033.3285085255	83685.2649986664	126945.992803931	164282.124895201	142435.906359857	116566.815300252	144664.532126558	167515.700568871	141187.915193307	167334.770345423	154155.442148486	90572.7355266363	34821.688887632	9730.66675833123	1942.43815083923	378.344867012395	167.829343242769	91.9892748599901	145.457170900883	250.327805626916	131.152747814783	94.3591404284062	24.5455000422954	9.36086909434622	3.59798132471079	1.68923250223239	1.52237110255158	0.777139290736576	0.595817752206816	0.312222762192672	0.0379401126856201	0.0128787538474132	0.708679536035988	0.206640185605779	0	0	0	0	0	0	0	0	0	0	0	0	0	0	0	0	0	0	0	0	0	0	0	0	0	0	0	0	0	0	0	0	0	0	0	0	0	0	0
0	0	0	54.9948929364007	136.291691190211	89.8090512474442	208.693663282134	4570.50599782919	6718.15555702332	4371.88562331928	1934.03831968266	1622.92305116823	2181.50472211114	2139.83249430339	4728.68712366617	20492.7469449136	61195.3801348276	153720.056235516	298060.743659075	436289.975152112	519145.54133011	626854.764752068	653676.556190053	406133.654093155	191205.966487969	56964.4325743075	14647.9765990924	3874.48354032282	488.018021960296	125.660298518498	188.637684171909	52.5164024036195	0	0	0	0	0	0	0	0	0	0	0	0	0	0	0	0	0	0	0	0	0	0	0	0	0	0	0	0	0	0	0	0	0	0	0	0	0	0	0	0	0	0	0	0	0	0	0	0	0	0	0	0	0	0
0	0	0	0	3.76414137888076	10.8498764712257	10.8498764712257	153.390004300811	293.851649836642	182.021346519564	113.466237945417	87.5334097838753	35.0436404675034	134.584172699576	763.524453646179	2496.32927311035	7236.93419919289	15244.2014558962	18957.518322788	15612.3585363944	11212.8668993007	18127.0869741295	54592.0290634885	101469.252286634	108745.32972941	93429.655414417	57871.2388131713	24086.44431526	8198.9787930026	3665.70563237276	1638.81666429009	502.594954015305	122.233800483107	7.13974436551073	0.0198286510957194	0	0	0	0	0	0	0	0	0	0	0	0	0	0	0	0	0	0	0	0	0	0	0	0	0	0	0	0	0	0	0	0	0	0	0	0	0	0	0	0	0	0	0	0	0	0	0	0	0	0	0
0	0	0	0	0	0	0	0	0.62311814450846	10.4027668651521	353.987153603524	1846.71133973143	4525.82088521868	10342.2985081089	16527.2075587444	30908.9595886332	55569.873921429	73751.6163260898	66039.2359182116	53769.0153212297	58749.8552720204	81598.5778099425	91529.5082954363	65841.0715145227	45400.7356630885	37242.9544537678	32653.3601428322	36807.3624888235	43457.8500062995	35446.5928822352	20532.987887677	9243.40328251256	3631.33410062502	934.82864753641	127.466675260936	48.9924553957769	23.3949296769652	4.75267075327326	0	0	0	0	0	0	0	0	0	0	0	0	0	0	0	0	0	0	0	0	0	0	0	0	0	0	0	0	0	0	0	0	0	0	0	0	0	0	0	0	0	0	0	0	0	0	0	0
0	0	0	0	0	0	0	0	0	0	0	0.449676300619654	52.7388232155056	545.12683940271	1267.11055419406	961.651204293554	1367.48007678068	2590.77329049939	2569.53832426437	2516.39523628152	5657.60848223665	14083.0799879245	30316.4977662468	39782.9026446982	42320.89761724	52260.1166225934	63559.818244081	60295.9193631288	45660.6416074755	36343.0189747261	31823.1550885742	22302.9869939035	12333.6976411727	6399.50243334509	2977.7206190361	1218.21581221999	544.52885517001	152.564724731871	46.1806115352042	23.5868357990463	3.90996946362678	0	0	0	0	0	0	0	0	0	0	0	0	0	0	0	0	0	0	0	0	0	0	0	0	0	0	0	0	0	0	0	0	0	0	0	0	0	0	0	0	0	0	0	0	0
0	0	0	2.06699548852441	5.1225540367779	0	4.02974250893193	3.15980701637037	0	90.1361129974016	247.642929848348	1652.7638322245	17865.7888042147	34863.1492913987	42106.3174548652	42333.0802737369	39517.4667640975	30034.1992977473	13241.1053882352	5998.19831355362	3954.41562284053	4343.76418090062	2831.89585394575	2678.02665507844	1573.15591944766	1172.3391057378	332.941754089953	134.493315281373	174.727999969678	573.44526436527	2892.56479659145	9823.89332734157	19303.4991158823	19854.9818526314	11420.561360523	5513.79132200571	3207.5838377438	1578.3856520548	741.793231181216	249.182202798519	60.1790272844212	5.07215413462541	0	0	0	0	0	0	0	0	0	0	0	0	0	0	0	0	0	0	0	0	0	0	0	0	0	0	0	0	0	0	0	0	0	0	0	0	0	0	0	0	0	0	0	0
0	0	0	12.8720548611129	48.8466499251277	48.8466499251276	48.8466499251276	311.369410544729	355.492575990387	106.491069520546	7.80516029115198	4549.75990154997	617202.385715129	4506694.7217681	10861779.7785694	15092429.7855723	16322730.507366	14071777.9973584	10713268.6872768	7279624.48102051	3421973.58388458	1370599.58583434	871724.295775266	1030819.47337729	1085514.08602262	1036346.42446404	717013.903857029	397406.900699101	138175.629877139	20278.4036433481	6226.81477597741	3581.34652907762	2062.44129348856	2567.64217823215	2175.06655115991	4259.24507908742	8784.29955887634	3389.62269179015	2516.17190051006	736.833178944129	525.24785918879	355.897232465997	90.9082108616834	5.14787849816176	198.867583146801	0	0	0	0	0	0	0	0	0	0	0	0	0	0	0	0	0	0	0	0	0	0	0	0	0	0	0	0	0	0	0	0	0	0	0	0	0	0	0	0	0
0	0	0	0	0	0	34.1252980326739	304.418358899858	2318.41977954542	4564.81744567092	1930.76542409606	1725.76937898737	2498.74465722362	2980.90019161955	4241.23882766171	5148.62788151192	7087.28733276373	30963.5800613652	79158.9558408372	87747.2214516872	63519.317956215	60975.0657030595	45548.5326544138	37695.3542236654	58873.9449887812	87303.9272709364	93416.3407424009	78040.2864405162	55327.0577166243	32697.1504054908	15089.7057259915	6054.54286067716	2294.48586843871	1085.29669041354	423.894985777474	103.418865826168	10.6710953713536	6.38581278830288	12.0852007863886	3.99991051459204	3.99991051459203	11.4943112308475	6.55836119505749	6.52298242650975	0.4630264904163	0	0	0	0	0	0	0	0	0	0	0	0	0	0	0	0	0	0	0	0	0	0	0	0	0	0	0	0	0	0	0	0	0	0	0	0	0	0	0	0	0
0	0	0	0	0	0	0	0	0	0	0	0	0	0	16.6965686189458	137.901326985536	516.832649385334	1500.18279590842	3185.30503847375	4300.82270004707	5131.12288123419	7906.93252646479	18971.3255411159	55435.898993352	96867.1205679668	102557.356781074	73717.6662484221	40278.9765060464	20130.3628484225	10619.7286580655	6900.15048564595	6946.42998760241	5678.00238292805	3100.08281603034	1037.41816874116	350.777561202758	116.94182281263	31.7661060981585	17.966963650012	0	0	0	0	0	0	0	0	0	0	0	0	0	0	0	0	0	0	0	0	0	0	0	0	0	0	0	0	0	0	0	0	0	0	0	0	0	0	0	0	0	0	0	0	0	0	0
0	0	0	0	0	0	31.4051158062159	170.640999443052	969.512691612991	2521.74230558513	4047.18567246916	9392.44838607904	17603.1249362532	26767.2144777291	35196.0765779288	36667.3636621057	35566.937986617	32054.4888166679	34053.8174391321	33660.8558057944	20337.5143680736	12196.6831046412	8890.40621662251	8627.20838207216	9668.98598096614	7345.33044900866	4366.22471166535	2059.97360943443	1282.42743662199	1489.53749219971	2808.29179157815	5206.04412659942	9443.29356294977	10077.3318259854	4936.75575949323	1943.89817358072	581.166657914244	164.282324673351	58.9435594945127	6.16016941355867	5.62892800419563	2.24383264571509	2.68757957099012	0.455947351343069	0.0386927798158135	2.05280883184965	0	0	0	0	0	0	0	0	0	0	0	0	0	0	0	0	0	0	0	0	0	0	0	0	0	0	0	0	0	0	0	0	0	0	0	0	0	0	0	0
0	0	0	0	0	0	0	0	0	0	16.1212809729912	155.314172567269	1010.04049662475	2709.38173726594	2900.85197998819	2720.3006828624	6069.40664556909	20107.7174333409	25278.8821256169	17680.7997688903	11289.0308849846	7355.32756007317	3877.04638282874	1617.59818172015	1402.3213681708	624.55376431691	478.890831578382	87.5117857146937	41.9830241403956	19.6917133860444	42.5426791226248	13.725576874619	1.46719401943545	38.1998355898804	1.28387159034197	0.766301801306486	0.715291106237845	0.979077922496566	1.98297125120536	2.90995344586921	4.50960641916299	6.78388527783131	9.28948715218379	12.7781455994898	8.38141845258497	4.39328247427712	1.88768059992463	0	0	0	0	0	0	0	0	0	0	0	0	0	0	0	0	0	0	0	0	0	0	0	0	0	0	0	0	0	0	0	0	0	0	0	0	0	0	0
0	0	72.4873590455602	306.046559634412	36.5874201798317	36.5874201798317	36.5874201798316	386.939004469867	352.034757479371	168.960897354934	187.882403415855	131.362738215889	467.314122749465	1702.62241174024	2808.55490787751	4392.73113998133	5302.40959114187	5607.37416504066	13619.1004992733	40710.5438081125	84662.0149576201	140873.864738917	169996.754832067	173223.320046224	177715.912634587	114089.295408685	29709.3411321102	3479.71966491017	545.198614134178	111.861871647886	6.83115109694799	0.102900147923274	0.10565741494413	0.0696865015004369	0.133486209631421	0.115733403199012	0	0	0	0	0	0	0	0	0	0	0	0	0	0	0	0	0	0	0	0	0	0	0	0	0	0	0	0	0	0	0	0	0	0	0	0	0	0	0	0	0	0	0	0	0	0	0	0	0	0
0	0	0	0	0	0	0	2.76149751291622	7.77161272437742	19.8476010809366	30.8721843356096	45.4376217051443	113.445789067309	351.806727859534	869.648878962455	2086.97039328664	3717.67494611664	4664.35208919676	4772.70183300126	4034.10552311937	3732.81551768308	4360.84193815953	5154.59962520977	2809.60056116698	1493.92326278986	7188.66875288949	34901.841897387	74261.5479666193	78180.5220087371	77185.2416278244	61662.9696379314	26039.261152966	7454.19014751537	2336.55660981053	906.233196596295	345.427628776995	99.3126475683129	20.9184711825416	0.348130673373942	0.801455684006923	0.620825920264457	0	0	0.225325284225381	2.49493597280928	2.71187988527641	1.54873173793725	0.759384673072236	0.114747862622592	0	0	0	0	0	0	0	0	0	0	0	0	0	0	0	0	0	0	0	0	0	0	0	0	0	0	0	0	0	0	0	0	0	0	0	0	0
0	0	0	0	0	0	0	0	21.5850034682165	124.663826040071	520.29334532528	3898.6436968253	14595.4707058512	39911.7194312227	46291.0459334405	35489.8490255085	25926.7048405321	16853.619866843	9129.34850184089	6112.69553177842	7785.66155753584	7353.60708820363	10735.763360415	13982.180496324	18159.7056943415	13273.6430481638	6058.88911066561	5414.83613795528	3323.37603771747	1635.31915116842	953.534980500224	1000.69177078545	2343.75501655094	8938.55267177746	15720.8099455898	9710.28865138487	4470.90761015413	1315.85762180602	150.527165500589	10.0728597685495	0	0	0	0	0	0	0	0	0	0	0	0	0	0	0	0	0	0	0	0	0	0	0	0	0	0	0	0	0	0	0	0	0	0	0	0	0	0	0	0	0	0	0	0	0	0
0	0	0	0	0	0	0	0	0	0	244.848281137364	1213.88640198946	3620.78482808812	10001.1672608668	23471.9458278895	25155.9960208141	19486.862373758	19652.7881170147	18753.8700077512	15033.4174352341	15660.906340527	15720.3633896959	12568.5614424283	18183.3456615274	36260.1067782788	41701.5695595289	23587.720248296	9881.95867778737	5149.22659437052	4625.58922793503	4022.9238924598	1847.93613367135	764.638848884274	157.75101544014	35.6689336086671	1.37283853032022	0	3.47240556792853	6.40092608202881	1.41085272807896	0.425821585448612	0	0	0	0	0	0	0	0	0	0	0	0	0	0	0	0	0	0	0	0	0	0	0	0	0	0	0	0	0	0	0	0	0	0	0	0	0	0	0	0	0	0	0	0	0
0	0	0	0	0	0	0	13.1881258891521	52.1452222416819	131.926510563874	330.026854869146	1389.71124864603	2000.61226572226	2827.3384908068	2211.35262503332	3245.93410898797	5105.41283887563	8817.17206370531	11141.4039935507	13065.5227232857	14184.556112828	12401.1479225539	9992.77336674605	7560.9678781451	5595.47472974479	4255.96250862997	2706.49786368791	1393.92309375057	1025.46541609981	555.596250054365	395.491877527085	150.885594533407	80.5668900546086	20.7106110367957	18.9591835815995	7.32753318072348	2.95873407877383	0	0	0	0	0	0	0	0	0	0	0	0	0	0	0	0	0	0	0	0	0	0	0	0	0	0	0	0	0	0	0	0	0	0	0	0	0	0	0	0	0	0	0	0	0	0	0	0	0
0	0	0	0	0	0	0	0	0	0	0	0	3.32395413793679	43.2368546879227	136.167891129285	319.493391372828	569.830542265686	1246.54388579396	2514.08847307728	3240.31382880738	3507.89174428901	4128.86404916589	4539.60382100765	4002.94180968772	3648.1006463215	3530.06461363665	3603.98772298182	3118.13967208806	2799.38656653086	2449.79420808101	1926.05644506552	1115.78188056217	588.131647798657	347.436646656789	209.701412246945	205.224907575739	143.411009387336	23.9222238066137	15.1884792127991	5.58381537253359	4.21020800021302	7.10404074374451	4.1518190553462	0.426659731561032	0	0	0	0	0	0	0	0	0	0	0	0	0	0	0	0	0	0	0	0	0	0	0	0	0	0	0	0	0	0	0	0	0	0	0	0	0	0	0	0	0	0
0	0	0	0	0	0	0	0	0	0.535088541219306	20.4555507190299	29.5551800339375	67.2016458425197	220.005617418277	516.925830787509	1038.75525453983	1932.51215956449	2810.88433577978	2932.81504717501	3377.44433991638	4212.94115521805	5492.2326813229	5418.99168458287	3870.51317111081	2364.12929781282	1902.68299042906	1454.74450231097	1158.44840905494	1027.46239883683	847.149532690209	546.676339567001	356.231541465491	242.019761359468	139.43313858004	40.1609215080294	24.4697784160272	9.98922091536203	1.43778374984942	0	0	0	0	0	0	0	0	0	0	0	0	0	0	0	0	0	0	0	0	0	0	0	0	0	0	0	0	0	0	0	0	0	0	0	0	0	0	0	0	0	0	0	0	0	0	0	0
0	0	0	0	0	0	0	0	2.87154422345811	7.44281058322579	244.493841897962	1341.62690767426	2041.85879441895	1927.75631980977	3784.38135978736	5072.17777886712	5240.35302456769	6087.57010384762	8622.07352751487	19215.6917228257	34700.7144581232	49324.3971091229	43442.0680791238	22358.8453080187	9779.8870251804	7349.28941213083	6800.35163915919	5503.62552333625	4006.71710083735	2659.8909416871	1780.46969102372	1474.94082360884	987.994509653251	806.069619705282	639.124423913385	418.008240341537	284.430156006067	152.408947454206	119.734054038144	104.540202339999	31.8881687159179	15.0727017194742	0.506921518555145	0.0322094801164647	0	0	0	0	0	0	0	0	0	0	0	0	0	0	0	0	0	0	0	0	0	0	0	0	0	0	0	0	0	0	0	0	0	0	0	0	0	0	0	0	0	0
0	0	0	0	0	0	0	0	0.658509947079744	0.228372136529341	10.2507511673934	14.2219510236509	61.7584298327549	118.747928352951	192.772786683565	385.305502925183	624.017369512501	913.993994520257	1599.03723905923	2736.39494943623	5453.0377257853	14579.4856335111	8812.38597334582	15086.0135352157	26006.2867132117	38660.326080684	53405.5526599556	57797.4717061295	45202.2493840007	28310.3749791466	16203.1248123755	9195.91983180536	5496.74170497321	3561.96710956278	1769.11319034664	1000.87354355735	596.305529698661	158.467118429532	113.359906605608	77.7961549513145	27.9439108870245	10.6495127685753	2.18242183243336	0	0	0	0	0	0	0	0	0	0	0	0	0	0	0	0	0	0	0	0	0	0	0	0	0	0	0	0	0	0	0	0	0	0	0	0	0	0	0	0	0	0	0
0	0	0	0	0	0	0	0	0	0	0	0	1.78726807545061	21.2493934587895	52.8253629720723	157.920855393063	461.157112846093	800.621907511667	684.619877505873	596.57361901795	504.931691936323	567.360777796995	1861.53806614018	4970.58304413661	8017.53844846918	13597.5441452276	21303.4576445463	30985.4134588063	44110.7621999735	55283.9952930573	51425.9289725567	35769.8782602192	20682.4086942977	13778.0798788629	6477.47708140467	2681.35250702437	1204.23867662376	482.063472087911	155.271589737901	75.3074426891965	49.914070326142	28.7487149492254	11.940126784193	1.48444622942345	0	0	0	0	0	0	0	0	0	0	0	0	0	0	0	0	0	0	0	0	0	0	0	0	0	0	0	0	0	0	0	0	0	0	0	0	0	0	0	0	0	0
0	0	0	0	0	0	0	0	0	0	0	0	0	0	0.103965612108312	3.31431777449324	58.8146357469987	166.829217329044	195.074201589653	180.607772427765	202.562971721658	273.758741768079	469.632225936982	829.999391747516	1113.27454466849	1757.5043522747	2448.33453984291	3715.64437374351	6101.95079963745	9357.40509438078	12202.2423153042	14151.643041559	15082.7075868709	15459.8499580758	18145.5530862588	17997.5482224119	16862.6297056019	11824.8667552771	8004.41033640111	4411.42843517167	2378.49441087093	1405.74965174537	627.549285808843	280.867593877124	137.185138684998	89.1863811192476	38.1354612956589	23.2470540048835	12.7864719657553	6.38660500910495	2.59402398641261	1.40075055649194	0.238918026695846	0	0	0	0	0	0	0	0	0	0	0	0	0	0	0	0	0	0	0	0	0	0	0	0	0	0	0	0	0	0	0	0	0
0	0	0	0	0	0	0	0	0	0	0	0	0	0	3.10796822507942	7.66488524140038	5.17124175334268	12.1135868750622	19.1061629824753	92.6909930766941	195.229075160975	687.452861113938	1589.63037880289	2840.86889071322	4459.66300572569	6443.65270437213	7142.93198532209	7301.35941178969	8822.32886632944	11966.2089696115	14981.2462069918	16931.1738764792	16181.8642701082	14130.8260163481	12436.2675815356	12664.0897483292	14646.3272524801	14312.2213432519	14202.6912636883	12896.4356891399	10597.3657661238	7619.76439363087	5291.69583964668	3636.95927203037	2087.72698227826	1054.54053509345	572.318116323063	391.681040324541	227.963424386072	139.229031390102	116.320818046222	62.5551541757665	14.7196061845521	0	0	0	0	0	0	0	0	0	0	0	0	0	0	0	0	0	0	0	0	0	0	0	0	0	0	0	0	0	0	0	0	0
0	0	0	0	0	0	0	0	0	0	0	0	0	0	1.91415123904317	8.61981295606225	11.7456005104382	29.9355554384346	85.0203618904811	149.3998077371	226.530452704133	523.607352832972	1052.74645531379	2429.51305230674	4816.53159575643	8912.24984347101	14894.2989380831	19815.7725119237	19558.2213848471	15793.6434243497	13184.4786268178	11139.3496736977	11916.0933689027	13593.2757174386	15279.6718618569	16882.1255123856	16898.3266352315	16276.1722813814	15796.445043042	15033.3344071412	14654.792721528	14382.7756277318	13113.6824853803	11087.9289079512	8881.59598048629	6863.80259371327	4607.21736570932	2995.49788062347	1686.64181839123	936.950424922149	376.313948338588	119.823914847185	29.8526399712057	0	0	0	0	0	0	0	0	0	0	0	0	0	0	0	0	0	0	0	0	0	0	0	0	0	0	0	0	0	0	0	0	0
0	0	0	0	0	0	0	0	0	0	0	0.904542925752194	3.76883498846631	4.21929044618506	9.16772386540978	55.0453467825361	178.283198063752	259.16388054963	321.085743423675	585.354219850823	896.259999405074	1105.8468010173	1196.66386106276	1315.33975478968	1063.91665909683	1171.0181990228	1599.43712663181	2422.08209637534	3267.60545006043	4451.7921379793	7715.80652864367	11722.499716606	13486.6873868397	13725.4418187482	14011.1522068925	13188.6769990371	14780.0075082439	16270.8697098904	16203.415890954	15238.0623318225	13749.9212689235	11898.3482625193	11164.7156514208	10917.103033586	10793.7648876156	9521.58041083074	8674.6910201777	6847.40428462222	4823.50572582577	3232.0694743887	1716.51506940601	897.105046129614	228.981560109945	0	0	0	0	0	0	0	0	0	0	0	0	0	0	0	0	0	0	0	0	0	0	0	0	0	0	0	0	0	0	0	0	0
0	0	0	0	0	0	0	3.22754745810377	1.72647780375927	0	0	64.9555051792952	69.4861880935833	317.287739414343	497.926421837574	642.670222436795	759.359737855444	1167.82287603406	1981.26634554451	2898.23053678481	2862.89588713411	2584.82596504014	2700.13928732015	2905.650332484	3140.64895397447	2741.10099681884	2423.88400185356	2568.60855090943	3384.17063399455	4430.56402465972	5321.74708299482	5875.19689255164	6685.96044200161	7846.65173194189	8066.3671887016	9650.37012906152	11113.0736411167	12963.2702781639	15111.3110203282	17700.9962399035	18300.9780625595	15476.2374612014	11501.9500020472	7669.34215454703	5163.32491970782	3653.40529403524	2356.93796767213	1274.03904384497	790.398735838212	384.632723320726	295.188332044371	151.834186179797	52.43963276942	23.8232650736685	6.11185617634049	0.239526685355042	0	0	0	0	0	0	0	0	0	0	0	0	0	0	0	0	0	0	0	0	0	0	0	0	0	0	0	0	0	0
#Fwtatage																																																			
#1	2	3	4	5	6	7	8																																												
0.045	0.171	0.377	0.642	0.945	1.265	1.587	1.9
0.045	0.171	0.377	0.643	0.946	1.266	1.588	1.902
0.03	0.13	0.306	0.548	0.835	1.148	1.47	1.789
0.037	0.147	0.33	0.568	0.842	1.134	1.43	1.718
0.038	0.147	0.326	0.558	0.825	1.108	1.393	1.671
0.034	0.136	0.31	0.54	0.808	1.095	1.387	1.674
0.044	0.16	0.34	0.567	0.822	1.087	1.351	1.606
0.032	0.13	0.294	0.51	0.76	1.028	1.3	1.566
0.032	0.129	0.295	0.516	0.774	1.05	1.332	1.608
0.036	0.138	0.304	0.518	0.762	1.02	1.28	1.532
0.036	0.136	0.298	0.506	0.743	0.994	1.245	1.49
0.041	0.148	0.314	0.524	0.758	1.003	1.247	1.481
0.039	0.144	0.309	0.519	0.755	1.002	1.249	1.488
0.042	0.138	0.28	0.451	0.638	0.828	1.014	1.191
0.044	0.156	0.328	0.541	0.778	1.024	1.267	1.501
0.04	0.149	0.322	0.541	0.789	1.048	1.308	1.558
0.042	0.151	0.323	0.539	0.781	1.033	1.285	1.527
0.034	0.132	0.294	0.504	0.745	1.001	1.26	1.512
0.038	0.145	0.315	0.533	0.78	1.041	1.302	1.554
0.044	0.158	0.337	0.561	0.812	1.074	1.334	1.585
0.042	0.15	0.32	0.532	0.769	1.017	1.263	1.499
0.039	0.142	0.305	0.511	0.743	0.985	1.227	1.461
0.04	0.148	0.318	0.534	0.776	1.031	1.286	1.531
0.039	0.147	0.323	0.549	0.807	1.08	1.354	1.62
0.036	0.147	0.335	0.584	0.874	1.186	1.503	1.813
0.038	0.146	0.318	0.54	0.792	1.058	1.325	1.583
0.038	0.145	0.317	0.537	0.788	1.053	1.318	1.576
0.045	0.152	0.312	0.506	0.72	0.94	1.155	1.361
0.04	0.14	0.294	0.483	0.693	0.911	1.126	1.333
0.037	0.146	0.324	0.557	0.824	1.107	1.394	1.673
0.035	0.145	0.336	0.592	0.893	1.218	1.55	1.877
0.033	0.139	0.324	0.572	0.864	1.18	1.504	1.822
0.036	0.145	0.33	0.576	0.861	1.167	1.478	1.783
0.04	0.154	0.341	0.584	0.862	1.157	1.454	1.743
0.038	0.149	0.333	0.574	0.852	1.148	1.447	1.74
0.037	0.15	0.341	0.595	0.89	1.206	1.527	1.842
0.038	0.152	0.347	0.606	0.907	1.23	1.558	1.88
0.038	0.149	0.335	0.579	0.861	1.161	1.465	1.762
0.036	0.146	0.334	0.585	0.876	1.19	1.51	1.823
0.038	0.15	0.337	0.582	0.865	1.167	1.474	1.773
0.039	0.15	0.332	0.567	0.837	1.123	1.411	1.691
0.031	0.143	0.351	0.644	1	1.395	1.806	2.217
0.032	0.145	0.349	0.632	0.971	1.344	1.731	2.115
0.03020403	0.1358282	0.3293468	0.6000308	0.9279128	1.291452	1.671325	2.051916
0.02947434	0.1369839	0.3386552	0.6251492	0.9760321	1.368295	1.780799	2.196165
0.03279675	0.1396165	0.3277688	0.5842298	0.8892222	1.222768	1.567622	1.910247
0.03655815	0.143295	0.3204321	0.5526425	0.8212447	1.108974	1.401743	1.688976
0.02950162	0.131752	0.3181598	0.5780467	0.8921188	1.239742	1.602496	1.965551
0.030703	0.1358958	0.3264408	0.5909781	0.9097125	1.261706	1.628386	1.994869
0.02990326	0.1335201	0.3223931	0.5856931	0.9038695	1.256018	1.623482	1.991239
0.02878186	0.1307623	0.3189781	0.5835148	0.90505	1.262466	1.636679	2.012185
0.03108389	0.1335545	0.3152505	0.5639944	0.8607287	1.185996	1.522894	1.858087
0.031385039	0.134000593	0.315130502	0.562362748	0.856670425	1.178768357	1.511976521	1.843179667
0.034190831	0.136839216	0.309777192	0.538728868	0.805422953	1.092605843	1.386001137	1.674765355
0.037543239	0.145313039	0.322540601	0.553488282	0.819500774	1.103555848	1.391882862	1.674212416
0.032054234	0.134943180	0.314724105	0.558489221	0.847301145	1.162270171	1.487216824	1.809514122
#Inum																																																			
2																																																			
#Inames																																																			
Peru_Acoustic%Peru_CPUE																																																			
#Inumyears																																																			
28																																																			
24																																																			
#Iyears																																																			
1985 1986 1987 1988 1989 1990 1991 1992 1993 1994 1995 1996 1997 1998 1999 2000 2001 2002 2003 2004 2005 2006 2007 2008 2010 2011 2012 2013 
2002 2003 2004 2005 2006 2007 2008 2009 2010 2011 2012 2013 2014 2015 2016 2017 2018 2019 2020 2021 2022 2023 2024 2025
#Imonths																																																			
1.5																																																			
2																																																			
#Index																																																			
94.31599 108.1158 109.7887 114.1796 157.3945 229.7567 231.6719 180.3548 145.7255 95.24525 54.25731 29.96718 31.66443 43.99435 52.68116 105.7835 131.5858 96.66069 67.47057 51.85284 75.1713 111.2588 79.74965 24.25087 7.247058 35.28309 50.33216 64.50417
4.046385 4.842384 5.281717 4.202540 5.652954 7.676523 4.033809 1.420382 2.649099 6.987105 6.116786 2.709847 3.656970 2.977776 2.558843 3.232649 9.738986 16.849229 17.146045 21.308236 27.517294 26.874606 26.780224 16.498425
#Indexerr																																																			
28.2948 32.43474 32.93661 34.25388 47.21835 68.92701 69.50157 54.10644 43.71765 28.57358 16.27719 8.990154 9.499329 13.1983 15.80435 31.73505 39.47574 28.99821 20.24117 15.55585 22.55139 33.37764 23.92489 7.275261 2.174117 10.58493 15.09965 19.35125
0.809276973	0.968476857	1.056343314	0.84050807	1.130590817	1.53530456	0.806761826	0.284076347	0.529819845	1.397421045	1.223357255	0.541969486	0.731394059	0.595555287	0.511768689	0.646529856	2.92169573	5.0547687	5.143813626	6.392470749	8.255188284	8.06238168	8.034067257	4.949527587
#Inumageyears																																																			
0																																																			
0																																																			
#Inumlengthyears																																																			
0																																																			
0																																																			
#Iyearsage																																																			

#Iagesample																																																			

#Ipropage																																																			

#Iyearslength																																																			

#Ilengthsample																																																			

#Iproplength																																																			

#Iwtatage																																																			
#1	2	3	4	5	6	7	8																																													
0.04469504	0.1712392	0.3769613	0.6422546	0.9448642	1.265033	1.587172	1.899961
0.04471969	0.17135	0.3772262	0.6427303	0.94559	1.266031	1.58845	1.901515
0.02991285	0.129512	0.3063394	0.5478746	0.8348483	1.147831	1.470177	1.788968
0.03740186	0.1473255	0.3296439	0.5678481	0.8420834	1.134237	1.429747	1.717879
0.03774456	0.1467195	0.3257437	0.5581892	0.8246152	1.107517	1.392947	1.670696
0.03352004	0.1360448	0.3098003	0.5400363	0.807756	1.095094	1.387399	1.673688
0.04400249	0.1596138	0.3402601	0.5672828	0.8215528	1.086946	1.351198	1.605679
0.0323503	0.1298356	0.2937227	0.5097415	0.7599934	1.027838	1.299732	1.565581
0.03165603	0.1292838	0.2954855	0.5163599	0.7737287	1.050385	1.33216	1.608394
0.03614423	0.138327	0.3043133	0.518254	0.7621986	1.020228	1.279791	1.531778
0.03562095	0.1356765	0.2976482	0.5059461	0.7430791	0.9936074	1.245395	1.489659
0.04074171	0.1475887	0.3143789	0.5238564	0.7583707	1.003063	1.246641	1.481166
0.03904316	0.143841	0.3094465	0.5190984	0.755134	1.002448	1.24943	1.487836
0.04160578	0.1383665	0.2802947	0.4514834	0.637731	0.8279733	1.014278	1.191369
0.04418525	0.1562063	0.3280016	0.5412933	0.7781396	1.023772	1.267147	1.50062
0.04034052	0.1493375	0.3221805	0.5414923	0.7888006	1.048236	1.307561	1.558063
0.04170178	0.1514557	0.323104	0.5389448	0.7807909	1.033295	1.284771	1.526996
0.03381045	0.1319162	0.2935177	0.5037093	0.7449269	1.001298	1.260144	1.512165
0.03848356	0.1447618	0.3152595	0.5332353	0.7803542	1.040624	1.301579	1.554263
0.04367918	0.1581319	0.3367144	0.5609367	0.8119062	1.073728	1.334325	1.585215
0.04169115	0.1504464	0.3197406	0.5319757	0.7692713	1.016628	1.262677	1.499443
0.03867936	0.142033	0.3049676	0.5109184	0.7425326	0.9850162	1.227021	1.460509
0.03999584	0.1475967	0.3178373	0.5335269	0.7764952	1.031179	1.285601	1.531251
0.03854004	0.147054	0.3229424	0.5493255	0.8071989	1.079759	1.35378	1.619685
0.03616084	0.1469867	0.3350169	0.5843466	0.8744159	1.185859	1.502778	1.813246
0.03846374	0.1456693	0.318499	0.5401623	0.7920297	1.057747	1.324509	1.583078
0.03813168	0.144632	0.3165144	0.5371211	0.7879157	1.052601	1.318405	1.576104
0.04460936	0.1517795	0.3116154	0.5064972	0.7201468	0.9396213	1.155493	1.361393
0.04000444	0.1404458	0.2937053	0.4833595	0.6934688	0.9109955	1.126237	1.332506
0.03726676	0.1455955	0.3242087	0.5566729	0.8235695	1.107326	1.393896	1.672965
0.03475505	0.1450781	0.335871	0.5920466	0.8927328	1.217712	1.550087	1.876998
0.03317173	0.1393157	0.3236879	0.5719532	0.8639472	1.18001	1.503642	1.822245
0.03575438	0.1450509	0.3302257	0.5755436	0.8607598	1.166844	1.478194	1.783115
0.03969002	0.1538561	0.3410343	0.5837509	0.861693	1.15662	1.454027	1.74331
0.03762765	0.1485613	0.3328652	0.5739282	0.8516711	1.147732	1.44733	1.739548
0.03698672	0.1499861	0.3413752	0.5948746	0.8895608	1.205774	1.527401	1.842368
0.03750013	0.1524306	0.3474249	0.6059891	0.9068017	1.22978	1.558437	1.880403
0.03767176	0.1493532	0.3354552	0.5793457	0.8607349	1.160992	1.465076	1.761855
0.03573535	0.1461526	0.3343205	0.5845552	0.8762744	1.189967	1.50955	1.822916
0.03763818	0.1495973	0.3365022	0.5817362	0.8649139	1.167269	1.473625	1.772735
0.03871942	0.1497865	0.3316143	0.5671655	0.8367181	1.122598	1.410768	1.690981
0.03092003	0.1428604	0.351061	0.6442518	1.000214	1.394743	1.806141	2.21699
0.03240117	0.1447595	0.3487781	0.6315913	0.9711385	1.344354	1.731043	2.115274
0.03020403	0.1358282	0.3293468	0.6000308	0.9279128	1.291452	1.671325	2.051916
0.02947434	0.1369839	0.3386552	0.6251492	0.9760321	1.368295	1.780799	2.196165
0.03279675	0.1396165	0.3277688	0.5842298	0.8892222	1.222768	1.567622	1.910247
0.03655815	0.143295	0.3204321	0.5526425	0.8212447	1.108974	1.401743	1.688976
0.02950162	0.131752	0.3181598	0.5780467	0.8921188	1.239742	1.602496	1.965551
0.030703	0.1358958	0.3264408	0.5909781	0.9097125	1.261706	1.628386	1.994869
0.02990326	0.1335201	0.3223931	0.5856931	0.9038695	1.256018	1.623482	1.991239
0.02878186	0.1307623	0.3189781	0.5835148	0.90505	1.262466	1.636679	2.012185
0.03108389	0.1335545	0.3152505	0.5639944	0.8607287	1.185996	1.522894	1.858087
0.031385039	0.134000593	0.315130502	0.562362748	0.856670425	1.178768357	1.511976521	1.843179667
0.034190831	0.136839216	0.309777192	0.538728868	0.805422953	1.092605843	1.386001137	1.674765355
0.037543239	0.145313039	0.322540601	0.553488282	0.819500774	1.103555848	1.391882862	1.674212416
0.032054234	0.134943180	0.314724105	0.558489221	0.847301145	1.162270171	1.487216824	1.809514122
#1	2	3	4	5	6	7	8																																												
0.045	0.171	0.377	0.642	0.945	1.265	1.587	1.9
0.045	0.171	0.377	0.643	0.946	1.266	1.588	1.902
0.03	0.13	0.306	0.548	0.835	1.148	1.47	1.789
0.037	0.147	0.33	0.568	0.842	1.134	1.43	1.718
0.038	0.147	0.326	0.558	0.825	1.108	1.393	1.671
0.034	0.136	0.31	0.54	0.808	1.095	1.387	1.674
0.044	0.16	0.34	0.567	0.822	1.087	1.351	1.606
0.032	0.13	0.294	0.51	0.76	1.028	1.3	1.566
0.032	0.129	0.295	0.516	0.774	1.05	1.332	1.608
0.036	0.138	0.304	0.518	0.762	1.02	1.28	1.532
0.036	0.136	0.298	0.506	0.743	0.994	1.245	1.49
0.041	0.148	0.314	0.524	0.758	1.003	1.247	1.481
0.039	0.144	0.309	0.519	0.755	1.002	1.249	1.488
0.042	0.138	0.28	0.451	0.638	0.828	1.014	1.191
0.044	0.156	0.328	0.541	0.778	1.024	1.267	1.501
0.04	0.149	0.322	0.541	0.789	1.048	1.308	1.558
0.042	0.151	0.323	0.539	0.781	1.033	1.285	1.527
0.034	0.132	0.294	0.504	0.745	1.001	1.26	1.512
0.038	0.145	0.315	0.533	0.78	1.041	1.302	1.554
0.044	0.158	0.337	0.561	0.812	1.074	1.334	1.585
0.042	0.15	0.32	0.532	0.769	1.017	1.263	1.499
0.039	0.142	0.305	0.511	0.743	0.985	1.227	1.461
0.04	0.148	0.318	0.534	0.776	1.031	1.286	1.531
0.039	0.147	0.323	0.549	0.807	1.08	1.354	1.62
0.036	0.147	0.335	0.584	0.874	1.186	1.503	1.813
0.038	0.146	0.318	0.54	0.792	1.058	1.325	1.583
0.038	0.145	0.317	0.537	0.788	1.053	1.318	1.576
0.045	0.152	0.312	0.506	0.72	0.94	1.155	1.361
0.04	0.14	0.294	0.483	0.693	0.911	1.126	1.333
0.037	0.146	0.324	0.557	0.824	1.107	1.394	1.673
0.035	0.145	0.336	0.592	0.893	1.218	1.55	1.877
0.033	0.139	0.324	0.572	0.864	1.18	1.504	1.822
0.036	0.145	0.33	0.576	0.861	1.167	1.478	1.783
0.04	0.154	0.341	0.584	0.862	1.157	1.454	1.743
0.038	0.149	0.333	0.574	0.852	1.148	1.447	1.74
0.037	0.15	0.341	0.595	0.89	1.206	1.527	1.842
0.038	0.152	0.347	0.606	0.907	1.23	1.558	1.88
0.038	0.149	0.335	0.579	0.861	1.161	1.465	1.762
0.036	0.146	0.334	0.585	0.876	1.19	1.51	1.823
0.038	0.15	0.337	0.582	0.865	1.167	1.474	1.773
0.039	0.15	0.332	0.567	0.837	1.123	1.411	1.691
0.031	0.143	0.351	0.644	1	1.395	1.806	2.217
0.032	0.145	0.349	0.632	0.971	1.344	1.731	2.115
0.03020403	0.1358282	0.3293468	0.6000308	0.9279128	1.291452	1.671325	2.051916
0.02947434	0.1369839	0.3386552	0.6251492	0.9760321	1.368295	1.780799	2.196165
0.03279675	0.1396165	0.3277688	0.5842298	0.8892222	1.222768	1.567622	1.910247
0.03655815	0.143295	0.3204321	0.5526425	0.8212447	1.108974	1.401743	1.688976
0.02950162	0.131752	0.3181598	0.5780467	0.8921188	1.239742	1.602496	1.965551
0.030703	0.1358958	0.3264408	0.5909781	0.9097125	1.261706	1.628386	1.994869
0.02990326	0.1335201	0.3223931	0.5856931	0.9038695	1.256018	1.623482	1.991239
0.02878186	0.1307623	0.3189781	0.5835148	0.90505	1.262466	1.636679	2.012185
0.03108389	0.1335545	0.3152505	0.5639944	0.8607287	1.185996	1.522894	1.858087
0.031385039	0.134000593	0.315130502	0.562362748	0.856670425	1.178768357	1.511976521	1.843179667
0.034190831	0.136839216	0.309777192	0.538728868	0.805422953	1.092605843	1.386001137	1.674765355
0.037543239	0.145313039	0.322540601	0.553488282	0.819500774	1.103555848	1.391882862	1.674212416
0.032054234	0.134943180	0.314724105	0.558489221	0.847301145	1.162270171	1.487216824	1.809514122
#Pspwn																																																			
10.5																																																			
#Pageerr																																																			
#1	2	3	4	5	6	7	8																																												
0.93404 0.06902032 0.004850371 0 0 0 0 0
0.06057296 0.7159417 0.2062475 0.000342487 0 0 0 0
0.005387021 0.2142278 0.6053202 0.1715238 0.000674336 0.000198515 0 0
0 0.000810171 0.1736372 0.5957718 0.2062277 0.001032279 0 0
0 0 0.009944785 0.2208419 0.5565252 0.21257 0.01424649 0
0 0 0 0.01152002 0.2188814 0.5417874 0.218791 0.01554504
0 0 0 0 0.01765173 0.2244809 0.5370687 0.2360229
0 0 0 0 3.97e-05 0.01993092 0.2298937 0.748432
																																												
